OPEN,HIGH,LOW,CLOSE,VOLUME,QUOTE_ASSET_VOLUME,NUMBER_OF_TRADES,TAKER_BUY_BASE_ASSET_VOLUME,TAKER_BUY_QUOTE_ASSET_VOLUME,YEAR_AND_MONTH
11.3,11.36,11.23,11.34,34069.18,385035.9236,798,17293.86,195505.8362,202204
11.35,11.38,11.33,11.38,14805.3,168141.2529,456,7276.47,82638.8458,202204
11.38,11.4,11.34,11.39,6156.64,69993.09,366,2508.88,28507.1361,202204
11.39,11.41,11.34,11.37,5775.96,65695.1484,320,2376.19,27042.7855,202204
11.36,11.39,11.35,11.38,1698.35,19309.3247,69,1001.35,11385.8865,202204
11.38,11.4,11.38,11.4,3719.42,42368.2907,68,2169.67,24718.0753,202204
11.39,11.4,11.29,11.3,12174.89,137914.3301,269,5809.67,65761.1977,202204
11.3,11.39,11.3,11.39,12591.9,142805.4209,248,9747.33,110556.3381,202204
11.39,11.42,11.38,11.41,4673.44,53277.6719,185,2786.01,31758.4412,202204
11.42,11.43,11.4,11.43,1532.14,17491.8088,74,1118.5,12770.8697,202204
11.42,11.44,11.38,11.38,5920.98,67592.9687,301,2468.18,28198.3603,202204
11.39,11.41,11.36,11.39,14186.7,161437.0144,217,5884.24,66970.8685,202204
11.39,11.39,11.36,11.37,3697.77,42055.5462,123,1015.96,11555.0552,202204
11.37,11.39,11.35,11.35,7865.88,89390.3489,153,2156.22,24504.4083,202204
11.35,11.37,11.32,11.36,11296.58,128142.3157,208,5259.09,59668.6201,202204
11.35,11.39,11.34,11.36,4004.86,45526.8142,114,2935.94,33382.4586,202204
11.36,11.36,11.32,11.34,5878.45,66690.7096,130,3665.87,41587.1586,202204
11.35,11.35,11.26,11.27,6966.81,78565.8403,228,3493.19,39394.5525,202204
11.27,11.3,11.25,11.29,6761.85,76263.2967,156,3389.49,38238.4194,202204
11.28,11.3,11.23,11.25,26181.13,294752.9495,632,11105.67,125020.3597,202204
11.25,11.28,11.24,11.26,11879.07,133784.0196,208,8129.84,91559.3014,202204
11.27,11.27,11.21,11.24,5937.33,66662.757,192,3252.95,36512.3772,202204
11.24,11.24,11.11,11.13,25523.75,285172.7692,593,10618.27,118632.5679,202204
11.13,11.2,11.12,11.14,12145.78,135495.9649,779,7775.45,86742.8381,202204
11.14,11.19,11.1,11.17,20923.26,233006.276,509,9560.81,106433.0451,202204
11.16,11.19,11.14,11.19,4432.85,49484.8699,155,3010.16,33605.1982,202204
11.19,11.21,11.17,11.18,7876.87,88128.8342,154,1688.8,18906.4611,202204
11.18,11.22,11.11,11.15,23317.63,260817.132,361,13119.0,146814.8189,202204
11.16,11.16,11.07,11.08,6860.05,76202.4246,339,2656.19,29517.4664,202204
11.08,11.08,10.94,10.98,95700.56,1052231.7731,2556,34487.89,379116.0503,202204
10.99,11.07,10.93,11.05,25024.41,275161.452,690,9308.73,102435.2139,202204
11.05,11.1,11.03,11.07,14404.35,159415.8695,367,6956.7,76996.779,202204
11.08,11.1,11.03,11.09,7048.55,78038.9761,206,4322.87,47871.501,202204
11.09,11.09,10.97,10.99,11395.39,125658.5295,278,3146.02,34634.4192,202204
10.98,11.02,10.91,10.93,28740.32,314530.1151,678,11321.86,124053.1739,202204
10.94,10.96,10.87,10.94,77254.87,843014.2648,1514,30033.35,327721.439,202204
10.94,11.03,10.9,11.02,27996.81,307046.0445,739,18045.15,197955.822,202204
11.03,11.04,10.96,11.04,13138.45,144549.7372,421,6704.89,73747.5848,202204
11.04,11.05,10.98,10.98,10406.98,114567.2026,363,2956.58,32534.5402,202204
10.99,11.04,10.96,11.03,8379.69,92224.4338,248,4845.75,53328.0283,202204
11.03,11.07,11.01,11.06,8296.35,91694.1793,292,3842.46,42474.8587,202204
11.06,11.06,11.0,11.02,8808.73,97114.2804,275,3163.21,34869.7607,202204
11.03,11.09,11.02,11.07,6626.14,73317.1263,232,3723.26,41192.9405,202204
11.08,11.1,11.07,11.09,9440.59,104619.849,203,3641.12,40357.0915,202204
11.09,11.11,11.08,11.09,7329.85,81354.375,187,5853.17,64971.277,202204
11.09,11.11,11.08,11.09,5039.41,55879.5402,160,3166.81,35116.2319,202204
11.08,11.11,11.03,11.05,16501.15,182536.8232,216,4516.32,49984.546,202204
11.05,11.12,11.04,11.12,4048.69,44836.9454,135,2054.47,22778.7115,202204
11.12,11.17,11.09,11.15,10923.8,121700.4482,700,4985.62,55547.67,202204
11.15,11.17,11.1,11.12,11741.44,130713.4647,242,4221.21,46959.8101,202204
11.12,11.14,11.1,11.13,5035.81,56018.373,153,2377.57,26445.6093,202204
11.14,11.14,11.08,11.1,5928.27,65881.795,169,3795.25,42178.5755,202204
11.1,11.15,11.1,11.15,2904.78,32313.9898,110,1941.74,21604.4858,202204
11.14,11.16,11.13,11.14,3650.46,40685.1324,99,1588.42,17711.6596,202204
11.13,11.16,11.11,11.13,3114.2,34693.4778,123,1665.89,18561.7636,202204
11.14,11.18,11.14,11.16,10098.88,112733.1269,186,5098.84,56904.1525,202204
11.16,11.17,11.15,11.17,3039.71,33930.5585,85,1428.17,15945.8148,202204
11.16,11.19,11.14,11.16,2401.51,26807.8714,99,551.2,6152.6788,202204
11.15,11.16,11.12,11.14,1691.4,18837.6646,75,1252.14,13943.5156,202204
11.13,11.15,11.11,11.11,5384.0,59863.7482,149,1678.68,18671.1372,202204
11.11,11.13,11.08,11.12,12314.08,136778.2865,184,9194.67,102166.7211,202204
11.11,11.15,11.1,11.14,3941.05,43833.964,97,1846.72,20553.4465,202204
11.14,11.16,11.13,11.15,10637.7,118567.7926,146,6371.44,71022.7436,202204
11.15,11.17,11.13,11.15,2151.05,23989.7905,60,1115.98,12449.3263,202204
11.15,11.15,11.13,11.14,2353.05,26218.73,65,555.78,6193.3978,202204
11.13,11.15,11.12,11.14,3827.81,42602.3176,85,1670.26,18591.2733,202204
11.14,11.16,11.13,11.13,4585.81,51101.4553,111,1613.39,17982.4653,202204
11.13,11.14,11.09,11.13,23922.84,266023.1289,309,13539.24,150594.2696,202204
11.13,11.16,11.1,11.12,18448.3,205261.2985,287,8514.49,94757.8579,202204
11.12,11.13,11.08,11.09,6559.49,72781.0515,133,1890.5,20985.2055,202204
11.09,11.11,11.07,11.09,14109.81,156444.9922,205,4016.59,44573.6389,202204
11.1,11.12,11.09,11.09,10458.7,116102.9217,187,7507.77,83337.57,202204
11.1,11.12,11.09,11.1,3455.74,38367.2471,87,1446.11,16061.2643,202204
11.09,11.11,11.07,11.07,5365.61,59486.4456,124,1862.8,20655.5282,202204
11.07,11.08,11.04,11.06,4160.61,46030.2159,186,2344.67,25947.7668,202204
11.06,11.09,11.05,11.08,3096.78,34256.365,144,1965.7,21750.882,202204
11.08,11.11,11.08,11.11,2133.91,23670.3916,127,1423.24,15791.7182,202204
11.12,11.15,11.12,11.13,1480.1,16476.0016,88,791.67,8812.2257,202204
11.14,11.15,11.11,11.13,1890.13,21030.986,97,1070.04,11907.193,202204
11.13,11.14,11.12,11.13,1628.19,18116.1771,77,660.11,7346.1294,202204
11.13,11.15,11.13,11.15,2108.9,23492.5083,79,1595.6,17774.5061,202204
11.14,11.17,11.14,11.17,741.28,8265.1018,77,364.37,4063.7467,202204
11.17,11.19,11.16,11.19,16670.39,186305.7902,208,15267.85,170633.4683,202204
11.18,11.19,11.17,11.18,3135.48,35059.7312,96,916.94,10257.0431,202204
11.18,11.2,11.18,11.2,7182.01,80433.5369,189,3546.15,39712.8883,202204
11.2,11.21,11.18,11.21,3187.89,35684.9849,172,1162.85,13018.314,202204
11.21,11.22,11.19,11.21,3497.03,39199.1686,172,1857.12,20820.1665,202204
11.21,11.22,11.19,11.2,2457.3,27523.1315,91,618.53,6928.9111,202204
11.2,11.24,11.2,11.23,9214.02,103384.7612,236,3845.54,43151.6603,202204
11.23,11.24,11.22,11.24,2411.06,27095.0061,84,2222.03,24972.2367,202204
11.24,11.25,11.21,11.22,3226.3,36235.602,207,1197.41,13455.6143,202204
11.22,11.23,11.21,11.23,3984.06,44702.3554,106,2631.16,29525.1443,202204
11.23,11.24,11.21,11.22,8293.65,93070.972,129,2370.64,26615.0551,202204
11.22,11.27,11.22,11.27,2985.05,33584.8606,200,2054.38,23109.8804,202204
11.26,11.28,11.25,11.26,3004.35,33833.7541,346,997.02,11232.0298,202204
11.25,11.28,11.25,11.26,2320.13,26145.4588,94,1874.09,21121.3428,202204
11.27,11.29,11.25,11.29,5079.05,57244.6302,273,2537.25,28605.1152,202204
11.29,11.29,11.26,11.28,5789.01,65231.565,218,3341.34,37640.4215,202204
11.29,11.31,11.27,11.29,5199.35,58697.7062,423,2668.05,30135.9176,202204
11.29,11.29,11.27,11.29,8847.78,99803.4694,189,4380.75,49423.0766,202204
11.28,11.31,11.28,11.31,4471.74,50501.6877,222,2957.18,33401.3481,202204
11.31,11.34,11.3,11.34,12570.22,142286.5553,434,6647.68,75245.7407,202204
11.33,11.35,11.3,11.32,8630.54,97715.9907,343,4549.65,51509.5235,202204
11.32,11.32,11.29,11.31,2848.43,32192.6941,131,1114.87,12600.3987,202204
11.31,11.33,11.3,11.33,6899.85,78028.8719,144,2285.45,25854.677,202204
11.33,11.33,11.26,11.27,6829.29,77089.2239,185,2152.59,24297.1205,202204
11.27,11.28,11.25,11.28,5000.13,56323.8983,132,2013.06,22685.0798,202204
11.27,11.28,11.26,11.27,3850.57,43378.2637,100,1759.42,19824.7616,202204
11.28,11.28,11.25,11.27,2494.18,28095.117,109,1719.77,19374.9851,202204
11.26,11.28,11.24,11.25,6058.69,68152.2027,99,1365.44,15372.0425,202204
11.25,11.3,11.25,11.27,7679.33,86626.5972,132,4294.31,48427.5938,202204
11.27,11.28,11.22,11.22,2644.13,29744.5336,122,873.86,9835.8415,202204
11.22,11.27,11.22,11.26,5329.17,59940.0124,166,2391.43,26903.8751,202204
11.26,11.28,11.26,11.27,2438.63,27491.5802,87,1421.7,16031.4961,202204
11.27,11.29,11.24,11.26,3004.7,33835.6618,96,1627.76,18330.3717,202204
11.26,11.27,11.21,11.21,5983.14,67254.8593,109,2692.57,30267.1194,202204
11.22,11.23,11.17,11.17,5639.15,63155.6102,165,1988.71,22286.0753,202204
11.17,11.21,11.16,11.2,3454.7,38624.8275,249,1955.99,21873.532,202204
11.21,11.22,11.19,11.21,3441.51,38549.7861,298,1600.46,17933.6236,202204
11.21,11.22,11.18,11.2,4430.5,49643.5779,156,2474.47,27734.8616,202204
11.2,11.23,11.16,11.18,12302.89,137895.2004,172,8649.41,96963.6896,202204
11.19,11.21,11.15,11.19,22780.42,254478.5006,294,4844.68,54158.4481,202204
11.19,11.2,11.17,11.19,7529.11,84238.1621,86,5754.09,64387.1538,202204
11.19,11.19,11.15,11.17,7748.5,86573.6415,143,1146.75,12814.2301,202204
11.18,11.21,11.18,11.21,4261.13,47709.3336,112,2477.33,27739.7229,202204
11.21,11.22,11.19,11.21,3133.93,35122.2216,131,1691.03,18951.1578,202204
11.21,11.22,11.19,11.2,2392.47,26809.208,101,1549.02,17358.9697,202204
11.2,11.22,11.18,11.18,6214.14,69606.0019,116,1216.03,13630.8355,202204
11.19,11.2,11.17,11.19,3478.86,38928.2839,98,1482.86,16598.9764,202204
11.2,11.21,11.19,11.21,3146.82,35246.819,101,1856.22,20794.6368,202204
11.22,11.24,11.21,11.24,2549.07,28611.0587,72,1647.16,18487.6575,202204
11.24,11.26,11.24,11.26,1084.9,12205.1522,49,523.85,5893.5087,202204
11.26,11.28,11.24,11.25,3374.55,37999.7656,97,1357.36,15296.3869,202204
11.25,11.25,11.21,11.22,1707.9,19185.6374,64,952.6,10704.7814,202204
11.21,11.25,11.21,11.24,2583.32,29010.2472,68,1463.48,16428.0229,202204
11.24,11.28,11.24,11.26,6414.27,72222.2446,140,4398.03,49519.0333,202204
11.26,11.27,11.26,11.27,1787.85,20137.7663,53,665.01,7493.676,202204
11.27,11.29,11.27,11.28,2900.75,32699.5114,101,2126.74,23973.3226,202204
11.27,11.28,11.24,11.26,4743.47,53387.9992,147,2328.89,26210.3725,202204
11.27,11.27,11.22,11.23,4722.5,53068.9084,112,1307.44,14692.1557,202204
11.25,11.25,11.21,11.24,7259.08,81519.3488,148,4348.89,48839.7157,202204
11.24,11.25,11.19,11.2,6414.96,71891.6707,177,2606.02,29192.0867,202204
11.2,11.21,11.18,11.19,3681.26,41194.8064,90,1041.6,11663.9042,202204
11.2,11.22,11.17,11.19,5855.27,65552.5345,168,3116.41,34895.8044,202204
11.19,11.21,11.07,11.13,20828.83,231611.647,1122,10126.78,112685.5854,202204
11.12,11.18,11.12,11.16,8338.73,92997.5186,227,3378.54,37670.3235,202204
11.16,11.16,11.08,11.11,10145.1,112777.6564,267,3924.56,43626.0487,202204
11.11,11.14,11.09,11.11,12851.43,142707.0002,217,8526.34,94661.4085,202204
11.11,11.12,11.0,11.02,23727.08,262145.6188,685,8851.18,97871.7095,202204
11.02,11.09,10.99,11.08,15142.33,167071.9632,707,8619.21,95069.3411,202204
11.09,11.19,11.06,11.13,42995.03,477512.3372,1126,23761.72,263789.7224,202204
11.14,11.31,11.14,11.27,56316.94,633636.8928,1736,30728.9,345678.19,202204
11.27,11.29,11.2,11.23,14406.69,161995.8595,300,7982.38,89742.0271,202204
11.24,11.27,11.22,11.23,12165.14,136777.8994,226,4488.26,50476.5887,202204
11.22,11.27,11.21,11.26,8707.39,97969.2147,129,7613.37,85656.5616,202204
11.26,11.28,11.25,11.26,3705.68,41748.2011,108,1987.28,22385.2312,202204
11.26,11.31,11.26,11.31,5356.36,60497.0858,186,2858.04,32284.8901,202204
11.31,11.32,11.26,11.28,12564.82,141748.2683,300,4019.4,45361.1487,202204
11.28,11.3,11.25,11.3,6020.58,67930.2225,99,5008.81,56526.43,202204
11.3,11.37,11.3,11.37,13419.81,152298.0696,377,9299.3,105533.0808,202204
11.37,11.4,11.35,11.39,12468.52,141795.0279,392,5198.13,59130.0707,202204
11.38,11.4,11.36,11.37,13577.53,154514.2669,426,3218.73,36638.2302,202204
11.37,11.46,11.37,11.44,15102.69,172505.9681,875,5949.36,67966.4711,202204
11.43,11.47,11.41,11.46,16171.11,185085.0076,452,4059.99,46480.4822,202204
11.45,11.47,11.41,11.44,10649.63,121798.0388,300,5278.46,60382.6444,202204
11.43,11.47,11.41,11.45,11059.96,126376.1202,187,7006.23,80063.4363,202204
11.45,11.45,11.34,11.37,14618.99,166350.1936,344,5800.54,66026.0303,202204
11.36,11.4,11.36,11.38,4096.87,46611.5868,96,2043.23,23252.512,202204
11.39,11.43,11.38,11.42,9785.49,111548.5725,191,6455.24,73589.8675,202204
11.42,11.49,11.42,11.48,13499.34,154632.8704,468,7564.61,86628.559,202204
11.48,11.57,11.48,11.54,19693.37,226891.1056,1365,13337.92,153646.0298,202204
11.55,11.59,11.52,11.59,32049.88,370468.0511,838,23257.4,268925.2136,202204
11.59,11.67,11.58,11.63,55053.33,640141.0261,1904,36341.75,422525.9292,202204
11.63,11.66,11.59,11.65,11169.82,129775.9988,454,4648.03,54021.9685,202204
11.66,11.69,11.61,11.64,12397.37,144549.9438,512,6515.33,75991.4729,202204
11.64,11.7,11.64,11.67,9381.64,109559.6511,333,5327.43,62234.5564,202204
11.67,11.72,11.66,11.69,12016.68,140596.902,720,5618.52,65731.0107,202204
11.68,11.75,11.68,11.75,17715.34,207607.5111,960,8071.9,94568.067,202204
11.75,11.76,11.7,11.71,15662.71,183736.9894,495,6083.5,71385.8976,202204
11.71,11.82,11.7,11.78,36421.63,428985.4748,1162,25913.36,305302.5939,202204
11.78,11.82,11.74,11.76,16766.94,197709.5125,1024,7678.64,90558.2527,202204
11.76,11.82,11.74,11.8,10142.64,119425.0645,457,4517.64,53217.873,202204
11.81,11.85,11.76,11.8,30307.01,357870.7026,1092,14259.97,168374.9396,202204
11.81,11.85,11.76,11.81,39760.85,469555.0513,520,19341.64,228415.7867,202204
11.82,11.85,11.8,11.81,19896.67,235277.3377,413,9520.02,112594.4903,202204
11.81,11.83,11.78,11.79,17493.76,206581.4596,301,10826.71,127881.5822,202204
11.79,11.83,11.71,11.72,18360.59,215938.7395,689,7410.43,87261.7651,202204
11.72,11.8,11.7,11.8,11805.41,138483.3871,396,8161.75,95739.932,202204
11.8,11.83,11.77,11.81,12206.3,143877.9377,253,3651.76,43073.0203,202204
11.81,11.83,11.79,11.79,9655.56,113959.8095,204,4174.83,49273.2502,202204
11.78,11.83,11.78,11.82,5282.24,62341.4267,136,3096.03,36543.9409,202204
11.81,11.81,11.77,11.79,3677.73,43376.1179,112,1989.86,23472.036,202204
11.79,11.82,11.77,11.8,7847.79,92578.1806,144,5176.42,61081.2846,202204
11.81,11.85,11.77,11.85,8748.9,103205.8077,204,4001.94,47249.4926,202204
11.84,11.91,11.84,11.88,38182.87,453843.4074,1382,25054.22,297793.8957,202204
11.89,11.9,11.82,11.83,7879.25,93332.6107,376,3000.46,35540.833,202204
11.83,11.91,11.81,11.91,13283.87,157637.131,385,7437.01,88299.8253,202204
11.9,11.93,11.87,11.91,12312.38,146659.2483,781,9060.93,107949.2024,202204
11.91,11.91,11.83,11.85,13155.71,156415.2917,371,6387.81,75987.6683,202204
11.85,11.85,11.79,11.83,17357.15,205044.6352,345,8781.53,103732.5027,202204
11.82,11.84,11.79,11.84,15559.7,183682.4205,273,7575.66,89438.0284,202204
11.84,11.85,11.81,11.85,7778.06,92033.7839,285,3211.94,38016.3788,202204
11.85,11.88,11.81,11.83,22276.56,263832.7615,281,14442.79,170967.823,202204
11.83,11.83,11.78,11.79,8352.82,98564.0765,186,3135.67,37007.7472,202204
11.79,11.87,11.76,11.86,12716.69,150348.7058,449,8580.08,101418.8816,202204
11.87,11.91,11.86,11.88,9192.25,109269.06,259,4174.61,49634.8261,202204
11.88,11.92,11.86,11.92,4430.57,52673.7643,149,2146.11,25519.472,202204
11.91,11.93,11.88,11.92,8645.42,102974.6752,185,5016.2,59772.9174,202204
11.92,11.95,11.9,11.93,11414.2,136161.737,617,6622.21,79009.4956,202204
11.94,11.96,11.9,11.92,5096.97,60786.536,440,2355.25,28114.8692,202204
11.93,11.94,11.89,11.89,3025.43,36065.4562,121,1728.44,20619.7193,202204
11.9,11.99,11.9,11.99,21535.58,257429.4219,645,16993.68,203150.2877,202204
11.99,12.0,11.96,11.98,7736.07,92734.4756,740,4637.42,55624.3556,202204
11.99,12.02,11.97,12.01,11590.76,139025.4924,627,6683.29,80185.9322,202204
12.0,12.03,11.99,12.02,8936.2,107345.8854,296,4042.82,48580.5386,202204
12.02,12.09,12.01,12.08,18513.81,223205.7214,1117,8545.3,102971.7915,202204
12.09,12.09,12.02,12.03,23854.78,287536.8307,1123,9932.03,119737.4425,202204
12.03,12.05,11.99,12.0,12712.22,152774.5945,465,6770.15,81397.6313,202204
12.0,12.04,11.99,12.02,5030.99,60427.7509,135,1543.56,18552.7228,202204
12.03,12.05,12.0,12.0,17660.01,212358.0372,227,11351.81,136545.0437,202204
12.0,12.03,12.0,12.01,24235.96,291228.7716,304,15940.48,191549.213,202204
12.01,12.01,11.96,11.98,21135.06,253212.7316,425,10383.85,124408.6632,202204
11.98,12.0,11.98,11.99,12525.93,150214.8297,218,7855.67,94220.1495,202204
11.99,11.99,11.93,11.94,19814.96,236926.4028,387,10344.51,123678.5625,202204
11.94,11.95,11.93,11.95,14745.09,176027.4826,218,5945.68,71009.9272,202204
11.95,11.98,11.94,11.96,31514.01,376917.0562,439,24252.34,290061.552,202204
11.97,11.99,11.96,11.97,24751.42,296305.1516,314,13433.24,160819.7476,202204
11.97,11.98,11.96,11.96,17084.54,204495.1129,206,12125.35,145141.1422,202204
11.96,11.98,11.94,11.95,5791.4,69290.6109,131,1020.17,12203.8781,202204
11.94,11.96,11.92,11.93,9303.21,111169.5446,190,6035.68,72139.8024,202204
11.92,11.93,11.9,11.9,10856.61,129377.3338,261,4643.04,55341.3702,202204
11.9,11.92,11.87,11.87,10529.93,125269.9252,423,5033.37,59924.4997,202204
11.87,11.9,11.86,11.89,16080.37,191094.5092,434,11235.46,133503.0891,202204
11.88,11.89,11.86,11.87,10136.89,120402.6582,178,7061.68,83882.6166,202204
11.87,11.89,11.85,11.86,16516.0,195989.3957,291,8528.67,101201.6173,202204
11.86,11.87,11.85,11.85,18642.73,221007.8468,293,9602.44,113858.3614,202204
11.84,11.87,11.84,11.85,15534.0,184094.2799,271,8996.17,106616.6488,202204
11.85,11.88,11.84,11.86,18355.7,217543.2116,432,12547.55,148704.1918,202204
11.86,11.9,11.86,11.89,21557.64,256191.2892,565,11648.75,138417.7767,202204
11.89,11.9,11.87,11.9,13093.32,155674.5302,233,8704.66,103505.5605,202204
11.9,11.9,11.87,11.88,25419.77,302212.6073,381,12496.82,148613.0755,202204
11.88,11.88,11.85,11.86,13528.22,160427.6236,390,4936.17,58535.6195,202204
11.85,11.86,11.81,11.82,16831.34,199380.4119,434,7597.27,90021.9968,202204
11.82,11.85,11.82,11.83,17286.9,204464.0189,407,12664.54,149795.6175,202204
11.82,11.83,11.8,11.8,4472.15,52856.9495,168,2294.08,27135.6513,202204
11.8,11.82,11.78,11.8,12794.36,150928.1611,430,7038.78,83039.91,202204
11.81,11.82,11.78,11.79,12036.17,142027.1742,290,8727.78,102993.7093,202204
11.79,11.79,11.77,11.78,4716.15,55576.2626,221,3193.93,37649.0717,202204
11.78,11.81,11.75,11.75,12799.6,150775.7605,387,6108.2,71966.3909,202204
11.75,11.76,11.68,11.7,32302.37,378588.8708,1052,17921.95,210032.7334,202204
11.69,11.75,11.69,11.74,21294.77,249541.8565,1077,13964.02,163625.2782,202204
11.74,11.76,11.73,11.74,8491.26,99667.9047,197,2927.61,34368.2015,202204
11.73,11.79,11.73,11.78,9522.11,112000.0803,230,5238.77,61622.5727,202204
11.78,11.81,11.75,11.81,31255.29,367965.8418,235,4952.75,58376.603,202204
11.81,11.83,11.78,11.79,10703.39,126345.4594,193,3235.78,38219.7658,202204
11.79,11.8,11.75,11.76,3074.22,36201.0788,81,822.91,9693.5034,202204
11.76,11.78,11.75,11.78,1659.34,19522.9256,44,1480.0,17413.8008,202204
11.77,11.8,11.76,11.8,2747.45,32342.1644,56,1603.07,18883.0308,202204
11.8,11.81,11.79,11.8,661.11,7799.5632,66,333.73,3938.1369,202204
11.8,11.8,11.79,11.79,167.3,1973.9559,26,106.15,1252.57,202204
11.79,11.8,11.79,11.79,1996.51,23546.1079,41,545.92,6441.8447,202204
11.78,11.8,11.77,11.8,1305.9,15380.4405,72,783.95,9233.0153,202204
11.8,11.82,11.8,11.8,1133.42,13380.295,47,209.65,2474.8552,202204
11.81,11.81,11.8,11.81,1144.66,13517.7063,29,1071.83,12658.3123,202204
11.81,11.83,11.78,11.78,6269.25,74032.0853,165,3046.24,36009.168,202204
11.79,11.82,11.77,11.82,5918.15,69841.8818,80,4723.11,55745.5469,202204
11.81,11.82,11.79,11.8,904.56,10674.856,53,277.8,3278.4647,202204
11.8,11.8,11.77,11.78,10697.32,126085.2287,112,7618.74,89802.244,202204
11.79,11.79,11.77,11.78,13530.69,159466.5277,161,10640.74,125415.4229,202204
11.78,11.78,11.75,11.76,12659.95,148998.6987,233,7517.27,88488.0891,202204
11.76,11.78,11.74,11.74,25526.73,300181.6789,339,22635.25,266179.111,202204
11.74,11.77,11.72,11.73,10191.32,119576.151,178,2028.89,23825.4443,202204
11.73,11.73,11.6,11.63,48639.61,566335.9329,1155,24418.66,284373.0894,202204
11.64,11.66,11.63,11.64,25876.66,301410.7261,694,17341.14,202006.2303,202204
11.64,11.66,11.63,11.64,30861.99,359298.2113,288,19980.32,232606.1686,202204
11.64,11.66,11.63,11.65,9127.41,106304.7133,291,5626.41,65543.6471,202204
11.64,11.65,11.61,11.63,47429.69,551339.2016,464,22222.37,258280.4872,202204
11.63,11.63,11.57,11.58,7682.54,89046.8965,353,2485.4,28808.3523,202204
11.58,11.58,11.52,11.56,33767.14,390038.4267,1265,17448.99,201615.8122,202204
11.57,11.61,11.55,11.61,8599.19,99585.0785,291,6804.74,78777.4453,202204
11.61,11.61,11.57,11.57,4675.9,54191.6979,137,823.04,9539.0389,202204
11.57,11.59,11.55,11.56,9603.8,111137.6631,137,7620.8,88196.7528,202204
11.56,11.56,11.52,11.55,21688.65,250231.6072,414,12653.5,145982.0093,202204
11.55,11.55,11.53,11.55,10880.0,125507.7561,188,7991.85,92191.3736,202204
11.55,11.56,11.53,11.53,9152.78,105684.4201,166,5040.09,58205.6177,202204
11.53,11.56,11.53,11.56,13070.76,150881.6882,197,6513.33,75177.9072,202204
11.56,11.57,11.54,11.55,16131.04,186422.0518,365,9822.93,113539.3639,202204
11.55,11.58,11.54,11.58,16859.8,194962.0674,162,12613.33,145876.8121,202204
11.58,11.58,11.51,11.56,50588.55,583897.7512,875,32902.0,379817.0071,202204
11.55,11.56,11.52,11.54,22961.81,264794.424,332,7622.07,87905.2371,202204
11.53,11.56,11.53,11.56,25284.34,291828.0137,522,14413.36,166397.4335,202204
11.55,11.58,11.55,11.58,27884.95,322473.2792,390,19596.72,226625.4117,202204
11.58,11.59,11.57,11.59,7327.1,84859.8343,233,5790.44,67065.3247,202204
11.59,11.6,11.58,11.59,21103.38,244549.1492,214,12459.86,144379.5776,202204
11.59,11.63,11.57,11.63,23364.93,270938.6585,465,13815.23,160306.547,202204
11.63,11.67,11.61,11.66,50056.74,582617.1443,623,43736.73,509015.1538,202204
11.66,11.68,11.63,11.65,43381.81,505535.8909,448,17197.58,200367.9395,202204
11.65,11.72,11.65,11.7,24242.49,283408.0254,1018,13739.71,160693.4855,202204
11.7,11.78,11.68,11.76,36319.95,426611.2631,1114,19785.81,232401.0615,202204
11.76,11.82,11.76,11.8,38946.37,459084.7077,1154,24395.17,287545.3493,202204
11.8,11.84,11.79,11.83,22702.42,268287.3747,552,15004.72,177329.3707,202204
11.84,11.84,11.78,11.81,24717.01,291615.5508,624,16825.83,198442.8737,202204
11.81,11.83,11.78,11.8,24404.37,288257.1094,584,13444.59,158843.4876,202204
11.8,11.81,11.7,11.73,43892.37,515338.8542,937,22119.18,259631.7159,202204
11.73,11.73,11.7,11.71,17778.1,208224.7698,327,11986.53,140392.8807,202204
11.71,11.72,11.65,11.66,20254.58,236815.129,446,10545.93,123320.5012,202204
11.65,11.71,11.64,11.66,50561.48,589673.9787,910,32014.96,373320.1534,202204
11.66,11.69,11.66,11.67,13743.11,160380.9713,356,7220.94,84264.4108,202204
11.67,11.7,11.65,11.67,34251.64,400063.3544,506,23488.46,274299.1174,202204
11.67,11.72,11.67,11.71,25905.57,302857.5195,549,18861.16,220526.5888,202204
11.71,11.73,11.7,11.73,9461.02,110784.9572,348,5515.74,64594.1257,202204
11.73,11.74,11.7,11.74,32307.94,378781.8506,422,25439.35,298272.6696,202204
11.74,11.78,11.73,11.75,37613.01,441894.4915,654,21124.16,248201.5153,202204
11.75,11.76,11.73,11.73,4676.7,54960.2398,183,2588.45,30427.8991,202204
11.74,11.74,11.71,11.71,17858.39,209431.8696,301,12429.21,145766.7186,202204
11.71,11.74,11.71,11.73,24988.14,292960.9179,760,17638.49,206805.3773,202204
11.72,11.75,11.72,11.75,11171.86,131073.9646,378,9425.13,110573.6968,202204
11.74,11.76,11.71,11.72,6158.98,72332.1236,198,2186.26,25692.3729,202204
11.71,11.73,11.67,11.67,19336.83,226204.0045,366,11512.72,134721.2028,202204
11.67,11.67,11.55,11.6,51701.11,599461.9529,1058,22713.77,263267.844,202204
11.6,11.62,11.52,11.57,34364.73,397247.6074,885,22107.85,255521.7847,202204
11.57,11.6,11.55,11.6,40958.52,474334.2195,758,34710.8,401998.3007,202204
11.6,11.64,11.58,11.64,35026.33,406762.3124,779,24152.39,280523.8866,202204
11.64,11.65,11.62,11.63,10833.82,126073.0749,239,4572.11,53215.5184,202204
11.62,11.65,11.57,11.6,39440.97,457795.9171,546,17629.9,204684.9281,202204
11.59,11.6,11.56,11.56,25695.44,297447.7908,525,17295.66,200228.1056,202204
11.56,11.58,11.53,11.54,17299.58,199998.8897,361,8694.85,100529.6427,202204
11.54,11.57,11.54,11.56,31644.07,365480.0774,392,19809.88,228802.8737,202204
11.55,11.56,11.54,11.55,5516.0,63706.6195,93,2846.38,32875.7346,202204
11.55,11.55,11.5,11.53,26257.47,302613.8324,469,10564.77,121734.6581,202204
11.53,11.57,11.53,11.55,12795.14,147838.1941,405,7299.16,84338.7102,202204
11.55,11.56,11.53,11.53,16058.98,185251.609,190,9336.51,107706.8207,202204
11.53,11.59,11.52,11.58,12533.08,144895.6546,234,10536.83,121790.2157,202204
11.58,11.6,11.56,11.59,8714.5,100929.8487,152,5451.71,63155.5599,202204
11.59,11.61,11.58,11.6,5819.16,67459.3413,136,3541.95,41064.2118,202204
11.61,11.64,11.6,11.64,8424.61,97929.1235,156,4587.36,53329.4745,202204
11.64,11.66,11.62,11.63,5553.11,64643.7953,214,2793.14,32522.916,202204
11.63,11.64,11.61,11.64,5564.67,64660.6937,146,2805.23,32607.6302,202204
11.64,11.66,11.61,11.65,5684.06,66119.3446,130,1908.3,22205.6667,202204
11.65,11.67,11.64,11.64,3374.39,39322.5126,122,1159.2,13514.8111,202204
11.64,11.65,11.62,11.62,2530.19,29426.1676,82,1200.52,13965.4959,202204
11.63,11.63,11.6,11.61,3770.76,43792.9215,90,549.25,6380.9343,202204
11.6,11.66,11.6,11.65,8879.28,103288.9953,121,7682.92,89367.8921,202204
11.65,11.68,11.65,11.68,5698.4,66480.0431,194,2879.39,33594.848,202204
11.68,11.72,11.67,11.71,13540.13,158396.2592,611,9400.35,109968.182,202204
11.71,11.73,11.68,11.72,3016.48,35329.1802,195,1201.53,14070.8516,202204
11.72,11.74,11.72,11.72,5018.67,58859.9659,189,1863.6,21861.0836,202204
11.71,11.71,11.66,11.66,14614.69,170750.4928,260,6742.91,78787.1508,202204
11.67,11.69,11.66,11.67,5732.67,66909.3936,155,3220.98,37592.9349,202204
11.68,11.7,11.67,11.7,2318.09,27116.8194,93,2277.76,26645.4265,202204
11.7,11.72,11.69,11.71,2774.4,32473.5741,73,332.64,3893.1228,202204
11.71,11.72,11.7,11.72,5330.29,62416.9961,114,4588.85,53736.8497,202204
11.72,11.82,11.71,11.82,32085.43,377662.3385,1099,19043.96,224215.3432,202204
11.81,11.96,11.81,11.95,70334.91,836793.2819,3240,50862.42,605394.6976,202204
11.95,11.97,11.87,11.87,22613.26,269453.5188,1607,7446.52,88814.7758,202204
11.87,11.92,11.86,11.9,13259.33,157631.861,416,8933.34,106226.3058,202204
11.9,11.92,11.87,11.91,9465.53,112471.3543,225,6398.35,76044.684,202204
11.92,11.93,11.87,11.9,29504.11,350828.1605,385,6289.81,74783.5146,202204
11.92,11.93,11.9,11.91,4503.3,53658.2298,124,2331.26,27779.565,202204
11.92,11.92,11.89,11.9,4075.25,48529.7805,114,2275.42,27100.6078,202204
11.9,11.91,11.83,11.85,12278.56,145576.5752,392,4282.88,50791.369,202204
11.85,11.88,11.83,11.83,4165.5,49358.2616,190,1246.65,14783.8636,202204
11.83,11.84,11.8,11.8,5031.42,59496.6008,205,2700.4,31933.4121,202204
11.81,11.83,11.79,11.82,3939.96,46525.4441,227,1547.57,18282.1726,202204
11.83,11.83,11.79,11.81,5319.44,62842.8063,115,2749.87,32500.1845,202204
11.81,11.84,11.78,11.79,11096.29,130998.29,258,4781.76,56499.5416,202204
11.79,11.82,11.79,11.8,5840.66,68901.1632,151,3619.54,42700.5299,202204
11.8,11.84,11.73,11.75,52331.43,617144.5297,1229,19835.97,233924.1344,202204
11.75,11.8,11.75,11.8,5568.22,65575.5833,532,4550.1,53590.9597,202204
11.81,11.81,11.79,11.8,2337.06,27577.8499,59,1966.56,23205.9939,202204
11.79,11.82,11.79,11.8,3480.53,41065.8022,158,1120.01,13219.2962,202204
11.8,11.84,11.79,11.83,5207.07,61555.9433,167,2540.5,30033.3485,202204
11.82,11.84,11.8,11.82,8800.33,104015.2518,290,6856.94,81047.1633,202204
11.83,11.84,11.82,11.84,2149.73,25425.7818,75,1661.05,19647.5915,202204
11.84,11.85,11.82,11.84,2864.51,33914.5513,108,1319.37,15623.5911,202204
11.84,11.86,11.82,11.85,3491.89,41341.7818,122,1714.39,20302.5995,202204
11.85,11.87,11.83,11.83,8365.83,99163.9687,172,4467.04,52962.2248,202204
11.82,11.83,11.78,11.79,2799.04,33045.8207,151,1162.89,13735.3668,202204
11.79,11.82,11.78,11.82,3915.45,46184.1297,95,2790.8,32926.3998,202204
11.82,11.83,11.82,11.83,1284.85,15192.3506,68,819.69,9694.1594,202204
11.82,11.85,11.82,11.84,3704.84,43844.7947,91,2878.06,34067.3793,202204
11.84,11.85,11.83,11.85,4583.06,54262.7429,111,3209.67,38004.4658,202204
11.85,11.86,11.83,11.84,1173.28,13896.6925,61,592.93,7025.4467,202204
11.84,11.84,11.81,11.83,1786.94,21135.6941,93,607.23,7183.0915,202204
11.83,11.83,11.78,11.82,3856.0,45534.5322,143,1956.1,23104.4982,202204
11.82,11.83,11.79,11.81,2170.14,25642.2158,113,1147.73,13564.2666,202204
11.81,11.85,11.8,11.85,9417.7,111303.1598,178,6167.37,72921.8511,202204
11.85,11.87,11.84,11.87,5413.42,64187.592,106,4786.43,56756.3157,202204
11.87,11.88,11.85,11.87,8796.27,104379.2926,223,4340.51,51516.3147,202204
11.87,11.89,11.86,11.87,1222.93,14525.4481,76,676.53,8036.4255,202204
11.87,11.92,11.87,11.91,14780.22,175881.0469,518,9446.8,112438.376,202204
11.9,11.95,11.9,11.95,11366.64,135508.3325,349,8611.69,102674.8284,202204
11.95,11.95,11.9,11.91,10081.99,120271.145,384,3594.54,42896.8401,202204
11.92,11.94,11.91,11.91,4353.52,51909.5102,156,1464.43,17468.8521,202204
11.91,11.94,11.9,11.93,3247.24,38711.6143,110,2291.62,27322.2083,202204
11.93,11.95,11.92,11.93,5495.47,65592.249,128,2170.63,25921.2456,202204
11.94,11.95,11.9,11.92,4590.04,54734.6937,135,1590.74,18972.7892,202204
11.91,11.94,11.91,11.93,4694.91,55986.9148,129,3094.42,36907.8846,202204
11.93,11.94,11.92,11.94,6172.28,73642.9052,158,2460.57,29365.8013,202204
11.94,11.95,11.93,11.95,3253.61,38839.7064,106,1460.4,17437.1427,202204
11.95,11.95,11.92,11.93,7068.07,84285.3891,116,1901.55,22685.5477,202204
11.94,11.94,11.91,11.94,2860.29,34116.6308,103,2314.85,27613.6949,202204
11.93,11.94,11.91,11.93,3079.43,36711.4934,106,1246.91,14868.5208,202204
11.94,11.97,11.93,11.94,6742.66,80583.7574,376,2072.2,24777.3334,202204
11.94,11.94,11.91,11.94,6813.53,81230.0224,132,1870.11,22306.911,202204
11.94,11.98,11.93,11.97,10766.61,128779.0192,338,5125.77,61293.8728,202204
11.97,11.97,11.95,11.97,5332.43,63795.9257,267,2552.91,30537.3455,202204
11.97,11.99,11.96,11.98,8332.95,99781.5463,343,5860.37,70181.6489,202204
11.97,11.99,11.92,11.93,15405.61,184037.5522,374,5292.02,63226.5177,202204
11.93,11.94,11.9,11.92,5811.92,69273.909,158,1875.25,22349.9044,202204
11.91,11.92,11.9,11.91,3821.95,45523.8374,90,1694.47,20185.5988,202204
11.91,11.93,11.9,11.91,4769.82,56801.9356,131,1668.75,19880.8254,202204
11.92,11.93,11.88,11.89,4197.07,49971.68,149,2822.03,33606.5398,202204
11.89,11.89,11.84,11.86,8171.97,96888.3195,251,1629.4,19330.6019,202204
11.86,11.87,11.83,11.86,11655.78,138142.6791,301,6440.96,76355.0673,202204
11.85,11.88,11.84,11.87,3593.17,42617.7945,109,2647.82,31405.6858,202204
11.87,11.9,11.87,11.9,3549.77,42173.8624,171,1677.57,19932.9196,202204
11.9,11.92,11.88,11.92,3247.77,38663.5537,121,2300.36,27386.078,202204
11.91,11.93,11.9,11.91,3740.01,44552.0903,149,1672.94,19932.4958,202204
11.91,11.94,11.91,11.93,2818.1,33605.1991,126,1661.7,19818.1937,202204
11.93,11.96,11.91,11.95,12530.44,149628.9931,342,9165.21,109457.8613,202204
11.96,11.98,11.94,11.95,12177.58,145689.8571,282,6402.08,76613.5471,202204
11.95,11.95,11.92,11.92,3610.1,43078.0959,103,1099.42,13124.3219,202204
11.93,11.97,11.93,11.96,6409.48,76608.2085,171,3037.76,36302.0455,202204
11.95,11.95,11.89,11.91,9366.89,111760.1578,214,5479.0,65402.2667,202204
11.91,11.92,11.87,11.91,4866.59,57908.1751,141,2670.11,31789.1344,202204
11.91,11.92,11.88,11.92,5545.58,65990.4336,128,4052.53,48228.4448,202204
11.92,11.97,11.89,11.94,12050.67,143962.2079,267,4281.89,51157.9124,202204
11.95,11.96,11.94,11.94,3395.27,40579.5088,93,1894.54,22647.4462,202204
11.95,11.96,11.91,11.91,4064.59,48500.4407,178,1429.07,17069.9596,202204
11.92,11.92,11.88,11.9,2481.22,29518.8644,94,870.23,10353.6712,202204
11.88,11.89,11.86,11.86,3143.8,37311.1057,93,1233.14,14629.7688,202204
11.85,11.86,11.7,11.72,37766.98,445333.4634,1263,13602.58,160317.6019,202204
11.72,11.89,11.7,11.78,42657.17,503998.5762,1682,22014.59,259984.5121,202204
11.78,11.85,11.65,11.83,87027.39,1023229.5313,2133,41130.5,483798.7815,202204
11.83,11.87,11.81,11.87,19303.84,228621.0309,500,9055.54,107245.6299,202204
11.87,11.9,11.85,11.86,14497.66,172192.1791,566,7690.89,91361.5065,202204
11.87,11.91,11.87,11.89,12196.42,144993.8143,353,5866.25,69755.94,202204
11.89,11.96,11.86,11.96,28997.48,345399.6981,870,12076.15,144035.4625,202204
11.95,12.02,11.91,11.92,40687.91,487228.1966,2248,18686.44,223937.5673,202204
11.92,11.96,11.89,11.94,41694.45,497416.5863,755,16613.69,198225.0813,202204
11.93,11.93,11.85,11.89,26439.92,314292.9743,636,11323.3,134703.2768,202204
11.89,11.9,11.87,11.88,6135.76,72922.9856,145,2013.0,23927.0327,202204
11.88,11.89,11.85,11.87,8582.35,101899.7088,165,4685.26,55650.6088,202204
11.86,11.89,11.79,11.8,25102.83,297321.8624,637,6507.26,77068.741,202204
11.8,11.85,11.79,11.84,14117.85,166927.3905,427,6808.59,80484.24,202204
11.83,11.88,11.83,11.87,3315.7,39302.3574,101,2889.07,34243.8103,202204
11.88,11.92,11.88,11.92,10137.69,120556.8908,189,6647.74,79047.9116,202204
11.92,11.95,11.9,11.95,11735.69,140039.0122,304,6723.04,80254.6216,202204
11.95,11.95,11.86,11.86,20533.89,244467.661,516,4397.54,52353.1033,202204
11.87,11.88,11.85,11.86,7188.93,85282.2983,152,4584.53,54381.5385,202204
11.86,11.88,11.83,11.84,6236.42,73923.0133,187,1605.02,19030.498,202204
11.84,11.85,11.81,11.81,13819.06,163502.2929,210,5029.01,59529.7495,202204
11.82,11.83,11.8,11.82,13088.98,154694.7084,262,10086.61,119221.9627,202204
11.82,11.84,11.81,11.82,2790.76,33007.6261,85,1170.37,13841.4707,202204
11.82,11.83,11.79,11.8,16584.22,195860.3165,316,7296.29,86181.6317,202204
11.82,11.86,11.81,11.83,4848.74,57386.8838,181,2648.05,31351.119,202204
11.83,11.83,11.78,11.82,4240.23,50053.6202,331,2014.98,23791.1866,202204
11.82,11.84,11.79,11.83,16348.17,193012.9584,291,3127.72,36965.4052,202204
11.83,11.88,11.82,11.87,9160.06,108567.8442,389,4618.36,54714.9062,202204
11.87,11.87,11.84,11.84,1353.24,16047.3536,87,521.51,6185.0719,202204
11.84,11.87,11.84,11.86,2385.28,28270.7515,81,873.06,10348.5269,202204
11.86,11.86,11.79,11.8,2941.43,34751.9878,139,727.39,8592.6772,202204
11.8,11.81,11.72,11.73,5954.68,70060.3588,380,2864.87,33716.92,202204
11.73,11.77,11.73,11.77,9439.82,110816.7711,559,3887.87,45668.0775,202204
11.77,11.77,11.71,11.75,10478.09,123018.6469,470,4096.15,48094.2118,202204
11.75,11.76,11.73,11.75,7640.81,89693.3423,155,1115.03,13102.6824,202204
11.74,11.77,11.73,11.75,8312.85,97633.3567,190,800.83,9411.0453,202204
11.74,11.75,11.7,11.7,6694.94,78538.9287,237,3791.46,44480.2339,202204
11.71,11.72,11.61,11.65,28751.28,334990.9405,1594,14955.03,174215.0534,202204
11.65,11.67,11.5,11.55,48097.49,556495.5551,1561,21300.26,246382.2363,202204
11.54,11.64,11.42,11.62,68034.75,783377.7004,3592,37224.34,428804.6019,202204
11.63,11.64,11.57,11.61,12443.78,144320.9984,392,4030.87,46771.4786,202204
11.62,11.67,11.61,11.64,15188.3,176801.3345,506,8302.15,96632.9971,202204
11.65,11.66,11.51,11.52,13796.86,159786.9975,445,5012.67,57995.922,202204
11.51,11.56,11.47,11.52,16000.51,184151.5323,692,8831.52,101632.0315,202204
11.52,11.6,11.5,11.56,11195.27,129385.2403,394,4564.44,52730.3372,202204
11.57,11.6,11.52,11.52,8755.73,101156.4193,266,3923.07,45354.7523,202204
11.52,11.54,11.47,11.53,9511.76,109422.2786,347,4400.74,50621.6815,202204
11.52,11.6,11.52,11.59,6201.47,71751.8222,215,2312.79,26750.2045,202204
11.59,11.64,11.52,11.52,17935.21,207805.6181,481,5762.67,66750.1007,202204
11.53,11.63,11.53,11.63,13591.37,157433.0286,323,5931.52,68691.0747,202204
11.62,11.68,11.6,11.66,16164.91,188353.1589,635,10959.79,127721.2427,202204
11.67,11.71,11.66,11.69,30210.67,353320.4036,732,15659.8,183141.822,202204
11.7,11.71,11.64,11.67,7675.47,89549.2035,255,2978.09,34761.3091,202204
11.67,11.73,11.67,11.72,6082.22,71182.883,291,3166.78,37053.7026,202204
11.71,11.71,11.66,11.67,3710.87,43356.7247,131,1146.72,13398.7737,202204
11.67,11.7,11.64,11.7,2989.62,34907.0204,137,843.57,9851.4124,202204
11.7,11.75,11.69,11.74,4244.71,49755.1017,185,2149.11,25188.0975,202204
11.75,11.78,11.72,11.73,8556.85,100590.8781,471,3357.78,39479.7543,202204
11.73,11.75,11.71,11.73,5569.83,65310.2259,169,1305.94,15322.0742,202204
11.73,11.75,11.7,11.71,5452.42,63935.5432,155,1474.76,17288.6844,202204
11.72,11.75,11.66,11.75,9598.12,112313.1091,270,3187.08,37334.7379,202204
11.74,11.77,11.72,11.75,3455.14,40540.4413,192,1470.71,17258.0919,202204
11.75,11.77,11.73,11.74,1669.01,19598.0025,103,800.07,9396.2048,202204
11.74,11.79,11.74,11.78,3485.31,41004.7119,166,1238.84,14569.9375,202204
11.77,11.79,11.75,11.77,2026.3,23864.1769,133,1028.99,12124.8383,202204
11.78,11.8,11.76,11.78,3517.84,41435.5401,323,1522.16,17938.5945,202204
11.78,11.83,11.78,11.82,13166.21,155481.2378,520,10702.49,126391.9904,202204
11.81,11.82,11.77,11.79,3429.05,40450.477,274,1164.39,13741.0501,202204
11.79,11.81,11.76,11.81,5154.32,60756.0438,112,2023.45,23860.9794,202204
11.81,11.81,11.77,11.8,2507.94,29581.9065,95,1005.78,11872.0702,202204
11.8,11.82,11.78,11.79,2096.89,24737.9496,77,1332.61,15723.9977,202204
11.79,11.82,11.78,11.79,5548.5,65403.3337,133,2690.58,31722.8237,202204
11.79,11.81,11.68,11.69,28389.08,333253.1798,575,11096.78,130206.2894,202204
11.7,11.73,11.5,11.51,45064.66,522584.5642,1514,20635.96,239299.9427,202204
11.51,11.58,11.46,11.58,27134.7,312513.9893,1398,14024.86,161525.3631,202204
11.57,11.75,11.57,11.69,38188.17,445678.0058,1943,19135.34,223354.5789,202204
11.69,11.69,11.6,11.62,17211.59,200420.3293,511,7190.37,83715.9435,202204
11.62,11.66,11.6,11.61,9698.63,112833.946,281,4810.97,55989.6742,202204
11.61,11.68,11.6,11.67,9132.43,106249.1539,240,4386.14,51024.1035,202204
11.67,11.67,11.64,11.65,2412.95,28123.0762,80,798.29,9307.256,202204
11.65,11.66,11.57,11.59,8687.95,100872.5206,267,2389.79,27720.8793,202204
11.59,11.63,11.53,11.53,9373.73,108390.8755,527,3969.13,45903.5685,202204
11.53,11.62,11.53,11.62,5282.33,61131.0799,239,3061.93,35426.8496,202204
11.62,11.63,11.56,11.56,10076.84,116933.7988,234,2982.87,34584.4907,202204
11.56,11.62,11.55,11.6,5844.11,67757.0198,148,3380.21,39181.0859,202204
11.6,11.63,11.6,11.63,1995.89,23191.1626,87,992.81,11539.7302,202204
11.63,11.66,11.63,11.65,3723.05,43360.9316,108,1156.77,13474.5909,202204
11.66,11.69,11.66,11.68,4165.3,48632.7807,155,1699.98,19841.4835,202204
11.67,11.73,11.66,11.72,10176.41,119107.8109,229,6190.79,72524.2138,202204
11.73,11.74,11.72,11.73,3781.37,44357.1837,166,1915.85,22473.8857,202204
11.72,11.77,11.72,11.76,2866.96,33677.5818,175,1457.71,17116.3912,202204
11.76,11.78,11.74,11.77,10706.6,125914.0709,530,6436.14,75707.3547,202204
11.78,11.78,11.74,11.75,3380.41,39747.1873,128,1234.46,14512.9289,202204
11.75,11.76,11.71,11.73,1569.16,18407.0161,82,818.48,9601.2922,202204
11.73,11.73,11.7,11.72,2235.34,26166.1209,79,667.38,7811.6225,202204
11.72,11.72,11.69,11.69,873.9,10226.9223,47,318.71,3730.725,202204
11.69,11.77,11.63,11.67,18850.42,220522.5156,508,7400.51,86642.0686,202204
11.68,11.77,11.68,11.75,12905.53,151500.0988,343,6466.2,75892.0207,202204
11.74,11.75,11.73,11.75,2233.93,26219.4456,58,1462.06,17158.933,202204
11.74,11.77,11.73,11.73,3876.48,45557.1476,121,1737.06,20412.6942,202204
11.73,11.75,11.73,11.73,1928.98,22632.9784,61,453.96,5328.5302,202204
11.74,11.77,11.74,11.77,1322.84,15548.6404,45,836.85,9834.5975,202204
11.76,11.77,11.73,11.74,2328.3,27345.474,71,1046.34,12287.5303,202204
11.74,11.76,11.73,11.74,869.38,10214.1873,42,387.83,4557.2642,202204
11.74,11.76,11.73,11.74,3242.75,38089.9384,58,2423.08,28463.8248,202204
11.75,11.77,11.75,11.77,1650.96,19416.9915,57,893.43,10507.5272,202204
11.77,11.78,11.75,11.77,5323.79,62639.523,92,1871.93,22023.2853,202204
11.76,11.77,11.74,11.74,2731.36,32104.1849,89,1405.12,16518.4767,202204
11.74,11.75,11.71,11.71,3909.25,45856.8765,106,1586.97,18617.7688,202204
11.71,11.72,11.69,11.7,4311.41,50470.532,126,2283.38,26736.0011,202204
11.7,11.7,11.69,11.7,690.6,8079.9287,37,480.85,5625.945,202204
11.7,11.7,11.69,11.7,313.14,3661.6293,30,204.7,2393.9657,202204
11.69,11.7,11.69,11.69,1259.74,14727.655,35,277.34,3243.399,202204
11.69,11.69,11.66,11.68,1488.67,17382.5037,56,929.98,10862.2907,202204
11.68,11.7,11.66,11.7,298.31,3482.7872,33,143.35,1673.9044,202204
11.7,11.78,11.7,11.78,7074.25,82877.1072,128,6322.71,74047.8254,202204
11.77,11.83,11.77,11.82,6337.82,74764.6698,361,4441.42,52378.2039,202204
11.83,11.84,11.82,11.84,2253.72,26668.8254,172,1555.13,18405.7675,202204
11.83,11.86,11.83,11.86,5316.64,63008.0163,401,3649.81,43269.8387,202204
11.86,11.88,11.86,11.87,3987.0,47326.8466,204,2894.98,34368.6975,202204
11.87,11.9,11.87,11.9,8605.2,102228.4396,274,6624.01,78700.5584,202204
11.9,11.92,11.88,11.88,9092.48,108171.8841,1334,4078.34,48538.9283,202204
11.88,11.89,11.85,11.85,5175.97,61413.1792,418,1634.55,19395.3325,202204
11.86,11.86,11.81,11.82,3821.66,45203.0741,185,570.15,6745.7455,202204
11.81,11.83,11.8,11.81,1858.55,21952.2045,85,664.59,7851.1058,202204
11.81,11.82,11.78,11.79,3982.76,46994.635,181,2223.06,26232.7574,202204
11.79,11.82,11.78,11.78,3980.39,46940.8427,149,2001.37,23607.3643,202204
11.79,11.81,11.76,11.77,1938.09,22842.1441,116,299.02,3528.0181,202204
11.77,11.82,11.74,11.82,7084.94,83501.0581,403,4937.48,58201.7892,202204
11.82,11.82,11.74,11.77,9272.73,109168.355,246,3583.17,42170.758,202204
11.77,11.8,11.76,11.77,1072.17,12628.7583,43,658.71,7760.5827,202204
11.76,11.83,11.76,11.81,12410.67,146597.1161,157,6197.36,73175.7368,202204
11.81,11.82,11.75,11.75,6263.18,73746.7384,155,814.64,9594.5785,202204
11.75,11.77,11.74,11.75,707.19,8314.946,42,319.88,3763.1586,202204
11.75,11.81,11.75,11.8,5783.67,68238.9689,124,3904.98,46078.0765,202204
11.79,11.85,11.79,11.85,2960.67,34980.7606,79,2005.34,23695.1592,202204
11.85,11.86,11.83,11.84,1913.58,22664.3668,89,707.35,8384.6913,202204
11.83,11.83,11.78,11.82,4154.52,49053.0787,147,1798.25,21239.0464,202204
11.81,11.81,11.78,11.78,3290.67,38826.9981,92,2776.74,32766.9322,202204
11.78,11.78,11.73,11.78,7531.06,88538.6761,230,5273.08,61988.128,202204
11.77,11.77,11.73,11.74,3486.35,40985.1227,91,1039.3,12227.6491,202204
11.74,11.75,11.67,11.67,7918.98,92661.4897,522,3423.46,40067.971,202204
11.67,11.68,11.62,11.63,9175.02,106944.1229,443,2941.3,34293.0271,202204
11.62,11.65,11.59,11.65,10228.83,118830.2003,837,4537.18,52738.0699,202204
11.65,11.7,11.62,11.67,51453.86,599432.0847,543,25271.59,294249.2861,202204
11.67,11.73,11.66,11.73,15402.51,180434.3676,296,8504.86,99617.0266,202204
11.71,11.78,11.7,11.77,16494.38,193949.973,339,6633.11,77982.7053,202204
11.77,11.81,11.75,11.81,9220.39,108621.5395,567,4998.81,58908.7591,202204
11.8,11.85,11.8,11.8,14543.0,171998.7901,485,6925.66,81945.0776,202204
11.8,11.83,11.78,11.83,9744.69,114991.5961,237,5282.78,62341.3642,202204
11.82,11.9,11.8,11.87,13809.07,163624.3468,636,8713.32,103253.0253,202204
11.87,11.91,11.87,11.9,6598.96,78459.0933,236,4918.64,58475.5814,202204
11.91,11.92,11.88,11.88,6305.32,75015.699,273,2487.19,29601.8358,202204
11.89,11.9,11.84,11.85,6117.74,72608.9129,195,2402.79,28528.9178,202204
11.85,11.88,11.84,11.87,4155.91,49288.2816,122,3142.74,37279.4655,202204
11.88,11.9,11.83,11.89,7884.23,93593.2877,224,5904.31,70097.0243,202204
11.89,11.9,11.82,11.82,6720.69,79743.3702,223,3357.95,39860.6583,202204
11.82,11.82,11.75,11.8,8237.28,97011.4488,352,2360.15,27800.4408,202204
11.8,11.81,11.66,11.68,22323.29,261501.6925,594,10852.26,127084.72,202204
11.69,11.69,11.59,11.59,10079.18,117227.3425,662,3916.07,45565.2906,202204
11.59,11.61,11.5,11.57,31129.79,359406.3846,1614,14194.83,163889.1946,202204
11.57,11.57,11.49,11.51,7173.81,82750.0835,349,3760.7,43391.5399,202204
11.52,11.55,11.46,11.47,12149.87,139662.6393,502,3827.86,44014.181,202204
11.47,11.52,11.47,11.49,23238.23,267356.9244,574,13332.81,153392.7781,202204
11.49,11.65,11.49,11.64,21309.06,246872.9485,572,12553.34,145426.0823,202204
11.64,11.68,11.62,11.64,8399.22,97832.1199,553,4240.85,49410.6289,202204
11.65,11.67,11.64,11.65,5029.06,58615.2352,223,2898.32,33783.501,202204
11.66,11.76,11.66,11.73,20038.96,235003.0576,1202,10166.45,119155.1613,202204
11.73,11.77,11.71,11.76,9704.58,114042.8112,290,6685.55,78574.2899,202204
11.76,11.77,11.72,11.73,9192.39,107991.2732,257,4887.25,57429.2232,202204
11.73,11.75,11.71,11.74,4314.68,50620.2582,105,2727.01,31999.5937,202204
11.73,11.75,11.71,11.74,3501.41,41072.3366,120,1489.63,17477.5243,202204
11.74,11.8,11.74,11.8,6657.56,78426.2434,254,3865.85,45537.1277,202204
11.79,11.83,11.78,11.82,10085.83,119030.4245,414,5144.12,60718.6825,202204
11.81,11.85,11.8,11.84,6344.87,75028.0114,444,3056.86,36171.869,202204
11.83,11.83,11.78,11.81,2026.88,23931.5837,124,812.2,9591.5577,202204
11.81,11.81,11.73,11.74,5791.37,68179.0154,234,2161.56,25436.3574,202204
11.74,11.74,11.66,11.68,16257.45,190250.8969,507,3727.09,43581.9852,202204
11.67,11.7,11.66,11.69,4665.66,54495.718,253,2629.66,30724.3301,202204
11.69,11.73,11.67,11.71,4099.94,47941.7235,330,2916.65,34102.4032,202204
11.7,11.79,11.66,11.77,22830.07,267193.6194,433,13289.4,155639.4894,202204
11.77,11.78,11.73,11.75,2226.46,26162.8136,110,698.6,8206.491,202204
11.76,11.78,11.75,11.77,1559.51,18351.0074,93,323.9,3811.7276,202204
11.77,11.82,11.77,11.81,18933.73,223353.2023,322,6106.18,72093.6999,202204
11.8,11.84,11.8,11.84,6533.65,77241.5622,212,4403.54,52059.2494,202204
11.84,11.88,11.83,11.88,17456.29,206943.8601,499,12433.69,147392.8357,202204
11.87,11.94,11.87,11.93,17380.27,207030.1709,1048,12311.8,146687.5437,202204
11.92,11.94,11.89,11.9,12446.98,148391.3132,953,6549.39,78103.2791,202204
11.9,11.91,11.82,11.85,25738.9,305136.8367,565,9358.9,111006.2802,202204
11.85,11.93,11.85,11.92,16684.25,198355.6373,421,11736.93,139509.5975,202204
11.92,11.93,11.89,11.89,6272.45,74726.0836,156,4193.68,49976.5098,202204
11.89,11.96,11.88,11.94,13068.95,155767.591,450,9456.07,112710.8009,202204
11.94,11.98,11.91,11.97,17032.75,203491.7655,919,10749.15,128456.6212,202204
11.97,12.03,11.97,12.02,20469.75,245672.1639,1213,10149.12,121826.2134,202204
12.02,12.04,11.99,12.0,18431.66,221402.3848,1117,6534.34,78551.9932,202204
12.0,12.01,11.93,11.95,55362.24,662129.3804,1045,22386.64,267858.0473,202204
11.95,11.95,11.9,11.9,6596.89,78592.7704,273,2523.96,30085.3545,202204
11.91,11.98,11.9,11.97,9945.73,118737.0983,342,7839.61,93595.8253,202204
11.97,11.98,11.93,11.94,4173.06,49899.9127,125,1154.92,13825.4877,202204
11.94,11.95,11.92,11.92,5365.66,64046.641,128,3648.13,43557.3207,202204
11.92,11.94,11.89,11.91,13853.84,164998.5981,311,3388.93,40372.5751,202204
11.91,11.92,11.89,11.9,5425.83,64568.181,123,3161.36,37634.5578,202204
11.89,11.92,11.87,11.92,12513.07,148737.35,230,7813.99,92894.1839,202204
11.92,11.97,11.92,11.97,4022.21,48084.9258,143,3644.02,43562.0946,202204
11.98,11.98,11.93,11.95,4083.9,48800.4675,120,1045.58,12501.0934,202204
11.94,11.94,11.9,11.91,6659.25,79364.2023,156,2388.6,28454.7902,202204
11.92,11.92,11.89,11.9,8685.26,103357.9824,155,4422.38,52634.2674,202204
11.89,11.9,11.85,11.86,5544.36,65812.9275,186,2080.42,24681.6136,202204
11.86,11.89,11.85,11.88,2645.6,31426.2854,131,1089.22,12942.153,202204
11.88,11.92,11.88,11.89,4190.87,49886.7292,196,1895.83,22564.3407,202204
11.89,11.91,11.88,11.9,6347.85,75466.0148,136,2242.89,26672.3802,202204
11.9,11.91,11.88,11.89,4982.26,59287.5632,88,2508.83,29859.7244,202204
11.89,11.91,11.86,11.91,6710.14,79757.2607,192,2733.6,32487.2806,202204
11.9,11.9,11.86,11.87,5689.4,67583.9079,95,2845.14,33803.0575,202204
11.87,11.87,11.84,11.86,3087.2,36629.6814,116,805.02,9553.4146,202204
11.85,11.88,11.84,11.88,3835.23,45477.7506,145,2505.03,29708.4442,202204
11.88,11.88,11.84,11.85,2346.58,27813.9038,101,1404.19,16642.3443,202204
11.85,11.95,11.85,11.95,13876.26,165300.4819,415,7313.46,87109.4324,202204
11.94,11.96,11.9,11.93,16701.24,199413.7089,226,10656.48,127280.799,202204
11.94,11.96,11.91,11.93,9008.63,107537.7134,195,6331.2,75580.1841,202204
11.94,11.95,11.92,11.93,6136.64,73253.3116,87,1914.73,22852.3509,202204
11.93,11.95,11.92,11.94,4833.8,57700.6295,105,2363.49,28216.0905,202204
11.95,11.97,11.92,11.95,4502.47,53774.381,129,2168.83,25907.1449,202204
11.96,11.96,11.92,11.92,4521.95,54006.0836,75,1290.54,15430.3172,202204
11.92,11.92,11.91,11.91,5784.38,68906.5108,113,1730.13,20617.8307,202204
11.91,11.96,11.91,11.96,2351.3,28056.8515,77,1850.06,22079.0665,202204
11.96,11.96,11.94,11.94,908.01,10849.4914,43,619.32,7401.1712,202204
11.93,11.97,11.93,11.95,2025.45,24182.5377,74,671.61,8026.6705,202204
11.95,11.97,11.91,11.92,4715.9,56267.4594,91,83.42,997.3712,202204
11.91,11.92,11.87,11.88,3613.02,42943.7235,143,1192.37,14174.526,202204
11.88,11.9,11.85,11.9,8012.48,95083.5771,179,5088.46,60398.947,202204
11.9,11.9,11.83,11.86,5487.94,65060.9425,200,2676.81,31714.2382,202204
11.86,11.87,11.83,11.83,3354.41,39738.3192,94,844.12,9998.3367,202204
11.84,11.87,11.84,11.85,3161.44,37468.3888,86,1678.12,19884.773,202204
11.85,11.91,11.85,11.9,4591.6,54526.9421,170,3297.71,39154.453,202204
11.9,11.91,11.88,11.89,1772.23,21078.5434,91,785.34,9347.148,202204
11.89,11.9,11.88,11.89,1818.73,21621.4276,118,839.8,9986.4329,202204
11.89,11.91,11.88,11.9,4213.83,50113.3976,98,1510.03,17957.296,202204
11.9,11.93,11.9,11.92,3313.76,39490.3911,137,2375.56,28309.2372,202204
11.92,11.93,11.89,11.92,5232.98,62305.8781,133,1643.09,19576.8076,202204
11.92,11.98,11.92,11.96,19524.85,233280.1972,409,10472.59,125140.4026,202204
11.96,11.97,11.94,11.96,5201.23,62188.1476,121,2554.93,30555.976,202204
11.96,11.98,11.94,11.95,3956.96,47323.5321,112,2296.06,27463.116,202204
11.95,11.96,11.93,11.94,2165.2,25857.731,68,341.38,4079.7018,202204
11.94,11.94,11.9,11.91,4027.07,48002.2645,83,816.51,9735.1262,202204
11.9,11.93,11.89,11.89,3113.69,37080.1619,106,2229.86,26563.7442,202204
11.89,11.9,11.85,11.86,16127.57,191598.3097,309,6645.33,78985.3183,202204
11.87,11.89,11.85,11.85,9945.2,118074.4831,137,8599.5,102101.3975,202204
11.85,11.86,11.82,11.82,8761.59,103690.4724,264,2997.47,35479.2952,202204
11.82,11.85,11.76,11.77,12401.59,146427.1319,535,4953.73,58502.8387,202204
11.77,11.79,11.76,11.78,6483.86,76349.8721,245,3900.32,45933.8348,202204
11.78,11.81,11.78,11.79,10330.39,121860.6343,336,4601.63,54297.4053,202204
11.8,11.83,11.76,11.77,7721.35,91098.9454,507,4177.0,49274.7553,202204
11.77,11.79,11.74,11.76,11253.08,132348.3573,215,6851.35,80575.4024,202204
11.75,11.77,11.74,11.77,3438.85,40416.1224,156,1277.06,15011.5625,202204
11.77,11.79,11.77,11.78,1383.98,16301.0661,213,739.06,8706.138,202204
11.78,11.82,11.77,11.82,3849.72,45401.7995,104,1874.12,22113.4126,202204
11.81,11.85,11.81,11.85,4833.67,57166.8881,147,3288.89,38907.8141,202204
11.84,11.9,11.82,11.89,5680.13,67373.9633,225,3119.7,37032.8134,202204
11.89,11.93,11.89,11.91,5488.73,65379.5476,281,2039.35,24295.4034,202204
11.9,11.94,11.86,11.94,8136.7,96902.7675,273,5106.61,60827.1407,202204
11.94,11.97,11.92,11.95,6542.44,78166.4146,554,3008.17,35957.6869,202204
11.94,11.94,11.87,11.9,9949.91,118462.2217,236,3451.8,41079.3494,202204
11.89,11.9,11.87,11.88,2802.98,33306.0996,105,726.0,8629.2511,202204
11.87,11.91,11.87,11.88,3875.83,46108.2528,122,2082.39,24777.5524,202204
11.88,11.88,11.85,11.86,1231.61,14607.3229,54,146.3,1736.0547,202204
11.86,11.86,11.79,11.81,8512.89,100545.0899,289,1514.14,17888.0766,202204
11.8,11.83,11.79,11.82,1932.12,22815.9613,140,703.68,8314.9239,202204
11.82,11.84,11.8,11.81,2955.91,34913.55,83,1609.59,19018.1652,202204
11.81,11.84,11.81,11.81,6025.95,71231.5378,102,3208.43,37937.9455,202204
11.82,11.89,11.81,11.88,8063.58,95537.3985,344,4833.61,57284.5386,202204
11.88,11.88,11.82,11.83,6520.47,77327.0668,119,923.69,10947.49,202204
11.84,11.84,11.76,11.77,18628.56,219915.0546,339,5153.87,60746.8595,202204
11.77,11.79,11.75,11.77,3224.97,37944.4159,136,586.43,6904.6065,202204
11.78,11.82,11.78,11.8,4039.19,47653.8981,108,2983.88,35200.8451,202204
11.8,11.8,11.78,11.79,1681.46,19827.4157,65,1410.8,16636.9047,202204
11.79,11.8,11.75,11.76,5624.16,66181.0263,112,848.85,9991.6419,202204
11.76,11.76,11.69,11.69,32514.33,380874.7876,849,8590.11,100670.2805,202204
11.7,11.73,11.67,11.73,27893.03,326273.7836,1045,11057.2,129367.5161,202204
11.73,11.79,11.72,11.79,7807.58,91756.8075,237,6206.72,72959.4018,202204
11.79,11.8,11.75,11.8,5355.25,63139.9679,124,2426.41,28604.7938,202204
11.81,11.84,11.8,11.84,6238.84,73749.2239,181,3704.87,43784.5481,202204
11.84,11.85,11.82,11.84,5161.74,61084.8613,101,3933.33,46550.7709,202204
11.84,11.85,11.81,11.84,3283.27,38877.4325,107,2605.13,30855.5248,202204
11.85,11.88,11.84,11.87,3609.88,42815.1321,144,2274.2,26978.6479,202204
11.87,11.88,11.85,11.88,3603.74,42765.8384,469,1881.02,22330.0092,202204
11.87,11.89,11.83,11.84,4406.74,52243.1555,121,838.36,9939.7665,202204
11.84,11.85,11.81,11.82,4066.59,48076.7334,75,716.82,8481.2084,202204
11.82,11.84,11.78,11.78,5235.81,61855.5499,186,1905.52,22516.5779,202204
11.78,11.83,11.77,11.83,5455.98,64350.8218,153,3285.77,38752.942,202204
11.82,11.87,11.81,11.87,5890.88,69776.9149,167,3653.68,43283.1792,202204
11.87,11.94,11.87,11.93,36125.59,430105.7097,670,29524.54,351596.3443,202204
11.92,11.95,11.88,11.89,12122.35,144470.5375,387,5853.07,69799.8468,202204
11.88,11.89,11.85,11.87,2281.61,27090.6672,135,1347.36,16002.0539,202204
11.86,11.92,11.86,11.88,8205.32,97531.5486,181,2832.82,33703.5179,202204
11.88,11.9,11.86,11.88,4460.05,52968.6463,109,2604.88,30941.7139,202204
11.88,11.93,11.87,11.93,18074.85,215158.8003,234,17064.62,203152.0169,202204
11.92,11.93,11.9,11.92,4886.79,58213.7522,82,737.48,8784.2245,202204
11.91,11.92,11.88,11.89,2995.8,35626.2342,82,1314.81,15631.5183,202204
11.9,11.9,11.86,11.88,6113.43,72594.1457,109,2608.35,30968.9509,202204
11.88,11.91,11.88,11.9,9920.2,117973.0831,149,5692.29,67703.7287,202204
11.9,11.9,11.84,11.84,3413.12,40486.9619,112,1796.24,21303.9348,202204
11.83,11.84,11.79,11.8,8506.18,100495.1898,243,3174.94,37520.2512,202204
11.8,11.86,11.79,11.86,4816.66,56959.0372,147,3184.16,37663.466,202204
11.86,11.92,11.84,11.9,12625.75,150089.6427,300,4394.92,52259.1861,202204
11.9,11.91,11.89,11.9,5449.23,64857.6533,127,2812.13,33477.2471,202204
11.91,11.92,11.87,11.9,8774.06,104458.4253,140,5330.5,63481.258,202204
11.9,11.94,11.85,11.86,9354.59,111267.5577,226,5791.71,68893.8924,202204
11.86,11.87,11.83,11.85,4680.16,55470.7743,130,2959.98,35087.7478,202204
11.85,11.87,11.84,11.87,2008.59,23815.2602,63,1181.86,14014.4956,202204
11.87,11.87,11.79,11.79,22763.31,269159.3347,401,4205.66,49737.7193,202204
11.79,11.81,11.78,11.78,8985.25,105944.4852,185,4112.49,48502.3552,202204
11.79,11.8,11.75,11.76,5788.64,68174.5052,169,3314.78,39046.007,202204
11.76,11.82,11.76,11.79,5292.22,62408.7241,205,1835.96,21642.0633,202204
11.79,11.82,11.79,11.81,6369.08,75220.5625,78,3931.25,46431.4465,202204
11.8,11.8,11.77,11.79,3451.56,40690.8118,78,1307.46,15405.4475,202204
11.79,11.82,11.79,11.81,3323.47,39212.9247,72,2559.13,30192.7606,202204
11.8,11.8,11.76,11.79,3353.04,39517.1826,107,1360.8,16030.2925,202204
11.79,11.79,11.74,11.75,4651.57,54689.1126,202,1496.78,17602.1094,202204
11.74,11.77,11.73,11.77,7499.97,88080.1732,284,2460.54,28901.0325,202204
11.77,11.8,11.77,11.8,2073.2,24422.5375,114,1809.78,21320.9414,202204
11.8,11.84,11.8,11.82,6737.72,79676.2962,211,5318.4,62891.5855,202204
11.82,11.86,11.81,11.84,3672.93,43495.1703,109,1281.72,15174.1519,202204
11.83,11.89,11.83,11.88,7568.74,89767.9153,214,3399.05,40326.9216,202204
11.89,11.95,11.87,11.93,11542.03,137566.9348,663,5601.96,66759.0906,202204
11.92,11.93,11.88,11.88,10236.43,121903.0158,257,4468.95,53207.1517,202204
11.88,11.89,11.85,11.86,4117.37,48849.5771,195,1256.76,14915.7922,202204
11.87,11.91,11.84,11.87,3176.51,37719.7929,156,1519.21,18046.3799,202204
11.88,11.9,11.85,11.85,3546.53,42127.7567,175,1645.51,19561.5555,202204
11.84,11.88,11.83,11.83,6334.12,75104.7895,176,2537.64,30088.2928,202204
11.83,11.83,11.79,11.8,10062.91,118773.7788,243,5451.69,64338.399,202204
11.79,11.8,11.77,11.78,6405.03,75457.0781,183,2291.78,27011.4292,202204
11.78,11.82,11.78,11.79,5095.76,60133.4612,103,2334.47,27560.7621,202204
11.79,11.82,11.79,11.81,6314.66,74539.5628,157,3069.4,36242.3591,202204
11.81,11.83,11.8,11.8,5607.51,66248.9431,119,3291.28,38884.3301,202204
11.81,11.82,11.78,11.8,6500.25,76707.6089,160,2842.74,33566.5611,202204
11.81,11.83,11.77,11.77,9043.01,106696.6942,160,2938.97,34735.872,202204
11.78,11.84,11.78,11.83,3079.29,36344.2266,122,1995.23,23533.8258,202204
11.84,11.86,11.83,11.86,4152.36,49202.075,191,1534.6,18186.3937,202204
11.85,11.85,11.82,11.83,4219.74,49928.3937,110,1626.68,19255.0209,202204
11.84,11.84,11.71,11.71,17249.09,202606.0972,469,8422.02,98881.3496,202204
11.71,11.77,11.71,11.77,7251.57,85182.1023,600,4267.46,50124.3103,202204
11.76,11.77,11.73,11.75,17615.78,206885.9398,262,6050.83,71071.4731,202204
11.74,11.77,11.74,11.77,5926.6,69667.4044,157,2979.87,35031.7492,202204
11.77,11.79,11.75,11.78,2615.05,30772.7857,71,661.49,7785.5255,202204
11.77,11.77,11.75,11.77,3621.76,42613.0995,114,1952.73,22977.7761,202204
11.76,11.78,11.75,11.76,3695.18,43483.6034,104,2615.2,30777.2441,202204
11.76,11.78,11.74,11.75,3311.47,38943.9518,64,2027.49,23843.5724,202204
11.76,11.78,11.76,11.78,2667.65,31405.5098,94,1194.35,14064.4205,202204
11.79,11.79,11.76,11.77,3440.4,40496.2662,92,535.16,6301.2951,202204
11.76,11.78,11.75,11.78,3803.81,44759.7069,71,2917.68,34340.7592,202204
11.77,11.78,11.72,11.72,3027.74,35571.4447,106,945.9,11103.4958,202204
11.72,11.72,11.65,11.66,11797.56,137855.6061,467,6780.78,79224.8412,202204
11.66,11.7,11.64,11.64,11389.34,132840.7074,417,6219.4,72600.4782,202204
11.65,11.68,11.64,11.67,16269.68,189735.5673,255,12931.51,150834.1093,202204
11.67,11.69,11.66,11.66,17856.39,208302.0333,149,1369.91,15992.3203,202204
11.67,11.7,11.66,11.7,14115.01,164751.6024,456,3957.68,46219.2023,202204
11.7,11.7,11.65,11.67,8205.3,95677.5453,120,6423.73,74906.1404,202204
11.67,11.67,11.64,11.67,13192.27,153820.3982,156,2142.87,24988.9825,202204
11.66,11.67,11.64,11.67,5487.53,63962.1748,113,1899.54,22156.6466,202204
11.67,11.68,11.65,11.66,4036.77,47088.6972,143,1003.45,11711.8933,202204
11.66,11.68,11.66,11.67,4227.23,49329.004,133,1805.97,21081.6922,202204
11.67,11.68,11.65,11.65,7181.33,83758.7709,126,828.65,9668.271,202204
11.66,11.67,11.63,11.64,3052.6,35550.1246,192,785.54,9149.7393,202204
11.65,11.65,11.62,11.63,8119.25,94433.3563,179,1932.97,22483.9654,202204
11.64,11.64,11.61,11.62,2090.13,24292.1775,117,744.07,8647.9153,202204
11.63,11.63,11.61,11.63,4750.62,55201.1109,98,3476.66,40400.3301,202204
11.63,11.64,11.61,11.63,2947.84,34254.1088,145,1267.05,14731.7053,202204
11.63,11.63,11.59,11.6,6331.97,73472.039,360,2761.4,32047.5968,202204
11.6,11.63,11.59,11.62,5127.57,59537.1273,316,4723.81,54851.7868,202204
11.62,11.73,11.61,11.73,21718.7,253317.8687,670,17222.91,200950.9447,202204
11.73,11.73,11.68,11.69,8876.4,103932.483,224,3292.15,38545.1507,202204
11.68,11.71,11.66,11.69,6744.56,78787.7153,211,3725.46,43515.9998,202204
11.7,11.76,11.7,11.73,4255.38,49913.0523,150,2226.92,26124.4853,202204
11.72,11.74,11.71,11.72,1416.47,16610.2795,50,243.32,2852.1025,202204
11.72,11.73,11.68,11.69,4207.44,49202.1893,113,692.02,8086.8626,202204
11.7,11.7,11.65,11.67,3096.08,36133.7529,130,1159.88,13539.0622,202204
11.67,11.67,11.65,11.66,3246.72,37870.4294,89,1510.81,17627.6013,202204
11.65,11.67,11.65,11.66,6669.96,77785.8107,87,6149.09,71711.2218,202204
11.66,11.71,11.66,11.69,21087.49,246313.1409,328,15398.32,179839.3953,202204
11.68,11.7,11.67,11.7,5385.64,62909.2776,65,3828.28,44715.9323,202204
11.7,11.74,11.7,11.71,7356.84,86130.36,144,1924.33,22535.7164,202204
11.72,11.74,11.72,11.73,1523.46,17867.6426,62,1144.31,13422.6995,202204
11.74,11.74,11.7,11.71,1333.05,15613.2569,51,589.89,6909.2397,202204
11.71,11.72,11.68,11.69,8197.3,95828.0398,159,3062.76,35809.6324,202204
11.69,11.7,11.68,11.69,2658.76,31079.2183,54,820.68,9593.8629,202204
11.69,11.71,11.69,11.71,1943.73,22744.2667,71,1906.39,22307.3887,202204
11.71,11.73,11.7,11.72,886.89,10389.928,44,738.36,8650.5898,202204
11.72,11.73,11.71,11.72,2135.29,25024.1794,50,244.93,2870.8317,202204
11.72,11.75,11.72,11.75,4308.32,50589.4157,96,3106.53,36478.2157,202204
11.74,11.76,11.74,11.75,2590.41,30437.5418,41,536.63,6305.8447,202204
11.76,11.76,11.75,11.75,1567.21,18418.0139,42,334.89,3938.2539,202204
11.75,11.77,11.73,11.74,12348.13,145017.008,152,2256.85,26514.6021,202204
11.74,11.75,11.71,11.72,2795.55,32793.8351,62,1830.35,21470.6972,202204
11.73,11.73,11.71,11.71,1028.31,12051.6027,27,115.53,1354.2434,202204
11.72,11.73,11.71,11.71,1747.3,20473.5449,56,1520.46,17815.9725,202204
11.71,11.73,11.7,11.73,4674.81,54781.432,87,3378.84,39597.3033,202204
11.73,11.77,11.72,11.77,1527.34,17924.3775,64,1119.13,13135.3926,202204
11.77,11.82,11.76,11.81,9989.62,117812.6456,414,7890.6,93057.4156,202204
11.8,11.83,11.8,11.83,2688.86,31772.1446,108,1553.07,18360.9322,202204
11.82,11.82,11.79,11.8,3092.58,36531.0855,295,1192.87,14094.6352,202204
11.8,11.81,11.78,11.78,8354.78,98544.3015,137,1208.0,14255.6282,202204
11.78,11.8,11.77,11.78,1328.16,15650.6643,51,415.66,4902.4838,202204
11.78,11.81,11.77,11.81,2010.92,23710.0443,58,1804.66,21281.8484,202204
11.81,11.81,11.79,11.8,589.78,6958.9756,38,275.05,3245.7432,202204
11.8,11.82,11.8,11.82,430.97,5088.9651,34,311.96,3684.3865,202204
11.82,11.83,11.81,11.83,362.79,4288.2346,47,348.63,4120.978,202204
11.82,11.84,11.81,11.84,3031.43,35850.5336,131,1518.45,17967.6646,202204
11.85,11.89,11.81,11.85,20713.44,245697.1026,664,11677.23,138552.6291,202204
11.86,11.88,11.84,11.87,11798.35,139865.5471,259,5335.31,63274.4882,202204
11.87,11.89,11.85,11.87,1965.98,23335.6937,97,1180.62,14015.5732,202204
11.87,11.92,11.86,11.91,10379.41,123518.7821,514,7974.03,94908.7412,202204
11.91,11.95,11.88,11.94,11433.33,136262.4521,866,6062.36,72292.8381,202204
11.94,11.96,11.92,11.93,9511.21,113571.7291,582,5661.0,67638.512,202204
11.93,11.95,11.91,11.93,6028.68,71941.8894,200,2730.39,32595.313,202204
11.93,11.97,11.93,11.97,23232.55,277402.4313,440,7668.42,91596.8953,202204
11.97,12.01,11.96,11.98,19276.84,231162.2422,1220,10454.3,125395.4828,202204
11.98,12.0,11.89,11.91,16951.41,202634.5716,579,3789.11,45287.6548,202204
11.91,11.93,11.9,11.92,4851.22,57805.5658,172,3113.8,37103.4897,202204
11.91,11.92,11.86,11.87,12733.84,151288.2045,365,5210.1,61898.7921,202204
11.88,11.9,11.8,11.83,26224.31,310300.511,735,14384.95,170157.7244,202204
11.83,11.85,11.8,11.85,5326.05,62904.8851,376,1510.82,17854.6245,202204
11.86,11.93,11.86,11.92,10553.02,125612.6146,444,6747.85,80303.9202,202204
11.91,11.91,11.86,11.86,7416.18,88116.9657,178,2373.3,28204.0659,202204
11.87,11.87,11.82,11.85,3640.3,43144.6578,125,1900.03,22520.6063,202204
11.86,11.9,11.86,11.89,1674.44,19882.4122,65,1170.08,13887.6573,202204
11.89,11.92,11.86,11.86,7284.12,86524.2268,145,1145.84,13623.0925,202204
11.86,11.87,11.81,11.85,3331.33,39445.2693,130,1258.27,14903.3483,202204
11.85,11.85,11.81,11.81,1654.29,19567.9385,66,1075.26,12722.5517,202204
11.81,11.84,11.8,11.82,4788.75,56567.2261,131,1772.02,20930.5335,202204
11.82,11.87,11.82,11.86,2897.55,34336.4801,83,1275.27,15120.7903,202204
11.86,11.88,11.86,11.87,1547.81,18372.8806,85,843.78,10016.7151,202204
11.87,11.88,11.79,11.84,15772.08,186453.3707,322,8863.17,104753.4062,202204
11.83,11.86,11.82,11.85,6423.98,76047.9345,266,3457.7,40942.5231,202204
11.85,11.86,11.78,11.8,9751.45,115147.4993,205,3953.5,46668.5132,202204
11.8,11.82,11.76,11.79,5914.88,69687.1695,253,2533.03,29840.3414,202204
11.78,11.78,11.75,11.77,5133.67,60430.664,209,2005.82,23613.6843,202204
11.76,11.76,11.63,11.71,29555.68,345711.0234,2078,15491.64,181235.0686,202204
11.72,11.77,11.69,11.77,7444.88,87304.8567,280,4951.53,58075.0058,202204
11.76,11.78,11.73,11.78,6769.09,79590.28,246,2945.05,34642.71,202204
11.78,11.79,11.73,11.75,8057.41,94697.8326,196,2986.3,35136.5623,202204
11.75,11.78,11.7,11.7,5297.78,62193.7374,188,3367.05,39538.7301,202204
11.71,11.73,11.67,11.72,8573.98,100310.6946,240,3437.43,40227.6024,202204
11.72,11.73,11.64,11.66,10601.6,123704.4511,234,5726.94,66796.1651,202204
11.67,11.67,11.63,11.65,9502.1,110754.4274,307,5530.15,64476.7819,202204
11.65,11.68,11.62,11.68,19797.15,230833.9687,491,11214.09,130804.043,202204
11.67,11.7,11.66,11.7,11060.7,129307.1501,326,7556.34,88342.9489,202204
11.7,11.73,11.68,11.68,4204.3,49225.053,165,797.97,9346.8554,202204
11.7,11.7,11.64,11.66,5883.35,68594.252,184,1387.18,16180.0301,202204
11.66,11.68,11.64,11.67,3267.25,38101.4067,118,889.26,10369.5358,202204
11.68,11.73,11.66,11.73,5308.17,62025.0699,149,3198.89,37383.1162,202204
11.73,11.73,11.71,11.72,4144.73,48588.9943,111,361.71,4239.8927,202204
11.72,11.72,11.64,11.67,6602.4,76977.1735,179,3783.03,44092.0951,202204
11.67,11.72,11.67,11.72,3282.91,38368.3727,117,2004.83,23443.6251,202204
11.73,11.76,11.72,11.75,2774.17,32591.4763,131,1053.7,12377.5619,202204
11.74,11.75,11.69,11.69,35590.72,417257.4184,443,10034.7,117558.6901,202204
11.7,11.71,11.66,11.67,10721.29,125374.3981,221,8187.78,95754.0197,202204
11.67,11.69,11.63,11.64,7403.22,86322.151,197,4386.43,51142.0344,202204
11.63,11.68,11.62,11.68,4107.38,47884.0387,169,1846.28,21534.4177,202204
11.67,11.71,11.66,11.71,2185.38,25544.0138,109,1659.62,19401.2144,202204
11.71,11.76,11.71,11.74,5650.01,66320.9704,169,2704.91,31744.5587,202204
11.74,11.76,11.71,11.72,4688.7,55003.4217,123,1473.4,17280.7411,202204
11.72,11.73,11.71,11.72,1614.92,18914.6836,56,1308.72,15326.8931,202204
11.73,11.73,11.71,11.73,2969.6,34801.2712,51,651.98,7645.0575,202204
11.74,11.76,11.74,11.74,4254.33,49976.252,97,3365.57,39531.4961,202204
11.74,11.78,11.73,11.78,2785.56,32751.1474,126,1453.67,17096.3235,202204
11.77,11.8,11.77,11.79,2679.6,31566.3781,69,2486.35,29291.3905,202204
11.79,11.8,11.78,11.8,4989.26,58832.3174,108,380.57,4489.1252,202204
11.8,11.81,11.77,11.81,4098.51,48321.8972,104,2192.08,25856.5697,202204
11.81,11.82,11.8,11.82,4147.47,48969.3295,78,3137.63,37050.6639,202204
11.81,11.84,11.81,11.83,5886.18,69604.3063,198,3374.64,39909.8996,202204
11.83,11.84,11.8,11.83,8366.11,98896.9371,280,3387.37,40048.0599,202204
11.83,11.84,11.81,11.82,1420.75,16794.4306,28,272.99,3228.6499,202204
11.83,11.85,11.82,11.83,2637.81,31204.8119,195,870.19,10302.5101,202204
11.84,11.85,11.82,11.84,4738.23,56082.9786,91,3308.38,39168.4165,202204
11.84,11.84,11.8,11.8,4574.19,54071.5833,84,431.39,5101.0747,202204
11.8,11.81,11.76,11.77,7845.24,92402.072,188,3944.17,46434.2901,202204
11.77,11.77,11.74,11.75,6542.86,76908.6531,181,2764.31,32495.4836,202204
11.75,11.76,11.73,11.73,2666.07,31293.8797,74,863.87,10140.4958,202204
11.73,11.73,11.69,11.69,6965.31,81510.8569,191,3789.37,44341.5313,202204
11.68,11.7,11.63,11.64,16445.94,191721.305,384,5441.96,63477.5577,202204
11.64,11.68,11.63,11.65,16485.66,192083.408,379,8900.91,103724.3926,202204
11.66,11.7,11.64,11.7,9606.82,112059.1397,273,4315.84,50365.7365,202204
11.7,11.71,11.67,11.71,5277.83,61758.9948,112,4901.8,57360.4268,202204
11.72,11.75,11.7,11.74,5039.42,59070.0645,127,1454.83,17067.0615,202204
11.74,11.75,11.71,11.75,6249.91,73314.9783,119,4201.07,49285.6538,202204
11.75,11.77,11.73,11.76,8832.76,103790.8061,106,6982.16,82043.9165,202204
11.77,11.77,11.74,11.76,3753.77,44100.9081,98,1803.66,21195.9179,202204
11.77,11.78,11.75,11.78,3355.24,39476.122,111,1794.0,21106.522,202204
11.78,11.8,11.76,11.78,13360.7,157531.7144,235,10412.23,122781.4216,202204
11.78,11.78,11.75,11.76,995.91,11716.9239,72,420.28,4945.4514,202204
11.76,11.76,11.69,11.7,9701.22,113723.4028,232,3051.36,35758.0079,202204
11.7,11.71,11.69,11.7,2998.96,35077.5288,79,2508.5,29340.3814,202204
11.69,11.71,11.69,11.69,1978.69,23150.194,60,241.63,2828.1871,202204
11.7,11.77,11.69,11.77,3427.96,40279.3048,103,3083.86,36245.5417,202204
11.76,11.78,11.75,11.77,3848.58,45302.2067,124,1595.09,18777.1536,202204
11.78,11.79,11.77,11.79,11420.12,134534.0369,158,6396.85,75369.8463,202204
11.79,11.8,11.77,11.79,5043.6,59442.6887,100,3295.57,38849.8574,202204
11.78,11.81,11.78,11.79,2872.78,33878.1221,105,1594.48,18807.2779,202204
11.79,11.81,11.78,11.79,7812.94,92147.7386,149,4628.1,54592.5395,202204
11.8,11.8,11.79,11.8,1409.74,16633.1081,65,264.94,3126.292,202204
11.8,11.8,11.79,11.8,1194.63,14094.7749,42,538.13,6349.934,202204
11.8,11.82,11.8,11.81,3304.62,39039.2411,80,1827.65,21598.5042,202204
11.82,11.83,11.8,11.83,3423.43,40461.0419,108,2212.45,26148.7643,202204
11.83,11.85,11.82,11.84,3950.82,46779.8567,221,2355.35,27895.0303,202204
11.84,11.85,11.83,11.84,2342.3,27728.3001,105,1686.94,19974.1603,202204
11.84,11.84,11.79,11.79,11951.71,141150.6957,274,1604.2,18929.7942,202204
11.79,11.82,11.78,11.81,3960.28,46735.7981,116,2306.48,27213.9177,202204
11.81,11.82,11.79,11.82,1611.78,19027.4584,91,681.54,8046.4085,202204
11.82,11.85,11.81,11.83,8295.23,98250.2841,176,6255.06,74085.1918,202204
11.84,11.86,11.83,11.85,4001.68,47405.4642,178,2122.66,25152.9998,202204
11.86,11.87,11.84,11.86,2152.0,25505.872,152,1221.77,14482.713,202204
11.86,11.88,11.85,11.86,2878.1,34137.5941,190,2093.84,24838.5604,202204
11.87,11.89,11.84,11.85,7979.26,94705.1917,529,2593.04,30790.5545,202204
11.85,11.88,11.85,11.88,3304.26,39198.4589,126,2213.97,26264.9664,202204
11.87,11.9,11.87,11.88,5607.22,66637.0965,225,1805.44,21460.0124,202204
11.88,11.92,11.88,11.92,8751.77,104098.4304,358,4461.53,53083.6023,202204
11.91,11.92,11.84,11.87,9549.11,113371.8223,318,4034.79,47850.6092,202204
11.87,11.87,11.85,11.85,4814.05,57065.1523,135,2505.3,29701.819,202204
11.86,11.88,11.85,11.86,4154.45,49282.1615,120,2149.97,25504.1982,202204
11.86,11.91,11.86,11.9,5580.89,66359.2337,136,2578.26,30662.7948,202204
11.9,11.94,11.9,11.93,9323.56,111143.246,294,4713.22,56188.9942,202204
11.92,11.95,11.89,11.89,16694.92,198884.5992,334,4753.46,56643.9903,202204
11.89,11.93,11.89,11.93,5011.08,59713.7114,156,3304.73,39392.882,202204
11.93,11.98,11.93,11.98,9760.67,116698.6563,470,6413.43,76689.2205,202204
11.98,11.98,11.94,11.95,5328.46,63745.9116,448,3968.3,47482.8165,202204
11.96,11.96,11.91,11.92,3461.48,41305.0966,140,1563.01,18650.1892,202204
11.92,11.93,11.89,11.9,10832.09,128920.616,237,3631.96,43238.822,202204
11.9,11.93,11.86,11.88,8870.23,105376.1336,269,2268.82,26986.1667,202204
11.89,11.91,11.88,11.89,3080.74,36632.8039,94,1226.32,14584.3913,202204
11.89,11.9,11.88,11.88,3136.61,37305.9404,91,1220.71,14520.1319,202204
11.88,11.91,11.87,11.88,2847.94,33856.4525,125,1580.17,18788.4803,202204
11.88,11.92,11.86,11.88,3102.24,36890.5635,101,1628.59,19366.6351,202204
11.88,11.91,11.88,11.9,2208.54,26273.9436,85,837.8,9963.1132,202204
11.91,11.96,11.89,11.94,6098.96,72749.1705,159,4999.82,59632.4317,202204
11.94,11.97,11.92,11.94,6937.48,82849.1843,167,3715.51,44362.9898,202204
11.94,11.95,11.87,11.89,10714.51,127791.5032,275,5796.81,69163.7967,202204
11.88,11.91,11.84,11.86,16119.99,191189.5128,381,3531.79,41967.8363,202204
11.86,11.91,11.85,11.89,17930.54,213077.5076,451,12141.07,144333.8105,202204
11.89,11.98,11.89,11.97,6360.41,75914.0467,210,4389.58,52383.9545,202204
11.96,11.99,11.93,11.93,12555.25,150128.9665,467,5079.6,60753.6066,202204
11.93,11.94,11.88,11.89,16799.3,200056.3566,363,9117.32,108590.176,202204
11.89,11.96,11.89,11.96,4355.99,51932.517,157,3363.37,40100.7917,202204
11.97,11.98,11.89,11.92,17927.27,213776.7213,403,6151.79,73365.2792,202204
11.93,11.97,11.9,11.95,3140.22,37452.9046,112,1118.71,13345.7346,202204
11.95,11.98,11.94,11.97,3534.12,42294.9853,90,2488.28,29780.0062,202204
11.98,11.98,11.94,11.97,7457.11,89216.4512,153,6000.59,71789.6996,202204
11.96,11.99,11.96,11.99,5571.57,66780.3243,121,4927.82,59071.7945,202204
11.99,12.17,11.98,12.02,79071.28,954955.8158,6791,40728.45,491681.7619,202204
12.02,12.03,11.94,11.94,15469.04,185327.2915,654,6817.69,81698.289,202204
11.94,11.97,11.85,11.9,24591.44,292966.3264,1941,11794.5,140477.0644,202204
11.9,11.91,11.85,11.91,14158.33,168186.9104,457,8942.05,106235.1645,202204
11.9,11.93,11.81,11.85,30104.0,356941.5971,870,8369.23,99204.1571,202204
11.85,11.86,11.75,11.76,40362.91,475943.42,1406,15702.6,185279.1301,202204
11.76,11.81,11.75,11.79,24903.76,293313.082,971,8008.86,94388.3867,202204
11.79,11.86,11.79,11.85,16753.81,198100.7789,326,7174.04,84893.4648,202204
11.86,11.89,11.85,11.88,4573.64,54313.2772,158,2915.39,34629.0087,202204
11.89,11.89,11.82,11.86,21588.4,256016.9104,282,13636.36,161783.4331,202204
11.87,11.87,11.83,11.84,16852.84,199661.3064,237,11944.21,141525.7207,202204
11.84,11.85,11.78,11.79,8321.18,98292.9778,169,2551.26,30152.8944,202204
11.8,11.82,11.75,11.79,14040.0,165503.9026,342,6666.4,78548.6697,202204
11.79,11.86,11.79,11.85,18806.42,222532.3399,300,5595.6,66204.4568,202204
11.85,11.85,11.82,11.85,5474.99,64811.7839,170,2796.5,33101.0206,202204
11.85,11.87,11.83,11.85,4449.18,52709.1569,169,1804.98,21383.7154,202204
11.85,11.86,11.79,11.86,7496.2,88610.1704,201,3236.55,38287.7721,202204
11.86,11.93,11.86,11.92,5177.61,61630.103,304,2867.67,34141.0468,202204
11.92,11.96,11.91,11.96,14843.93,177175.0191,363,7731.03,92314.1247,202204
11.96,12.0,11.94,11.96,11743.16,140681.4386,770,6878.36,82418.2319,202204
11.96,11.96,11.91,11.94,12368.82,147593.4578,231,6226.78,74312.2175,202204
11.93,12.0,11.93,12.0,3684.36,44043.3465,138,2543.83,30417.0243,202204
11.99,12.02,11.98,12.01,10876.73,130602.5501,272,5980.84,71839.5148,202204
12.0,12.02,11.96,11.98,9213.67,110495.3423,176,4783.87,57384.5252,202204
11.98,11.98,11.92,11.95,16822.62,201068.8568,264,5463.71,65310.4716,202204
11.94,12.02,11.94,12.01,2728.38,32666.2061,135,1890.79,22642.2324,202204
12.0,12.07,12.0,12.07,12235.71,147346.4901,613,7433.37,89515.0557,202204
12.07,12.15,12.06,12.09,29352.71,355496.6094,2136,17450.11,211351.0048,202204
12.09,12.1,12.03,12.04,18714.5,225905.0347,572,7848.01,94780.2293,202204
12.03,12.08,12.02,12.08,9846.64,118650.9612,382,7069.19,85173.7469,202204
12.07,12.12,12.07,12.1,12456.15,150690.3347,264,9201.49,111348.7693,202204
12.11,12.12,12.05,12.05,14652.03,177308.475,269,8447.93,102267.6657,202204
12.06,12.07,12.02,12.06,6438.38,77557.9276,257,3634.13,43774.8428,202204
12.06,12.09,12.03,12.05,12525.6,151131.3529,249,5068.94,61141.2798,202204
12.05,12.05,11.96,11.97,10973.15,131575.7523,506,4188.16,50215.7238,202204
11.96,11.97,11.91,11.91,18083.5,215902.5184,519,10459.93,124891.8742,202204
11.92,11.96,11.91,11.91,9736.14,116174.1394,533,5060.16,60398.7659,202204
11.92,11.92,11.81,11.84,18040.21,213878.6084,857,7803.22,92533.0072,202204
11.84,11.9,11.83,11.84,12103.78,143493.9796,987,3963.94,47016.1267,202204
11.84,11.93,11.84,11.93,5839.01,69447.4502,238,2985.77,35535.2339,202204
11.93,11.97,11.92,11.92,10458.03,124881.7447,266,6529.33,77962.8315,202204
11.91,11.97,11.88,11.96,5032.96,59942.349,206,2932.47,34933.2999,202204
11.97,11.98,11.94,11.95,6748.73,80742.0752,192,3043.47,36417.909,202204
11.95,11.96,11.89,11.93,8260.06,98543.5698,153,3636.68,43363.2387,202204
11.93,11.96,11.9,11.95,5838.89,69586.1533,132,1163.72,13881.0774,202204
11.96,11.96,11.9,11.9,4408.48,52638.3118,128,2704.12,32301.4985,202204
11.9,11.93,11.79,11.81,59261.94,700044.5343,830,37087.29,437822.7352,202204
11.8,11.91,11.8,11.88,25444.82,302033.1989,518,10790.08,128056.1815,202204
11.88,11.94,11.88,11.92,6192.21,73757.7763,274,2244.21,26740.9861,202204
11.92,11.93,11.83,11.88,12052.98,143010.0042,392,4675.96,55486.04,202204
11.88,11.9,11.84,11.85,8312.36,98720.1926,237,3492.84,41480.3131,202204
11.86,11.88,11.84,11.85,7117.18,84458.2223,186,4382.87,52015.2621,202204
11.85,11.89,11.82,11.89,14183.08,168166.5323,350,9190.53,109001.5371,202204
11.89,11.93,11.88,11.92,4432.5,52738.5871,205,1754.17,20881.5874,202204
11.92,11.95,11.87,11.89,12875.14,153478.9427,359,4092.71,48808.673,202204
11.88,11.88,11.83,11.85,11283.82,133804.9636,316,4439.43,52637.7031,202204
11.85,11.86,11.81,11.81,7666.61,90706.0771,302,1998.67,23656.1818,202204
11.82,11.84,11.78,11.8,5221.99,61621.0214,279,2812.99,33199.0796,202204
11.81,11.82,11.76,11.76,6555.24,77273.4531,330,4103.21,48359.2643,202204
11.77,11.81,11.75,11.77,4394.15,51755.0992,530,2291.89,27008.0125,202204
11.77,11.78,11.71,11.72,7346.18,86354.4666,465,3756.05,44167.7268,202204
11.72,11.76,11.69,11.69,10170.13,119181.4805,724,3497.49,41016.5788,202204
11.69,11.75,11.68,11.7,8018.76,93977.9419,649,4105.15,48132.3393,202204
11.7,11.71,11.65,11.68,14318.71,167255.075,581,7297.83,85233.7143,202204
11.67,11.7,11.53,11.56,49928.79,578267.3466,2007,18192.3,210611.8368,202204
11.56,11.59,11.43,11.48,99571.14,1144917.9097,2979,61037.67,702014.5381,202204
11.48,11.51,11.37,11.48,59147.87,675663.5315,2006,22711.81,259641.027,202204
11.48,11.5,11.41,11.44,16470.59,188620.7046,560,6342.37,72645.8217,202204
11.44,11.47,11.41,11.41,18560.11,212301.356,461,9478.74,108481.6758,202204
11.41,11.44,11.38,11.42,14029.82,160025.3134,422,6046.44,68980.0548,202204
11.42,11.45,11.4,11.44,37035.6,423376.2028,554,23137.03,264498.931,202204
11.44,11.47,11.39,11.43,8461.52,96683.0574,446,3657.01,41806.4709,202204
11.44,11.45,11.34,11.35,69837.84,793909.9215,1053,33814.63,384140.0372,202204
11.36,11.38,11.32,11.35,18097.69,205478.6548,589,9898.97,112428.4151,202204
11.36,11.41,11.34,11.36,40714.2,463083.1156,530,17567.18,200072.3795,202204
11.36,11.36,11.21,11.24,41282.31,465136.0302,1456,16430.2,185093.6528,202204
11.24,11.32,11.19,11.28,46193.33,519906.781,1762,23487.05,264344.3811,202204
11.28,11.36,11.25,11.35,10461.68,118304.7742,367,6452.9,72980.696,202204
11.34,11.4,11.32,11.4,8776.92,99748.098,380,5841.57,66398.9397,202204
11.39,11.42,11.36,11.39,11460.87,130571.9966,737,5368.86,61173.8198,202204
11.4,11.4,11.34,11.35,8319.9,94522.5613,212,2235.43,25424.0712,202204
11.36,11.38,11.33,11.35,6229.8,70800.9484,146,5301.74,60267.1444,202204
11.36,11.4,11.35,11.36,8437.69,95978.1617,209,5328.92,60585.7342,202204
11.36,11.36,11.31,11.34,7192.73,81540.6446,263,3027.17,34322.0689,202204
11.35,11.36,11.28,11.3,6594.08,74570.4332,336,4129.06,46692.0633,202204
11.3,11.39,11.29,11.38,7767.85,88106.7875,508,6209.24,70420.1285,202204
11.38,11.39,11.35,11.38,4958.68,56414.9537,206,2376.57,27046.1168,202204
11.37,11.4,11.36,11.37,6947.03,79013.31,190,3213.94,36561.0237,202204
11.36,11.39,11.33,11.33,19682.44,223793.3808,284,9356.24,106385.8565,202204
11.34,11.35,11.31,11.33,11242.22,127283.0794,251,4642.33,52563.0206,202204
11.33,11.34,11.3,11.34,4639.68,52573.8033,100,3449.26,39094.7358,202204
11.34,11.38,11.32,11.36,2798.51,31774.6533,122,1769.0,20089.1361,202204
11.37,11.37,11.36,11.37,1725.58,19611.9774,78,733.09,8332.4633,202204
11.37,11.37,11.32,11.35,3828.02,43400.7463,102,1992.64,22589.1601,202204
11.35,11.35,11.3,11.31,7094.4,80234.3737,138,2168.59,24533.4072,202204
11.3,11.31,11.24,11.25,10174.44,114761.2424,305,3665.76,41322.3285,202204
11.26,11.26,11.04,11.12,83132.1,924042.2072,2658,32356.94,359804.0284,202204
11.12,11.16,11.09,11.11,22317.19,248281.9593,1196,11638.26,129492.3088,202204
11.11,11.13,11.06,11.13,16155.29,179267.0309,407,6534.39,72514.8469,202204
11.12,11.16,11.12,11.14,9147.9,101893.7095,282,4311.31,48032.033,202204
11.14,11.14,11.07,11.12,12593.21,139915.4588,397,5274.06,58564.2533,202204
11.12,11.13,11.05,11.08,24848.93,275554.3608,535,13701.3,152065.8544,202204
11.08,11.13,11.04,11.12,9304.62,103259.1692,408,4928.33,54754.5501,202204
11.12,11.17,11.1,11.14,5050.89,56267.4689,221,2728.22,30386.0583,202204
11.14,11.16,11.11,11.16,5644.82,62898.2588,223,2530.11,28193.4346,202204
11.16,11.16,11.12,11.12,6907.12,76997.5928,196,3814.92,42531.321,202204
11.13,11.17,11.1,11.16,4750.74,52876.7386,226,2705.88,30116.2054,202204
11.17,11.2,11.15,11.19,4129.92,46157.1309,220,2112.38,23605.3927,202204
11.19,11.22,11.18,11.21,4874.22,54609.0721,183,1438.4,16119.2742,202204
11.22,11.27,11.21,11.26,6708.32,75397.8292,741,2723.81,30636.4945,202204
11.26,11.28,11.24,11.27,5431.43,61193.3073,279,2688.14,30285.2987,202204
11.28,11.29,11.26,11.27,11604.36,130820.9392,351,2990.75,33730.6004,202204
11.27,11.31,11.27,11.31,4337.35,48967.9348,206,3366.72,38014.1444,202204
11.31,11.34,11.3,11.34,3466.32,39259.886,216,2067.06,23418.6315,202204
11.33,11.34,11.31,11.33,3927.38,44481.2271,190,2018.19,22854.0232,202204
11.33,11.34,11.28,11.29,8649.12,97819.7479,340,2325.48,26302.2431,202204
11.3,11.31,11.29,11.31,2351.64,26564.4389,108,1117.12,12622.9255,202204
11.31,11.34,11.31,11.34,2679.29,30323.5918,98,1840.45,20831.5186,202204
11.33,11.37,11.31,11.35,3322.74,37712.9224,205,1866.58,21190.8675,202204
11.35,11.37,11.33,11.34,2200.58,24984.0034,109,1751.43,19886.5718,202204
11.34,11.38,11.34,11.37,4373.14,49707.6108,137,1954.69,22219.6685,202204
11.37,11.39,11.35,11.37,2143.18,24376.2138,128,854.7,9725.7309,202204
11.37,11.42,11.36,11.41,6928.83,79011.7906,324,2886.65,32925.9885,202204
11.41,11.42,11.39,11.4,3541.6,40372.2048,140,916.64,10452.5069,202204
11.41,11.41,11.34,11.35,7314.26,83119.6344,194,2373.83,26995.1125,202204
11.35,11.35,11.3,11.33,7291.63,82567.3468,262,3024.68,34266.9595,202204
11.33,11.35,11.32,11.33,1341.2,15201.9734,64,630.09,7141.5722,202204
11.34,11.44,11.34,11.43,11062.76,126122.1829,394,7551.24,86058.9721,202204
11.43,11.46,11.42,11.44,12596.06,144166.7204,337,5998.03,68673.5794,202204
11.44,11.46,11.42,11.44,6066.3,69407.8536,230,2477.46,28349.4246,202204
11.43,11.46,11.39,11.43,6145.23,70147.1993,262,3110.56,35521.786,202204
11.43,11.44,11.41,11.44,2211.79,25268.2971,78,1423.53,16263.0096,202204
11.43,11.47,11.43,11.47,4094.93,46910.571,187,3217.96,36867.2332,202204
11.48,11.48,11.43,11.45,3472.72,39776.9887,453,1888.14,21627.4426,202204
11.45,11.46,11.44,11.46,1755.24,20103.0681,80,1154.94,13228.9288,202204
11.46,11.46,11.44,11.45,2617.17,29964.1308,86,648.27,7422.7351,202204
11.45,11.5,11.45,11.49,7381.68,84633.0792,200,6104.43,69975.6522,202204
11.49,11.49,11.47,11.48,1169.8,13428.4242,54,775.89,8908.2074,202204
11.47,11.49,11.4,11.49,11591.53,132719.6728,327,5994.46,68584.2106,202204
11.49,11.49,11.45,11.47,2826.71,32429.4045,108,1908.79,21897.5087,202204
11.48,11.52,11.47,11.5,7350.11,84519.7747,203,4526.32,52047.209,202204
11.5,11.51,11.48,11.51,2321.25,26685.1089,71,889.07,10222.9262,202204
11.5,11.51,11.47,11.47,1322.84,15211.9159,68,578.76,6659.0214,202204
11.48,11.48,11.45,11.46,1433.59,16434.6227,75,734.1,8415.4861,202204
11.46,11.53,11.46,11.51,6213.58,71397.1292,233,3792.37,43576.0248,202204
11.5,11.52,11.49,11.5,1915.16,22026.2643,186,544.63,6264.5873,202204
11.51,11.51,11.47,11.47,719.44,8265.716,72,134.46,1544.5194,202204
11.46,11.5,11.45,11.48,2963.57,34013.8747,141,1905.33,21867.4841,202204
11.48,11.51,11.45,11.46,2398.15,27533.3687,131,1361.69,15640.3654,202204
11.46,11.46,11.43,11.45,3382.83,38714.3628,114,1897.91,21727.7726,202204
11.45,11.46,11.43,11.43,3521.07,40302.431,73,1300.63,14888.9427,202204
11.43,11.43,11.41,11.42,1974.87,22559.8772,99,995.1,11365.0165,202204
11.42,11.44,11.42,11.44,3953.2,45200.4966,139,2429.98,27783.6945,202204
11.44,11.44,11.41,11.42,2524.39,28847.6756,154,1365.29,15604.2185,202204
11.43,11.47,11.42,11.46,1907.58,21831.6265,110,1192.46,13653.8362,202204
11.46,11.5,11.45,11.5,1618.91,18576.8785,107,989.57,11355.7827,202204
11.5,11.53,11.49,11.51,16024.34,184340.855,230,8629.64,99265.9966,202204
11.52,11.56,11.51,11.54,8385.0,96755.2748,520,4466.62,51554.4884,202204
11.54,11.58,11.49,11.49,11504.51,132843.5188,702,4299.57,49681.5075,202204
11.49,11.53,11.49,11.5,4380.57,50416.9342,119,3730.59,42940.8249,202204
11.5,11.52,11.5,11.51,839.78,9667.2832,68,477.06,5492.2735,202204
11.51,11.52,11.49,11.5,2251.25,25902.5449,69,1358.39,15635.049,202204
11.51,11.52,11.48,11.51,840.59,9667.4105,66,514.31,5916.1351,202204
11.5,11.51,11.48,11.5,3540.53,40701.1238,109,2460.8,28294.4308,202204
11.51,11.53,11.5,11.52,1288.35,14829.3587,70,828.27,9533.41,202204
11.52,11.55,11.52,11.54,2853.47,32907.7332,93,1893.71,21837.0129,202204
11.53,11.56,11.49,11.54,7175.14,82620.6261,243,3713.84,42775.3419,202204
11.53,11.54,11.5,11.52,6605.46,76097.3678,154,3788.26,43639.9286,202204
11.52,11.52,11.49,11.49,2149.46,24729.6277,71,490.52,5648.3359,202204
11.48,11.5,11.47,11.49,16905.31,194309.3912,189,12173.14,139914.4124,202204
11.48,11.49,11.46,11.49,971.69,11152.1863,58,543.71,6242.7595,202204
11.48,11.55,11.48,11.54,2881.07,33189.6584,115,1515.3,17456.0898,202204
11.55,11.59,11.55,11.58,8414.16,97337.7468,342,5149.33,59571.657,202204
11.59,11.6,11.57,11.59,3271.01,37897.328,274,1876.71,21747.9083,202204
11.59,11.61,11.54,11.55,11768.56,136328.8963,567,6056.71,70226.3666,202204
11.55,11.55,11.52,11.54,2565.82,29598.1206,164,993.68,11463.4985,202204
11.53,11.55,11.52,11.52,1850.46,21338.9511,88,806.0,9298.2074,202204
11.53,11.53,11.51,11.52,4843.43,55796.755,124,1257.45,14487.6709,202204
11.52,11.53,11.48,11.49,2459.95,28293.9494,129,1050.8,12083.8176,202204
11.49,11.5,11.46,11.48,3051.98,35050.597,161,1580.08,18149.82,202204
11.48,11.52,11.48,11.51,976.03,11225.2868,62,554.3,6376.2109,202204
11.51,11.54,11.51,11.54,1220.34,14058.1574,103,675.65,7783.6293,202204
11.54,11.58,11.54,11.57,11423.99,132045.032,317,7721.2,89251.0697,202204
11.56,11.59,11.55,11.59,14321.71,165742.5959,228,6288.81,72791.2709,202204
11.58,11.63,11.57,11.61,7839.95,90992.2014,327,5035.92,58465.1648,202204
11.61,11.62,11.57,11.59,6446.75,74799.1025,348,2965.29,34396.8481,202204
11.58,11.6,11.58,11.59,889.09,10306.4085,39,416.27,4827.8248,202204
11.59,11.62,11.59,11.61,3053.14,35443.8717,82,1181.57,13715.5222,202204
11.61,11.62,11.61,11.62,1128.67,13111.8123,61,735.59,8546.7531,202204
11.62,11.64,11.61,11.61,1073.2,12472.6021,147,269.18,3130.8227,202204
11.61,11.64,11.6,11.63,3047.0,35397.0686,116,665.26,7732.7154,202204
11.62,11.63,11.61,11.62,3515.87,40847.8646,76,305.83,3553.7531,202204
11.62,11.65,11.6,11.63,2738.49,31847.9056,186,1609.32,18718.57,202204
11.64,11.67,11.62,11.67,3984.05,46372.1952,217,953.94,11111.6182,202204
11.67,11.68,11.65,11.66,3160.85,36872.2159,168,572.3,6678.9894,202204
11.66,11.68,11.66,11.68,2651.53,30946.3815,82,2005.77,23414.2779,202204
11.68,11.72,11.67,11.71,9563.54,111898.7772,593,5702.86,66726.9788,202204
11.71,11.72,11.68,11.7,5163.04,60374.0354,508,2679.82,31346.1009,202204
11.69,11.74,11.69,11.73,8957.48,104908.7398,348,6957.66,81462.3616,202204
11.72,11.77,11.72,11.74,10240.05,120316.6386,766,4972.65,58439.1013,202204
11.74,11.84,11.74,11.76,38015.34,448411.0644,1999,26608.05,313922.0241,202204
11.75,11.76,11.73,11.75,3575.0,42002.7765,176,2253.26,26481.1496,202204
11.75,11.76,11.73,11.75,4545.51,53425.9022,106,1636.0,19230.8809,202204
11.74,11.75,11.73,11.75,1200.58,14094.6949,47,851.52,9997.2312,202204
11.75,11.75,11.73,11.73,2763.49,32448.2799,59,512.26,6018.1179,202204
11.73,11.75,11.72,11.74,2943.9,34540.6442,117,1906.18,22365.6571,202204
11.73,11.75,11.73,11.75,4127.61,48423.4834,86,1963.05,23032.5842,202204
11.76,11.78,11.75,11.78,5638.66,66334.8668,202,3293.68,38754.5844,202204
11.78,11.84,11.78,11.84,14237.17,168120.3219,281,12373.35,146118.897,202204
11.84,11.87,11.83,11.86,18579.07,220276.7033,668,8089.65,95933.8575,202204
11.86,11.87,11.82,11.85,8554.7,101355.0482,609,5184.03,61443.042,202204
11.86,11.87,11.8,11.81,3888.6,45975.9324,160,770.24,9105.9587,202204
11.8,11.82,11.79,11.8,1903.44,22470.172,58,735.94,8688.5269,202204
11.81,11.82,11.79,11.82,10690.53,126164.6806,143,2000.17,23623.2954,202204
11.81,11.86,11.8,11.86,4306.53,50990.7876,136,2748.97,32547.8193,202204
11.86,11.87,11.8,11.81,12581.93,148732.2971,226,5970.79,70603.0496,202204
11.81,11.83,11.8,11.8,2422.47,28626.1822,69,1667.83,19712.0987,202204
11.81,11.81,11.79,11.79,1839.67,21709.5587,89,265.84,3138.7028,202204
11.79,11.81,11.78,11.8,2513.81,29638.6758,111,983.6,11605.9367,202204
11.8,11.81,11.79,11.81,1764.44,20823.7445,49,1599.56,18878.3735,202204
11.81,11.86,11.81,11.85,5822.59,68900.0243,171,4871.87,57646.8485,202204
11.85,11.85,11.8,11.81,1317.56,15573.9627,77,797.99,9433.6379,202204
11.8,11.84,11.8,11.84,1171.48,13851.3257,72,804.64,9516.1748,202204
11.84,11.84,11.8,11.8,1011.52,11949.5988,46,94.73,1119.9459,202204
11.81,11.82,11.8,11.81,2538.64,29965.8818,99,1731.49,20440.3521,202204
11.8,11.81,11.79,11.81,1399.71,16518.7462,51,709.6,8375.4657,202204
11.81,11.86,11.81,11.84,2474.86,29304.6941,130,960.91,11372.5541,202204
11.84,11.85,11.83,11.85,1988.89,23548.5704,98,773.16,9155.5456,202204
11.85,11.89,11.85,11.89,3856.11,45768.8683,316,2451.42,29099.8795,202204
11.89,11.89,11.86,11.89,6653.13,79036.2969,191,6066.31,72071.6599,202204
11.89,11.9,11.85,11.86,3111.47,36954.9029,259,954.82,11347.1072,202204
11.85,11.86,11.83,11.84,3357.21,39774.5776,117,1290.26,15291.8628,202204
11.83,11.88,11.83,11.87,2069.58,24557.3231,116,1288.1,15287.2372,202204
11.87,11.88,11.86,11.87,858.57,10192.6528,50,291.46,3461.1088,202204
11.87,11.87,11.81,11.83,5244.93,62069.049,189,2181.3,25826.0356,202204
11.84,11.84,11.81,11.82,3627.31,42880.8864,92,3004.51,35516.8863,202204
11.82,11.83,11.81,11.82,1591.29,18808.9616,88,239.21,2828.2228,202204
11.82,11.83,11.81,11.82,635.19,7506.136,22,228.14,2697.9076,202204
11.83,11.83,11.81,11.81,1114.53,13173.3345,31,264.05,3122.8222,202204
11.82,11.82,11.8,11.81,402.59,4756.0082,49,79.19,935.9612,202204
11.81,11.81,11.78,11.78,1983.79,23398.8159,82,895.35,10563.6804,202204
11.79,11.8,11.77,11.8,3098.66,36515.1571,117,740.84,8733.5762,202204
11.79,11.8,11.71,11.71,17754.53,208552.804,596,6886.47,80812.8139,202204
11.72,11.72,11.64,11.64,15509.38,181058.6924,1247,5242.71,61212.7149,202204
11.65,11.68,11.62,11.68,11201.43,130500.7959,1072,7395.31,86163.9873,202204
11.68,11.69,11.67,11.68,11558.63,134967.3826,169,3384.6,39542.2741,202204
11.69,11.69,11.64,11.65,16385.73,191079.9081,241,5144.29,60002.15,202204
11.66,11.67,11.65,11.65,1395.33,16273.129,62,1027.36,11983.708,202204
11.66,11.66,11.63,11.64,3012.82,35079.0769,84,979.99,11417.483,202204
11.63,11.65,11.6,11.6,10904.57,126726.1972,318,4841.18,56285.4983,202204
11.59,11.64,11.59,11.64,3699.58,42996.0827,261,2666.09,30990.8193,202204
11.64,11.64,11.63,11.63,1111.91,12933.7246,43,221.13,2573.9532,202204
11.63,11.64,11.61,11.62,5945.94,69134.1756,119,4701.38,54667.9428,202204
11.62,11.64,11.61,11.64,2650.22,30801.6859,62,720.79,8381.5382,202204
11.63,11.63,11.55,11.59,12707.52,147216.4751,941,5283.66,61191.8839,202204
11.59,11.62,11.57,11.61,8947.62,103635.7702,169,3791.02,43928.8835,202204
11.61,11.63,11.61,11.63,3453.32,40119.2923,121,874.39,10164.3477,202204
11.62,11.64,11.61,11.63,1550.23,18016.3637,63,793.22,9218.0728,202204
11.63,11.64,11.59,11.6,2845.38,33064.7504,148,883.19,10267.9133,202204
11.6,11.63,11.59,11.62,3587.64,41649.4977,102,1621.84,18828.6408,202204
11.63,11.64,11.62,11.63,1016.1,11815.4928,59,826.34,9608.8035,202204
11.63,11.66,11.62,11.66,1674.3,19489.0823,92,865.22,10077.5869,202204
11.65,11.67,11.65,11.67,576.2,6718.7845,55,167.18,1949.988,202204
11.67,11.69,11.66,11.68,1853.9,21641.0828,66,1034.52,12079.2794,202204
11.68,11.7,11.68,11.7,7446.71,87081.6534,116,5575.18,65204.0937,202204
11.7,11.7,11.68,11.69,2088.47,24420.0956,56,861.15,10073.556,202204
11.69,11.69,11.67,11.67,509.98,5956.6017,33,92.99,1086.2584,202204
11.68,11.68,11.66,11.67,3930.15,45861.7364,71,703.6,8211.959,202204
11.68,11.7,11.66,11.68,3912.25,45690.7312,84,2904.43,33922.954,202204
11.67,11.67,11.64,11.67,4006.26,46701.3521,93,1108.89,12928.9414,202204
11.67,11.67,11.64,11.64,1292.54,15051.1865,42,161.46,1880.6569,202204
11.65,11.65,11.63,11.64,2729.4,31768.8822,69,921.23,10724.442,202204
11.64,11.67,11.63,11.65,1870.13,21775.7154,58,241.96,2818.8023,202204
11.65,11.66,11.62,11.63,3016.54,35113.3756,78,198.07,2306.8267,202204
11.63,11.64,11.6,11.6,2303.14,26744.8649,102,953.36,11069.9323,202204
11.61,11.62,11.6,11.62,6983.03,81127.0556,87,6183.2,71841.5354,202204
11.62,11.63,11.61,11.61,539.16,6260.5385,34,87.07,1011.7195,202204
11.61,11.61,11.6,11.6,606.17,7033.2006,33,8.34,96.8274,202204
11.61,11.65,11.6,11.64,2773.54,32217.4066,90,1628.1,18920.3453,202204
11.64,11.67,11.64,11.66,6306.04,73512.0676,119,4430.64,51659.1013,202204
11.67,11.68,11.65,11.66,1676.44,19555.9225,74,524.14,6114.8487,202204
11.66,11.66,11.65,11.65,844.01,9838.9373,36,111.23,1296.9418,202204
11.66,11.67,11.65,11.66,5416.23,63162.5146,104,2572.86,30016.1818,202204
11.66,11.67,11.65,11.67,707.23,8246.823,39,327.02,3813.7249,202204
11.67,11.7,11.67,11.69,5602.76,65478.0959,182,2004.13,23426.3162,202204
11.69,11.71,11.69,11.71,3813.23,44619.1431,93,2282.45,26709.0537,202204
11.71,11.72,11.68,11.71,1870.69,21890.7194,75,781.79,9146.705,202204
11.71,11.71,11.67,11.67,1333.51,15587.2254,42,172.03,2012.6449,202204
11.68,11.68,11.64,11.64,1884.76,21968.7328,81,1068.87,12458.125,202204
11.64,11.65,11.61,11.62,5598.58,65087.3481,111,3068.4,35673.2892,202204
11.62,11.64,11.61,11.64,1295.9,15065.2479,43,772.15,8979.6733,202204
11.64,11.64,11.61,11.62,2520.0,29319.6049,102,672.84,7830.9694,202204
11.61,11.62,11.54,11.56,8875.07,102793.2438,562,2190.31,25364.4871,202204
11.57,11.61,11.57,11.6,2439.99,28282.8712,138,1556.82,18042.4185,202204
11.6,11.63,11.59,11.62,2710.99,31491.2436,95,1726.37,20060.9999,202204
11.62,11.64,11.62,11.63,1875.26,21815.2174,88,1144.37,13316.1108,202204
11.64,11.64,11.6,11.61,1210.1,14061.5184,118,170.06,1977.2266,202204
11.6,11.62,11.59,11.61,1978.03,22956.773,72,386.47,4483.8563,202204
11.61,11.63,11.6,11.61,1518.42,17639.747,68,1133.23,13167.6006,202204
11.61,11.62,11.6,11.62,957.91,11124.8452,60,683.24,7936.1472,202204
11.61,11.65,11.61,11.65,1532.28,17822.6227,85,801.49,9329.8826,202204
11.65,11.66,11.63,11.64,2103.66,24499.4958,54,350.03,4078.9875,202204
11.64,11.65,11.63,11.64,849.44,9887.4484,39,128.73,1498.6104,202204
11.64,11.64,11.63,11.64,467.39,5439.8966,34,296.68,3453.3552,202204
11.63,11.65,11.61,11.61,3782.64,44013.6141,131,2409.17,28042.7689,202204
11.62,11.67,11.6,11.67,3422.82,39804.1994,109,2201.44,25601.8887,202204
11.67,11.67,11.65,11.67,2374.44,27689.5619,87,1254.38,14630.1748,202204
11.68,11.69,11.66,11.66,2010.53,23469.1316,82,436.84,5101.5556,202204
11.67,11.68,11.66,11.66,3979.43,46413.8805,88,1756.36,20488.6101,202204
11.65,11.66,11.65,11.65,427.14,4977.4917,42,131.07,1528.2762,202204
11.65,11.67,11.64,11.65,613.45,7145.2633,55,386.69,4505.4569,202204
11.65,11.69,11.65,11.69,2041.31,23822.3785,97,1786.15,20846.7547,202204
11.68,11.7,11.68,11.7,2173.62,25409.177,78,730.75,8543.9593,202204
11.7,11.7,11.65,11.65,7737.75,90293.2493,94,1619.68,18922.2182,202204
11.65,11.67,11.64,11.66,5769.45,67250.4189,89,4154.23,48429.5104,202204
11.66,11.69,11.65,11.67,4036.02,47098.2686,95,2881.52,33628.7899,202204
11.67,11.7,11.66,11.7,9751.1,113897.2609,177,7008.74,81875.9003,202204
11.71,11.71,11.69,11.69,3599.33,42116.5307,97,2436.99,28518.1809,202204
11.69,11.7,11.66,11.7,2821.56,32965.1183,110,1576.18,18417.3858,202204
11.7,11.71,11.69,11.71,2121.17,24824.8629,73,2066.47,24185.4199,202204
11.71,11.77,11.71,11.75,12776.97,149967.6183,700,4990.16,58572.4954,202204
11.74,11.81,11.74,11.79,9448.08,111317.0375,776,4859.24,57264.5559,202204
11.78,11.81,11.77,11.8,17293.07,203885.0363,408,12480.58,147173.9735,202204
11.8,11.81,11.78,11.78,2855.04,33671.2962,117,1229.91,14509.1695,202204
11.77,11.78,11.7,11.72,6191.79,72598.5594,235,2156.16,25277.2972,202204
11.72,11.74,11.68,11.71,13783.2,161323.5791,236,2556.31,29931.3269,202204
11.71,11.71,11.68,11.71,5398.71,63098.452,132,2032.96,23771.0214,202204
11.71,11.72,11.66,11.66,8392.74,97911.9629,149,290.89,3402.3806,202204
11.66,11.69,11.66,11.68,4384.72,51171.4856,175,1798.94,21004.3747,202204
11.68,11.68,11.63,11.65,10789.44,125768.1867,531,2335.64,27200.3353,202204
11.65,11.68,11.53,11.53,11408.76,132210.9968,572,5961.38,69048.3347,202204
11.53,11.57,11.46,11.56,48185.82,554766.8963,2005,20993.8,241773.8713,202204
11.55,11.55,11.48,11.5,12868.25,148053.6613,364,5822.56,66976.4865,202204
11.5,11.53,11.46,11.47,4217.9,48521.4235,212,1300.11,14954.6694,202204
11.47,11.49,11.43,11.47,24897.22,285422.7857,1034,14383.79,164885.234,202204
11.47,11.56,11.47,11.56,10109.15,116503.6188,309,7694.26,88669.8792,202204
11.56,11.58,11.54,11.58,9197.93,106338.2567,222,3063.45,35431.5233,202204
11.58,11.64,11.57,11.6,14730.4,171150.9237,608,6251.63,72650.8958,202204
11.61,11.62,11.54,11.55,10839.28,125566.3685,260,5191.47,60136.6185,202204
11.55,11.55,11.5,11.53,10061.52,115974.2662,207,4832.29,55708.7224,202204
11.54,11.56,11.51,11.56,2520.17,29096.0017,134,1339.13,15465.2823,202204
11.55,11.55,11.32,11.43,61254.53,698770.575,2851,34146.8,389735.6851,202204
11.42,11.48,11.39,11.46,17770.04,203138.908,617,9541.03,109077.0685,202204
11.47,11.47,11.4,11.46,10317.73,118025.9787,347,4257.46,48713.0017,202204
11.46,11.47,11.39,11.44,6464.45,73793.9634,246,2984.47,34085.5925,202204
11.43,11.46,11.37,11.4,24206.27,276638.0855,487,13216.7,151084.4762,202204
11.41,11.46,11.39,11.39,7012.66,80091.7449,227,2709.3,30958.1434,202204
11.4,11.42,11.38,11.41,6026.32,68688.1455,186,3953.49,45065.943,202204
11.41,11.44,11.37,11.38,13358.96,152295.5849,312,6822.82,77756.0774,202204
11.37,11.44,11.37,11.42,3993.32,45555.8923,139,2202.78,25122.156,202204
11.43,11.44,11.41,11.44,1502.61,17165.869,76,594.91,6798.0761,202204
11.44,11.45,11.4,11.44,17371.32,198382.9025,311,9782.95,111721.8159,202204
11.44,11.44,11.36,11.38,8760.29,99785.198,283,3822.4,43555.5518,202204
11.38,11.46,11.37,11.46,14024.12,160255.1409,254,10786.05,123219.0713,202204
11.46,11.48,11.43,11.47,2620.33,30039.2153,135,908.76,10417.29,202204
11.47,11.49,11.43,11.44,5788.29,66323.641,159,2187.74,25084.6081,202204
11.44,11.45,11.39,11.4,2843.46,32474.5038,130,1499.57,17130.1701,202204
11.41,11.42,11.39,11.41,5150.27,58702.7737,132,1113.52,12704.8321,202204
11.41,11.45,11.41,11.44,2542.14,29064.4719,96,1426.0,16300.1281,202204
11.44,11.44,11.37,11.38,9949.36,113376.6452,168,1513.29,17255.0165,202204
11.39,11.4,11.37,11.4,1516.48,17280.4778,86,922.87,10517.3224,202204
11.4,11.42,11.39,11.4,7934.37,90426.5159,130,2390.91,27265.6165,202204
11.4,11.44,11.4,11.41,4309.06,49223.5034,90,3309.34,37799.0784,202204
11.42,11.43,11.41,11.41,2009.04,22944.8661,36,611.81,6990.473,202204
11.42,11.42,11.29,11.35,23331.42,264546.902,856,9288.85,105310.5464,202204
11.35,11.47,11.34,11.43,10408.72,118605.6769,430,4107.34,46841.2553,202204
11.43,11.49,11.39,11.48,14600.65,166845.4402,419,9555.01,109223.0191,202204
11.47,11.49,11.4,11.41,13974.55,159893.1012,398,3068.11,35088.493,202204
11.41,11.41,11.37,11.4,6060.9,69047.4658,213,3686.76,42012.9561,202204
11.39,11.4,11.35,11.36,4489.02,51052.183,151,2785.49,31685.7979,202204
11.36,11.37,11.33,11.34,8017.16,91003.7615,227,2355.11,26737.4408,202204
11.33,11.36,11.32,11.35,2326.1,26383.8465,149,1555.46,17646.9123,202204
11.35,11.35,11.3,11.31,2130.97,24118.5267,86,734.18,8316.4766,202204
11.3,11.33,11.28,11.31,17319.48,195804.1912,397,9566.37,108171.6022,202204
11.32,11.35,11.3,11.3,3979.31,45072.1284,163,2080.81,23577.0689,202204
11.3,11.38,11.27,11.38,11524.51,130540.5742,519,6416.62,72833.8068,202204
11.38,11.4,11.37,11.4,1729.0,19686.4995,115,564.42,6426.7544,202204
11.4,11.4,11.35,11.39,5894.0,67086.3534,187,3309.04,37665.3779,202204
11.39,11.43,11.36,11.4,11976.04,136548.9934,319,8016.6,91391.8449,202204
11.4,11.4,11.36,11.38,2969.92,33813.2778,103,2581.1,29387.3467,202204
11.38,11.38,11.35,11.36,1998.95,22718.7017,68,555.85,6320.9252,202204
11.36,11.39,11.34,11.38,4260.63,48398.4536,125,1887.06,21450.2211,202204
11.39,11.39,11.37,11.38,1904.13,21679.4013,80,1320.03,15032.9036,202204
11.38,11.44,11.37,11.44,2658.13,30322.1644,114,1625.49,18556.0065,202204
11.44,11.46,11.43,11.45,6051.33,69271.2156,188,2849.04,32618.0897,202204
11.44,11.45,11.39,11.4,2538.63,28984.5154,246,330.51,3773.2394,202204
11.39,11.39,11.33,11.33,3661.92,41597.1925,137,1040.61,11821.4737,202204
11.34,11.36,11.32,11.35,4415.75,50070.0896,180,2493.35,28272.8488,202204
11.35,11.36,11.31,11.34,3702.73,41965.9569,163,1309.07,14842.5843,202204
11.35,11.36,11.32,11.32,1255.22,14233.6457,89,626.16,7098.2309,202204
11.32,11.36,11.31,11.33,1970.58,22332.0548,99,954.59,10823.0676,202204
11.33,11.35,11.31,11.34,2454.98,27830.5466,96,1477.76,16758.2115,202204
11.34,11.36,11.33,11.34,2030.37,23032.1054,101,853.48,9688.4253,202204
11.33,11.35,11.32,11.35,1207.93,13694.4868,88,601.69,6824.3364,202204
11.35,11.35,11.31,11.33,5311.95,60173.8396,121,3644.21,41284.8192,202204
11.33,11.35,11.31,11.31,1335.98,15137.2284,87,769.34,8717.1446,202204
11.31,11.35,11.3,11.33,1057.65,11980.9784,87,717.09,8123.6202,202204
11.33,11.35,11.32,11.34,1245.17,14116.3428,66,405.05,4592.7217,202204
11.35,11.36,11.33,11.33,2782.26,31557.5502,88,1069.91,12142.2741,202204
11.33,11.35,11.32,11.32,815.62,9246.3138,64,351.99,3991.8534,202204
11.33,11.34,11.28,11.28,2338.82,26429.7969,134,1129.79,12769.5095,202204
11.28,11.28,11.21,11.21,15822.61,177833.7533,957,6258.64,70347.3638,202204
11.22,11.22,11.17,11.2,15850.76,177283.8867,606,4206.14,47086.7161,202204
11.21,11.24,11.15,11.22,19791.61,221404.668,1051,11672.55,130609.5155,202204
11.23,11.3,11.21,11.3,4686.83,52815.363,215,3717.95,41912.0901,202204
11.3,11.34,11.28,11.32,6920.98,78312.4369,352,3662.54,41451.8195,202204
11.31,11.31,11.28,11.28,2815.41,31783.4662,104,589.05,6651.2413,202204
11.28,11.28,11.25,11.26,4125.03,46485.8968,121,1329.05,14982.1104,202204
11.26,11.28,11.26,11.28,2100.16,23654.5299,66,1780.96,20059.477,202204
11.28,11.31,11.27,11.28,2698.42,30454.1578,194,1603.77,18101.2075,202204
11.28,11.33,11.28,11.31,2867.28,32432.2302,125,1073.74,12145.2139,202204
11.31,11.33,11.31,11.33,1465.09,16595.1616,59,313.22,3547.6844,202204
11.33,11.33,11.25,11.32,7567.5,85415.1142,244,1843.65,20840.2241,202204
11.32,11.33,11.29,11.32,2510.87,28416.6233,95,1575.07,17826.9549,202204
11.32,11.32,11.29,11.3,921.14,10405.2439,65,283.59,3204.0351,202204
11.3,11.31,11.27,11.28,1351.8,15264.3871,77,637.79,7204.0636,202204
11.27,11.29,11.26,11.27,1285.75,14497.6086,54,935.76,10553.7397,202204
11.26,11.26,11.23,11.24,1451.31,16324.014,89,457.84,5149.7128,202204
11.24,11.24,11.2,11.21,3245.94,36420.6989,91,1206.79,13546.7761,202204
11.2,11.21,11.15,11.16,5285.46,59002.7166,258,3088.29,34482.2186,202204
11.15,11.18,11.12,11.17,12085.05,134707.6126,600,3717.7,41474.0743,202204
11.16,11.19,11.15,11.17,3149.79,35184.7538,102,989.4,11056.3742,202204
11.17,11.21,11.17,11.2,2827.32,31650.126,128,1445.11,16178.5781,202204
11.2,11.22,11.17,11.22,6678.99,74764.1592,155,4065.99,45521.7067,202204
11.22,11.23,11.18,11.2,12669.82,141915.4197,250,6657.25,74591.8797,202204
11.2,11.21,11.18,11.2,2299.66,25743.0661,99,484.31,5425.5302,202204
11.18,11.23,11.18,11.23,2080.49,23321.8672,90,1318.1,14771.964,202204
11.22,11.24,11.22,11.23,575.48,6463.2708,45,318.75,3580.5434,202204
11.24,11.24,11.23,11.24,3999.48,44916.1373,49,197.69,2222.0356,202204
11.24,11.24,11.21,11.22,7116.46,79879.4006,71,3685.61,41354.6316,202204
11.23,11.25,11.22,11.24,769.15,8640.7414,51,177.53,1995.0647,202204
11.24,11.25,11.24,11.25,334.69,3764.3134,26,239.78,2697.525,202204
11.24,11.26,11.24,11.25,609.31,6850.4531,40,165.34,1860.0978,202204
11.26,11.26,11.24,11.24,305.98,3441.1523,22,3.85,43.3304,202204
11.25,11.27,11.24,11.27,605.73,6818.4285,43,421.78,4748.7918,202204
11.27,11.3,11.26,11.29,1341.67,15139.9381,71,907.31,10241.1988,202204
11.3,11.3,11.25,11.25,4001.8,45071.6814,132,406.77,4584.9261,202204
11.25,11.28,11.24,11.27,2342.0,26358.8995,102,902.51,10163.8464,202204
11.28,11.3,11.27,11.28,438.2,4944.2764,45,250.12,2821.9986,202204
11.28,11.3,11.28,11.29,570.7,6442.8158,20,413.03,4663.2382,202204
11.28,11.28,11.26,11.26,858.94,9680.0729,25,39.98,450.5746,202204
11.26,11.26,11.23,11.23,778.17,8748.3319,46,254.08,2856.9535,202204
11.23,11.25,11.22,11.25,773.86,8696.6887,38,622.77,6999.6552,202204
11.25,11.26,11.22,11.22,462.81,5200.0796,49,124.96,1405.397,202204
11.22,11.31,11.22,11.3,2090.6,23567.2516,112,1368.54,15426.1603,202204
11.31,11.31,11.27,11.29,2192.89,24762.7669,180,448.13,5060.074,202204
11.29,11.29,11.23,11.24,3015.78,33902.26,103,1874.6,21061.837,202204
11.23,11.24,11.2,11.22,3898.78,43723.2104,157,1651.03,18516.3281,202204
11.21,11.23,11.18,11.2,12263.06,137497.2451,241,7048.12,79060.5877,202204
11.2,11.2,11.17,11.19,1235.17,13815.2657,53,911.45,10193.9288,202204
11.18,11.2,11.17,11.19,779.12,8710.7045,46,284.28,3178.6576,202204
11.2,11.22,11.2,11.2,1329.08,14902.7659,60,1052.51,11802.8045,202204
11.21,11.21,11.14,11.14,3843.87,42912.4064,121,888.35,9916.9758,202204
11.14,11.15,11.11,11.13,5340.08,59404.4528,272,1268.65,14117.6399,202204
11.13,11.17,11.1,11.17,5141.51,57199.2293,536,1559.73,17383.1801,202204
11.17,11.21,11.17,11.21,14407.81,161248.9923,219,13483.23,150903.2964,202204
11.21,11.22,11.17,11.17,4443.74,49699.5235,85,1492.37,16703.8982,202204
11.17,11.17,11.08,11.09,9452.79,104965.4199,416,1798.3,19961.2442,202204
11.09,11.13,11.04,11.11,18952.66,210115.101,1055,9646.27,106961.052,202204
11.1,11.13,11.08,11.12,6045.68,67100.6493,143,3700.07,41041.5933,202204
11.12,11.12,11.04,11.06,13105.32,145161.9566,366,6058.25,67099.442,202204
11.05,11.07,10.95,10.96,26756.82,294785.8872,1004,11014.64,121456.9398,202204
10.96,11.03,10.8,10.84,53202.98,579067.8646,3146,26648.13,290382.458,202204
10.85,10.96,10.68,10.73,78942.19,851971.5877,3723,34581.25,373244.7899,202204
10.73,10.78,10.53,10.77,118872.85,1267182.0925,4079,54489.75,580939.9339,202204
10.76,10.81,10.7,10.76,54012.15,581261.8459,1264,28146.75,303101.2541,202204
10.77,10.88,10.72,10.82,50313.16,543507.5985,1511,24740.81,267256.2461,202204
10.81,10.86,10.8,10.83,16730.01,181137.4735,419,7799.22,84458.6964,202204
10.82,10.83,10.79,10.81,15385.19,166376.1359,351,8367.19,90487.395,202204
10.8,10.87,10.79,10.86,9123.24,98793.5307,215,3769.91,40834.6233,202204
10.86,10.87,10.83,10.85,11482.71,124525.4802,212,5346.37,58005.616,202204
10.86,10.87,10.82,10.83,2947.1,31972.0363,128,1484.11,16100.0009,202204
10.82,10.87,10.81,10.84,7429.32,80504.2693,178,3501.42,37938.8119,202204
10.85,10.92,10.85,10.89,8879.72,96737.8389,429,4052.97,44144.3723,202204
10.89,10.89,10.86,10.87,2473.42,26897.5904,104,1605.39,17461.3241,202204
10.87,10.93,10.86,10.91,19597.88,213642.6429,344,10957.2,119619.5163,202204
10.92,10.95,10.9,10.91,5481.54,59876.926,185,1856.84,20282.7543,202204
10.9,10.91,10.87,10.89,5545.26,60424.4397,137,2465.09,26861.9104,202204
10.89,10.92,10.88,10.91,3420.51,37244.5943,101,1552.36,16907.4202,202204
10.91,10.92,10.87,10.87,2290.93,24960.5998,83,641.83,6999.4851,202204
10.88,10.9,10.87,10.87,2265.86,24635.1418,82,375.33,4083.1687,202204
10.88,10.9,10.86,10.89,2900.49,31555.394,85,1635.32,17785.1134,202204
10.89,10.9,10.87,10.88,2785.59,30312.3821,84,1563.28,17016.2191,202204
10.89,10.91,10.88,10.91,1489.16,16223.3882,58,829.2,9036.3078,202204
10.91,10.94,10.89,10.94,1576.26,17197.1178,74,1179.72,12874.3292,202204
10.94,10.96,10.94,10.94,2095.92,22942.8888,111,1095.85,11995.1138,202204
10.94,10.95,10.91,10.94,1284.07,14034.3575,89,573.47,6271.7862,202204
10.94,10.96,10.94,10.95,547.41,5992.1433,44,233.19,2553.1232,202204
10.95,10.96,10.94,10.96,3025.89,33132.9611,62,1146.68,12566.998,202204
10.95,10.98,10.95,10.96,4967.59,54443.5979,285,1937.16,21246.7557,202204
10.95,10.97,10.91,10.91,12448.72,136155.5498,204,5041.39,55208.2967,202204
10.92,10.95,10.92,10.95,4333.39,47373.6431,93,3663.56,40045.7255,202204
10.94,10.95,10.92,10.94,1409.9,15414.8076,68,803.21,8782.3816,202204
10.93,10.94,10.9,10.91,1576.54,17204.3032,67,521.59,5693.0996,202204
10.9,10.91,10.89,10.9,5931.45,64654.5021,80,384.18,4188.707,202204
10.91,10.91,10.87,10.88,2909.56,31673.1864,95,1108.46,12068.6917,202204
10.87,10.88,10.86,10.88,3887.22,42229.291,101,824.14,8959.2403,202204
10.87,10.87,10.85,10.86,3230.19,35067.035,90,1705.88,18519.0085,202204
10.85,10.85,10.79,10.8,6269.93,67833.3022,218,2681.95,28996.2037,202204
10.81,10.86,10.8,10.83,1889.83,20462.4515,293,1155.27,12509.6856,202204
10.82,10.85,10.81,10.82,1311.73,14208.3739,59,520.22,5636.7405,202204
10.81,10.81,10.77,10.79,6740.5,72714.0555,198,1877.99,20262.8106,202204
10.79,10.81,10.78,10.8,4030.99,43526.7104,110,3429.3,37032.7712,202204
10.8,10.84,10.8,10.83,3115.28,33727.9061,112,2314.5,25055.9831,202204
10.83,10.83,10.81,10.82,2581.56,27942.3234,53,1502.65,16267.3976,202204
10.82,10.85,10.82,10.82,2841.42,30760.6252,79,2225.49,24090.4466,202204
10.82,10.83,10.81,10.82,4531.51,49029.5205,67,764.13,8268.3197,202204
10.82,10.82,10.78,10.8,1850.96,19987.154,58,1267.95,13692.8369,202204
10.81,10.83,10.73,10.75,12008.26,129409.7664,330,5418.77,58427.103,202204
10.76,10.8,10.75,10.79,1222.35,13176.501,376,851.6,9181.6745,202204
10.8,10.86,10.8,10.85,2718.44,29446.1988,137,1551.72,16806.1221,202204
10.86,10.93,10.86,10.91,7759.37,84562.059,304,6738.7,73445.2965,202204
10.91,10.92,10.87,10.88,4708.73,51269.201,382,1189.43,12945.7027,202204
10.89,10.89,10.86,10.87,1021.63,11108.022,56,333.11,3621.8436,202204
10.86,10.87,10.85,10.87,1332.54,14470.3127,76,191.71,2082.2258,202204
10.87,10.9,10.87,10.88,952.42,10369.9927,41,286.21,3115.02,202204
10.89,10.92,10.88,10.91,3452.86,37660.7623,79,1582.72,17267.8103,202204
10.92,10.93,10.91,10.92,1613.35,17616.2275,68,1180.48,12890.5133,202204
10.91,10.91,10.89,10.91,991.07,10808.6627,42,118.31,1290.7412,202204
10.91,10.94,10.91,10.93,4240.97,46302.9787,122,1602.65,17507.7272,202204
10.92,10.94,10.9,10.91,1503.85,16403.9703,46,275.74,3011.6286,202204
10.91,10.96,10.91,10.94,4377.02,47878.5887,118,3993.31,43681.768,202204
10.94,10.98,10.93,10.98,701.42,7684.197,137,337.4,3697.4687,202204
10.98,10.99,10.94,10.96,5161.82,56581.4004,401,1225.6,13445.2239,202204
10.96,10.98,10.95,10.96,2698.81,29581.9977,100,2112.08,23154.3464,202204
10.96,10.96,10.94,10.96,1510.97,16546.4485,40,776.92,8509.0664,202204
10.95,10.98,10.94,10.97,1669.16,18303.6256,54,1335.71,14652.6572,202204
10.96,10.96,10.94,10.95,676.12,7402.8767,46,129.71,1420.3845,202204
10.94,10.96,10.94,10.96,1064.76,11659.1237,32,1036.34,11348.1709,202204
10.95,10.98,10.94,10.96,824.56,9033.9383,50,384.49,4213.6471,202204
10.97,10.98,10.96,10.96,2635.9,28915.9482,54,2276.36,24974.0634,202204
10.96,10.97,10.93,10.97,3034.8,33220.8309,103,626.8,6864.1721,202204
10.96,10.97,10.92,10.93,2299.17,25163.4661,127,1313.65,14380.637,202204
10.92,10.93,10.91,10.92,728.46,7958.8313,34,453.04,4951.2696,202204
10.93,10.94,10.9,10.92,3761.68,41039.5019,79,314.98,3439.1295,202204
10.92,10.93,10.9,10.9,1148.51,12529.4726,49,366.5,3999.0187,202204
10.9,10.91,10.87,10.89,3170.48,34524.6664,109,1409.56,15366.3169,202204
10.89,10.93,10.89,10.92,4684.8,51104.8287,206,2107.02,22981.9607,202204
10.92,10.94,10.91,10.94,2026.23,22134.3012,50,1671.75,18261.2377,202204
10.94,10.98,10.93,10.98,2037.15,22326.1796,81,1787.01,19585.0969,202204
10.97,10.98,10.95,10.95,1778.6,19497.8924,52,509.73,5587.8155,202204
10.96,10.97,10.95,10.97,1274.24,13973.636,54,947.1,10388.5976,202204
10.96,10.98,10.96,10.98,1073.55,11775.3997,22,751.14,8241.7861,202204
10.98,10.99,10.96,10.98,792.4,8697.2028,58,370.57,4068.5892,202204
10.99,10.99,10.98,10.99,1188.27,13058.7501,69,323.77,3558.2323,202204
10.98,11.0,10.97,10.99,2458.44,27012.415,84,1880.07,20662.4492,202204
10.99,11.02,10.99,10.99,4658.2,51259.9625,319,3414.97,37585.1165,202204
11.0,11.0,10.98,11.0,840.26,9237.2546,81,399.31,4390.9781,202204
10.99,10.99,10.96,10.97,2850.98,31299.9928,69,1201.26,13187.4726,202204
10.97,10.98,10.96,10.98,1280.17,14044.5441,23,1260.17,13825.3041,202204
10.97,10.97,10.93,10.93,1833.5,20076.6142,98,840.22,9202.3652,202204
10.93,10.94,10.87,10.89,6424.42,70023.563,266,1781.81,19438.3266,202204
10.89,10.92,10.89,10.92,1198.63,13074.1972,121,920.63,10041.7308,202204
10.91,10.92,10.9,10.92,146.4,1597.426,20,112.08,1223.0048,202204
10.92,10.92,10.9,10.9,1633.27,17810.8628,48,887.91,9681.285,202204
10.89,10.9,10.85,10.88,5491.14,59720.6975,184,3798.0,41315.7037,202204
10.89,10.92,10.86,10.9,1946.54,21182.0445,116,906.1,9864.5577,202204
10.89,10.91,10.89,10.89,440.89,4805.4177,19,62.06,676.944,202204
10.89,10.9,10.84,10.85,3592.92,39009.4945,109,1011.9,10978.8121,202204
10.85,10.89,10.85,10.88,3289.51,35760.458,145,1531.81,16658.6188,202204
10.88,10.92,10.87,10.92,3150.63,34295.9589,104,1163.24,12663.7536,202204
10.93,10.95,10.93,10.93,2366.01,25872.4453,96,742.95,8123.6472,202204
10.93,10.94,10.92,10.93,1315.55,14372.3881,52,213.09,2330.1753,202204
10.93,10.95,10.92,10.94,1475.74,16132.7975,84,742.76,8122.0787,202204
10.94,10.95,10.93,10.95,2528.71,27664.755,60,1862.89,20380.8945,202204
10.95,10.96,10.94,10.94,2842.16,31114.5524,88,545.48,5973.0306,202204
10.94,10.98,10.94,10.97,752.4,8246.5872,78,308.3,3379.6034,202204
10.98,10.98,10.94,10.94,18167.15,198970.3347,182,6658.48,72945.1979,202204
10.95,10.95,10.89,10.89,63366.79,690836.0015,443,43017.38,468915.3242,202204
10.89,10.9,10.88,10.89,885.03,9637.9361,49,615.83,6706.8001,202204
10.89,10.89,10.87,10.88,864.93,9411.3388,53,302.05,3287.5741,202204
10.88,10.9,10.88,10.9,3163.15,34449.1315,90,2876.69,31330.1318,202204
10.91,10.91,10.86,10.86,1065.19,11591.7147,61,182.75,1988.7007,202204
10.86,10.86,10.75,10.8,135882.93,1466947.17,1726,95970.18,1036127.7753,202204
10.8,10.86,10.79,10.83,8951.42,97045.9114,305,4432.76,48065.7497,202204
10.84,10.86,10.82,10.83,12914.44,139904.2597,184,1310.92,14214.155,202204
10.83,10.86,10.83,10.84,934.21,10135.2062,58,441.11,4786.0005,202204
10.84,10.86,10.79,10.79,5124.52,55374.4709,163,1576.67,17040.0119,202204
10.79,10.8,10.77,10.8,5146.6,55493.8855,222,856.82,9244.9039,202204
10.8,10.85,10.79,10.85,18074.06,195297.2453,251,16045.19,173358.1968,202204
10.85,10.85,10.78,10.79,4232.54,45793.948,156,654.14,7060.53,202204
10.78,10.82,10.75,10.77,15129.29,163061.2287,536,4792.3,51656.5548,202204
10.77,10.79,10.7,10.72,10390.52,111599.3083,449,4010.12,43100.0199,202204
10.71,10.74,10.63,10.7,48576.76,518947.7296,1519,20273.29,216521.5404,202204
10.7,10.77,10.7,10.77,17614.37,189322.2673,485,7602.71,81731.1649,202204
10.78,10.81,10.77,10.8,25146.1,271285.3484,427,19966.53,215422.403,202204
10.8,10.81,10.77,10.78,5805.01,62582.1932,250,2553.71,27542.3522,202204
10.78,10.79,10.69,10.7,9072.39,97379.8177,256,3921.14,42095.4471,202204
10.7,10.73,10.67,10.72,52625.96,563124.5153,818,33710.32,360718.1862,202204
10.72,10.73,10.66,10.69,8318.41,88903.6445,294,3104.9,33178.209,202204
10.69,10.73,10.68,10.71,23637.72,252965.152,483,17369.56,185889.6287,202204
10.71,10.71,10.61,10.63,22313.23,237752.7671,457,5566.74,59355.3713,202204
10.63,10.65,10.56,10.61,22503.88,238449.9958,1075,10068.0,106691.5842,202204
10.62,10.64,10.56,10.58,14338.53,151944.8497,368,5339.75,56645.5629,202204
10.57,10.58,10.5,10.52,14049.69,148053.4015,601,6148.35,64802.1474,202204
10.53,10.6,10.53,10.6,14692.26,155272.9133,752,7467.97,78953.5607,202204
10.6,10.64,10.57,10.62,14573.11,154569.8562,321,3710.27,39378.5432,202204
10.61,10.61,10.46,10.52,18667.57,196352.659,715,6301.73,66154.0066,202204
10.52,10.62,10.43,10.61,82403.6,868388.2302,1656,38390.92,405162.7874,202204
10.61,10.62,10.58,10.58,12201.71,129272.5107,282,2176.59,23066.6268,202204
10.58,10.6,10.53,10.59,3542.14,37413.0237,178,1457.28,15396.5994,202204
10.6,10.66,10.6,10.64,14974.79,159284.8403,477,9944.08,105784.4066,202204
10.64,10.64,10.59,10.61,4881.6,51821.2948,166,2209.03,23452.4916,202204
10.6,10.63,10.56,10.58,5525.82,58580.759,176,2811.76,29819.0834,202204
10.58,10.63,10.54,10.61,6019.98,63671.9718,253,3471.13,36704.9671,202204
10.6,10.6,10.52,10.53,8169.98,86282.4397,215,1189.55,12557.0317,202204
10.53,10.64,10.52,10.63,8237.59,87336.2839,256,4075.41,43189.4412,202204
10.64,10.69,10.63,10.68,5418.91,57777.744,200,3069.18,32739.7423,202204
10.68,10.69,10.6,10.6,15820.53,168484.3182,547,2930.77,31219.142,202204
10.61,10.66,10.56,10.64,18908.18,200558.7405,431,11564.76,122633.5916,202204
10.64,10.64,10.58,10.61,5201.0,55183.6397,184,1265.81,13431.5945,202204
10.61,10.64,10.6,10.62,9973.77,105923.9686,204,3415.62,36290.2672,202204
10.63,10.68,10.63,10.67,5700.03,60706.2108,126,3623.82,38599.2066,202204
10.67,10.67,10.62,10.63,7287.55,77558.0687,177,565.52,6018.0503,202204
10.63,10.67,10.62,10.62,4711.21,50124.6886,143,1441.55,15336.7363,202204
10.62,10.64,10.61,10.61,6079.93,64620.0887,196,4069.58,43258.8401,202204
10.61,10.67,10.6,10.67,6564.66,69904.0937,224,4270.59,45483.1454,202204
10.66,10.77,10.65,10.69,43005.49,460901.0222,1074,33792.73,362314.8341,202204
10.7,10.71,10.68,10.68,3126.75,33438.8682,129,1948.18,20831.9459,202204
10.68,10.7,10.62,10.68,8515.11,90789.9656,322,2854.51,30449.3475,202204
10.69,10.71,10.67,10.69,2770.03,29612.853,104,1952.84,20882.0022,202204
10.7,10.7,10.68,10.69,1966.81,21025.9007,98,638.92,6831.8389,202204
10.68,10.74,10.65,10.67,17128.21,182996.1234,470,8076.64,86277.7341,202204
10.67,10.67,10.61,10.61,9144.71,97375.183,194,6299.27,67090.0651,202204
10.61,10.64,10.52,10.53,25098.71,264909.744,1038,11996.46,126656.0228,202204
10.52,10.58,10.36,10.4,59957.71,626758.922,1501,24731.37,258883.6598,202204
10.4,10.44,10.38,10.4,20401.54,212289.4623,1126,10454.98,108845.4417,202204
10.4,10.46,10.36,10.36,50465.81,525008.8787,766,11327.03,117928.3057,202204
10.37,10.41,10.23,10.25,42569.12,439987.4099,1376,18617.62,192638.5322,202204
10.24,10.3,10.17,10.27,67874.72,695573.6156,1981,38934.2,399313.8739,202204
10.26,10.31,10.24,10.26,19890.33,204302.917,398,6452.6,66321.7389,202204
10.26,10.35,10.26,10.34,12192.78,125882.6619,399,6982.73,72096.2279,202204
10.34,10.35,10.29,10.35,9526.77,98265.2512,279,4248.67,43845.3826,202204
10.35,10.37,10.33,10.36,4839.24,50101.9716,304,2603.09,26954.9846,202204
10.36,10.44,10.35,10.42,7991.24,83244.2564,556,3810.33,39688.0226,202204
10.43,10.44,10.38,10.42,4615.98,48051.0925,277,2206.21,22977.6122,202204
10.42,10.44,10.38,10.42,7727.08,80431.9295,311,4057.94,42254.8137,202204
10.41,10.46,10.38,10.45,11640.77,121338.0203,294,4999.52,52125.9829,202204
10.45,10.46,10.41,10.41,2399.6,25026.5039,124,401.29,4185.5517,202204
10.42,10.42,10.38,10.38,1855.62,19289.4773,92,482.03,5013.5793,202204
10.38,10.4,10.34,10.35,4321.23,44779.6245,196,2671.08,27688.0491,202204
10.35,10.35,10.3,10.3,4861.19,50187.0538,245,2531.8,26133.0547,202204
10.3,10.34,10.28,10.32,7339.5,75695.1964,350,5521.98,56945.1288,202204
10.32,10.35,10.23,10.23,23633.83,243590.4116,358,7127.53,73403.8983,202204
10.23,10.32,10.21,10.3,9112.55,93555.8993,579,3506.21,35964.077,202204
10.3,10.3,10.22,10.23,21788.92,223596.7888,403,8813.81,90454.4674,202204
10.23,10.31,10.15,10.29,25510.16,261037.004,1058,16755.55,171481.9933,202204
10.29,10.32,10.28,10.32,4222.34,43512.5349,181,1850.09,19072.6212,202204
10.33,10.37,10.33,10.36,2125.03,21979.5765,178,958.07,9911.7645,202204
10.36,10.4,10.35,10.39,5294.57,54897.5845,316,2483.35,25750.1814,202204
10.4,10.42,10.37,10.4,15673.35,163010.2913,700,11507.09,119721.4923,202204
10.4,10.41,10.36,10.4,2273.1,23612.0181,125,650.09,6751.158,202204
10.39,10.41,10.35,10.36,9183.18,95320.1446,229,2731.32,28354.9675,202204
10.37,10.43,10.35,10.41,5461.07,56824.4111,226,3227.1,33606.5775,202204
10.41,10.42,10.32,10.34,7648.9,79315.2354,196,2012.91,20891.8992,202204
10.33,10.35,10.28,10.29,3100.68,31970.4432,163,1479.82,15254.1493,202204
10.28,10.28,10.21,10.24,21641.19,221885.7201,747,11665.19,119657.6914,202204
10.24,10.24,10.2,10.21,7673.71,78421.2888,238,3458.7,35350.7362,202204
10.21,10.25,10.18,10.2,12160.69,124180.1111,479,4031.93,41192.2125,202204
10.2,10.21,10.1,10.11,37747.14,384241.116,888,9509.33,96775.4351,202204
10.11,10.22,10.11,10.22,12653.5,128516.3492,498,8207.64,83324.103,202204
10.23,10.23,10.14,10.21,17511.85,178636.8369,329,12537.4,127931.0398,202204
10.19,10.22,10.16,10.2,2802.42,28569.3218,122,1645.88,16784.2732,202204
10.2,10.24,10.2,10.23,7565.53,77415.3257,180,4733.77,48447.435,202204
10.22,10.22,10.09,10.16,15668.29,158807.8282,542,5556.33,56339.4779,202204
10.16,10.17,10.06,10.11,28424.78,287075.9049,856,15742.58,159008.4379,202204
10.11,10.15,10.07,10.12,19622.47,198301.7837,369,15880.2,160431.5378,202204
10.12,10.19,10.12,10.17,4504.15,45747.8375,198,2045.12,20779.1709,202204
10.16,10.23,10.16,10.21,19976.55,203768.6841,343,13882.66,141612.7677,202204
10.21,10.22,10.17,10.19,3654.17,37263.0277,125,1911.44,19488.8124,202204
10.2,10.21,10.16,10.2,6456.85,65760.5852,174,4910.44,50024.4747,202204
10.2,10.2,10.16,10.19,2816.84,28674.9102,120,2119.18,21573.6337,202204
10.19,10.24,10.19,10.23,4372.37,44692.3866,227,2154.91,22028.1563,202204
10.23,10.28,10.21,10.26,1745.97,17888.6604,144,984.86,10096.0165,202204
10.26,10.29,10.25,10.29,3727.93,38303.3897,231,2106.78,21656.7721,202204
10.28,10.29,10.25,10.25,2476.39,25424.0764,176,988.52,10149.0825,202204
10.25,10.41,10.23,10.36,46103.38,477832.0057,1523,24962.41,258708.607,202204
10.37,10.39,10.27,10.27,11858.47,122556.3641,408,7701.43,79654.9374,202204
10.27,10.27,10.2,10.22,5635.12,57680.4549,311,2094.86,21455.3226,202204
10.21,10.21,10.15,10.15,4212.25,42871.3308,321,2339.63,23817.3979,202204
10.15,10.19,10.05,10.11,12851.31,129932.0195,918,6041.55,61091.8033,202204
10.11,10.16,10.08,10.12,9538.65,96519.9426,438,5609.98,56769.7543,202204
10.12,10.25,10.11,10.25,8638.25,88035.3017,490,4563.98,46482.4312,202204
10.26,10.27,10.21,10.26,5297.79,54252.1359,461,2694.24,27608.2783,202204
10.25,10.29,10.24,10.27,2141.95,21989.3453,179,997.37,10239.01,202204
10.27,10.31,10.26,10.26,6398.67,65789.6083,231,2124.45,21856.0061,202204
10.26,10.32,10.26,10.31,7215.81,74270.7316,208,4277.89,44051.1123,202204
10.31,10.34,10.29,10.33,7620.58,78624.5331,303,2272.46,23457.1061,202204
10.32,10.36,10.31,10.31,6443.45,66600.0158,341,1702.71,17613.5292,202204
10.31,10.32,10.27,10.32,7545.95,77612.8489,197,2127.89,21901.557,202204
10.31,10.35,10.31,10.32,4862.26,50244.0678,143,4291.01,44340.6454,202204
10.32,10.35,10.27,10.28,4142.03,42635.5596,155,924.32,9523.0965,202204
10.27,10.28,10.24,10.26,3829.27,39288.9092,173,1766.95,18135.8962,202204
10.26,10.28,10.23,10.25,1351.96,13858.707,69,617.92,6333.6191,202204
10.25,10.27,10.21,10.21,2480.92,25381.5451,144,932.16,9538.3937,202204
10.21,10.25,10.2,10.23,1343.61,13733.5043,193,1023.17,10460.5323,202204
10.23,10.29,10.23,10.28,2872.83,29436.289,110,1569.74,16087.2558,202204
10.28,10.32,10.27,10.31,3589.79,36978.4942,95,2348.5,24214.3304,202204
10.32,10.32,10.28,10.29,2532.34,26074.54,114,858.78,8846.033,202204
10.28,10.31,10.28,10.29,929.5,9567.7376,66,661.34,6808.4117,202204
10.29,10.35,10.29,10.34,3986.24,41153.0213,168,3262.23,33680.1195,202204
10.34,10.36,10.32,10.33,2444.83,25285.4352,120,1484.17,15349.3446,202204
10.33,10.34,10.28,10.28,1860.73,19170.5881,87,278.51,2875.7772,202204
10.28,10.28,10.25,10.27,3474.62,35660.8549,116,2684.82,27553.75,202204
10.28,10.32,10.26,10.31,2450.66,25193.3146,82,1703.95,17519.0713,202204
10.29,10.32,10.28,10.31,1018.65,10493.0395,35,729.51,7515.516,202204
10.31,10.33,10.31,10.33,387.06,3992.4729,33,94.77,978.037,202204
10.33,10.33,10.27,10.29,786.72,8104.2172,65,307.44,3168.0455,202204
10.29,10.3,10.27,10.27,1301.31,13378.0705,56,210.24,2163.0976,202204
10.26,10.32,10.26,10.32,1818.1,18719.0475,84,1067.98,10995.5367,202204
10.33,10.35,10.33,10.33,1666.09,17219.2372,63,649.32,6711.6971,202204
10.32,10.33,10.3,10.3,1257.89,12988.8863,29,425.48,4394.8206,202204
10.3,10.32,10.27,10.27,2317.47,23843.3438,92,603.75,6216.0004,202204
10.27,10.33,10.27,10.31,2605.95,26863.5477,92,1815.68,18712.2372,202204
10.31,10.31,10.29,10.29,430.96,4438.4373,41,258.9,2666.6834,202204
10.3,10.31,10.28,10.31,1104.53,11372.4734,45,752.79,7753.5977,202204
10.31,10.31,10.29,10.31,239.93,2471.756,26,150.47,1550.601,202204
10.31,10.32,10.31,10.31,666.89,6877.1563,25,238.52,2460.6616,202204
10.32,10.34,10.32,10.33,494.83,5110.4205,65,378.12,3904.8062,202204
10.34,10.34,10.29,10.29,657.52,6784.8924,52,50.27,518.867,202204
10.29,10.3,10.29,10.29,113.77,1170.737,10,4.37,45.011,202204
10.29,10.3,10.27,10.3,893.86,9192.2818,50,852.35,8765.309,202204
10.29,10.31,10.28,10.3,308.74,3176.8332,20,186.63,1919.9538,202204
10.31,10.33,10.3,10.3,2115.51,21799.3396,69,628.52,6478.9852,202204
10.29,10.3,10.26,10.27,2566.41,26353.9711,113,1372.01,14083.3539,202204
10.28,10.3,10.25,10.27,1564.47,16071.9568,86,1006.73,10343.6262,202204
10.28,10.29,10.25,10.26,6305.23,64733.1541,187,994.2,10207.34,202204
10.26,10.26,10.17,10.17,10908.69,111405.4463,386,2599.58,26551.8411,202204
10.17,10.19,10.13,10.14,16167.07,164120.628,421,5529.7,56226.7743,202204
10.14,10.18,10.13,10.14,3536.62,35879.2098,258,1055.12,10712.6235,202204
10.14,10.17,10.12,10.13,10537.55,107036.6585,307,6846.79,69566.7845,202204
10.13,10.18,10.13,10.18,2347.48,23844.4925,228,1975.56,20064.3851,202204
10.18,10.19,10.12,10.13,4230.23,42955.3617,169,2718.7,27623.4527,202204
10.13,10.17,10.13,10.17,2663.66,27042.4177,106,2115.45,21486.5203,202204
10.16,10.19,10.14,10.18,2801.23,28483.0659,112,1611.9,16392.6587,202204
10.16,10.18,10.1,10.11,1764.73,17887.8916,98,593.4,6021.5093,202204
10.11,10.17,10.09,10.12,8486.57,85955.0615,320,4124.37,41817.5524,202204
10.12,10.15,10.06,10.14,5707.09,57636.5214,449,3565.65,36038.8855,202204
10.14,10.16,10.11,10.11,3243.48,32885.4987,153,1455.31,14753.4334,202204
10.11,10.16,10.11,10.16,869.34,8811.6699,65,634.41,6429.8602,202204
10.16,10.18,10.14,10.15,1763.19,17906.725,90,721.82,7333.08,202204
10.15,10.19,10.15,10.16,576.28,5859.8168,52,403.32,4100.9808,202204
10.16,10.18,10.09,10.09,3794.74,38396.3332,160,1106.66,11195.6633,202204
10.1,10.11,10.05,10.07,5178.15,52193.1266,150,2333.98,23531.683,202204
10.06,10.1,10.01,10.07,17667.85,177374.6938,609,5711.04,57476.1451,202204
10.07,10.07,9.93,10.02,56174.84,561132.0414,1638,17186.23,172053.7065,202204
10.03,10.03,9.91,9.93,14261.1,141900.636,473,5365.31,53446.9588,202204
9.93,9.98,9.91,9.96,10332.05,102659.4367,299,3037.18,30198.7509,202204
9.96,10.03,9.93,10.03,18221.3,182044.3968,565,12634.73,126258.3035,202204
10.03,10.04,9.97,10.0,10356.28,103502.207,426,6518.7,65153.6189,202204
10.0,10.08,9.95,10.07,15357.66,153889.3047,473,9960.6,99823.5306,202204
10.07,10.12,10.05,10.06,13714.53,138324.3738,620,5315.95,53606.5463,202204
10.06,10.13,10.06,10.1,12353.83,124764.7513,462,3849.95,38901.1229,202204
10.1,10.1,10.06,10.1,11174.93,112672.3218,281,5544.68,55909.7264,202204
10.1,10.13,10.07,10.1,13394.61,135334.4807,305,6628.01,66954.2594,202204
10.11,10.11,10.06,10.08,11775.15,118858.3234,336,2578.7,26043.9132,202204
10.07,10.08,10.03,10.03,6995.72,70374.0555,245,2763.05,27818.6838,202204
10.02,10.02,9.94,10.0,21676.64,216457.3582,778,15182.93,151611.8408,202204
10.0,10.0,9.81,9.87,44477.23,439762.4283,1954,20944.64,206967.7153,202204
9.86,9.9,9.83,9.89,13521.19,133295.2189,513,7124.99,70247.5263,202204
9.9,9.95,9.88,9.92,16245.07,161140.0714,529,7694.84,76328.5344,202204
9.92,9.99,9.88,9.99,17308.94,171794.2991,603,9057.98,89958.7214,202204
9.98,10.03,9.96,9.98,16214.54,162011.8043,588,6232.84,62255.1044,202204
9.98,10.01,9.9,9.91,16799.22,167418.6962,441,7573.4,75493.145,202204
9.91,9.95,9.88,9.93,11790.64,116928.0696,533,5180.51,51395.3201,202204
9.94,9.97,9.93,9.96,9975.64,99227.1826,264,5103.76,50786.1698,202204
9.96,9.99,9.93,9.98,8721.89,86818.9738,336,3688.48,36727.581,202204
9.98,10.01,9.97,9.99,11074.95,110684.6752,366,6073.41,60723.5222,202204
9.99,10.01,9.96,9.99,8833.37,88236.8557,351,2801.65,27999.5787,202204
9.99,10.02,9.96,10.0,7741.17,77298.7988,337,4523.43,45161.8004,202204
9.99,10.02,9.97,10.0,7050.68,70485.5068,271,3228.06,32285.623,202204
10.0,10.02,9.99,10.0,8974.08,89793.0383,309,5570.66,55763.0727,202204
10.0,10.02,9.96,10.0,20256.8,202426.7908,439,11808.3,118078.8012,202204
10.0,10.0,9.97,10.0,3155.47,31492.7935,128,778.87,7780.2524,202204
9.99,10.0,9.95,9.96,8255.33,82295.4001,178,2278.55,22706.3942,202204
9.95,9.97,9.93,9.94,3284.72,32699.6559,108,1394.04,13879.469,202204
9.93,9.95,9.88,9.9,4530.77,44919.8684,245,2240.43,22221.057,202204
9.9,9.92,9.88,9.89,2323.32,22988.53,109,1291.64,12778.8413,202204
9.9,10.01,9.89,10.0,7039.75,70062.0452,265,4524.04,45036.6302,202204
10.0,10.02,9.98,9.99,1950.1,19515.502,101,1063.97,10647.7223,202204
10.0,10.0,9.95,9.96,1967.3,19621.2574,124,530.92,5295.3106,202204
9.96,10.0,9.96,9.96,1883.58,18786.9544,115,1088.91,10860.6283,202204
9.96,10.01,9.96,10.01,3657.69,36522.7013,124,2522.83,25197.9807,202204
10.01,10.04,10.01,10.02,2352.72,23585.896,255,650.35,6521.0963,202204
10.02,10.03,9.99,10.03,5267.95,52747.6771,143,3087.87,30940.4629,202204
10.02,10.03,10.01,10.01,2086.05,20898.1849,86,1532.05,15351.6663,202204
10.01,10.02,9.96,9.97,2824.83,28214.2146,92,703.54,7033.5358,202204
9.97,10.0,9.96,10.0,1387.03,13843.7933,90,1114.27,11123.8374,202204
10.0,10.0,9.95,9.97,6247.8,62302.2335,137,3335.4,33268.114,202204
9.97,9.97,9.93,9.94,2064.59,20555.574,106,1023.38,10191.9302,202204
9.94,9.97,9.9,9.96,5218.79,51900.8498,334,3444.38,34268.5906,202204
9.96,9.98,9.95,9.98,4379.93,43662.1017,85,1288.24,12838.8658,202204
9.98,9.98,9.95,9.98,1415.12,14109.0347,81,1058.8,10559.1764,202204
9.97,9.98,9.93,9.95,4437.76,44128.5256,138,2520.17,25052.9969,202204
9.96,10.0,9.95,9.98,1617.91,16132.7511,70,1029.19,10268.9853,202204
9.99,9.99,9.96,9.97,2021.48,20165.9171,67,666.76,6652.4579,202204
9.97,10.0,9.94,10.0,3036.89,30274.9441,125,2177.52,21716.42,202204
10.0,10.01,9.98,10.01,2473.75,24725.5553,125,1323.03,13231.3416,202204
10.0,10.0,9.96,9.97,2461.34,24578.8477,74,478.11,4770.4058,202204
9.97,9.99,9.95,9.98,5802.65,57857.5776,112,1527.52,15234.3209,202204
9.98,10.0,9.98,10.0,1538.03,15374.1457,47,699.96,6997.2512,202204
10.0,10.02,10.0,10.02,4036.82,40417.1068,67,2894.79,28985.5942,202204
10.01,10.02,10.0,10.01,889.15,8901.6976,48,273.49,2739.5564,202204
10.02,10.03,10.01,10.03,1619.77,16241.2249,71,958.14,9609.4315,202204
10.02,10.03,9.99,9.99,3624.09,36264.4713,93,690.4,6916.7222,202204
10.0,10.05,9.98,10.05,2282.75,22855.828,90,1233.94,12357.4348,202204
10.04,10.07,10.04,10.06,12327.14,123964.783,212,8247.39,82957.4159,202204
10.06,10.06,10.04,10.05,2614.34,26283.8122,168,1597.12,16061.6269,202204
10.05,10.07,10.02,10.04,5748.16,57672.8016,184,1537.88,15451.423,202204
10.04,10.04,10.01,10.02,764.57,7661.1934,83,530.77,5318.9294,202204
10.02,10.04,10.0,10.02,4581.05,45904.7002,137,3346.56,33540.2222,202204
10.02,10.04,10.01,10.04,1569.49,15727.8695,53,1116.53,11189.6022,202204
10.03,10.04,10.02,10.04,1713.3,17184.7035,42,540.07,5418.2585,202204
10.03,10.04,10.01,10.01,1618.99,16230.0844,55,740.75,7429.548,202204
10.01,10.02,9.97,9.98,2998.57,29982.2055,104,1103.44,11042.263,202204
9.98,10.01,9.97,10.01,3608.2,36028.6804,131,2829.9,28264.7504,202204
10.01,10.02,9.99,9.99,1403.38,14041.3272,75,381.37,3818.2829,202204
10.0,10.03,9.98,10.03,2006.29,20080.9097,70,1872.18,18740.2685,202204
10.03,10.07,10.02,10.07,2229.43,22393.258,95,1199.07,12045.7154,202204
10.07,10.09,10.07,10.08,1063.06,10714.6316,68,91.2,919.5332,202204
10.08,10.1,10.07,10.08,2158.64,21780.7593,119,1285.19,12970.9711,202204
10.08,10.08,10.04,10.05,4780.41,48086.4811,197,679.39,6835.962,202204
10.05,10.06,10.01,10.03,8060.26,80822.2221,203,1838.32,18441.4399,202204
10.03,10.04,10.01,10.02,3070.85,30803.8243,97,1365.71,13707.938,202204
10.02,10.07,10.02,10.06,2996.6,30090.0793,85,1895.11,19041.5003,202204
10.06,10.09,10.06,10.09,896.85,9036.6062,47,616.22,6210.7347,202204
10.08,10.09,10.07,10.07,1343.84,13545.0799,65,458.82,4625.3594,202204
10.08,10.1,10.07,10.1,1334.92,13458.0153,49,1052.08,10609.7119,202204
10.1,10.12,10.09,10.12,1371.45,13861.9672,92,1080.78,10926.1408,202204
10.12,10.13,10.09,10.1,4673.85,47245.6169,347,3008.69,30415.3897,202204
10.11,10.11,10.09,10.1,2763.15,27895.4512,70,954.55,9641.4332,202204
10.1,10.12,10.09,10.11,2581.25,26080.4976,86,1137.47,11497.8234,202204
10.12,10.14,10.11,10.13,8976.13,90873.3159,185,8231.93,83340.1486,202204
10.12,10.15,10.12,10.14,4145.05,42002.0403,141,2169.07,21988.4998,202204
10.14,10.18,10.14,10.18,7291.68,74101.9239,200,4991.24,50717.8323,202204
10.18,10.18,10.15,10.16,6611.54,67199.0611,189,2455.89,24972.814,202204
10.15,10.19,10.15,10.18,6364.18,64735.9076,154,3961.97,40313.1499,202204
10.19,10.19,10.11,10.16,8720.08,88469.2928,372,2421.62,24568.8502,202204
10.15,10.17,10.15,10.17,1462.58,14863.5445,87,841.66,8556.9585,202204
10.17,10.18,10.16,10.17,2447.77,24896.4363,56,1389.62,14138.0578,202204
10.18,10.18,10.14,10.15,2489.0,25294.0755,88,1107.33,11258.4226,202204
10.14,10.17,10.13,10.17,1475.75,14981.7051,50,1013.55,10294.819,202204
10.17,10.19,10.17,10.17,1768.01,17990.7733,83,1384.01,14084.7495,202204
10.16,10.16,10.14,10.14,2538.32,25752.1946,73,772.12,7836.2639,202204
10.15,10.16,10.13,10.15,7184.2,72879.4983,143,1916.59,19452.3688,202204
10.14,10.17,10.12,10.16,3084.42,31291.9802,118,1896.49,19248.6618,202204
10.16,10.17,10.15,10.15,1955.39,19860.8135,107,1189.8,12085.5611,202204
10.16,10.17,10.12,10.12,1682.19,17063.6193,86,1082.4,10981.4553,202204
10.13,10.15,10.12,10.15,1871.36,18966.5302,52,1328.29,13465.434,202204
10.15,10.17,10.15,10.17,997.13,10133.6044,53,954.94,9705.0157,202204
10.17,10.18,10.16,10.16,892.34,9073.8228,54,499.21,5079.2353,202204
10.15,10.15,10.13,10.14,990.68,10046.5031,58,660.96,6702.1851,202204
10.15,10.15,10.12,10.14,1442.29,14618.5064,68,663.74,6728.7538,202204
10.13,10.16,10.13,10.14,3337.09,33880.6156,78,3042.85,30897.7266,202204
10.13,10.16,10.11,10.15,3314.93,33561.4179,104,1524.01,15431.5168,202204
10.15,10.16,10.14,10.15,2746.89,27882.8664,63,941.95,9562.9032,202204
10.15,10.15,10.12,10.13,626.59,6353.2267,44,322.3,3268.0857,202204
10.12,10.13,10.09,10.1,4298.98,43452.3285,184,964.09,9742.8002,202204
10.11,10.11,10.06,10.07,2428.47,24480.3938,126,1297.45,13080.3205,202204
10.07,10.09,10.05,10.09,836.68,8422.1296,73,547.82,5516.0735,202204
10.09,10.09,10.05,10.05,690.22,6950.227,61,133.8,1349.5637,202204
10.06,10.06,9.99,10.01,13551.53,135919.2199,460,6372.94,63893.203,202204
10.02,10.02,10.0,10.02,5112.02,51173.1623,89,3091.58,30948.6457,202204
10.02,10.07,10.01,10.07,5099.64,51264.1782,252,4551.76,45754.8588,202204
10.08,10.1,10.07,10.08,1898.65,19148.8565,108,1332.95,13444.9731,202204
10.08,10.09,10.04,10.06,2473.44,24886.4209,88,1184.26,11924.8431,202204
10.06,10.07,10.05,10.06,581.29,5846.6898,38,356.44,3585.0062,202204
10.06,10.11,10.06,10.1,1634.29,16487.3277,83,1586.12,16001.3739,202204
10.1,10.12,10.09,10.09,1451.3,14667.4582,86,1133.0,11451.0732,202204
10.1,10.12,10.09,10.12,6956.56,70265.72,88,2031.33,20527.936,202204
10.12,10.12,10.1,10.1,3154.22,31883.1287,85,556.79,5626.9704,202204
10.11,10.11,10.09,10.09,1687.22,17036.0686,49,910.59,9197.0609,202204
10.09,10.11,10.09,10.11,544.39,5498.6683,22,515.48,5206.7788,202204
10.1,10.11,10.09,10.1,2974.13,30013.7559,47,1072.92,10828.3314,202204
10.09,10.11,10.07,10.08,1663.78,16769.4599,62,537.9,5421.9748,202204
10.08,10.08,10.05,10.06,2108.73,21226.8558,58,948.66,9550.7912,202204
10.07,10.08,10.06,10.07,700.8,7053.8924,35,238.82,2405.0099,202204
10.07,10.09,10.05,10.09,1855.99,18709.7198,59,1582.37,15954.5584,202204
10.09,10.11,10.09,10.11,183.58,1854.1709,19,75.09,758.4518,202204
10.11,10.11,10.09,10.11,779.2,7869.1521,28,142.72,1441.6543,202204
10.1,10.12,10.08,10.11,13169.54,132897.1094,221,3751.06,37869.3438,202204
10.11,10.2,10.09,10.13,17262.42,175342.4858,722,8934.18,90720.3839,202204
10.13,10.18,10.07,10.14,13148.88,133121.2435,325,8123.46,82227.117,202204
10.14,10.18,10.11,10.12,7375.15,74774.8854,155,1943.85,19719.4296,202204
10.12,10.15,10.12,10.15,3969.98,40242.5441,73,1411.77,14308.7922,202204
10.15,10.16,10.13,10.16,1646.51,16711.7633,77,1178.41,11962.9623,202204
10.15,10.21,10.14,10.2,11520.05,117241.3786,282,6670.05,67884.6685,202204
10.2,10.24,10.2,10.24,7001.81,71519.9113,210,5240.07,53524.9847,202204
10.23,10.28,10.23,10.26,14085.67,144541.2119,786,4405.4,45204.3434,202204
10.25,10.26,10.18,10.21,12545.37,128134.1405,408,4555.28,46563.0483,202204
10.2,10.21,10.17,10.2,7884.01,80376.4089,218,5028.95,51288.0487,202204
10.2,10.24,10.18,10.24,2073.34,21155.8593,156,1375.49,14043.5931,202204
10.23,10.26,10.22,10.25,3540.2,36272.9697,135,1870.1,19163.8409,202204
10.25,10.28,10.25,10.27,2297.17,23577.552,88,1848.54,18976.6049,202204
10.27,10.29,10.24,10.25,16160.63,165905.0007,363,1825.54,18756.6443,202204
10.24,10.27,10.24,10.25,2499.68,25634.7723,99,1639.49,16813.7011,202204
10.25,10.26,10.24,10.25,1114.59,11428.8632,60,938.36,9622.5855,202204
10.26,10.26,10.22,10.23,1109.55,11361.1097,67,568.33,5819.1506,202204
10.23,10.23,10.19,10.2,4631.8,47262.5947,147,2419.04,24678.4339,202204
10.21,10.21,10.16,10.16,4102.59,41757.5089,128,2376.33,24182.2669,202204
10.17,10.17,10.13,10.15,12187.67,123605.6749,247,4239.33,42995.163,202204
10.15,10.18,10.14,10.15,5130.82,52103.1847,145,3959.65,40209.7711,202204
10.15,10.16,10.12,10.13,1972.08,19982.0137,87,945.43,9576.5816,202204
10.12,10.14,10.11,10.12,1991.38,20158.655,138,1493.47,15120.5159,202204
10.12,10.14,10.11,10.13,810.77,8215.1577,49,679.75,6888.5867,202204
10.13,10.14,10.06,10.06,4496.71,45433.1943,177,2233.65,22575.3348,202204
10.06,10.1,10.05,10.05,6493.74,65337.2211,314,1870.3,18829.0711,202204
10.05,10.1,10.05,10.08,1329.55,13397.7742,68,708.44,7135.3357,202204
10.09,10.11,10.05,10.05,5670.48,57228.055,315,3871.78,39099.7454,202204
10.05,10.08,10.03,10.06,5949.89,59796.2959,200,3288.32,33050.8649,202204
10.06,10.13,10.04,10.12,6097.91,61482.145,250,3971.9,40046.1061,202204
10.13,10.17,10.11,10.14,14073.17,142901.4745,241,6151.84,62463.3443,202204
10.15,10.17,10.12,10.12,3994.72,40497.1331,145,1207.55,12250.0559,202204
10.12,10.16,10.1,10.13,5568.4,56429.6139,129,2205.52,22347.0561,202204
10.14,10.19,10.14,10.18,4380.85,44523.3231,158,2884.53,29329.4595,202204
10.18,10.2,10.17,10.17,5001.39,50939.1739,154,3081.31,31386.9785,202204
10.18,10.22,10.15,10.17,8503.91,86634.5453,417,4992.2,50853.1663,202204
10.18,10.18,10.13,10.16,3841.77,39020.641,133,1274.9,12946.0578,202204
10.15,10.16,10.12,10.15,3571.15,36223.1048,88,2092.54,21227.1036,202204
10.15,10.16,10.13,10.15,2679.83,27187.7044,66,836.98,8491.8472,202204
10.15,10.15,10.11,10.13,2278.24,23053.1011,105,1173.68,11876.5975,202204
10.12,10.14,10.1,10.13,4004.94,40555.6312,115,2360.77,23909.789,202204
10.12,10.14,10.1,10.14,14904.32,150993.0337,232,4373.63,44338.8431,202204
10.14,10.17,10.13,10.13,2279.0,23135.3279,144,488.59,4961.2254,202204
10.12,10.12,10.05,10.07,7891.76,79573.0251,291,3542.35,35713.0956,202204
10.07,10.1,10.06,10.06,2810.86,28329.5155,103,1228.59,12386.9429,202204
10.07,10.08,10.0,10.03,12235.01,122659.1053,397,5761.28,57784.8563,202204
10.04,10.05,9.99,10.03,5566.91,55796.6158,367,2410.15,24177.3256,202204
10.03,10.09,10.01,10.05,6471.82,65046.8358,240,3889.96,39111.3881,202204
10.05,10.08,10.04,10.06,2720.87,27364.9927,148,1638.3,16480.3807,202204
10.06,10.06,9.94,9.97,15495.57,154456.7214,511,6238.88,62196.5882,202204
9.96,10.03,9.95,10.03,10819.06,107979.1599,337,8183.79,81681.9963,202204
10.03,10.04,10.0,10.03,6088.18,60953.6554,134,1603.1,16067.1175,202204
10.02,10.02,9.94,9.94,7164.86,71422.9725,218,2340.21,23331.8628,202204
9.94,9.95,9.89,9.92,11611.53,115100.2046,505,5540.91,54939.0988,202204
9.93,10.02,9.93,10.02,11858.28,118459.4361,460,9444.37,94358.83,202204
10.01,10.03,10.0,10.02,1485.9,14891.8737,100,777.35,7792.6315,202204
10.03,10.07,10.03,10.03,3360.4,33742.412,249,1711.41,17178.4442,202204
10.03,10.1,10.03,10.07,2523.41,25421.7355,128,1490.7,15010.1557,202204
10.07,10.09,10.06,10.06,2144.76,21611.2142,103,331.41,3342.1919,202204
10.06,10.1,10.06,10.06,2522.31,25415.9879,131,1490.65,15020.5094,202204
10.06,10.12,10.06,10.12,3765.08,37989.0834,129,1714.12,17289.419,202204
10.12,10.18,10.11,10.16,6305.69,63968.9312,539,1471.39,14918.9567,202204
10.16,10.16,10.12,10.15,1586.62,16081.8498,189,922.54,9351.8308,202204
10.14,10.16,10.1,10.12,5631.45,57167.7948,100,4770.4,48436.6319,202204
10.12,10.12,10.09,10.12,1741.7,17604.7398,64,742.56,7506.2854,202204
10.11,10.16,10.11,10.16,4920.69,49901.3255,96,709.34,7191.8505,202204
10.16,10.17,10.15,10.16,299.05,3037.3594,27,253.15,2571.0944,202204
10.15,10.15,10.08,10.09,7311.71,73983.3037,188,2722.65,27541.3356,202204
10.09,10.11,10.05,10.05,4668.49,47077.8873,167,3276.06,33047.5683,202204
10.05,10.1,10.05,10.09,2456.4,24745.3562,94,1809.48,18231.6976,202204
10.09,10.17,10.09,10.16,9083.47,92204.8126,275,8456.62,85855.9597,202204
10.17,10.19,10.14,10.16,12405.94,126081.6704,281,3724.4,37858.5249,202204
10.15,10.16,10.14,10.16,2658.55,26993.2046,68,1240.62,12599.1073,202204
10.16,10.19,10.15,10.18,2782.04,28310.9221,102,1279.96,13023.8532,202204
10.19,10.19,10.14,10.14,4698.35,47712.2927,139,1774.88,18026.4346,202204
10.14,10.17,10.14,10.15,2159.24,21932.9434,57,971.21,9863.5066,202204
10.15,10.18,10.15,10.16,19815.77,201309.6864,158,5825.72,59195.6338,202204
10.16,10.18,10.14,10.15,3406.27,34586.4164,118,535.71,5444.4954,202204
10.15,10.16,10.13,10.14,646.02,6552.5954,66,271.86,2758.7387,202204
10.14,10.15,10.09,10.1,2532.25,25635.5524,108,1542.01,15621.9532,202204
10.1,10.12,10.08,10.09,1734.69,17524.8575,90,432.1,4364.3742,202204
10.09,10.1,10.08,10.09,516.91,5216.7545,45,338.28,3414.4952,202204
10.1,10.15,10.1,10.15,4098.66,41496.3317,114,3749.16,37952.7172,202204
10.15,10.17,10.12,10.13,2055.34,20857.1283,103,407.43,4134.7168,202204
10.13,10.15,10.12,10.15,2918.3,29591.2688,136,2228.64,22604.7744,202204
10.16,10.17,10.12,10.14,5355.1,54296.0297,166,1643.78,16675.9547,202204
10.15,10.17,10.14,10.16,575.59,5844.0627,64,185.22,1881.7732,202204
10.15,10.19,10.15,10.19,2703.37,27502.595,139,1929.73,19636.7619,202204
10.18,10.22,10.18,10.21,5716.06,58317.888,360,2935.86,29951.2859,202204
10.2,10.21,10.17,10.19,5798.75,59114.3857,211,1628.1,16598.0811,202204
10.19,10.19,10.15,10.18,2630.31,26749.8127,82,1326.68,13501.9079,202204
10.18,10.2,10.15,10.2,8655.81,88179.0003,117,5733.69,58414.6554,202204
10.19,10.2,10.17,10.19,3466.56,35315.0917,60,868.61,8845.759,202204
10.18,10.2,10.18,10.2,1063.79,10844.2822,67,751.99,7667.1452,202204
10.19,10.22,10.19,10.22,1410.01,14395.2733,53,1372.14,14009.0514,202204
10.21,10.25,10.21,10.24,2908.11,29746.3176,230,2224.21,22752.4937,202204
10.23,10.24,10.21,10.23,6873.63,70216.4172,315,1530.32,15642.7655,202204
10.24,10.25,10.23,10.23,1199.73,12281.1464,53,503.15,5154.4974,202204
10.23,10.24,10.21,10.21,883.49,9032.7801,63,459.77,4703.8932,202204
10.21,10.21,10.19,10.19,2366.24,24130.9762,73,828.9,8455.8792,202204
10.19,10.19,10.16,10.17,2661.63,27090.0105,88,1013.52,10313.3114,202204
10.18,10.19,10.17,10.17,317.83,3236.2297,43,215.99,2199.7635,202204
10.17,10.18,10.15,10.17,1834.13,18641.4236,90,1040.82,10580.7783,202204
10.17,10.17,10.15,10.17,254.83,2590.1218,15,128.45,1306.2417,202204
10.17,10.19,10.15,10.16,2044.65,20810.1393,47,1718.24,17490.8725,202204
10.16,10.19,10.16,10.16,1790.15,18214.7099,60,1177.33,11983.8062,202204
10.16,10.17,10.15,10.15,370.13,3759.9913,34,231.3,2349.9245,202204
10.15,10.17,10.14,10.15,1026.51,10426.3267,58,564.58,5735.9796,202204
10.15,10.17,10.15,10.17,638.74,6490.0161,41,544.92,5536.8113,202204
10.17,10.18,10.16,10.17,1782.99,18129.8444,58,1435.46,14597.7846,202204
10.16,10.16,10.15,10.16,160.4,1629.1813,15,21.21,215.4936,202204
10.16,10.16,10.14,10.15,2246.23,22791.9372,88,737.4,7482.0286,202204
10.14,10.15,10.13,10.13,1949.15,19758.6976,69,76.03,771.6175,202204
10.14,10.2,10.14,10.19,9503.2,96763.4145,261,7881.56,80252.2838,202204
10.2,10.28,10.2,10.27,13379.15,136886.0315,468,11085.08,113406.4314,202204
10.27,10.28,10.26,10.27,2149.92,22076.5722,97,603.56,6198.9446,202204
10.28,10.3,10.26,10.29,7337.12,75427.9322,516,2355.51,24238.0413,202204
10.3,10.3,10.28,10.29,2614.15,26899.6035,91,1204.22,12399.926,202204
10.29,10.29,10.28,10.29,481.33,4950.7119,29,118.25,1216.7925,202204
10.29,10.31,10.24,10.26,4882.96,50118.2353,238,821.09,8443.6745,202204
10.24,10.27,10.24,10.27,1089.98,11168.1929,63,447.98,4593.131,202204
10.26,10.28,10.26,10.28,974.37,10000.7358,39,280.28,2879.3597,202204
10.27,10.27,10.25,10.25,829.61,8509.0752,41,350.05,3591.6218,202204
10.25,10.25,10.18,10.19,2913.6,29718.7413,117,706.01,7203.1598,202204
10.19,10.24,10.18,10.24,5905.89,60326.5709,219,5656.67,57783.6977,202204
10.24,10.28,10.24,10.28,10192.16,104616.6571,386,9410.07,96592.4607,202204
10.29,10.35,10.28,10.33,14483.0,149480.5736,644,9412.36,97135.9228,202204
10.33,10.34,10.27,10.28,19356.09,199546.304,507,3713.41,38266.6835,202204
10.28,10.3,10.28,10.3,1248.28,12842.9901,65,1071.31,11022.5372,202204
10.3,10.31,10.29,10.3,1058.22,10901.3149,67,875.16,9016.0214,202204
10.3,10.31,10.3,10.31,1407.08,14495.9928,31,261.32,2693.2946,202204
10.32,10.32,10.28,10.32,2876.94,29627.8214,117,1359.67,14004.4247,202204
10.32,10.34,10.31,10.31,2953.24,30490.0637,125,1432.22,14783.7634,202204
10.32,10.33,10.32,10.32,1355.96,13995.1579,39,1158.26,11954.8939,202204
10.33,10.33,10.3,10.32,1046.31,10794.1005,51,568.05,5861.0569,202204
10.32,10.36,10.31,10.35,2203.13,22771.5597,88,1281.82,13263.2329,202204
10.36,10.38,10.33,10.36,13689.04,141831.3668,466,11739.8,121650.4049,202204
10.36,10.4,10.36,10.39,5381.17,55881.1123,274,3494.24,36289.4442,202204
10.39,10.42,10.37,10.37,8510.83,88548.7963,438,6656.85,69282.7354,202204
10.37,10.38,10.36,10.38,1767.68,18334.3097,94,845.16,8767.8323,202204
10.38,10.41,10.36,10.41,2791.68,28994.6645,106,2069.54,21506.8674,202204
10.42,10.42,10.4,10.41,671.14,6985.1262,45,287.04,2988.1634,202204
10.4,10.43,10.4,10.43,1003.7,10458.0725,104,460.77,4801.5642,202204
10.42,10.44,10.4,10.43,1805.96,18821.0446,109,1237.39,12899.548,202204
10.43,10.46,10.43,10.46,3425.96,35798.8842,235,2172.86,22708.1686,202204
10.44,10.46,10.44,10.46,1247.51,13037.1254,40,812.5,8495.1577,202204
10.46,10.49,10.46,10.48,1345.08,14087.801,120,798.75,8366.9607,202204
10.49,10.51,10.43,10.43,9152.31,95851.1559,813,2472.15,25915.9699,202204
10.43,10.46,10.42,10.46,1463.32,15286.4742,76,981.47,10256.6433,202204
10.46,10.5,10.44,10.49,3409.51,35686.8437,175,2026.38,21203.8447,202204
10.48,10.51,10.48,10.51,11793.54,123791.0336,176,8883.54,93265.7877,202204
10.5,10.51,10.5,10.51,1471.23,15448.8032,73,853.3,8960.5382,202204
10.51,10.55,10.5,10.53,6740.1,70934.5264,443,3653.9,38451.5133,202204
10.53,10.55,10.48,10.49,7123.99,74882.8971,492,1577.14,16584.8956,202204
10.48,10.5,10.44,10.44,9285.61,97145.2222,245,2143.73,22439.9939,202204
10.44,10.45,10.41,10.42,7262.73,75731.0112,271,3414.71,35615.3605,202204
10.43,10.48,10.4,10.48,3703.43,38665.8795,286,3115.94,32540.6648,202204
10.48,10.51,10.47,10.51,1601.27,16794.5466,100,703.54,7380.7688,202204
10.51,10.51,10.46,10.49,1729.39,18130.472,88,314.9,3303.4818,202204
10.49,10.52,10.49,10.5,8500.29,89305.5882,195,7798.17,81928.9403,202204
10.5,10.51,10.46,10.46,3321.75,34814.9215,107,628.31,6592.2596,202204
10.46,10.48,10.43,10.43,2584.78,27027.8781,113,1205.0,12607.748,202204
10.42,10.43,10.41,10.42,1597.42,16642.2331,67,513.14,5346.9356,202204
10.42,10.46,10.42,10.45,14749.79,153856.0769,116,13248.15,138189.0108,202204
10.45,10.46,10.41,10.42,2546.84,26554.8067,80,910.03,9492.82,202204
10.42,10.45,10.38,10.39,4440.88,46212.5758,133,1684.27,17534.0608,202204
10.38,10.41,10.38,10.38,1356.54,14107.2794,78,788.82,8207.7202,202204
10.39,10.43,10.35,10.42,16302.98,169349.3094,564,12318.79,127987.9842,202204
10.41,10.48,10.41,10.46,2206.12,23022.9848,105,1209.04,12621.9802,202204
10.47,10.48,10.44,10.47,1886.78,19746.0795,104,869.02,9096.8598,202204
10.46,10.46,10.44,10.45,1969.36,20581.4594,55,1386.06,14486.9003,202204
10.45,10.45,10.43,10.43,2069.99,21620.4004,58,437.75,4574.2115,202204
10.45,10.46,10.43,10.46,992.0,10372.322,33,669.95,7006.2405,202204
10.46,10.5,10.44,10.5,3378.86,35382.8313,136,2099.55,21988.1925,202204
10.49,10.5,10.49,10.5,195.83,2055.2259,25,96.92,1017.66,202204
10.49,10.5,10.47,10.47,1119.08,11723.5843,64,144.72,1516.7231,202204
10.48,10.5,10.48,10.48,1369.3,14361.0362,57,1073.81,11262.5066,202204
10.48,10.5,10.47,10.47,1768.98,18551.8248,91,707.19,7418.1374,202204
10.48,10.48,10.47,10.47,263.41,2758.2755,21,37.28,390.6944,202204
10.48,10.49,10.44,10.47,2669.0,27917.479,85,1336.94,13995.5362,202204
10.46,10.51,10.46,10.51,2871.12,30151.6326,103,1741.9,18291.8757,202204
10.52,10.52,10.47,10.47,3137.13,32893.9977,92,480.64,5038.0232,202204
10.47,10.47,10.45,10.46,1192.48,12474.6734,47,261.77,2737.49,202204
10.47,10.47,10.46,10.47,5683.26,59446.9744,76,2733.8,28595.6228,202204
10.47,10.49,10.47,10.48,3629.37,38031.3548,68,635.02,6651.3801,202204
10.47,10.47,10.44,10.45,1630.54,17052.6793,54,49.02,512.8236,202204
10.46,10.48,10.46,10.47,1134.21,11876.754,33,224.02,2347.0647,202204
10.47,10.5,10.46,10.48,3636.26,38118.596,111,2616.91,27435.0437,202204
10.49,10.5,10.48,10.48,1874.74,19663.6099,78,788.52,8273.082,202204
10.49,10.5,10.48,10.48,823.69,8636.6111,54,307.56,3226.6274,202204
10.47,10.48,10.46,10.47,1642.02,17197.4168,63,632.4,6626.7239,202204
10.47,10.48,10.46,10.48,1261.82,13217.8001,46,716.75,7510.4166,202204
10.49,10.49,10.47,10.48,423.03,4433.1023,44,216.02,2264.0514,202204
10.47,10.49,10.47,10.48,250.34,2623.771,22,83.97,880.3651,202204
10.48,10.49,10.47,10.48,916.47,9605.4183,51,313.73,3288.9714,202204
10.48,10.5,10.48,10.49,661.28,6938.1158,50,572.69,6009.3114,202204
10.49,10.5,10.49,10.5,234.82,2465.4911,10,222.93,2340.765,202204
10.5,10.5,10.47,10.47,481.83,5053.1308,24,25.32,265.5325,202204
10.47,10.48,10.45,10.45,346.2,3622.2655,23,56.91,595.3589,202204
10.45,10.46,10.44,10.45,768.6,8031.7547,35,340.37,3556.8808,202204
10.44,10.45,10.43,10.44,587.73,6135.4011,34,240.0,2505.8599,202204
10.45,10.45,10.44,10.44,195.61,2042.3565,14,18.81,196.5645,202204
10.45,10.48,10.45,10.48,1192.17,12470.5293,75,910.78,9525.3034,202204
10.48,10.51,10.45,10.51,3274.77,34311.171,160,1773.5,18593.3462,202204
10.51,10.52,10.51,10.52,2001.98,21045.9746,112,1221.09,12838.8207,202204
10.52,10.52,10.49,10.5,7094.85,74496.7783,144,2924.53,30714.4885,202204
10.5,10.51,10.49,10.49,1164.14,12218.9612,58,545.22,5723.6274,202204
10.48,10.48,10.46,10.46,889.01,9311.2943,32,45.13,472.9624,202204
10.47,10.49,10.46,10.48,2084.46,21834.2996,88,1256.21,13162.4975,202204
10.47,10.49,10.47,10.48,2337.48,24494.9251,77,1091.49,11444.0132,202204
10.48,10.49,10.47,10.47,882.66,9248.9486,29,55.73,584.2302,202204
10.47,10.47,10.44,10.44,4007.37,41884.9727,70,191.73,2005.147,202204
10.44,10.47,10.44,10.47,1249.61,13062.8788,73,658.67,6886.6035,202204
10.47,10.48,10.47,10.48,786.96,8243.841,54,482.97,5061.0657,202204
10.48,10.49,10.48,10.48,1960.02,20541.5553,89,781.43,8189.9321,202204
10.49,10.49,10.46,10.46,4003.56,41937.8303,89,1871.72,19603.8557,202204
10.47,10.5,10.47,10.5,4490.28,47081.2807,109,3660.8,38387.3321,202204
10.49,10.53,10.49,10.53,999.28,10503.9024,94,914.93,9617.551,202204
10.53,10.53,10.51,10.52,1491.38,15682.6894,48,128.73,1354.4109,202204
10.52,10.53,10.5,10.51,505.18,5308.5079,99,295.83,3108.8574,202204
10.51,10.52,10.5,10.51,3275.93,34417.3281,101,1311.83,13781.2594,202204
10.51,10.52,10.48,10.49,7712.26,80911.7782,208,1565.47,16425.2752,202204
10.49,10.51,10.48,10.51,1148.28,12056.0355,46,1112.58,11681.6571,202204
10.51,10.55,10.51,10.53,2438.93,25682.6253,105,1634.4,17208.6201,202204
10.54,10.55,10.51,10.52,1144.81,12052.1136,73,237.39,2500.3869,202204
10.52,10.52,10.5,10.5,2133.95,22422.2328,78,533.51,5607.1613,202204
10.5,10.51,10.48,10.49,451.82,4739.8169,33,64.37,675.6047,202204
10.49,10.5,10.47,10.48,5371.56,56340.8751,73,4049.31,42473.5521,202204
10.48,10.49,10.46,10.48,3248.26,34036.0595,72,616.84,6464.4433,202204
10.48,10.49,10.46,10.47,1358.41,14231.7596,44,175.54,1839.764,202204
10.47,10.49,10.46,10.48,2411.12,25253.2605,65,1448.12,15162.8831,202204
10.48,10.48,10.44,10.46,1527.39,15975.2079,58,654.8,6851.9756,202204
10.45,10.45,10.43,10.44,1616.63,16876.7794,83,492.04,5135.4384,202204
10.44,10.45,10.41,10.43,1471.52,15342.2187,79,733.81,7651.5892,202204
10.42,10.43,10.41,10.42,1430.64,14907.2356,51,943.93,9836.4326,202204
10.41,10.41,10.39,10.41,2863.6,29776.7407,117,287.38,2990.4395,202204
10.4,10.43,10.4,10.42,2035.99,21207.5887,60,737.23,7676.922,202204
10.42,10.44,10.42,10.43,842.76,8789.9794,29,228.2,2380.136,202204
10.44,10.44,10.41,10.44,3281.47,34238.1512,102,1065.7,11124.0491,202204
10.44,10.46,10.42,10.45,895.05,9346.0528,62,488.81,5106.4427,202204
10.46,10.46,10.45,10.45,366.69,3834.5296,24,50.83,531.6818,202204
10.45,10.47,10.45,10.47,2924.86,30608.4719,90,1918.28,20074.2317,202204
10.46,10.47,10.45,10.46,1916.57,20047.1228,30,8.35,87.3506,202204
10.46,10.47,10.43,10.43,2017.21,21069.0252,62,757.54,7917.129,202204
10.42,10.42,10.35,10.35,7180.13,74575.3566,176,1548.63,16070.1875,202204
10.35,10.38,10.34,10.35,2711.22,28084.5547,160,1236.46,12810.2278,202204
10.35,10.38,10.32,10.38,2475.85,25604.1527,313,1165.27,12060.0397,202204
10.38,10.39,10.35,10.37,2194.91,22756.8745,85,780.71,8095.4189,202204
10.37,10.38,10.36,10.37,697.82,7232.3652,36,99.46,1031.3394,202204
10.37,10.45,10.37,10.44,6281.23,65442.5925,180,4096.25,42692.5563,202204
10.44,10.52,10.44,10.5,13048.18,136842.4703,489,7709.05,80838.7122,202204
10.51,10.52,10.46,10.49,13410.18,140601.1868,308,3059.58,32112.1421,202204
10.49,10.49,10.46,10.46,1531.94,16054.4837,110,877.08,9195.1879,202204
10.46,10.48,10.46,10.47,708.55,7416.0966,41,200.59,2101.5287,202204
10.47,10.47,10.45,10.45,3523.52,36869.7977,132,987.85,10340.8869,202204
10.45,10.48,10.45,10.46,1937.53,20282.6961,50,1243.66,13020.384,202204
10.46,10.46,10.42,10.43,4078.58,42603.9381,148,1904.6,19910.2271,202204
10.43,10.43,10.4,10.42,3757.46,39129.5371,120,1350.29,14059.7089,202204
10.42,10.42,10.39,10.4,2431.68,25312.3342,80,530.46,5521.6578,202204
10.41,10.45,10.41,10.45,385.85,4025.1274,29,381.57,3980.5298,202204
10.44,10.48,10.42,10.46,4658.8,48729.8599,148,2170.2,22685.7849,202204
10.45,10.45,10.42,10.43,1722.67,17986.1549,75,429.48,4484.6757,202204
10.42,10.42,10.36,10.39,12435.26,129120.2166,341,4921.62,51138.4786,202204
10.38,10.4,10.37,10.4,5667.09,58833.1309,170,3915.55,40657.9054,202204
10.4,10.4,10.36,10.37,1958.29,20325.4244,98,529.85,5501.1451,202204
10.36,10.38,10.36,10.37,1366.54,14174.2948,50,535.02,5552.376,202204
10.37,10.4,10.37,10.39,1431.14,14864.9819,41,672.2,6984.059,202204
10.39,10.4,10.38,10.38,3567.92,37051.6571,77,324.54,3372.0994,202204
10.38,10.38,10.36,10.38,13032.63,135131.523,172,3805.25,39471.5218,202204
10.38,10.38,10.31,10.32,9804.89,101575.4362,216,1301.21,13446.1161,202204
10.32,10.33,10.3,10.32,4560.84,47004.7811,117,427.51,4413.1617,202204
10.31,10.33,10.31,10.32,606.72,6261.0207,56,334.29,3450.3288,202204
10.32,10.34,10.32,10.33,3559.0,36759.8075,121,1593.98,16469.4877,202204
10.33,10.35,10.3,10.34,6136.34,63369.3225,161,3444.74,35571.0857,202204
10.34,10.37,10.34,10.37,1238.79,12826.6642,159,524.08,5428.9262,202204
10.37,10.38,10.33,10.33,1403.35,14541.8073,73,497.73,5162.4059,202204
10.34,10.34,10.32,10.32,918.49,9487.8379,62,242.78,2508.1296,202204
10.33,10.33,10.29,10.3,5535.89,57023.2666,133,2393.52,24654.7302,202204
10.29,10.31,10.29,10.3,1405.66,14475.659,51,920.12,9478.2743,202204
10.29,10.31,10.29,10.3,3621.26,37295.883,61,1068.49,11007.1136,202204
10.3,10.31,10.29,10.3,2233.68,22993.6392,45,227.44,2344.7742,202204
10.29,10.31,10.28,10.3,3034.2,31234.3212,92,899.35,9261.6949,202204
10.3,10.3,10.29,10.29,741.37,7631.9432,22,324.59,3343.277,202204
10.29,10.31,10.28,10.28,3158.21,32519.2398,94,1699.38,17504.2887,202204
10.28,10.29,10.23,10.25,12700.65,130185.7856,426,4749.54,48672.6314,202204
10.25,10.25,10.23,10.24,1429.71,14643.0296,48,524.01,5367.7271,202204
10.24,10.24,10.23,10.23,3390.39,34686.4291,68,1456.28,14900.4838,202204
10.23,10.24,10.14,10.17,18670.42,190146.1648,550,9942.41,101285.806,202204
10.17,10.2,10.15,10.2,13647.57,138919.6467,645,8247.01,83962.7695,202204
10.2,10.21,10.2,10.21,472.27,4820.2084,47,358.37,3657.6049,202204
10.2,10.22,10.16,10.17,2993.31,30497.3034,147,496.22,5058.2144,202204
10.17,10.17,10.15,10.16,2307.82,23450.7102,107,1130.92,11494.9939,202204
10.16,10.17,10.15,10.15,1523.92,15487.4433,39,924.27,9398.8794,202204
10.16,10.17,10.13,10.15,2200.73,22336.9036,105,1512.56,15357.2004,202204
10.13,10.17,10.13,10.17,6538.99,66329.588,199,3505.11,35560.7629,202204
10.18,10.2,10.17,10.18,1472.67,15000.1302,105,848.69,8645.4134,202204
10.18,10.18,10.13,10.15,6509.71,66048.3082,130,4036.94,40950.5702,202204
10.14,10.15,10.12,10.12,1159.67,11758.3158,39,319.24,3237.5734,202204
10.13,10.13,10.07,10.08,15018.26,151523.4619,447,3439.1,34715.5602,202204
10.09,10.11,10.07,10.08,11154.15,112516.0012,367,3182.9,32121.7637,202204
10.08,10.13,10.07,10.12,5268.99,53265.9925,251,2113.6,21370.7226,202204
10.12,10.13,10.1,10.12,3292.22,33309.4771,119,1674.32,16945.7756,202204
10.12,10.13,10.06,10.07,4604.71,46486.7788,179,1261.01,12726.1633,202204
10.08,10.1,10.07,10.09,2232.53,22511.6757,110,974.58,9827.5343,202204
10.08,10.1,10.08,10.09,2108.33,21272.2889,74,1287.89,12999.0045,202204
10.09,10.1,10.05,10.07,5964.59,60004.4751,179,2239.23,22540.6005,202204
10.07,10.08,10.06,10.06,2339.25,23554.4965,68,600.05,6043.5122,202204
10.06,10.06,10.02,10.03,8823.48,88508.8344,263,2324.57,23324.0132,202204
10.02,10.05,10.01,10.04,6047.81,60607.0663,213,3393.67,34022.9772,202204
10.04,10.07,9.97,10.0,12097.32,121006.4294,594,5229.93,52272.2735,202204
9.99,10.02,9.99,10.0,2076.17,20790.293,170,748.44,7495.3188,202204
9.99,10.03,9.97,9.98,5959.6,59531.5738,225,2779.79,27782.2003,202204
9.99,9.99,9.94,9.95,15690.75,156161.9332,322,9670.33,96242.3611,202204
9.94,10.0,9.92,9.95,22864.71,227490.4898,590,10284.15,102492.2166,202204
9.95,10.01,9.95,9.97,7313.88,72953.2717,294,3563.57,35569.0513,202204
9.97,10.0,9.97,9.97,8314.0,82977.5365,200,1719.79,17168.8296,202204
9.96,9.96,9.91,9.94,4986.28,49540.7699,225,1874.1,18631.0054,202204
9.94,9.98,9.93,9.96,7783.66,77430.7766,269,3877.18,38565.7264,202204
9.96,10.01,9.94,9.99,3677.97,36745.399,199,1766.8,17656.6128,202204
10.0,10.0,9.93,9.98,7696.58,76702.6115,320,2972.24,29623.2327,202204
9.97,10.04,9.97,10.02,8216.71,82316.5129,240,6464.68,64776.9362,202204
10.03,10.05,9.99,10.02,3836.59,38464.7144,157,3176.45,31850.6484,202204
10.03,10.04,10.01,10.03,13026.0,130564.3354,197,3099.03,31097.3648,202204
10.03,10.08,10.02,10.06,7361.11,73925.4145,375,4375.58,43962.102,202204
10.07,10.15,10.06,10.12,15194.07,153568.7155,753,6328.38,63951.5057,202204
10.12,10.12,10.06,10.09,3900.08,39358.2867,251,1909.16,19265.8081,202204
10.09,10.13,10.06,10.12,7072.8,71373.2795,211,2270.41,22922.6266,202204
10.12,10.16,10.12,10.15,6208.55,62922.9214,243,4386.67,44462.7978,202204
10.16,10.19,10.14,10.17,8755.61,88976.073,326,4215.26,42849.0182,202204
10.17,10.22,10.17,10.18,7852.56,80084.753,331,2802.43,28589.3609,202204
10.18,10.21,10.16,10.21,3813.19,38844.478,176,2498.9,25458.6003,202204
10.19,10.2,10.14,10.14,6361.97,64656.461,144,1000.75,10175.0415,202204
10.14,10.19,10.13,10.15,8572.02,87082.2214,247,6061.4,61592.0087,202204
10.15,10.25,10.14,10.22,9912.82,101302.3045,457,5025.56,51344.8176,202204
10.22,10.27,10.22,10.24,3597.12,36839.1876,242,1559.79,15975.4328,202204
10.24,10.3,10.23,10.25,16223.05,166385.2908,564,4844.11,49692.0329,202204
10.25,10.28,10.24,10.25,3248.73,33312.8668,152,1120.06,11495.6228,202204
10.24,10.27,10.23,10.26,2702.07,27717.2192,122,1504.72,15430.1263,202204
10.26,10.27,10.22,10.24,5980.25,61311.5891,159,1780.02,18239.4255,202204
10.23,10.24,10.2,10.22,5335.71,54505.6123,130,3144.38,32134.3467,202204
10.21,10.22,10.2,10.21,751.06,7666.8204,50,315.33,3219.6285,202204
10.22,10.27,10.22,10.26,4784.9,49058.2558,136,3534.26,36240.4963,202204
10.26,10.27,10.18,10.18,9091.53,92859.4837,205,1490.27,15228.0855,202204
10.19,10.2,10.19,10.19,1699.69,17325.7352,68,1207.47,12309.8506,202204
10.19,10.22,10.19,10.2,1357.08,13846.1075,57,822.18,8392.6507,202204
10.2,10.22,10.18,10.18,1031.75,10515.6722,48,330.93,3372.4506,202204
10.18,10.2,10.16,10.19,2686.67,27368.1126,123,2405.86,24510.5575,202204
10.19,10.2,10.17,10.2,2726.72,27764.0027,79,1607.16,16366.6539,202204
10.2,10.23,10.19,10.19,1633.76,16689.7393,100,1022.26,10446.4296,202204
10.2,10.22,10.14,10.16,9111.34,92795.1186,173,681.81,6932.0234,202204
10.15,10.17,10.14,10.17,2144.88,21782.0671,83,1886.29,19157.8039,202204
10.17,10.18,10.16,10.17,896.19,9117.6825,60,561.18,5711.4262,202204
10.18,10.21,10.18,10.2,1379.26,14071.8991,67,893.23,9110.5518,202204
10.21,10.21,10.16,10.17,1712.5,17432.4832,68,909.87,9265.4577,202204
10.17,10.18,10.11,10.13,7019.88,71146.5364,268,1679.88,17027.5609,202204
10.13,10.15,10.08,10.09,4896.59,49484.8532,240,2860.84,28919.2826,202204
10.08,10.12,10.06,10.07,5490.43,55437.6331,208,2886.69,29157.6758,202204
10.07,10.1,10.04,10.09,6573.3,66182.2948,339,3225.13,32518.4658,202204
10.09,10.1,10.07,10.07,1392.87,14042.8306,60,291.4,2939.3455,202204
10.07,10.08,10.03,10.05,1833.57,18441.4019,112,1032.64,10389.3127,202204
10.06,10.06,10.01,10.01,1777.76,17824.0445,94,856.05,8588.074,202204
10.02,10.02,9.98,9.99,8497.95,84956.004,334,2966.65,29658.1704,202204
10.0,10.03,9.98,10.01,13974.9,139895.3867,386,4743.3,47490.8957,202204
10.0,10.06,10.0,10.0,2075.98,20826.3397,130,1078.38,10822.9287,202204
10.0,10.02,9.98,9.98,2938.81,29380.5323,113,1449.25,14493.2677,202204
9.97,10.01,9.95,9.97,2878.62,28714.0963,251,1746.98,17427.7047,202204
9.96,10.0,9.9,9.96,71005.59,705942.2023,1044,16000.44,159184.6003,202204
9.96,9.97,9.86,9.87,63275.56,628577.1331,822,31514.82,313206.9306,202204
9.87,9.89,9.77,9.87,79389.04,780215.0117,2311,36927.6,362989.869,202204
9.87,9.89,9.84,9.86,5627.74,55502.6291,205,2808.77,27716.6,202204
9.86,9.91,9.85,9.87,33479.33,331152.9158,352,20546.59,203251.3398,202204
9.88,9.9,9.86,9.89,8899.23,87943.2841,248,6346.4,62734.0273,202204
9.89,9.89,9.84,9.87,3619.63,35690.8298,123,2233.37,22027.38,202204
9.88,9.89,9.78,9.83,20963.85,205821.2502,560,8130.87,79831.7689,202204
9.82,9.87,9.8,9.8,17682.31,173782.8781,360,11010.22,108216.422,202204
9.81,9.86,9.81,9.84,8964.09,88190.5505,183,3638.98,35812.9041,202204
9.83,9.84,9.81,9.84,5761.78,56612.0375,142,2660.97,26157.7091,202204
9.83,9.86,9.83,9.84,1807.47,17789.6938,77,1588.66,15637.0903,202204
9.84,9.89,9.84,9.85,8976.27,88493.7678,328,4085.03,40288.5292,202204
9.85,9.91,9.85,9.9,3049.89,30135.0118,144,2283.98,22569.7674,202204
9.91,9.94,9.9,9.91,6288.46,62423.8663,233,4131.58,41022.0386,202204
9.92,10.0,9.91,9.94,9932.02,98867.8568,647,4910.19,48864.2951,202204
9.95,9.95,9.92,9.94,3864.8,38389.7054,176,1826.58,18144.5131,202204
9.93,9.99,9.93,9.98,2177.0,21664.4993,129,1323.47,13168.3156,202204
9.98,9.98,9.96,9.97,1248.87,12456.4164,60,893.05,8908.414,202204
9.97,9.99,9.95,9.97,3283.58,32724.9755,104,997.9,9955.4492,202204
9.97,9.99,9.95,9.96,2824.48,28197.4678,99,1749.12,17470.7604,202204
9.95,9.97,9.92,9.94,806.31,8015.6729,68,386.56,3844.5211,202204
9.93,9.95,9.92,9.94,697.69,6932.9102,47,598.11,5944.3847,202204
9.94,9.95,9.88,9.89,2650.41,26249.7879,142,1033.43,10235.3788,202204
9.89,9.89,9.86,9.86,1579.15,15591.4012,105,879.21,8678.9721,202204
9.86,9.87,9.84,9.85,3949.94,38899.7733,190,2178.89,21459.7497,202204
9.86,9.88,9.81,9.82,2933.61,28854.6892,145,1101.93,10843.0422,202204
9.82,9.84,9.81,9.81,2409.3,23669.5723,92,1674.54,16456.2296,202204
9.82,9.83,9.8,9.83,1203.44,11813.6909,83,741.12,7278.4221,202204
9.84,9.88,9.82,9.87,3653.82,35987.5687,189,2718.83,26781.4718,202204
9.87,9.89,9.87,9.88,309.05,3053.4842,30,96.29,951.435,202204
9.88,9.89,9.87,9.88,559.85,5531.4623,48,431.02,4258.6819,202204
9.88,9.88,9.84,9.84,1914.25,18873.9297,68,415.9,4101.0374,202204
9.84,9.84,9.8,9.81,7033.65,69097.7711,163,3770.06,37042.3783,202204
9.81,9.84,9.78,9.84,3176.76,31145.5131,157,1797.92,17636.3055,202204
9.83,9.9,9.82,9.89,4449.07,43898.9394,145,2297.98,22659.517,202204
9.89,9.9,9.88,9.9,398.7,3941.8749,32,166.37,1645.9683,202204
9.9,9.92,9.86,9.86,1789.89,17709.607,82,395.29,3916.2468,202204
9.86,9.89,9.86,9.89,1390.11,13730.2326,69,614.91,6075.2441,202204
9.9,9.91,9.9,9.91,641.26,6349.5031,34,195.27,1934.2021,202204
9.91,9.93,9.9,9.93,2108.23,20903.3574,78,1247.2,12365.5354,202204
9.92,9.95,9.9,9.92,1427.04,14170.3439,121,308.82,3068.2369,202204
9.91,9.91,9.89,9.89,1379.62,13653.8655,54,51.08,505.548,202204
9.9,9.95,9.9,9.95,15531.44,154131.5348,337,9657.87,95824.0816,202204
9.94,9.95,9.92,9.93,805.9,8007.5014,27,12.77,126.8463,202204
9.93,9.94,9.93,9.93,701.11,6963.0113,32,427.91,4250.1353,202204
9.93,9.93,9.9,9.91,883.48,8760.1272,57,460.25,4565.4717,202204
9.92,9.92,9.91,9.92,124.55,1235.388,9,109.75,1088.72,202204
9.91,9.92,9.87,9.87,851.17,8417.8355,55,194.99,1927.103,202204
9.87,9.88,9.85,9.85,1497.35,14766.8901,65,500.43,4939.7389,202204
9.84,9.87,9.82,9.85,2903.5,28573.5797,147,1726.87,16989.4674,202204
9.85,9.87,9.79,9.82,3892.78,38257.5244,227,1299.64,12755.4556,202204
9.83,9.84,9.8,9.8,1900.32,18648.2974,100,263.12,2586.8264,202204
9.8,9.83,9.79,9.81,7051.79,69185.0044,175,1856.39,18211.535,202204
9.81,9.82,9.8,9.8,854.46,8384.8239,68,514.91,5055.3293,202204
9.8,9.82,9.74,9.76,6777.81,66180.3613,410,3614.97,35305.565,202204
9.76,9.77,9.73,9.73,5630.74,54887.9209,297,2333.75,22759.5867,202204
9.74,9.8,9.71,9.79,22164.93,216357.6641,621,16599.12,162067.1796,202204
9.8,9.84,9.76,9.76,5522.58,54125.0323,214,1566.12,15349.9082,202204
9.77,9.82,9.77,9.8,2787.54,27333.5676,130,2232.15,21892.9503,202204
9.8,9.83,9.8,9.8,1345.87,13213.7135,98,702.38,6896.9527,202204
9.8,9.8,9.72,9.78,3956.09,38595.758,164,2204.0,21492.7005,202204
9.78,9.81,9.77,9.79,3614.52,35401.8023,112,1247.17,12213.4633,202204
9.79,9.81,9.79,9.81,1191.33,11679.38,37,845.94,8291.9631,202204
9.81,9.81,9.74,9.75,12214.47,119401.2517,151,9024.87,88227.3616,202204
9.75,9.77,9.68,9.73,32205.53,312648.5848,646,18463.54,179261.7893,202204
9.73,9.75,9.66,9.69,5048.76,48945.5717,287,2774.97,26916.2246,202204
9.68,9.73,9.63,9.71,12291.85,118982.3516,572,6605.63,64014.0543,202204
9.7,9.7,9.65,9.68,5316.22,51413.4829,189,2235.87,21610.5932,202204
9.68,9.74,9.67,9.7,6189.75,60105.3059,202,4006.39,38920.3841,202204
9.7,9.71,9.66,9.66,4001.49,38758.3309,119,1163.93,11272.0301,202204
9.66,9.7,9.64,9.67,2957.72,28580.6975,114,1381.49,13358.3451,202204
9.67,9.72,9.65,9.65,4479.44,43360.6874,164,1559.46,15100.2716,202204
9.65,9.65,9.62,9.64,5193.18,50047.3618,163,2996.85,28887.6725,202204
9.64,9.7,9.62,9.69,4957.02,47900.5296,265,3834.58,37062.0817,202204
9.69,9.73,9.69,9.73,1936.68,18807.6067,85,1417.23,13765.5799,202204
9.73,9.75,9.7,9.74,11632.55,113165.1898,269,10293.6,100141.0894,202204
9.74,9.79,9.73,9.78,13772.48,134486.016,374,7976.54,77963.3245,202204
9.78,9.79,9.72,9.75,7986.78,78038.9976,153,2669.84,26063.6893,202204
9.75,9.79,9.74,9.79,2462.16,24032.43,106,1109.8,10833.0778,202204
9.79,9.79,9.72,9.75,19028.32,185526.0668,494,7492.06,73024.153,202204
9.75,9.75,9.73,9.75,1866.93,18187.8512,93,1127.51,10985.8311,202204
9.75,9.8,9.75,9.8,2709.22,26508.8975,95,2154.93,21086.8916,202204
9.79,9.82,9.77,9.81,4155.35,40726.0662,334,3456.88,33885.5157,202204
9.81,9.82,9.78,9.81,2670.93,26179.7132,149,1234.52,12100.8615,202204
9.8,9.83,9.79,9.82,1832.52,17977.9072,115,1095.4,10746.9772,202204
9.82,9.84,9.81,9.83,1404.54,13799.4895,114,714.86,7024.4922,202204
9.82,9.86,9.79,9.85,10967.49,107776.2779,330,4659.23,45784.5483,202204
9.84,9.85,9.82,9.84,904.76,8899.5265,53,403.77,3973.3686,202204
9.83,9.85,9.81,9.85,3164.43,31090.8248,124,1575.23,15484.7937,202204
9.84,9.85,9.83,9.85,2825.45,27798.7067,85,1320.56,12998.1158,202204
9.85,9.85,9.77,9.81,4633.14,45408.408,166,2252.07,22068.5719,202204
9.81,9.83,9.77,9.83,1869.58,18316.4039,85,889.15,8715.9346,202204
9.82,9.82,9.8,9.8,610.14,5987.9815,35,406.32,3989.3563,202204
9.8,9.8,9.77,9.78,1555.81,15225.6584,61,1061.4,10391.2732,202204
9.77,9.82,9.77,9.8,1360.1,13319.427,88,786.77,7707.0329,202204
9.79,9.79,9.75,9.76,3618.35,35337.3949,135,1363.1,13311.6907,202204
9.76,9.78,9.74,9.77,4235.14,41327.9482,144,3177.91,31014.2892,202204
9.77,9.79,9.75,9.78,6551.3,63987.9364,195,5534.79,54059.9044,202204
9.78,9.79,9.76,9.78,5646.79,55209.7801,202,2301.6,22507.2833,202204
9.77,9.83,9.77,9.83,3574.07,35036.8795,138,2901.95,28443.1656,202204
9.82,9.87,9.82,9.85,7036.04,69268.1922,289,4133.92,40703.9576,202204
9.85,9.87,9.83,9.83,8603.71,84683.7445,230,4570.04,45004.6291,202204
9.84,9.85,9.81,9.84,14285.27,140436.3569,223,9394.73,92366.3631,202204
9.84,9.87,9.83,9.86,3006.06,29625.7153,81,2206.64,21752.1544,202204
9.87,9.89,9.84,9.85,11562.02,114026.1691,332,5812.65,57330.4933,202204
9.85,9.86,9.82,9.84,4047.19,39854.3758,123,2198.89,21653.8693,202204
9.84,9.84,9.78,9.79,2237.15,21935.7804,103,1090.1,10683.8351,202204
9.79,9.79,9.73,9.75,4656.96,45426.76,216,2006.23,19576.4906,202204
9.75,9.79,9.72,9.76,4978.13,48499.9347,215,1293.73,12615.7106,202204
9.77,9.8,9.75,9.75,2029.75,19841.6734,84,968.47,9464.8409,202204
9.76,9.78,9.72,9.73,5883.81,57360.9568,173,2641.94,25744.8631,202204
9.73,9.76,9.72,9.74,1535.13,14955.1789,70,981.17,9559.8719,202204
9.74,9.78,9.74,9.75,5803.32,56682.2525,163,5018.71,49024.6368,202204
9.74,9.78,9.73,9.77,2736.85,26686.5765,103,2039.92,19893.367,202204
9.78,9.87,9.77,9.85,18440.54,181423.2216,372,5115.61,50308.5838,202204
9.85,9.86,9.82,9.84,2498.66,24585.9601,79,1252.74,12333.3699,202204
9.84,9.84,9.79,9.8,3321.46,32585.995,126,732.28,7183.1791,202204
9.8,9.84,9.77,9.83,5808.75,56913.8044,149,4455.2,43657.2785,202204
9.83,9.84,9.82,9.84,459.48,4516.8669,33,374.09,3677.5819,202204
9.84,9.86,9.84,9.84,1371.92,13507.059,44,1100.34,10833.4724,202204
9.84,9.84,9.82,9.82,252.67,2483.0141,22,104.45,1026.9447,202204
9.83,9.87,9.82,9.87,1292.42,12722.6388,53,1011.32,9958.3279,202204
9.86,9.88,9.86,9.88,1329.89,13126.8638,34,786.11,7759.8361,202204
9.87,9.87,9.85,9.85,785.4,7744.4292,55,369.09,3639.8897,202204
9.86,9.87,9.83,9.84,1976.39,19490.5403,69,842.51,8304.1309,202204
9.84,9.85,9.8,9.82,4398.2,43171.5823,151,1115.56,10958.4973,202204
9.83,9.85,9.81,9.85,882.64,8676.2904,45,631.86,6212.4029,202204
9.84,9.9,9.84,9.9,3163.22,31267.81,200,1864.98,18433.8652,202204
9.89,9.9,9.87,9.88,418.6,4137.3946,43,143.51,1419.101,202204
9.89,9.89,9.86,9.86,901.46,8903.5709,31,659.01,6510.3109,202204
9.87,9.89,9.86,9.86,1561.08,15411.5644,53,1159.62,11447.7779,202204
9.86,9.88,9.86,9.86,7480.29,73854.735,106,7261.63,71696.9623,202204
9.85,9.88,9.84,9.88,842.73,8306.1973,45,627.75,6188.4228,202204
9.89,9.9,9.84,9.84,669.86,6614.3923,51,233.64,2310.2321,202204
9.83,9.84,9.83,9.83,6829.56,67196.8233,67,4838.73,47612.9292,202204
9.82,9.83,9.81,9.81,11637.79,114202.638,171,2266.16,22248.0958,202204
9.82,9.85,9.81,9.84,16225.25,159369.3498,307,13323.93,130857.8894,202204
9.83,9.87,9.81,9.87,6672.5,65581.6042,130,2990.36,29398.6488,202204
9.86,9.89,9.85,9.87,7567.6,74687.1321,157,3228.21,31877.0081,202204
9.86,9.89,9.86,9.88,6371.99,62892.707,134,3412.86,33683.8749,202204
9.87,9.88,9.85,9.87,5747.68,56691.9231,160,3565.97,35172.3684,202204
9.87,9.89,9.86,9.88,4100.0,40468.3102,99,1441.18,14237.7198,202204
9.88,9.88,9.86,9.87,2428.87,23985.5072,52,1507.43,14891.9171,202204
9.87,9.89,9.86,9.89,1220.23,12048.743,75,556.89,5499.8579,202204
9.89,9.89,9.85,9.86,925.99,9136.8819,51,503.55,4971.539,202204
9.86,9.87,9.85,9.85,771.15,7603.4462,26,712.73,7027.6916,202204
9.85,9.88,9.85,9.87,603.9,5959.241,32,419.43,4139.4299,202204
9.87,9.91,9.87,9.9,4451.91,44067.782,103,4019.18,39788.7616,202204
9.91,9.92,9.9,9.91,1611.62,15969.5385,123,859.39,8517.2649,202204
9.91,9.91,9.89,9.91,5506.43,54518.5833,71,727.81,7210.5023,202204
9.91,9.92,9.87,9.88,2273.53,22492.3375,82,994.89,9849.9879,202204
9.88,9.88,9.85,9.85,1585.99,15637.3495,67,471.67,4651.1549,202204
9.84,9.87,9.84,9.86,864.56,8524.0327,68,733.12,7228.282,202204
9.86,9.87,9.86,9.86,1106.63,10912.9521,30,835.78,8242.3711,202204
9.87,9.87,9.85,9.85,1236.52,12186.9111,44,358.14,3530.0549,202204
9.86,9.88,9.82,9.83,3626.71,35733.2644,87,1211.11,11929.5475,202204
9.83,9.84,9.81,9.84,1853.29,18221.7033,51,1127.65,11084.115,202204
9.84,9.89,9.84,9.87,6770.37,66846.6569,121,6493.69,64116.6709,202204
9.88,9.89,9.87,9.87,726.5,7177.3375,33,132.4,1308.6891,202204
9.88,9.89,9.87,9.89,880.96,8709.2733,32,680.3,6727.3387,202204
9.88,9.91,9.87,9.91,1525.48,15098.5277,53,888.4,8794.055,202204
9.91,9.92,9.9,9.91,312.65,3097.8183,28,218.64,2167.0771,202204
9.91,9.91,9.85,9.86,1302.81,12857.7828,48,703.24,6935.953,202204
9.87,9.88,9.86,9.88,720.02,7106.1159,30,222.54,2196.3452,202204
9.88,9.89,9.88,9.89,1827.93,18066.3276,58,873.76,8635.3029,202204
9.88,9.88,9.86,9.86,1417.88,13991.1689,52,743.56,7338.9372,202204
9.86,9.89,9.86,9.86,1628.2,16076.5197,68,1512.14,14930.2548,202204
9.87,9.92,9.86,9.92,7347.05,72745.8496,120,4681.16,46387.2156,202204
9.92,9.97,9.91,9.92,15822.1,157250.2272,525,10796.92,107318.2952,202204
9.91,9.95,9.91,9.95,3039.16,30199.9426,107,1912.08,18996.8906,202204
9.95,9.96,9.92,9.94,1976.26,19631.1607,68,1139.8,11327.2453,202204
9.94,9.95,9.93,9.94,1239.86,12316.9507,35,774.79,7695.7402,202204
9.95,9.96,9.91,9.91,1385.66,13777.8448,58,546.51,5437.0699,202204
9.92,9.92,9.9,9.92,1678.18,16632.717,57,980.85,9725.1209,202204
9.91,9.93,9.91,9.93,2765.35,27439.2787,100,1726.42,17133.7019,202204
9.93,9.96,9.93,9.95,1298.84,12914.6408,51,481.96,4792.2779,202204
9.94,9.95,9.91,9.92,1598.95,15867.7295,55,849.14,8426.7883,202204
9.93,9.93,9.88,9.89,3278.22,32452.6611,163,1377.76,13633.9392,202204
9.9,9.94,9.9,9.94,2831.77,28082.7315,108,1983.8,19681.3252,202204
9.94,9.97,9.94,9.96,1636.1,16282.1199,75,1062.92,10578.6832,202204
9.95,9.98,9.93,9.95,2455.56,24447.1754,145,1055.11,10510.8142,202204
9.94,9.94,9.9,9.91,1710.06,16965.107,74,324.12,3212.4818,202204
9.92,9.96,9.91,9.95,5024.34,49980.7591,118,3395.64,33782.3654,202204
9.96,9.96,9.93,9.94,469.99,4673.226,29,394.88,3926.9764,202204
9.95,9.96,9.93,9.95,1086.54,10803.1972,37,323.4,3215.6703,202204
9.94,9.94,9.94,9.94,320.72,3187.9568,17,149.4,1485.036,202204
9.94,9.96,9.94,9.95,1195.72,11896.0651,31,1050.34,10449.6841,202204
9.94,9.94,9.92,9.93,270.94,2691.5782,22,76.86,763.6907,202204
9.93,9.95,9.92,9.92,1511.75,15018.8212,65,1115.77,11087.8216,202204
9.92,9.94,9.91,9.94,2061.07,20440.4982,82,736.67,7309.8496,202204
9.93,9.94,9.92,9.93,1281.41,12729.1145,44,833.78,8283.477,202204
9.93,9.96,9.92,9.92,1882.27,18714.7258,67,506.86,5043.6152,202204
9.92,9.93,9.91,9.91,489.78,4860.0027,38,173.6,1723.848,202204
9.92,9.95,9.91,9.95,644.79,6402.4019,37,523.15,5193.4884,202204
9.94,9.95,9.94,9.95,375.67,3736.3266,28,216.68,2155.966,202204
9.96,9.97,9.93,9.93,5157.27,51359.0125,132,1396.43,13911.5984,202204
9.93,9.94,9.91,9.91,1594.57,15827.7347,38,13.73,136.2618,202204
9.91,9.94,9.91,9.93,2769.28,27481.2984,61,2475.4,24566.588,202204
9.94,9.94,9.91,9.93,2123.64,21081.6272,76,745.86,7404.4121,202204
9.93,9.95,9.91,9.94,9918.82,98432.9642,118,643.23,6391.6789,202204
9.93,9.94,9.92,9.93,494.38,4909.4871,40,209.11,2076.7878,202204
9.92,9.92,9.88,9.88,2080.52,20599.7144,101,519.25,5139.7513,202204
9.88,9.92,9.82,9.92,12328.2,121455.5563,524,6233.33,61424.2521,202204
9.92,9.93,9.91,9.92,980.9,9728.8315,77,272.64,2704.7776,202204
9.92,9.93,9.91,9.91,878.34,8713.2802,34,144.48,1433.4573,202204
9.91,9.92,9.89,9.89,2297.48,22742.3537,109,1033.92,10232.1742,202204
9.89,9.91,9.89,9.9,2394.12,23704.6023,79,1411.53,13980.5445,202204
9.91,9.95,9.9,9.94,3564.95,35408.4427,93,2919.13,28996.4022,202204
9.95,9.96,9.93,9.93,3731.32,37092.394,115,2355.64,23419.7255,202204
9.92,9.95,9.92,9.93,263.15,2614.1337,34,238.64,2370.7599,202204
9.93,9.95,9.93,9.94,674.42,6700.5792,30,427.78,4248.9776,202204
9.94,9.97,9.94,9.96,2427.23,24166.2469,75,1032.53,10282.8762,202204
9.95,9.97,9.94,9.94,635.58,6326.0524,46,292.97,2918.1517,202204
9.93,9.95,9.91,9.95,1177.41,11686.643,67,856.93,8505.2444,202204
9.94,9.96,9.93,9.95,910.78,9060.2479,52,532.79,5300.3224,202204
9.95,9.95,9.94,9.94,461.52,4587.8915,38,390.09,3877.8773,202204
9.94,9.97,9.94,9.97,1594.17,15865.2011,59,1245.01,12393.2866,202204
9.96,9.97,9.95,9.95,1587.01,15799.7574,49,427.44,4256.7669,202204
9.95,9.95,9.93,9.94,3142.61,31237.2888,54,23.02,229.0189,202204
9.93,9.95,9.93,9.95,2168.84,21558.3301,110,2129.89,21171.5566,202204
9.94,9.96,9.94,9.95,5557.96,55284.0789,171,3441.21,34237.3431,202204
9.95,9.95,9.91,9.91,1496.52,14841.4698,37,342.6,3401.7354,202204
9.92,9.96,9.91,9.94,3011.1,29927.4689,132,1196.79,11891.7743,202204
9.94,9.95,9.91,9.92,1658.17,16462.3836,74,540.46,5366.071,202204
9.92,9.94,9.92,9.94,1182.13,11739.8789,56,833.0,8275.7056,202204
9.94,9.95,9.93,9.94,1155.18,11489.0843,56,831.96,8276.2989,202204
9.95,9.99,9.95,9.98,6632.67,66133.7873,280,4621.3,46089.466,202204
9.98,9.98,9.94,9.98,2696.36,26851.8846,152,822.95,8203.539,202204
9.97,9.97,9.94,9.96,2584.81,25740.8758,74,1526.74,15202.3543,202204
9.96,9.96,9.93,9.93,16375.09,162730.2641,177,562.35,5591.5184,202204
9.94,9.94,9.93,9.94,723.44,7188.85,51,484.86,4819.5084,202204
9.93,9.98,9.93,9.97,2548.65,25382.6996,100,1943.11,19353.7809,202204
9.97,9.98,9.96,9.98,1261.83,12581.962,60,834.08,8316.875,202204
9.98,9.98,9.95,9.96,724.92,7221.4688,36,526.38,5243.9648,202204
9.95,9.97,9.95,9.95,412.73,4108.3634,25,131.23,1307.1824,202204
9.95,9.97,9.94,9.97,968.29,9638.4305,53,541.84,5395.0881,202204
9.96,9.97,9.96,9.97,754.42,7519.6171,43,247.98,2472.3606,202204
9.96,9.99,9.96,9.99,457.31,4563.1587,41,416.56,4157.0519,202204
9.98,9.99,9.96,9.97,1603.49,15984.7004,51,399.1,3984.0712,202204
9.97,9.99,9.96,9.98,2841.74,28333.7964,81,1388.36,13843.7778,202204
9.98,9.99,9.96,9.98,1637.26,16338.0182,76,407.68,4068.448,202204
9.99,10.01,9.99,10.01,5164.49,51677.7914,185,4697.09,47005.421,202204
10.01,10.01,9.94,9.96,8616.26,85978.1578,268,1621.39,16167.9757,202204
9.96,9.97,9.94,9.97,1961.98,19532.5295,66,727.3,7245.4828,202204
9.97,10.0,9.96,9.99,3101.74,30961.3463,115,2875.34,28701.5826,202204
10.0,10.0,9.99,10.0,553.8,5532.7394,20,27.74,277.4,202204
9.99,9.99,9.9,9.91,12614.8,125247.7315,259,3047.26,30251.424,202204
9.91,9.94,9.9,9.94,2012.96,19968.2324,89,1339.7,13297.6765,202204
9.94,9.94,9.88,9.9,6100.17,60351.6194,175,2973.04,29395.9953,202204
9.91,9.93,9.89,9.9,4885.15,48394.0668,148,3562.93,35293.9163,202204
9.9,9.91,9.89,9.89,694.91,6879.1247,31,197.33,1953.6445,202204
9.88,9.89,9.87,9.89,1564.06,15455.555,75,1087.49,10746.4552,202204
9.89,9.91,9.87,9.91,1311.35,12962.7418,74,736.33,7282.638,202204
9.91,9.93,9.88,9.9,2027.28,20088.0058,83,1477.63,14642.777,202204
9.9,9.92,9.9,9.92,847.92,8404.9199,45,515.99,5113.6759,202204
9.91,9.94,9.91,9.94,972.23,9644.8674,40,696.02,6907.3204,202204
9.94,9.97,9.94,9.97,1147.34,11417.0872,64,666.01,6628.9082,202204
9.96,9.97,9.94,9.94,983.63,9789.8585,40,325.32,3238.17,202204
9.94,9.95,9.93,9.94,921.51,9157.855,50,538.8,5354.6347,202204
9.94,9.94,9.9,9.9,1669.44,16538.2411,59,236.27,2343.027,202204
9.9,9.9,9.88,9.89,360.29,3563.5956,29,114.88,1136.5114,202204
9.89,9.9,9.86,9.89,8830.4,87111.3466,175,6380.27,62940.7931,202204
9.88,9.88,9.83,9.85,3367.83,33161.3655,101,894.74,8811.0922,202204
9.84,9.85,9.83,9.85,3519.48,34637.3164,89,2826.57,27819.4466,202204
9.86,9.9,9.85,9.89,1401.48,13839.1442,144,1081.54,10677.6757,202204
9.88,9.91,9.84,9.84,24959.57,246688.7427,321,7799.11,77052.7189,202204
9.85,9.87,9.82,9.83,2399.73,23641.5737,132,952.89,9392.5311,202204
9.83,9.83,9.78,9.81,13571.52,132986.2765,399,5543.48,54335.9753,202204
9.81,9.86,9.79,9.85,6629.01,65101.3451,219,3169.65,31134.4841,202204
9.84,9.87,9.84,9.86,617.0,6081.5781,32,310.76,3063.7241,202204
9.87,9.89,9.86,9.87,1355.44,13381.9936,87,575.7,5684.422,202204
9.88,9.92,9.86,9.91,7770.83,76870.1969,201,5741.51,56802.9473,202204
9.91,9.92,9.9,9.91,1305.36,12935.4838,73,493.16,4887.7162,202204
9.92,9.94,9.91,9.91,5847.55,58011.466,133,5389.89,53469.096,202204
9.92,9.96,9.92,9.94,2957.8,29406.1073,188,1326.82,13192.7254,202204
9.94,9.95,9.9,9.91,1391.22,13802.6174,74,454.3,4509.0244,202204
9.9,9.93,9.9,9.91,1181.68,11714.6536,62,605.21,5998.6298,202204
9.91,9.91,9.9,9.91,778.67,7716.5653,28,259.24,2569.0684,202204
9.92,9.93,9.92,9.92,2668.58,26486.5135,106,1643.26,16310.5433,202204
9.92,9.92,9.89,9.91,2601.37,25754.4768,82,537.58,5324.9261,202204
9.9,9.92,9.89,9.91,2683.56,26557.294,89,1001.79,9915.6259,202204
9.9,9.95,9.9,9.94,1128.78,11200.1972,73,783.52,7775.9715,202204
9.94,9.97,9.94,9.97,2032.64,20242.6859,95,1099.97,10954.4337,202204
9.97,9.98,9.96,9.97,1970.58,19646.4588,95,851.41,8488.6,202204
9.97,9.99,9.97,9.98,2266.44,22619.6088,127,555.83,5550.5288,202204
9.99,10.0,9.97,9.97,2568.23,25636.2775,129,294.22,2939.3828,202204
9.98,10.04,9.98,10.0,7875.55,78848.4855,407,5290.23,52958.8655,202204
10.0,10.01,9.98,10.01,1893.33,18928.5779,81,1279.55,12793.3712,202204
10.0,10.01,9.97,10.0,3341.1,33393.7509,106,1872.81,18717.092,202204
9.99,10.02,9.99,10.01,3351.36,33531.0115,89,1915.44,19174.7243,202204
10.01,10.02,10.0,10.02,1263.54,12650.1785,48,788.44,7896.4713,202204
10.02,10.04,10.02,10.03,6684.41,66992.3029,109,2922.5,29292.0142,202204
10.04,10.05,10.01,10.01,3379.52,33887.6532,116,490.12,4917.0635,202204
10.01,10.01,10.0,10.0,410.25,4104.0234,38,164.88,1650.3234,202204
10.0,10.02,9.99,10.01,2615.27,26162.5779,66,1697.12,16983.1268,202204
10.01,10.01,9.98,9.98,2591.94,25885.3189,105,1679.26,16769.3256,202204
9.98,9.98,9.94,9.95,2386.04,23769.632,88,307.69,3066.5741,202204
9.95,9.97,9.95,9.97,1287.28,12823.8854,64,1039.26,10353.0241,202204
9.97,9.99,9.96,9.98,1066.76,10640.7096,54,728.6,7268.5869,202204
9.98,9.98,9.97,9.98,529.91,5288.2304,26,463.3,4623.734,202204
9.98,9.98,9.94,9.96,1636.14,16298.9232,42,558.56,5566.2752,202204
9.96,9.98,9.95,9.98,1340.93,13369.6513,59,980.47,9780.3929,202204
9.97,9.98,9.96,9.97,1385.61,13809.6889,44,569.62,5678.7404,202204
9.97,9.99,9.97,9.98,342.97,3421.8713,36,275.26,2746.4183,202204
9.98,10.02,9.98,9.99,2911.29,29089.3455,120,1321.49,13205.5017,202204
10.0,10.02,10.0,10.01,8770.8,87768.8845,139,6651.23,66550.8079,202204
10.02,10.03,10.01,10.03,1978.44,19829.7077,51,1458.23,14613.3814,202204
10.03,10.03,10.0,10.0,1104.81,11061.2911,42,254.71,2552.5026,202204
10.0,10.02,10.0,10.0,748.06,7486.0008,39,482.2,4826.7842,202204
10.0,10.0,9.98,9.99,1309.54,13079.424,53,537.19,5366.708,202204
9.99,9.99,9.97,9.99,1045.92,10439.1765,28,1009.53,10076.3243,202204
9.98,9.99,9.98,9.98,358.76,3580.494,20,250.03,2495.3686,202204
9.99,9.99,9.98,9.99,488.94,4884.4327,24,326.96,3266.3304,202204
9.98,10.02,9.98,10.01,3643.47,36462.6761,68,699.58,6999.3495,202204
10.01,10.03,10.01,10.01,887.38,8891.4096,40,362.63,3635.0693,202204
10.01,10.02,9.97,9.97,1587.65,15869.6553,69,488.01,4876.1359,202204
9.98,10.0,9.98,10.0,1142.05,11406.9436,57,597.0,5963.7488,202204
10.0,10.01,10.0,10.01,755.1,7556.2454,37,611.58,6119.9605,202204
10.01,10.04,10.0,10.04,1310.72,13139.6713,68,905.05,9075.46,202204
10.05,10.07,10.04,10.06,3312.49,33304.1718,167,1754.98,17648.4896,202204
10.05,10.05,10.02,10.03,2969.35,29800.2577,204,958.97,9623.9699,202204
10.03,10.04,10.01,10.01,1383.06,13858.585,48,608.98,6102.4481,202204
10.01,10.03,10.0,10.02,761.55,7627.8918,47,442.02,4426.8979,202204
10.02,10.02,10.01,10.02,142.83,1429.8494,9,12.11,121.3422,202204
10.01,10.01,9.98,9.98,908.07,9080.146,30,259.34,2593.6943,202204
9.98,9.99,9.95,9.95,1853.85,18479.38,95,529.08,5277.6068,202204
9.95,9.97,9.94,9.95,3363.56,33495.13,112,1771.6,17646.973,202204
9.94,9.94,9.94,9.94,249.26,2477.6444,14,228.27,2269.0038,202204
9.93,9.94,9.92,9.94,1525.56,15150.0474,76,422.97,4201.7153,202204
9.93,9.95,9.93,9.95,1693.19,16841.9864,30,1512.57,15046.8546,202204
9.95,9.97,9.95,9.97,1202.23,11974.5533,86,498.66,4967.3747,202204
9.97,9.98,9.97,9.98,819.38,8171.5521,36,694.13,6921.7149,202204
9.98,9.99,9.96,9.96,626.5,6251.7994,22,50.39,503.3661,202204
9.96,9.98,9.96,9.98,1193.31,11899.1026,39,685.41,6837.3925,202204
9.98,10.0,9.97,9.99,329.86,3294.2097,31,246.26,2459.0894,202204
10.0,10.0,9.99,10.0,269.8,2697.548,30,224.6,2246.0,202204
10.0,10.03,9.99,10.03,1062.77,10639.555,51,881.41,8824.8601,202204
10.02,10.03,10.02,10.03,1835.15,18400.4387,40,1394.05,13980.6167,202204
10.03,10.04,10.01,10.02,1975.74,19809.0003,80,658.69,6608.7524,202204
10.02,10.02,9.99,10.0,590.04,5903.5821,37,266.37,2666.6588,202204
10.01,10.03,10.01,10.02,755.66,7569.3563,50,576.85,5778.8821,202204
10.03,10.04,10.02,10.02,1919.62,19247.8194,62,974.18,9766.4723,202204
10.02,10.02,9.98,9.99,1524.33,15236.446,61,514.1,5139.7023,202204
9.99,10.01,9.99,10.0,1253.01,12530.2555,51,1017.88,10179.1178,202204
10.0,10.01,10.0,10.0,238.75,2388.8239,18,132.39,1325.2239,202204
10.01,10.01,10.0,10.0,636.56,6371.1561,33,322.34,3226.3545,202204
10.0,10.01,10.0,10.01,606.37,6066.9564,23,601.99,6023.1459,202204
10.01,10.01,10.0,10.01,1827.94,18293.0073,43,1398.49,13998.5073,202204
10.01,10.01,9.98,9.99,921.63,9205.4271,44,191.84,1916.6857,202204
9.99,9.99,9.98,9.98,454.5,4536.431,14,52.1,520.479,202204
9.98,9.99,9.97,9.98,555.63,5545.0985,18,395.11,3943.2159,202204
9.98,9.99,9.97,9.98,538.56,5374.0226,30,401.32,4005.5439,202204
9.98,9.99,9.97,9.99,115.22,1150.1813,17,30.44,304.0956,202204
9.98,9.99,9.98,9.98,921.75,9204.1553,37,429.37,4287.5568,202204
9.97,9.97,9.96,9.97,1376.07,13714.3793,54,200.19,1995.1453,202204
9.97,9.97,9.96,9.96,3307.31,32957.0074,63,1384.59,13804.3623,202204
9.96,9.97,9.95,9.97,875.41,8715.138,26,220.74,2198.7199,202204
9.97,9.98,9.97,9.98,745.59,7438.7063,30,745.59,7438.7063,202204
9.99,10.06,9.98,10.03,6702.3,67191.0699,243,3943.87,39545.0239,202204
10.03,10.08,10.03,10.08,5298.5,53253.346,272,3211.76,32298.3527,202204
10.07,10.09,10.04,10.05,7617.19,76697.9666,429,2168.43,21840.2793,202204
10.05,10.07,10.02,10.02,3758.74,37756.3275,145,1275.61,12830.8426,202204
10.03,10.08,10.03,10.07,3786.89,38078.0529,240,2305.42,23184.3468,202204
10.08,10.08,10.05,10.05,2315.17,23287.8611,116,1050.12,10564.2937,202204
10.05,10.06,10.02,10.03,3779.86,37936.4256,98,655.73,6583.1658,202204
10.03,10.06,10.02,10.06,1522.82,15285.9561,42,1446.25,14518.6397,202204
10.05,10.05,10.02,10.03,3052.26,30635.9069,93,1296.66,13015.6948,202204
10.03,10.04,10.01,10.01,1787.47,17922.3186,34,958.19,9610.2866,202204
10.02,10.02,9.99,10.01,1468.71,14690.3145,56,494.4,4945.3792,202204
10.0,10.01,9.99,10.01,925.51,9258.3079,36,728.35,7288.3072,202204
10.01,10.02,10.01,10.01,686.06,6869.4307,38,197.01,1974.0402,202204
10.01,10.01,9.99,10.0,1477.74,14770.8404,54,682.62,6824.0744,202204
10.0,10.0,9.98,9.98,282.21,2819.552,18,93.82,937.5994,202204
9.99,10.03,9.99,10.01,2418.16,24207.5154,84,1218.15,12191.2994,202204
10.02,10.02,9.97,9.98,7814.76,78057.6455,152,528.12,5275.0067,202204
9.98,9.98,9.96,9.98,856.02,8535.2571,43,622.86,6210.7655,202204
9.97,9.98,9.95,9.97,674.13,6717.9793,59,256.76,2558.6106,202204
9.96,9.98,9.96,9.96,840.67,8382.4231,32,162.23,1618.5402,202204
9.97,10.01,9.97,10.01,11688.69,116708.9999,117,10495.05,104786.3792,202204
10.01,10.03,10.01,10.03,1195.39,11982.8378,68,806.88,8086.6171,202204
10.03,10.05,10.01,10.02,781.7,7840.0118,50,299.58,3005.8932,202204
10.02,10.05,10.02,10.04,1906.39,19135.9007,111,1541.5,15473.5917,202204
10.05,10.05,10.02,10.05,615.22,6171.2503,61,479.46,4809.3719,202204
10.05,10.06,10.02,10.02,1777.63,17847.7122,81,541.87,5446.3689,202204
10.03,10.06,10.03,10.05,1220.1,12249.9383,124,1003.73,10075.7866,202204
10.05,10.05,10.03,10.03,1590.56,15976.3624,63,781.78,7856.243,202204
10.03,10.03,9.98,10.0,7382.07,73882.6099,176,842.15,8424.4549,202204
9.99,10.02,9.98,10.01,1399.16,13997.0867,65,873.04,8739.0175,202204
10.01,10.02,10.0,10.01,2296.86,22979.839,46,836.67,8375.1505,202204
10.01,10.02,10.0,10.02,5050.72,50585.2607,97,2930.6,29357.1272,202204
10.02,10.03,10.0,10.01,5814.36,58215.7768,132,2639.46,26429.115,202204
10.02,10.03,10.01,10.02,6875.18,68892.2084,185,4902.21,49125.2907,202204
10.02,10.04,10.01,10.02,8818.74,88446.0551,197,6859.05,68817.539,202204
10.02,10.04,10.02,10.04,9742.07,97782.4829,79,9148.89,91832.9975,202204
10.03,10.04,10.02,10.02,6048.94,60638.6704,106,2166.57,21731.3326,202204
10.02,10.02,10.0,10.0,789.69,7901.1021,30,352.58,3527.6405,202204
10.0,10.02,10.0,10.01,731.61,7322.5711,45,381.4,3817.6984,202204
10.01,10.02,10.01,10.01,358.49,3589.8126,22,203.67,2040.0644,202204
10.02,10.06,10.02,10.05,12893.28,129499.4208,195,11702.91,117549.9833,202204
10.05,10.07,10.05,10.07,1127.34,11342.871,60,743.95,7486.0173,202204
10.07,10.1,10.06,10.07,7496.86,75584.3757,283,5181.08,52238.2036,202204
10.07,10.12,10.07,10.11,22435.46,226318.9108,359,18696.68,188584.4792,202204
10.11,10.13,10.09,10.1,14871.58,150333.2696,425,3774.83,38149.9043,202204
10.1,10.11,10.09,10.09,2141.52,21626.0465,96,618.52,6248.5626,202204
10.09,10.12,10.09,10.1,1768.06,17866.775,50,1174.01,11865.0951,202204
10.11,10.11,10.07,10.07,2672.2,26955.8122,86,153.73,1550.8342,202204
10.06,10.06,10.03,10.06,28414.46,285496.6211,503,7536.4,75729.834,202204
10.06,10.07,10.04,10.05,12376.25,124542.4351,198,11280.82,113526.7849,202204
10.05,10.06,10.04,10.06,460.33,4626.5482,25,266.58,2681.1662,202204
10.06,10.08,10.06,10.07,3614.87,36378.8891,80,1331.31,13401.1562,202204
10.07,10.07,10.07,10.07,39.02,392.9314,5,39.02,392.9314,202204
10.06,10.07,10.06,10.06,96.07,967.4,8,93.58,942.3506,202204
10.07,10.08,10.04,10.04,1359.53,13686.3612,62,619.76,6240.3156,202204
10.05,10.06,10.04,10.06,723.69,7277.6259,24,661.1,6648.6074,202204
10.05,10.07,10.04,10.04,611.01,6142.0017,44,239.89,2413.058,202204
10.05,10.06,10.05,10.05,286.71,2881.5459,18,24.5,246.3354,202204
10.06,10.07,10.06,10.06,908.01,9135.9408,32,866.47,8718.0484,202204
10.06,10.07,10.06,10.06,312.06,3141.4107,18,208.71,2101.7097,202204
10.07,10.09,10.06,10.06,885.13,8915.9311,58,515.77,5196.3041,202204
10.06,10.08,10.05,10.07,1793.84,18069.2606,61,906.62,9128.9032,202204
10.07,10.08,10.07,10.07,283.2,2851.8339,20,234.64,2362.8347,202204
10.06,10.07,10.05,10.06,653.57,6574.9329,25,24.02,241.7542,202204
10.06,10.07,10.06,10.06,159.88,1608.4328,14,149.58,1504.8148,202204
10.06,10.08,10.06,10.06,1885.8,18983.3146,41,1118.34,11261.715,202204
10.06,10.07,10.06,10.06,124.79,1256.588,14,120.06,1209.0042,202204
10.07,10.09,10.07,10.09,513.56,5176.4776,26,452.26,4558.5948,202204
10.09,10.09,10.08,10.08,242.01,2439.6346,15,32.23,325.0522,202204
10.07,10.08,10.06,10.08,605.82,6103.0926,43,440.59,4438.7765,202204
10.09,10.1,10.06,10.06,573.8,5780.4922,31,64.21,647.9171,202204
10.06,10.06,10.03,10.03,591.05,5933.8152,41,60.06,603.6418,202204
10.03,10.06,10.03,10.05,1234.6,12403.6,47,270.69,2720.3022,202204
10.05,10.07,10.04,10.07,1114.42,11213.4212,53,805.62,8106.5264,202204
10.07,10.07,10.06,10.07,542.24,5458.5616,29,308.88,3110.133,202204
10.06,10.06,10.05,10.05,618.0,6215.5214,14,38.11,383.0155,202204
10.06,10.06,10.04,10.04,101.07,1015.3293,12,16.36,164.4409,202204
10.04,10.06,10.03,10.03,2168.93,21793.9263,69,1243.29,12499.1635,202204
10.04,10.05,10.02,10.04,8213.98,82399.4627,90,3854.56,38667.8194,202204
10.05,10.05,10.02,10.03,2125.34,21318.9195,26,115.72,1162.4978,202204
10.03,10.04,10.02,10.02,450.15,4517.3655,40,253.14,2541.1052,202204
10.03,10.04,10.02,10.04,2065.33,20720.4864,67,1903.51,19097.3098,202204
10.04,10.04,10.03,10.04,26.14,262.3801,7,18.59,186.6436,202204
10.04,10.06,10.04,10.06,614.85,6178.9011,25,590.94,5938.6056,202204
10.06,10.08,10.06,10.07,333.88,3361.0435,38,177.48,1787.3605,202204
10.07,10.12,10.07,10.11,4404.29,44455.2826,138,3051.69,30796.5512,202204
10.11,10.11,10.08,10.09,1311.88,13248.0307,56,532.43,5377.5497,202204
10.09,10.11,10.09,10.1,426.0,4302.4537,42,358.92,3625.1485,202204
10.11,10.11,10.1,10.1,464.1,4690.9738,22,356.38,3603.0018,202204
10.09,10.09,10.08,10.09,1542.42,15550.543,44,194.83,1965.8347,202204
10.09,10.1,10.07,10.07,4734.15,47690.9648,86,850.31,8578.9224,202204
10.06,10.08,10.06,10.06,1183.75,11918.3324,28,455.91,4591.5531,202204
10.06,10.06,10.03,10.03,1567.87,15752.5403,68,538.35,5406.2361,202204
10.03,10.04,10.02,10.02,365.52,3666.6039,43,199.26,1999.2308,202204
10.03,10.05,10.01,10.03,11519.87,115668.6216,152,10544.44,105877.9884,202204
10.04,10.05,10.01,10.01,1127.54,11303.6518,45,249.0,2499.8433,202204
10.02,10.02,9.98,10.01,14076.26,140867.161,192,1825.69,18257.7531,202204
10.01,10.03,10.0,10.03,520.8,5221.4155,50,456.14,4574.6077,202204
10.03,10.06,10.03,10.05,2524.96,25377.0687,40,2362.86,23749.6394,202204
10.06,10.06,10.05,10.05,1001.27,10065.8614,37,167.05,1680.523,202204
10.05,10.06,10.05,10.05,90.36,908.4783,18,36.03,362.4618,202204
10.05,10.06,10.05,10.05,1657.49,16669.676,38,1515.25,15240.164,202204
10.06,10.06,10.03,10.03,2400.77,24114.9209,38,429.45,4319.9234,202204
10.02,10.06,10.0,10.06,12760.28,127747.6192,137,1342.05,13453.8612,202204
10.06,10.07,10.06,10.07,2216.21,22308.012,66,924.02,9303.8059,202204
10.07,10.07,10.04,10.04,1157.99,11651.7979,57,680.98,6857.0234,202204
10.04,10.05,10.02,10.05,718.47,7206.1056,40,401.55,4028.9311,202204
10.05,10.06,10.04,10.06,1355.86,13635.5955,43,1240.01,12471.3978,202204
10.06,10.06,10.04,10.04,221.2,2222.1326,23,33.22,333.9036,202204
10.05,10.05,10.0,10.0,1199.33,12028.7999,58,520.54,5227.3343,202204
10.0,10.02,9.98,9.98,1063.4,10636.5629,60,592.28,5926.4006,202204
9.99,9.99,9.97,9.98,14266.02,142447.2575,135,1942.33,19401.4651,202204
9.97,10.02,9.97,10.02,1063.84,10629.9107,70,846.17,8455.5965,202204
10.01,10.02,10.01,10.02,1271.36,12728.2757,35,1175.89,11772.4175,202204
10.03,10.03,10.0,10.0,338.72,3391.3768,28,71.51,715.6647,202204
10.0,10.01,9.97,9.99,11556.5,115402.5246,149,10642.91,106284.4389,202204
9.99,9.99,9.97,9.98,389.26,3884.7119,26,8.96,89.4426,202204
9.98,9.99,9.96,9.99,6126.64,61084.1107,84,1151.2,11489.6856,202204
9.99,10.0,9.97,9.98,1320.91,13188.8004,45,894.56,8930.7036,202204
9.98,9.99,9.98,9.98,1261.37,12590.5041,42,347.9,3474.0735,202204
9.98,10.02,9.98,10.01,6379.92,63797.4807,97,2871.61,28713.8063,202204
10.0,10.01,9.97,9.98,1378.37,13758.6441,43,164.23,1639.0919,202204
9.98,10.01,9.98,10.01,692.38,6917.8579,35,371.4,3713.0012,202204
10.0,10.0,9.98,9.98,1205.01,12034.7271,32,544.4,5439.7233,202204
9.98,10.0,9.97,9.98,1998.85,19968.1523,77,1453.08,14519.3802,202204
9.99,10.01,9.99,10.0,4940.81,49402.9352,194,1080.7,10807.5996,202204
9.99,10.01,9.97,9.97,2699.17,26945.6681,84,1041.47,10397.1497,202204
9.98,10.02,9.98,10.0,3101.67,31034.3148,115,1748.04,17497.4713,202204
10.0,10.04,9.99,10.02,4414.85,44235.5265,111,3438.95,34456.8735,202204
10.03,10.05,10.02,10.03,2001.23,20065.3616,58,691.96,6942.927,202204
10.04,10.05,10.02,10.03,3634.82,36489.2687,77,1150.39,11551.4631,202204
10.02,10.02,10.01,10.02,498.33,4992.1042,22,283.67,2842.3734,202204
10.02,10.03,9.99,10.0,3729.21,37296.7565,106,827.49,8282.952,202204
10.0,10.0,9.98,9.99,1232.79,12316.6637,53,305.13,3050.7105,202204
9.99,10.01,9.99,9.99,1212.08,12118.6317,40,481.43,4817.7782,202204
10.0,10.02,10.0,10.01,809.15,8095.1687,38,265.93,2661.9623,202204
10.0,10.01,9.98,10.01,737.65,7369.4694,33,583.81,5832.7819,202204
10.01,10.01,9.99,10.01,833.63,8339.1613,53,611.54,6117.9006,202204
10.0,10.02,10.0,10.0,1044.78,10459.9246,39,785.38,7864.2865,202204
9.99,10.02,9.99,10.0,548.76,5492.1962,30,496.01,4964.5918,202204
10.01,10.02,10.01,10.02,240.08,2403.6952,12,156.33,1565.3577,202204
10.02,10.04,10.01,10.03,819.48,8214.8443,44,394.48,3955.6767,202204
10.03,10.04,10.02,10.03,596.92,5990.802,23,466.74,4685.3962,202204
10.03,10.04,10.01,10.01,1497.35,14996.8714,50,125.1,1253.3989,202204
10.01,10.02,9.99,10.01,1291.32,12918.4571,48,320.72,3208.0287,202204
10.01,10.01,9.99,9.99,1223.28,12227.1153,70,615.16,6151.7,202204
9.99,10.01,9.99,10.0,8986.83,89868.383,157,4125.35,41253.8226,202204
10.0,10.07,10.0,10.05,5055.95,50739.1239,152,3101.1,31111.2921,202204
10.05,10.08,10.05,10.08,973.2,9791.7478,59,315.97,3180.1562,202204
10.07,10.08,10.06,10.06,1732.12,17442.1568,52,1506.91,15174.6362,202204
10.07,10.08,10.05,10.07,1307.72,13162.5812,78,657.02,6612.2262,202204
10.07,10.12,10.06,10.11,10551.57,106409.9561,281,8951.51,90253.6064,202204
10.11,10.11,10.07,10.08,1479.78,14927.7385,74,738.97,7457.8964,202204
10.09,10.1,10.07,10.1,3545.38,35751.8531,114,1433.2,14460.7948,202204
10.1,10.1,10.08,10.1,882.57,8903.3512,59,618.36,6239.6251,202204
10.09,10.1,10.03,10.03,13423.04,135220.3111,215,4084.05,41176.1013,202204
10.03,10.04,10.01,10.03,2233.29,22390.5209,119,1665.28,16697.8601,202204
10.03,10.03,10.02,10.03,799.61,8015.8189,79,719.43,7212.4153,202204
10.03,10.05,10.02,10.04,2473.81,24827.6396,91,608.31,6104.4919,202204
10.04,10.04,10.0,10.01,2544.28,25481.9265,120,1137.78,11408.146,202204
10.01,10.02,9.99,10.0,2164.03,21643.0767,98,1607.46,16078.2222,202204
10.0,10.0,9.98,10.0,1190.22,11891.3263,94,800.04,7994.6403,202204
9.99,10.0,9.98,9.98,666.72,6665.4752,35,511.5,5114.9889,202204
9.98,10.01,9.98,9.99,779.46,7791.45,51,386.51,3864.2516,202204
9.99,10.0,9.98,10.0,5552.49,55438.7601,90,413.28,4132.8,202204
9.99,10.01,9.98,9.99,967.92,9675.8905,35,836.33,8361.2695,202204
9.99,9.99,9.96,9.98,1127.12,11239.4679,68,226.32,2257.9058,202204
9.98,9.98,9.97,9.98,190.39,1899.0049,11,19.55,195.0107,202204
9.97,9.98,9.96,9.98,1477.51,14727.0969,56,434.52,4334.0414,202204
9.98,9.98,9.94,9.95,14147.34,140849.4847,249,2903.33,28894.0376,202204
9.95,9.96,9.93,9.96,2994.68,29775.5076,168,1796.61,17866.7356,202204
9.96,9.98,9.95,9.98,1078.94,10755.5032,137,615.28,6135.347,202204
9.98,9.99,9.97,9.98,911.75,9099.04,72,679.03,6777.6908,202204
9.97,9.99,9.96,9.99,581.92,5802.6253,52,428.24,4270.4557,202204
9.99,10.0,9.97,9.98,2898.78,28911.5009,81,417.7,4169.13,202204
9.98,10.01,9.98,10.01,2189.01,21878.1422,61,1070.69,10707.625,202204
10.0,10.01,10.0,10.01,438.59,4389.553,17,365.3,3656.653,202204
10.01,10.02,9.98,10.0,2554.15,25557.0231,61,360.21,3606.8601,202204
10.0,10.03,10.0,10.02,7042.35,70505.1249,99,5284.0,52897.3589,202204
10.02,10.02,10.0,10.02,805.16,8060.4371,32,407.26,4077.4553,202204
10.02,10.04,10.02,10.03,1225.25,12289.6659,64,506.62,5083.6419,202204
10.04,10.06,10.03,10.06,3939.53,39569.6974,132,1994.78,20043.6644,202204
10.06,10.07,10.04,10.06,1267.65,12747.4622,61,572.47,5759.4464,202204
10.05,10.06,10.04,10.06,155.64,1564.4364,15,46.61,468.7166,202204
10.05,10.09,10.05,10.07,1992.95,20074.2414,133,737.21,7427.464,202204
10.06,10.07,10.05,10.07,1520.11,15297.7104,66,917.89,9241.3825,202204
10.07,10.1,10.07,10.1,7413.65,74789.4417,234,3523.42,35542.4602,202204
10.09,10.1,10.08,10.09,724.49,7309.7983,69,638.55,6443.2377,202204
10.09,10.09,10.05,10.06,1213.09,12208.4076,79,321.82,3238.4272,202204
10.06,10.07,10.04,10.05,2068.86,20796.7445,79,1504.7,15126.644,202204
10.04,10.06,10.03,10.05,1224.52,12302.9268,68,771.47,7752.7457,202204
10.04,10.08,10.04,10.08,4591.7,46156.006,82,1770.16,17823.1905,202204
10.08,10.11,10.08,10.11,2950.74,29795.8331,148,1422.15,14357.8524,202204
10.11,10.11,10.09,10.09,3793.36,38304.2829,129,789.62,7978.9417,202204
10.1,10.1,10.08,10.09,1445.7,14594.9391,40,1113.14,11242.3131,202204
10.09,10.09,10.07,10.08,1128.66,11372.4805,52,179.32,1807.7315,202204
10.08,10.08,10.04,10.05,1653.27,16618.456,44,349.57,3513.365,202204
10.06,10.06,10.04,10.06,829.55,8338.4963,33,625.34,6286.4843,202204
10.07,10.09,10.05,10.06,6776.56,68223.1246,155,5086.7,51219.3629,202204
10.07,10.08,10.05,10.06,874.22,8797.7826,77,284.53,2865.2183,202204
10.06,10.07,10.05,10.07,518.5,5215.8256,58,469.2,4720.3606,202204
10.07,10.07,10.04,10.06,725.05,7288.6342,63,252.65,2540.9197,202204
10.06,10.07,10.05,10.07,1240.93,12483.171,68,1107.11,11138.2468,202204
10.07,10.07,10.05,10.06,1671.44,16817.0912,59,293.75,2957.9152,202204
10.06,10.11,10.06,10.11,693.12,6996.5672,53,400.86,4046.316,202204
10.11,10.15,10.1,10.13,5517.88,55911.6878,390,2716.12,27530.1469,202204
10.12,10.2,10.12,10.18,6491.1,65999.4134,622,2961.59,30107.3337,202204
10.18,10.2,10.17,10.2,3421.37,34845.5166,293,1796.11,18296.6596,202204
10.2,10.2,10.17,10.19,8150.94,83038.2492,187,2061.95,21011.089,202204
10.19,10.21,10.18,10.21,6603.34,67308.8089,170,4164.44,42455.3521,202204
10.21,10.26,10.21,10.26,12356.54,126530.2019,502,7661.46,78464.8727,202204
10.26,10.26,10.22,10.23,5230.99,53567.4957,275,1748.72,17913.0476,202204
10.24,10.25,10.22,10.23,7670.96,78537.5148,190,2237.63,22910.6847,202204
10.24,10.25,10.23,10.25,7504.97,76789.199,67,657.92,6742.712,202204
10.25,10.29,10.25,10.28,7077.05,72697.8604,296,4694.79,48243.4906,202204
10.29,10.29,10.23,10.24,15174.01,155631.5803,353,3468.02,35553.2577,202204
10.25,10.28,10.23,10.28,2166.41,22207.1765,57,883.53,9068.5354,202204
10.28,10.31,10.27,10.3,7445.15,76612.4415,393,3924.86,40404.9049,202204
10.29,10.3,10.26,10.28,15393.56,158324.9533,200,2232.92,22966.3783,202204
10.27,10.27,10.23,10.24,4377.96,44851.9738,186,812.85,8334.6486,202204
10.24,10.25,10.22,10.25,3181.16,32545.8284,117,1224.36,12527.7854,202204
10.24,10.26,10.24,10.25,1668.81,17108.3195,45,1303.04,13360.2482,202204
10.25,10.28,10.24,10.27,1707.61,17522.1345,126,1018.9,10457.9993,202204
10.27,10.3,10.27,10.3,1475.79,15172.6994,74,1220.54,12546.5443,202204
10.3,10.32,10.29,10.31,1951.7,20110.0503,182,1090.15,11234.5173,202204
10.3,10.31,10.28,10.3,8081.03,83248.6545,118,2290.8,23612.529,202204
10.29,10.31,10.28,10.3,777.83,8006.7603,41,495.97,5108.8656,202204
10.31,10.31,10.28,10.29,693.77,7143.2485,27,328.12,3380.4836,202204
10.29,10.3,10.29,10.29,529.32,5450.3155,31,159.76,1645.528,202204
10.3,10.3,10.25,10.27,1126.29,11566.4246,55,113.28,1162.6988,202204
10.27,10.27,10.24,10.25,571.27,5859.6023,34,208.1,2135.7132,202204
10.26,10.26,10.23,10.24,195.47,2001.6233,29,14.21,145.7311,202204
10.24,10.25,10.24,10.24,1277.51,13081.9801,43,1078.92,11048.4185,202204
10.25,10.25,10.22,10.23,1403.38,14368.952,66,826.46,8462.7725,202204
10.22,10.22,10.2,10.21,2031.75,20751.2367,86,66.67,681.1337,202204
10.22,10.24,10.2,10.22,7682.51,78544.8384,143,6293.13,64354.4135,202204
10.22,10.24,10.22,10.24,874.07,8940.4948,27,585.78,5992.6392,202204
10.23,10.25,10.22,10.24,2591.7,26508.5734,51,552.54,5658.2239,202204
10.24,10.27,10.23,10.25,837.99,8588.3488,143,624.38,6400.9271,202204
10.25,10.27,10.25,10.27,1492.07,15300.0409,64,421.05,4321.1483,202204
10.27,10.29,10.26,10.28,618.43,6354.874,63,489.63,5031.3745,202204
10.28,10.28,10.26,10.27,874.9,8991.9061,58,700.08,7196.7454,202204
10.27,10.29,10.26,10.29,1298.81,13344.772,64,1206.17,12393.6051,202204
10.28,10.29,10.25,10.25,797.93,8198.3914,45,325.56,3347.3386,202204
10.25,10.26,10.24,10.25,851.59,8728.6684,34,176.96,1813.8709,202204
10.26,10.27,10.25,10.26,840.93,8630.5229,54,694.29,7126.2228,202204
10.26,10.29,10.25,10.28,4430.07,45509.9696,95,4152.95,42664.846,202204
10.28,10.31,10.27,10.29,2200.13,22638.2309,71,1710.01,17591.8802,202204
10.29,10.31,10.28,10.29,2934.03,30192.4936,72,1719.49,17694.1744,202204
10.28,10.29,10.27,10.28,1087.67,11178.0348,49,594.91,6115.4853,202204
10.28,10.29,10.27,10.28,3076.44,31624.5834,61,2743.19,28200.4188,202204
10.28,10.28,10.27,10.28,237.12,2436.5936,13,27.91,286.9148,202204
10.27,10.29,10.26,10.26,1383.25,14210.6816,35,540.37,5554.7035,202204
10.26,10.28,10.26,10.27,1358.12,13947.2355,59,1273.06,13073.7689,202204
10.27,10.27,10.25,10.26,477.17,4896.3001,23,138.34,1420.0597,202204
10.25,10.26,10.24,10.25,371.94,3813.127,37,134.94,1384.118,202204
10.25,10.25,10.23,10.25,3821.88,39157.6353,78,2400.6,24600.4088,202204
10.25,10.25,10.22,10.23,1033.65,10578.5487,39,623.09,6375.0853,202204
10.22,10.24,10.21,10.22,3531.18,36111.6653,107,611.12,6251.0594,202204
10.23,10.24,10.22,10.24,2944.01,30140.3849,65,2385.25,24424.6056,202204
10.24,10.24,10.23,10.24,1750.65,17923.6349,42,1377.91,14109.7984,202204
10.24,10.25,10.22,10.22,1445.66,14785.3084,36,2.95,30.2278,202204
10.22,10.23,10.21,10.22,993.96,10155.6228,49,161.96,1655.3636,202204
10.22,10.23,10.21,10.22,595.0,6081.2258,30,522.79,5343.2496,202204
10.22,10.23,10.21,10.21,150.08,1534.1792,14,81.18,830.3138,202204
10.21,10.21,10.2,10.21,640.62,6540.458,32,327.97,3348.5737,202204
10.21,10.23,10.2,10.22,583.09,5957.3098,32,315.17,3219.6202,202204
10.22,10.22,10.2,10.2,854.33,8722.5614,32,69.3,707.9578,202204
10.2,10.21,10.16,10.17,5407.57,55114.7433,183,1476.63,15051.2434,202204
10.17,10.18,10.12,10.14,4455.4,45228.2949,170,1756.12,17844.0215,202204
10.13,10.15,10.11,10.14,7150.98,72427.2032,245,3805.15,38567.426,202204
10.14,10.16,10.12,10.15,2121.6,21516.4802,84,483.57,4906.4732,202204
10.16,10.16,10.11,10.12,1953.39,19781.5698,74,151.37,1532.225,202204
10.12,10.13,10.08,10.09,7244.39,73155.992,287,1825.91,18436.158,202204
10.09,10.1,10.05,10.06,1760.56,17728.6462,138,874.7,8807.1824,202204
10.07,10.07,10.02,10.02,7927.06,79589.4152,210,3265.0,32796.9561,202204
10.01,10.03,9.96,9.97,8438.07,84302.7299,455,3817.09,38140.9621,202204
9.96,9.97,9.91,9.93,10833.31,107596.033,428,4220.78,41973.3601,202204
9.93,9.95,9.91,9.92,10071.25,99998.7086,270,8180.4,81242.066,202204
9.91,9.93,9.88,9.91,16550.93,163937.0132,602,7309.94,72399.5403,202204
9.92,9.98,9.88,9.94,9772.93,97143.0705,343,5784.52,57497.6775,202204
9.94,9.97,9.94,9.95,5499.62,54709.1111,142,4116.55,40948.3152,202204
9.94,9.94,9.87,9.87,5205.13,51561.5444,261,2269.4,22486.2754,202204
9.88,9.91,9.87,9.9,5387.23,53273.8505,159,2143.61,21201.5266,202204
9.9,9.95,9.9,9.94,13038.25,129395.5854,272,11428.94,113412.0053,202204
9.93,9.97,9.93,9.96,4523.68,45043.8455,172,2005.85,19981.35,202204
9.97,9.98,9.96,9.96,2047.22,20419.8394,68,1699.7,16956.029,202204
9.97,9.99,9.96,9.99,2996.52,29890.9396,94,2329.74,23242.5697,202204
9.99,10.0,9.97,9.99,3336.08,33329.3817,90,1124.22,11237.8608,202204
9.98,9.99,9.93,9.96,983.62,9793.8415,61,184.26,1834.1832,202204
9.96,9.98,9.92,9.97,9516.36,94754.1808,176,8034.39,80003.2782,202204
9.97,9.97,9.92,9.92,2109.22,20981.3282,81,799.11,7951.1415,202204
9.93,9.93,9.91,9.92,1283.05,12721.731,49,454.22,4503.8505,202204
9.93,9.93,9.83,9.88,21745.9,214463.511,480,6426.61,63387.1089,202204
9.89,9.89,9.82,9.83,7873.51,77592.9218,215,2690.46,26524.3632,202204
9.83,9.84,9.76,9.79,32107.14,314189.144,514,5093.88,49854.8056,202204
9.78,9.84,9.75,9.81,16471.5,161352.203,639,8293.53,81301.9299,202204
9.81,9.83,9.78,9.81,5114.6,50123.0247,111,3060.06,29999.3533,202204
9.81,9.81,9.71,9.75,21591.84,210523.4019,585,9768.65,95349.5163,202204
9.76,9.85,9.76,9.84,14515.89,142390.2791,425,9262.56,90858.7207,202204
9.84,9.85,9.81,9.82,8064.97,79334.0981,219,2961.28,29133.3451,202204
9.82,9.86,9.82,9.85,4324.61,42563.2875,156,1620.86,15963.2298,202204
9.85,9.86,9.83,9.85,3373.02,33216.5141,114,1304.66,12855.604,202204
9.85,9.86,9.81,9.81,1805.27,17755.566,88,189.79,1867.4171,202204
9.81,9.88,9.81,9.86,5310.12,52320.3559,254,3529.46,34766.5762,202204
9.86,9.88,9.85,9.87,934.69,9220.7836,76,87.99,868.6019,202204
9.86,9.88,9.86,9.88,782.22,7719.0754,40,415.83,4103.2416,202204
9.87,9.89,9.86,9.89,3760.8,37133.2395,112,1481.73,14637.0044,202204
9.88,9.89,9.85,9.89,4714.73,46522.2425,130,1067.07,10534.5422,202204
9.89,9.89,9.86,9.88,2127.69,21010.2319,62,1145.95,11320.0642,202204
9.88,9.89,9.87,9.88,820.3,8102.4799,24,85.16,841.9075,202204
9.88,9.88,9.86,9.86,2641.86,26080.0946,53,1586.12,15661.1119,202204
9.85,9.85,9.84,9.85,360.51,3548.6465,27,185.51,1826.1501,202204
9.84,9.84,9.81,9.82,1031.76,10135.3646,52,343.68,3375.7523,202204
9.82,9.83,9.81,9.82,1904.28,18703.6198,49,1083.92,10647.9799,202204
9.82,9.82,9.77,9.77,3115.0,30488.6857,116,1908.15,18675.0555,202204
9.76,9.77,9.74,9.75,2322.83,22673.3811,129,1373.23,13409.7153,202204
9.75,9.76,9.75,9.75,7951.71,77577.0246,136,6874.54,67068.3645,202204
9.75,9.77,9.72,9.73,3096.1,30135.1131,145,1930.48,18791.457,202204
9.73,9.78,9.72,9.76,3031.63,29556.9861,129,1576.99,15373.7722,202204
9.75,9.8,9.75,9.78,8431.09,82464.1751,168,5207.6,50927.927,202204
9.78,9.79,9.73,9.73,4029.91,39342.3616,113,936.62,9144.6692,202204
9.73,9.75,9.69,9.74,15523.16,150824.3008,335,5378.38,52299.2592,202204
9.73,9.74,9.72,9.72,2980.13,28996.1001,43,944.31,9188.317,202204
9.72,9.76,9.69,9.76,6144.09,59719.9785,179,4589.89,44625.5534,202204
9.76,9.77,9.73,9.74,3062.51,29840.9589,100,875.38,8538.1536,202204
9.75,9.75,9.72,9.72,1188.63,11574.565,38,175.15,1705.01,202204
9.73,9.74,9.66,9.69,9296.32,89997.8173,269,2010.67,19477.5378,202204
9.69,9.69,9.64,9.65,16804.02,162319.1004,298,3272.41,31610.3497,202204
9.66,9.66,9.63,9.65,7380.4,71171.6303,156,3399.06,32803.3247,202204
9.65,9.68,9.62,9.65,5557.27,53616.2239,344,3936.6,37991.8704,202204
9.65,9.67,9.63,9.67,5340.22,51516.4339,126,3933.26,37940.057,202204
9.67,9.7,9.66,9.67,2722.9,26361.2468,121,1201.18,11631.4492,202204
9.67,9.71,9.67,9.71,2515.69,24381.7395,106,1234.99,11971.3717,202204
9.71,9.72,9.68,9.71,8191.34,79480.187,137,5021.29,48727.6801,202204
9.71,9.71,9.69,9.69,2732.13,26485.4509,59,388.01,3760.2766,202204
9.7,9.72,9.65,9.69,5689.24,55138.2273,143,1986.63,19269.8045,202204
9.69,9.7,9.68,9.68,5596.07,54243.527,123,3412.79,33095.5579,202204
9.69,9.7,9.67,9.67,16268.57,157448.0742,220,2583.07,25027.6614,202204
9.67,9.69,9.66,9.67,3125.75,30250.08,89,1116.26,10806.3353,202204
9.67,9.68,9.65,9.68,2490.76,24083.8121,100,1184.08,11452.8293,202204
9.67,9.68,9.65,9.66,2706.02,26152.939,87,879.69,8507.1498,202204
9.66,9.68,9.65,9.67,7325.53,70793.5989,215,4665.37,45094.5802,202204
9.66,9.68,9.66,9.66,956.76,9250.5377,58,513.58,4966.3812,202204
9.66,9.67,9.65,9.65,1678.87,16216.3073,68,1078.03,10413.4578,202204
9.64,9.67,9.64,9.66,2677.73,25854.7424,80,1946.66,18796.4132,202204
9.66,9.68,9.65,9.68,492.07,4757.002,27,344.66,3333.16,202204
9.67,9.68,9.66,9.67,786.73,7608.0366,39,557.56,5392.4429,202204
9.67,9.67,9.65,9.66,3986.23,38503.3835,84,858.77,8295.8166,202204
9.66,9.68,9.66,9.68,2700.81,26115.875,45,2618.32,25318.0473,202204
9.69,9.7,9.68,9.7,2047.49,19830.6954,58,787.33,7629.2757,202204
9.69,9.73,9.69,9.72,7867.93,76391.4828,133,6030.62,58567.7884,202204
9.73,9.73,9.71,9.72,1381.71,13425.8177,32,777.79,7561.1465,202204
9.72,9.73,9.71,9.72,1945.28,18906.0374,44,1377.95,13393.7007,202204
9.72,9.74,9.72,9.73,4509.92,43890.861,135,3816.83,37147.3732,202204
9.72,9.73,9.7,9.73,1795.72,17441.6119,55,1061.74,10314.6742,202204
9.72,9.72,9.71,9.71,894.78,8692.2409,35,108.06,1049.4079,202204
9.71,9.72,9.7,9.72,2131.68,20703.4395,47,403.83,3922.7853,202204
9.72,9.74,9.72,9.73,2251.12,21910.4653,83,1224.92,11923.2757,202204
9.74,9.75,9.71,9.73,22785.12,221626.4034,223,1511.88,14710.8392,202204
9.72,9.73,9.7,9.73,2308.69,22442.6175,62,1350.37,13132.6594,202204
9.73,9.73,9.72,9.73,905.48,8806.0594,34,192.0,1868.16,202204
9.72,9.74,9.71,9.71,1316.19,12793.6151,50,378.08,3681.3155,202204
9.72,9.72,9.7,9.71,2057.19,19974.4154,58,1018.34,9890.5281,202204
9.71,9.74,9.71,9.72,1977.61,19237.3865,57,1137.86,11069.3589,202204
9.72,9.73,9.71,9.72,1263.95,12276.0332,38,643.25,6246.6813,202204
9.72,9.72,9.67,9.69,2062.73,19997.013,94,745.17,7221.5459,202204
9.69,9.69,9.67,9.69,745.2,7213.9112,36,305.93,2962.4135,202204
9.68,9.69,9.68,9.69,202.98,1965.0467,20,23.46,227.2931,202204
9.69,9.7,9.67,9.68,519.25,5031.063,34,295.13,2860.6905,202204
9.67,9.68,9.64,9.64,2377.54,22938.4655,69,543.31,5244.3748,202204
9.65,9.66,9.62,9.64,2392.98,23071.2867,80,1383.24,13342.1894,202204
9.63,9.64,9.62,9.64,1250.48,12047.0108,51,1074.92,10357.0065,202204
9.64,9.66,9.64,9.66,758.58,7321.1676,36,646.2,6237.0625,202204
9.65,9.67,9.65,9.67,1966.94,18993.9863,42,1382.07,13344.3912,202204
9.67,9.71,9.67,9.71,1602.59,15535.5968,63,1522.68,14761.4573,202204
9.71,9.72,9.69,9.7,2662.92,25836.5303,68,123.61,1199.9396,202204
9.69,9.7,9.68,9.69,2869.58,27796.6163,53,2413.87,23382.2532,202204
9.7,9.7,9.67,9.69,1166.75,11301.4745,56,627.38,6077.1145,202204
9.68,9.69,9.67,9.67,3892.0,37645.126,79,1154.15,11163.3821,202204
9.67,9.68,9.65,9.67,3540.18,34230.1753,80,3097.86,29957.0,202204
9.66,9.67,9.66,9.67,594.26,5743.4441,33,349.19,3376.0679,202204
9.67,9.69,9.67,9.69,2790.19,27019.9134,54,263.26,2549.1536,202204
9.7,9.73,9.7,9.73,2608.47,25325.2467,73,2207.89,21432.8851,202204
9.73,9.74,9.72,9.73,1057.93,10291.6373,55,527.04,5128.373,202204
9.73,9.73,9.7,9.72,3866.3,37582.3105,64,445.42,4330.162,202204
9.71,9.72,9.7,9.7,492.02,4777.2872,34,107.9,1047.8525,202204
9.7,9.73,9.7,9.73,862.87,8394.7455,26,378.89,3685.6947,202204
9.73,9.73,9.71,9.71,150.27,1460.6501,15,11.43,111.201,202204
9.72,9.73,9.71,9.71,2063.74,20059.5764,48,1920.13,18664.4636,202204
9.73,9.74,9.71,9.72,869.88,8460.5959,36,530.27,5160.1083,202204
9.71,9.72,9.7,9.7,638.18,6196.8918,17,24.57,238.7623,202204
9.71,9.73,9.71,9.71,3705.81,36015.2324,63,1138.9,11070.0887,202204
9.71,9.71,9.67,9.67,5921.5,57392.7488,95,645.61,6263.2562,202204
9.67,9.69,9.67,9.67,723.35,7001.7806,35,675.04,6534.398,202204
9.68,9.69,9.64,9.65,4392.16,42405.7647,100,2034.28,19635.2529,202204
9.66,9.67,9.64,9.64,521.27,5031.5146,52,191.75,1850.9389,202204
9.64,9.64,9.57,9.58,19668.8,188800.5238,626,5454.67,52334.562,202204
9.59,9.62,9.59,9.6,6662.97,63979.4323,227,1782.86,17126.9092,202204
9.61,9.64,9.6,9.64,2815.93,27100.3508,101,2611.6,25136.5358,202204
9.64,9.64,9.62,9.64,861.36,8295.195,40,189.75,1827.8031,202204
9.64,9.65,9.64,9.65,523.53,5048.6756,33,302.95,2922.2844,202204
9.63,9.65,9.63,9.63,2692.24,25941.9681,133,1261.08,12151.1503,202204
9.64,9.65,9.61,9.61,2435.88,23450.1708,61,978.04,9412.4545,202204
9.61,9.61,9.57,9.6,2326.52,22320.73,100,1316.64,12638.503,202204
9.59,9.6,9.51,9.54,20385.42,194321.7353,657,8348.44,79599.2526,202204
9.54,9.56,9.5,9.55,6079.56,57939.355,374,2911.51,27766.4853,202204
9.55,9.58,9.54,9.54,3713.3,35507.7077,109,1026.17,9814.6879,202204
9.54,9.54,9.46,9.48,12566.09,119413.6552,456,5684.12,54025.7465,202204
9.48,9.52,9.47,9.5,21168.78,200757.5074,423,8104.67,76951.8576,202204
9.5,9.52,9.43,9.44,15243.23,144540.9791,404,7076.54,67176.8202,202204
9.43,9.45,9.37,9.41,26153.2,246202.6951,844,11449.27,107829.454,202204
9.4,9.42,9.39,9.41,4156.2,39087.7329,166,1698.79,15984.9499,202204
9.42,9.44,9.25,9.26,55915.78,522911.2469,1320,17845.56,166803.5515,202204
9.26,9.32,9.22,9.26,44564.96,412812.237,1545,21781.54,201911.5504,202204
9.25,9.33,9.25,9.32,17182.77,159763.3604,442,10778.83,100215.7203,202204
9.32,9.35,9.31,9.31,5128.76,47843.1112,260,2958.24,27600.3856,202204
9.31,9.37,9.31,9.33,7179.76,67068.6964,187,4392.77,41047.9351,202204
9.34,9.34,9.31,9.32,2478.96,23118.8122,96,905.9,8453.8277,202204
9.33,9.34,9.29,9.3,1365.0,12711.8598,78,371.21,3459.2646,202204
9.29,9.33,9.28,9.28,3826.26,35573.1673,133,1642.84,15275.5205,202204
9.28,9.29,9.24,9.25,6201.67,57430.7996,142,3769.95,34891.4164,202204
9.25,9.32,9.25,9.28,5829.95,54206.1002,161,4041.76,37602.5861,202204
9.29,9.33,9.29,9.32,6458.39,60169.5953,187,5163.22,48106.4659,202204
9.32,9.35,9.31,9.33,3040.77,28395.8516,127,2157.93,20159.5422,202204
9.33,9.33,9.31,9.32,945.97,8814.3962,61,587.86,5479.5473,202204
9.32,9.34,9.29,9.33,7601.35,70724.0911,166,4069.69,37883.9182,202204
9.34,9.34,9.3,9.32,649.58,6048.6718,41,207.56,1933.332,202204
9.31,9.33,9.29,9.33,3337.78,31064.3762,99,1390.71,12946.933,202204
9.31,9.33,9.29,9.3,1943.32,18110.2844,53,567.31,5283.2262,202204
9.3,9.32,9.24,9.27,6884.11,63823.5007,209,3535.25,32777.7903,202204
9.27,9.29,9.23,9.26,6930.08,64132.8167,154,2130.08,19728.1034,202204
9.25,9.28,9.24,9.25,4491.51,41529.1358,162,2388.34,22088.3662,202204
9.25,9.29,9.21,9.29,17674.44,163374.4302,422,8551.98,79139.4046,202204
9.28,9.31,9.28,9.29,4644.15,43132.134,104,3320.08,30841.9493,202204
9.29,9.35,9.28,9.28,12718.4,118600.795,264,7930.44,73971.6832,202204
9.29,9.31,9.27,9.29,2896.85,26880.7493,93,1210.31,11234.0456,202204
9.29,9.31,9.26,9.28,6831.57,63395.8683,137,3783.72,35116.6896,202204
9.27,9.31,9.24,9.28,9400.47,87357.054,205,6706.33,62338.7302,202204
9.28,9.29,9.26,9.27,1587.76,14717.1299,66,245.77,2279.4084,202204
9.27,9.34,9.26,9.33,3899.29,36281.304,162,2261.31,21033.9009,202204
9.33,9.35,9.32,9.35,2009.56,18770.4176,125,1464.35,13681.0119,202204
9.35,9.37,9.32,9.35,4602.78,43037.0889,203,2034.34,19026.7612,202204
9.34,9.35,9.31,9.32,1981.31,18496.2733,114,867.43,8101.695,202204
9.33,9.35,9.31,9.31,2916.64,27217.2815,87,1821.16,16999.5401,202204
9.32,9.35,9.32,9.35,2051.5,19149.3701,77,859.63,8025.4772,202204
9.34,9.38,9.34,9.36,1925.35,18038.6568,120,1603.69,15026.6983,202204
9.36,9.39,9.34,9.38,3416.29,32016.7146,157,1692.16,15866.005,202204
9.38,9.39,9.35,9.36,1441.62,13514.3375,71,550.49,5162.0208,202204
9.37,9.39,9.34,9.34,7303.82,68409.9281,135,3401.6,31871.4178,202204
9.34,9.37,9.34,9.35,1383.34,12934.8095,56,1048.75,9806.3073,202204
9.35,9.35,9.3,9.32,3423.1,31898.7925,85,1657.0,15442.7886,202204
9.31,9.35,9.28,9.3,6710.3,62511.7855,189,1982.97,18468.1085,202204
9.3,9.32,9.29,9.3,6008.18,55888.9632,118,1165.53,10846.8337,202204
9.29,9.31,9.25,9.3,6382.19,59180.6233,207,3153.67,29246.2956,202204
9.29,9.29,9.24,9.26,9103.55,84302.1034,245,4025.2,37269.1064,202204
9.27,9.3,9.19,9.23,77501.75,714889.7647,925,17614.95,162690.2737,202204
9.23,9.28,9.21,9.22,21151.8,195787.4982,517,13976.55,129445.906,202204
9.23,9.26,9.21,9.26,9632.31,88923.8106,285,4931.85,45572.5109,202204
9.25,9.31,9.25,9.31,6641.88,61553.3831,170,3692.28,34225.9357,202204
9.3,9.32,9.29,9.3,2667.57,24813.056,79,1366.98,12717.2346,202204
9.31,9.33,9.3,9.32,3292.08,30652.4034,70,2919.98,27187.271,202204
9.33,9.36,9.31,9.31,3279.27,30612.2327,192,1038.28,9701.4111,202204
9.31,9.33,9.28,9.29,3705.47,34508.4824,111,2086.39,19442.1794,202204
9.29,9.31,9.27,9.28,2868.6,26644.1325,106,1150.28,10689.1775,202204
9.27,9.28,9.25,9.26,1118.02,10363.8919,71,296.37,2746.2297,202204
9.26,9.27,9.23,9.23,4494.77,41577.7176,108,1577.89,14608.2573,202204
9.24,9.29,9.23,9.27,3427.96,31749.029,105,1470.9,13616.1726,202204
9.27,9.32,9.26,9.28,8274.54,76828.453,166,4324.52,40151.5478,202204
9.27,9.28,9.24,9.24,8507.19,78755.9467,134,3265.49,30270.1334,202204
9.24,9.27,9.22,9.22,6487.16,59969.7814,148,1137.07,10506.3454,202204
9.23,9.26,9.19,9.23,7169.42,66114.9401,262,3747.9,34573.7135,202204
9.22,9.24,9.2,9.21,7157.39,66040.0377,185,2229.23,20564.3524,202204
9.22,9.26,9.2,9.21,5307.69,48952.5387,159,2188.9,20201.0901,202204
9.21,9.28,9.21,9.27,11878.05,109909.3497,285,9511.98,88029.3484,202204
9.27,9.3,9.27,9.28,5135.84,47707.9772,139,3587.05,33325.794,202204
9.29,9.34,9.28,9.34,3328.2,30971.4359,107,2057.98,19153.3722,202204
9.33,9.35,9.31,9.32,3632.44,33903.3755,178,1648.85,15395.9797,202204
9.32,9.33,9.27,9.27,9384.31,87276.6713,162,477.51,4435.8825,202204
9.27,9.28,9.25,9.26,7173.88,66421.9042,172,1904.15,17632.5697,202204
9.26,9.28,9.25,9.26,2891.78,26786.0727,74,1513.59,14016.8444,202204
9.26,9.29,9.25,9.29,1009.95,9370.3665,47,766.02,7108.1807,202204
9.28,9.29,9.28,9.29,1014.93,9423.2381,41,353.55,3284.4227,202204
9.3,9.3,9.23,9.25,2494.95,23091.4525,111,884.0,8180.7073,202204
9.25,9.25,9.21,9.22,5071.32,46798.2443,149,1290.27,11901.937,202204
9.22,9.22,9.17,9.18,7697.46,70707.4095,327,1617.46,14864.2364,202204
9.18,9.26,9.17,9.23,10064.74,92707.6139,348,5500.84,50673.4295,202204
9.23,9.26,9.21,9.21,6208.73,57385.1515,146,2627.51,24288.4103,202204
9.21,9.24,9.2,9.22,3544.18,32694.5762,123,2325.14,21450.2216,202204
9.22,9.28,9.22,9.26,3020.66,27964.1711,108,1806.79,16734.5537,202204
9.26,9.26,9.2,9.2,4349.77,40154.2502,108,2730.03,25217.6233,202204
9.2,9.2,9.15,9.15,9218.9,84520.0697,321,4321.13,39644.482,202204
9.15,9.2,9.11,9.15,22234.55,203182.8081,670,7442.67,68156.1508,202204
9.16,9.2,9.15,9.2,4730.52,43411.7518,212,1786.34,16395.2553,202204
9.2,9.2,9.16,9.17,2840.12,26058.7341,74,962.88,8829.8484,202204
9.17,9.23,9.17,9.23,5985.67,55133.3074,222,3862.17,35582.8932,202204
9.23,9.25,9.22,9.24,2966.32,27396.2018,107,2187.95,20207.2016,202204
9.24,9.26,9.21,9.24,1158.05,10700.037,91,327.69,3028.2255,202204
9.24,9.28,9.24,9.26,12508.96,115900.692,441,8534.67,79084.7444,202204
9.26,9.28,9.25,9.26,2471.95,22914.0423,95,1339.41,12417.708,202204
9.26,9.26,9.2,9.23,11037.57,101874.0707,219,964.15,8898.7953,202204
9.22,9.22,9.12,9.18,14869.31,136258.7571,472,8623.38,78994.814,202204
9.17,9.21,9.15,9.2,1742.65,16008.7483,111,1120.82,10303.2673,202204
9.21,9.24,9.18,9.23,3356.39,30923.706,94,1665.03,15345.826,202204
9.23,9.26,9.23,9.26,1983.45,18331.5146,76,780.63,7218.3636,202204
9.25,9.25,9.21,9.21,1287.2,11872.8735,44,331.36,3056.1952,202204
9.22,9.23,9.19,9.2,1126.21,10373.6531,51,843.37,7770.4217,202204
9.21,9.24,9.21,9.24,2110.68,19470.9019,73,1444.36,13325.0619,202204
9.24,9.26,9.23,9.26,948.14,8772.3228,49,496.13,4590.1767,202204
9.25,9.27,9.24,9.27,383.43,3547.7155,23,288.05,2666.0752,202204
9.27,9.27,9.24,9.25,1929.75,17846.9674,68,772.24,7145.1237,202204
9.24,9.27,9.24,9.27,563.02,5212.4087,35,105.0,972.3708,202204
9.26,9.27,9.21,9.22,1775.58,16413.5918,71,785.89,7273.45,202204
9.21,9.21,9.18,9.19,1393.63,12813.1096,79,265.36,2439.2206,202204
9.19,9.22,9.19,9.2,3245.53,29874.2103,72,2046.85,18848.4322,202204
9.21,9.24,9.2,9.24,2103.16,19376.607,82,1014.32,9351.0492,202204
9.24,9.25,9.21,9.24,1604.33,14802.2346,55,809.76,7471.7524,202204
9.24,9.24,9.22,9.23,1200.81,11084.6797,38,368.61,3403.0488,202204
9.23,9.24,9.21,9.22,628.19,5794.3341,27,284.43,2624.7822,202204
9.22,9.24,9.22,9.24,382.29,3528.5707,31,257.06,2373.4365,202204
9.24,9.26,9.24,9.26,1010.21,9341.8413,52,812.82,7516.0121,202204
9.25,9.28,9.24,9.26,2372.24,21936.4243,74,259.61,2405.5411,202204
9.27,9.28,9.25,9.26,4516.8,41851.3936,153,1074.39,9958.7558,202204
9.27,9.28,9.25,9.25,869.8,8049.3989,30,97.22,901.6335,202204
9.25,9.25,9.21,9.21,4753.53,43895.2355,142,2827.55,26130.5838,202204
9.21,9.23,9.19,9.21,4999.07,46071.1157,120,4320.28,39823.4295,202204
9.2,9.23,9.18,9.19,9380.5,86299.4743,205,3704.0,34087.6307,202204
9.19,9.2,9.15,9.15,8804.26,80648.6323,239,3509.86,32168.807,202204
9.15,9.16,9.12,9.15,6034.73,55148.6035,214,3804.19,34770.4295,202204
9.14,9.15,9.11,9.13,4353.37,39706.114,177,1470.16,13419.3042,202204
9.13,9.15,9.11,9.14,2939.6,26857.3113,113,1471.37,13445.3542,202204
9.14,9.17,9.12,9.17,3775.42,34501.8678,105,2977.69,27212.9613,202204
9.16,9.16,9.14,9.14,1110.36,10159.9783,47,323.25,2958.4588,202204
9.14,9.17,9.13,9.14,4112.24,37603.521,106,1434.09,13113.9214,202204
9.15,9.17,9.11,9.12,4587.81,41952.7864,144,1190.38,10888.5398,202204
9.12,9.13,9.02,9.07,24058.04,218251.6313,1079,8579.95,77818.8016,202204
9.07,9.09,9.06,9.06,3104.23,28169.6338,112,946.83,8598.2688,202204
9.05,9.1,9.05,9.1,8222.37,74651.3926,140,5457.09,49566.2943,202204
9.1,9.1,9.04,9.05,3605.45,32690.5476,103,1543.93,14009.7724,202204
9.05,9.15,9.05,9.13,15774.08,143362.1402,344,13044.02,118489.0275,202204
9.14,9.17,9.13,9.15,5850.78,53553.5932,287,2419.92,22154.3838,202204
9.16,9.17,9.12,9.13,2255.46,20639.5238,95,653.1,5981.6423,202204
9.14,9.14,9.08,9.08,6449.42,58720.7415,163,3082.05,28067.5851,202204
9.09,9.14,9.09,9.13,1794.59,16351.3314,132,1336.24,12173.0447,202204
9.13,9.13,9.07,9.09,5635.58,51273.5324,142,2309.25,21008.9712,202204
9.09,9.1,9.07,9.07,1940.88,17641.3199,69,1258.65,11441.1921,202204
9.06,9.12,9.06,9.1,3533.8,32140.577,137,2008.36,18270.3789,202204
9.09,9.09,9.04,9.06,3630.86,32891.9864,188,1974.56,17890.2039,202204
9.05,9.08,9.03,9.07,3494.32,31650.4705,168,1416.99,12840.7981,202204
9.06,9.08,9.06,9.07,1622.94,14728.6396,43,792.56,7190.6342,202204
9.06,9.06,9.03,9.06,5510.59,49801.8074,172,1968.82,17807.8182,202204
9.05,9.06,9.04,9.05,1443.83,13069.089,38,891.21,8069.9462,202204
9.05,9.06,9.02,9.02,3155.37,28523.9679,124,912.44,8251.5043,202204
9.02,9.03,8.95,8.97,46808.59,421164.5275,970,3662.89,32931.6222,202204
8.98,9.0,8.93,9.0,11969.54,107197.2516,581,9086.23,81385.8471,202204
9.0,9.01,8.94,8.97,3582.44,32154.3532,126,735.54,6602.6671,202204
8.96,9.0,8.95,9.0,5868.75,52636.7815,130,3207.67,28806.9426,202204
8.99,8.99,8.96,8.96,2628.24,23589.7977,74,383.15,3443.2947,202204
8.96,9.02,8.96,8.98,8748.59,78638.2356,374,6846.1,61537.5074,202204
8.97,8.97,8.93,8.94,3503.58,31355.0126,207,1563.84,13994.9488,202204
8.95,8.97,8.9,8.96,13246.64,118497.4895,454,10956.32,98031.5153,202204
8.97,9.08,8.96,9.07,14076.18,127051.3501,622,9248.53,83464.1324,202204
9.07,9.08,9.05,9.07,2069.59,18761.9525,130,726.91,6593.1805,202204
9.07,9.08,9.05,9.06,2027.25,18376.5229,114,1421.14,12886.4468,202204
9.06,9.1,9.05,9.09,3362.78,30532.4065,266,2667.21,24221.5454,202204
9.09,9.11,9.08,9.11,3302.66,30038.2149,120,2417.45,21992.2717,202204
9.1,9.11,9.08,9.09,2289.17,20803.6438,119,948.83,8625.2749,202204
9.08,9.08,9.02,9.04,5857.62,52970.9186,186,1406.73,12731.0006,202204
9.05,9.07,9.03,9.07,1757.3,15894.8387,94,909.68,8234.7772,202204
9.07,9.07,9.02,9.04,1722.46,15573.5958,84,403.74,3651.3381,202204
9.04,9.08,9.04,9.06,1791.99,16240.1027,65,861.4,7804.6279,202204
9.05,9.05,9.01,9.01,6676.74,60278.525,123,817.65,7389.1553,202204
9.02,9.05,9.02,9.04,2449.79,22107.276,99,2139.15,19302.5459,202204
9.04,9.04,9.02,9.03,834.02,7529.3863,47,135.33,1221.7985,202204
9.03,9.03,9.0,9.03,1089.08,9812.2839,40,439.99,3966.4567,202204
9.02,9.05,9.01,9.02,832.52,7513.5523,49,476.73,4303.0594,202204
9.03,9.03,9.01,9.02,1463.32,13195.0561,49,647.55,5838.1287,202204
9.02,9.02,8.98,8.99,1950.42,17547.2632,76,451.78,4068.0579,202204
8.99,8.99,8.97,8.98,1695.76,15234.0007,74,885.37,7956.9071,202204
8.98,8.99,8.95,8.97,6564.01,58846.6035,176,2708.93,24294.6344,202204
8.96,8.97,8.95,8.96,2332.65,20881.92,44,1405.75,12585.7911,202204
8.96,8.99,8.95,8.99,1119.4,10030.1096,60,869.32,7789.7361,202204
8.99,9.03,8.97,9.02,4035.69,36343.2654,208,1855.56,16711.2776,202204
9.03,9.03,8.95,8.95,5441.48,48915.8513,161,2021.97,18145.8408,202204
8.94,8.99,8.94,8.99,8785.19,78619.5942,206,6938.82,62094.2885,202204
8.98,9.02,8.97,9.01,13787.71,124156.0197,242,10078.42,90774.7384,202204
9.01,9.04,9.0,9.03,2881.87,26023.4635,133,2572.85,23235.4812,202204
9.04,9.05,9.02,9.04,2677.64,24203.5491,118,905.95,8189.1027,202204
9.04,9.08,9.04,9.05,17885.76,161901.6504,241,3718.12,33673.5843,202204
9.05,9.1,9.04,9.1,6677.53,60561.6155,218,3849.96,34929.4668,202204
9.09,9.12,9.09,9.11,1617.28,14726.649,186,993.54,9047.3565,202204
9.11,9.12,9.09,9.11,4049.63,36889.8346,169,1307.57,11915.1415,202204
9.11,9.12,9.09,9.09,1438.39,13094.926,71,819.23,7460.7882,202204
9.1,9.1,9.04,9.07,4364.09,39560.1741,121,1635.69,14830.0355,202204
9.06,9.08,9.03,9.06,11679.06,105734.4322,167,3094.67,28037.6329,202204
9.05,9.1,9.05,9.09,3544.55,32167.1292,99,2910.31,26410.9938,202204
9.1,9.12,9.09,9.12,3596.65,32768.8107,80,2684.67,24470.6613,202204
9.12,9.13,9.1,9.12,2031.44,18517.0203,88,1153.93,10523.0852,202204
9.12,9.12,9.09,9.1,5088.84,46352.8891,93,737.87,6728.9028,202204
9.11,9.14,9.08,9.12,5535.2,50434.2992,146,3079.71,28044.5578,202204
9.12,9.13,9.08,9.08,3841.72,34927.7124,105,1063.62,9671.7784,202204
9.08,9.1,9.08,9.08,429.78,3908.364,23,228.15,2075.3831,202204
9.08,9.09,9.05,9.09,2494.69,22619.6158,66,1447.6,13127.969,202204
9.08,9.1,9.07,9.08,4598.73,41781.8001,117,2892.17,26288.0696,202204
9.08,9.09,9.06,9.08,2303.57,20908.5186,71,1004.42,9123.1446,202204
9.09,9.11,9.09,9.11,3041.06,27654.6884,64,2600.04,23643.0574,202204
9.1,9.12,9.1,9.12,14260.0,129774.2438,67,12744.66,115980.8229,202204
9.11,9.12,9.09,9.11,2100.35,19131.1985,67,1170.03,10664.1654,202204
9.11,9.12,9.09,9.1,4012.41,36522.5514,104,283.57,2582.7601,202204
9.1,9.11,9.05,9.05,4948.4,44897.291,116,2615.46,23734.9195,202204
9.06,9.07,9.05,9.06,3458.44,31348.3377,66,1441.11,13070.0477,202204
9.07,9.08,9.04,9.05,8498.99,76952.3834,168,2466.62,22334.3363,202204
9.05,9.05,9.02,9.03,1010.65,9135.7854,55,613.03,5544.0495,202204
9.03,9.07,9.02,9.05,4033.05,36479.8082,76,3566.49,32259.3281,202204
9.06,9.09,9.06,9.06,1917.41,17385.5324,49,1281.75,11621.3019,202204
9.07,9.09,9.07,9.08,1584.46,14385.1947,70,1288.46,11698.7969,202204
9.08,9.09,9.05,9.07,607.07,5504.3159,42,283.82,2573.9927,202204
9.08,9.08,9.06,9.07,949.94,8619.0245,25,704.29,6391.5738,202204
9.07,9.1,9.07,9.09,1130.31,10266.4351,54,792.1,7196.5882,202204
9.09,9.1,9.08,9.09,723.54,6573.954,38,375.43,3410.8138,202204
9.1,9.11,9.09,9.09,1780.0,16195.7004,48,1096.5,9978.9344,202204
9.09,9.1,9.07,9.07,7100.43,64539.4195,85,3093.46,28107.1627,202204
9.06,9.08,9.06,9.07,913.57,8284.0558,41,411.55,3732.5116,202204
9.07,9.08,9.06,9.06,493.06,4472.5857,26,269.44,2444.3758,202204
9.07,9.08,9.06,9.06,543.25,4926.8965,24,429.1,3892.5591,202204
9.06,9.1,9.05,9.09,4058.34,36824.2878,78,3821.87,34677.2453,202204
9.09,9.12,9.09,9.1,1119.4,10195.1005,57,675.21,6149.5272,202204
9.1,9.12,9.1,9.11,3897.59,35494.6409,71,1605.33,14625.0027,202204
9.11,9.11,9.1,9.11,707.01,6440.0849,24,645.94,5884.0982,202204
9.11,9.11,9.09,9.11,439.56,3999.0661,28,152.3,1386.168,202204
9.11,9.13,9.11,9.12,2202.88,20090.1324,61,1692.23,15433.7246,202204
9.11,9.12,9.1,9.12,852.95,7770.5178,55,179.13,1632.0805,202204
9.12,9.12,9.09,9.11,1636.25,14897.6597,51,870.61,7929.566,202204
9.1,9.14,9.1,9.14,1077.32,9830.2781,78,485.44,4431.249,202204
9.14,9.16,9.14,9.16,2950.27,26972.2764,108,492.92,4511.1972,202204
9.16,9.19,9.15,9.18,5054.72,46351.6554,295,3366.52,30877.0996,202204
9.18,9.19,9.16,9.17,16562.26,152185.3941,185,15275.71,140374.7431,202204
9.18,9.18,9.17,9.18,738.76,6781.7461,21,725.78,6662.6604,202204
9.18,9.21,9.18,9.19,3526.57,32426.8925,164,1949.69,17926.5628,202204
9.18,9.19,9.18,9.19,147.42,1353.9971,45,68.15,626.2985,202204
9.18,9.21,9.18,9.2,3912.43,35985.8696,95,667.22,6134.6515,202204
9.2,9.24,9.2,9.21,7679.37,70832.35,299,3373.46,31106.4085,202204
9.22,9.23,9.2,9.22,4538.95,41839.7926,139,3572.86,32939.0993,202204
9.22,9.23,9.21,9.22,1357.08,12515.879,39,722.36,6663.7983,202204
9.22,9.23,9.21,9.23,518.85,4786.4167,27,458.79,4232.8501,202204
9.23,9.25,9.22,9.25,1832.28,16908.7852,123,447.46,4135.5424,202204
9.24,9.27,9.24,9.27,4400.2,40745.0954,166,2708.78,25085.8189,202204
9.27,9.28,9.25,9.26,1979.43,18346.2477,108,535.87,4970.1354,202204
9.27,9.27,9.24,9.24,3108.03,28764.4806,108,1071.94,9924.3936,202204
9.25,9.25,9.23,9.24,924.89,8551.5134,61,678.5,6275.7059,202204
9.24,9.27,9.24,9.26,800.55,7415.8896,48,505.7,4683.6279,202204
9.27,9.3,9.27,9.28,2243.41,20832.007,121,821.83,7635.804,202204
9.28,9.31,9.28,9.3,14238.2,132490.8417,217,12417.82,115558.2299,202204
9.3,9.32,9.29,9.3,13685.04,127392.4898,251,11441.16,106531.9712,202204
9.31,9.32,9.25,9.28,5404.75,50128.2491,194,1469.13,13628.6485,202204
9.27,9.28,9.25,9.28,2451.58,22716.7729,90,849.45,7868.9816,202204
9.27,9.3,9.27,9.3,1270.57,11796.7476,33,946.28,8790.384,202204
9.29,9.31,9.28,9.29,1714.08,15928.5223,82,181.8,1689.589,202204
9.29,9.29,9.27,9.28,4465.8,41442.3079,83,1419.46,13183.4617,202204
9.27,9.28,9.24,9.25,1247.24,11550.105,53,105.19,974.7224,202204
9.24,9.28,9.21,9.26,9876.88,91172.4551,284,5043.78,46574.5602,202204
9.25,9.26,9.25,9.26,1276.32,11812.7018,41,316.43,2930.0933,202204
9.26,9.27,9.23,9.24,1605.19,14839.2481,61,593.0,5480.0077,202204
9.23,9.25,9.23,9.24,1034.24,9557.2816,41,597.01,5518.5438,202204
9.24,9.24,9.22,9.24,2171.22,20040.7709,67,1399.7,12919.6412,202204
9.23,9.24,9.22,9.24,310.9,2870.8094,27,156.37,1444.8304,202204
9.25,9.25,9.22,9.22,2415.43,22278.8427,76,346.1,3197.066,202204
9.22,9.24,9.21,9.23,3782.4,34871.6889,98,788.8,7271.3204,202204
9.23,9.26,9.22,9.25,5203.1,48112.5806,156,3756.34,34742.5759,202204
9.24,9.27,9.24,9.27,1846.6,17089.8314,180,1036.08,9590.4652,202204
9.26,9.29,9.26,9.28,1882.06,17456.1529,138,896.18,8313.1777,202204
9.27,9.3,9.27,9.3,4972.61,46167.8334,144,3461.42,32148.8159,202204
9.29,9.29,9.26,9.28,1517.28,14070.5676,61,98.29,911.6591,202204
9.27,9.28,9.26,9.27,1297.09,12027.7355,59,905.26,8395.5442,202204
9.27,9.28,9.27,9.27,840.38,7793.6492,40,353.92,3284.165,202204
9.27,9.29,9.26,9.29,287.95,2672.0172,29,266.98,2477.4614,202204
9.29,9.29,9.27,9.29,892.72,8290.5464,34,750.14,6966.8993,202204
9.29,9.31,9.29,9.29,497.25,4623.7082,48,310.04,2883.3551,202204
9.31,9.31,9.29,9.31,2485.24,23115.8675,111,1554.94,14469.5987,202204
9.31,9.36,9.31,9.34,5628.96,52552.349,426,2853.8,26647.5947,202204
9.35,9.37,9.33,9.35,5179.31,48475.036,230,3475.35,32538.9753,202204
9.36,9.37,9.32,9.32,2790.7,26088.0167,119,672.69,6292.1046,202204
9.33,9.34,9.31,9.31,3436.73,32005.5437,89,382.07,3564.492,202204
9.32,9.32,9.3,9.31,1483.95,13820.5775,51,944.99,8807.1882,202204
9.31,9.35,9.3,9.34,3436.35,32042.7772,75,2609.52,24336.4896,202204
9.34,9.35,9.33,9.35,1679.22,15685.4689,42,382.42,3573.6509,202204
9.34,9.36,9.34,9.35,774.72,7243.0934,42,488.87,4572.2363,202204
9.35,9.35,9.32,9.35,915.23,8545.6982,56,224.2,2092.7114,202204
9.35,9.35,9.33,9.35,644.14,6011.8404,32,62.99,588.6255,202204
9.34,9.34,9.32,9.32,1909.43,17816.0124,65,155.93,1455.9004,202204
9.33,9.34,9.3,9.3,3091.68,28789.2494,103,822.29,7663.9788,202204
9.31,9.31,9.28,9.29,2568.02,23855.8329,101,661.79,6152.2783,202204
9.29,9.3,9.29,9.3,447.89,4161.1843,35,132.27,1229.0745,202204
9.29,9.32,9.28,9.31,1845.21,17150.0516,70,723.05,6726.17,202204
9.3,9.3,9.28,9.3,286.88,2665.0985,36,91.57,851.4398,202204
9.3,9.31,9.29,9.31,1561.29,14526.9962,47,951.09,8849.4929,202204
9.31,9.32,9.29,9.3,1852.52,17239.5322,55,693.38,6452.5971,202204
9.3,9.34,9.3,9.34,2461.22,22921.8704,69,1978.47,18430.1069,202204
9.33,9.34,9.31,9.33,1802.75,16811.3472,49,1041.96,9719.9576,202204
9.32,9.33,9.31,9.33,1092.61,10185.1646,47,874.57,8153.043,202204
9.32,9.33,9.31,9.32,1718.14,16013.8766,53,1022.54,9535.9915,202204
9.33,9.34,9.33,9.34,530.56,4953.6764,30,418.4,3907.2236,202204
9.33,9.35,9.33,9.34,1459.31,13631.3781,62,250.73,2343.2771,202204
9.34,9.34,9.32,9.34,1077.44,10053.5016,46,307.03,2865.6302,202204
9.33,9.35,9.32,9.34,544.39,5084.2466,35,462.62,4321.2606,202204
9.34,9.35,9.31,9.31,2371.9,22138.5015,50,553.52,5167.4452,202204
9.32,9.33,9.3,9.31,1204.82,11217.9104,51,192.72,1795.2289,202204
9.31,9.32,9.3,9.3,1461.99,13602.2838,67,555.55,5170.0662,202204
9.3,9.33,9.3,9.33,1160.26,10807.5633,60,661.34,6159.6067,202204
9.34,9.37,9.34,9.36,2012.83,18838.2049,70,1757.55,16450.5401,202204
9.36,9.36,9.34,9.35,1770.23,16551.1417,49,266.47,2492.1486,202204
9.35,9.36,9.35,9.36,2463.17,23033.5569,41,2181.92,20403.8694,202204
9.36,9.37,9.36,9.37,1602.04,15008.1429,46,1560.13,14615.8653,202204
9.36,9.37,9.34,9.36,5261.79,49198.8018,71,384.16,3593.0933,202204
9.36,9.36,9.35,9.36,257.66,2410.394,20,127.3,1191.528,202204
9.36,9.36,9.34,9.36,1469.89,13747.9788,41,523.36,4897.3407,202204
9.35,9.36,9.35,9.35,1722.9,16112.2436,30,290.5,2719.08,202204
9.35,9.4,9.35,9.4,6977.84,65420.2549,257,3600.52,33776.4825,202204
9.4,9.41,9.38,9.4,3385.7,31820.7573,198,2266.75,21308.4547,202204
9.41,9.43,9.4,9.43,3764.66,35434.575,296,2243.9,21129.7937,202204
9.42,9.44,9.41,9.42,5848.14,55091.9955,280,2287.33,21557.3018,202204
9.42,9.43,9.39,9.41,5149.15,48458.6611,143,2343.58,22062.0489,202204
9.41,9.42,9.41,9.41,970.47,9132.7344,57,754.4,7099.5157,202204
9.4,9.43,9.37,9.38,3327.96,31263.4377,130,1551.93,14578.6292,202204
9.38,9.41,9.38,9.4,3035.59,28536.0489,89,2365.26,22235.2492,202204
9.39,9.41,9.38,9.41,3445.06,32370.2894,82,1130.75,10623.1943,202204
9.41,9.42,9.39,9.41,8571.99,80534.4532,169,3066.07,28812.7183,202204
9.4,9.43,9.4,9.42,638.89,6016.5508,38,452.31,4259.684,202204
9.42,9.42,9.37,9.39,3368.13,31633.092,104,906.97,8519.7288,202204
9.37,9.37,9.34,9.35,1693.96,15853.0635,88,559.08,5232.1445,202204
9.35,9.36,9.29,9.32,3809.36,35480.6498,250,1816.9,16920.6989,202204
9.33,9.35,9.31,9.34,4582.4,42722.5681,265,2282.97,21293.9323,202204
9.35,9.44,9.35,9.44,37872.4,356238.2058,957,23104.94,217249.8334,202204
9.43,9.45,9.38,9.45,19278.88,181342.3353,375,5691.27,53566.8118,202204
9.44,9.47,9.41,9.45,13297.42,125643.2497,626,3714.74,35117.7003,202204
9.46,9.47,9.45,9.46,5095.32,48192.6024,153,2493.52,23589.8096,202204
9.45,9.48,9.42,9.46,4387.05,41494.076,257,1468.0,13890.6127,202204
9.46,9.49,9.46,9.48,4137.47,39224.4746,191,2087.59,19792.9967,202204
9.49,9.49,9.45,9.49,4973.21,47113.7425,185,2493.45,23623.4266,202204
9.49,9.49,9.43,9.47,6259.64,59209.4811,184,3083.54,29156.8541,202204
9.47,9.47,9.45,9.45,3154.07,29826.3984,102,2364.95,22362.9471,202204
9.45,9.49,9.44,9.46,8631.73,81645.6064,184,2936.72,27796.3702,202204
9.46,9.46,9.43,9.46,2771.44,26181.1083,115,790.73,7471.4336,202204
9.45,9.48,9.44,9.48,4490.61,42485.8251,140,1800.33,17039.7237,202204
9.47,9.48,9.4,9.42,14095.06,133071.3932,319,3380.05,31892.2538,202204
9.42,9.42,9.37,9.39,8452.84,79438.7168,257,2861.19,26901.1353,202204
9.39,9.41,9.38,9.41,5234.22,49181.8717,136,3758.32,35319.1491,202204
9.41,9.43,9.39,9.4,7749.79,72955.9761,211,3342.61,31482.2952,202204
9.4,9.42,9.39,9.41,2882.65,27112.0198,65,2600.54,24459.1873,202204
9.41,9.42,9.37,9.38,3771.31,35422.3357,101,1194.91,11228.9318,202204
9.39,9.39,9.33,9.34,5002.88,46798.3908,270,2015.52,18852.108,202204
9.35,9.37,9.34,9.35,4193.12,39224.5244,145,2705.62,25322.0277,202204
9.35,9.37,9.33,9.34,4282.73,40034.905,185,2426.78,22690.3478,202204
9.35,9.35,9.29,9.31,8395.12,78225.8809,294,3133.51,29211.819,202204
9.3,9.32,9.23,9.24,16140.1,149600.6567,521,5296.09,49088.0877,202204
9.25,9.26,9.2,9.21,9729.79,89779.7571,359,5005.35,46191.0283,202204
9.22,9.26,9.21,9.25,7423.98,68558.4283,367,5468.6,50510.1199,202204
9.26,9.29,9.23,9.25,4838.52,44796.7917,181,2660.9,24655.556,202204
9.25,9.26,9.22,9.24,3249.59,30015.6398,137,1878.08,17343.0051,202204
9.24,9.26,9.23,9.25,9366.3,86627.155,166,866.88,8014.1871,202204
9.24,9.25,9.22,9.23,1412.1,13038.481,87,707.19,6530.5243,202204
9.23,9.24,9.22,9.23,4519.39,41697.4667,127,1885.74,17401.8564,202204
9.22,9.26,9.21,9.26,3320.93,30669.4494,117,2485.24,22956.86,202204
9.26,9.27,9.25,9.25,2627.25,24317.3142,93,1826.53,16910.6003,202204
9.25,9.29,9.23,9.29,4117.17,38135.0099,130,3319.66,30753.8077,202204
9.29,9.3,9.29,9.3,2270.5,21105.2929,90,1739.78,16170.6963,202204
9.3,9.33,9.3,9.32,2647.95,24663.37,103,1743.49,16242.9967,202204
9.33,9.34,9.33,9.34,3022.31,28203.7938,84,1189.66,11105.1693,202204
9.34,9.35,9.32,9.32,1115.08,10407.1195,186,518.34,4841.2422,202204
9.32,9.33,9.31,9.31,1925.06,17941.2669,78,1384.17,12902.4288,202204
9.32,9.36,9.32,9.36,3280.33,30661.7509,166,2007.68,18765.091,202204
9.36,9.36,9.32,9.34,2347.81,21943.4478,78,762.63,7129.0232,202204
9.33,9.35,9.33,9.34,1112.39,10396.6417,35,492.55,4602.8953,202204
9.34,9.35,9.29,9.3,5283.53,49231.1852,92,492.29,4586.7905,202204
9.31,9.32,9.28,9.28,3276.12,30447.6722,136,1503.08,13972.8272,202204
9.28,9.3,9.26,9.3,5213.2,48393.196,236,3978.56,36940.6101,202204
9.3,9.32,9.28,9.31,7100.16,66066.6908,184,1796.37,16711.9746,202204
9.31,9.36,9.31,9.34,1323.62,12360.3243,74,978.76,9139.2405,202204
9.34,9.35,9.33,9.33,1861.66,17378.0114,80,619.54,5781.69,202204
9.32,9.32,9.25,9.28,5857.56,54346.7432,159,2611.34,24200.8934,202204
9.28,9.3,9.25,9.29,3777.91,35058.2113,167,2532.1,23501.9841,202204
9.28,9.29,9.26,9.27,3312.44,30718.227,107,1207.83,11206.0147,202204
9.26,9.27,9.24,9.27,3403.3,31528.9055,97,2894.23,26816.3064,202204
9.28,9.29,9.26,9.28,2068.03,19201.869,71,1754.99,16298.4155,202204
9.28,9.3,9.28,9.29,2480.24,23046.0396,35,798.87,7427.1662,202204
9.29,9.3,9.28,9.29,1807.62,16796.7761,65,1150.78,10694.6524,202204
9.29,9.3,9.26,9.28,1130.8,10489.4545,50,489.83,4542.6687,202204
9.28,9.31,9.27,9.29,2618.87,24323.5478,77,1839.4,17080.9011,202204
9.3,9.32,9.29,9.3,1660.49,15458.1649,49,560.98,5222.1356,202204
9.31,9.31,9.29,9.31,2315.89,21541.3437,53,1038.99,9667.5941,202204
9.32,9.33,9.31,9.31,821.47,7653.608,49,457.88,4267.1513,202204
9.32,9.32,9.29,9.3,1282.21,11932.5318,44,455.56,4239.8863,202204
9.3,9.32,9.29,9.29,2731.57,25417.4575,75,1573.05,14643.7465,202204
9.31,9.31,9.28,9.28,459.26,4264.326,31,47.77,444.4719,202204
9.27,9.27,9.25,9.26,2893.25,26788.2756,89,1482.69,13723.1715,202204
9.25,9.26,9.24,9.24,1156.25,10690.726,50,602.29,5571.4194,202204
9.25,9.28,9.24,9.28,9755.37,90318.6449,236,6920.29,64068.1737,202204
9.28,9.28,9.26,9.27,612.23,5675.4223,24,345.07,3198.86,202204
9.27,9.27,9.24,9.26,416.85,3855.4252,45,100.31,928.1045,202204
9.26,9.3,9.26,9.27,1783.45,16542.5943,68,1347.88,12504.6561,202204
9.27,9.28,9.2,9.21,4297.53,39626.2545,173,2127.43,19606.8702,202204
9.2,9.2,9.17,9.18,7526.8,69164.4174,268,2928.42,26903.3535,202204
9.18,9.21,9.17,9.2,1319.07,12127.1079,86,1096.55,10081.2597,202204
9.21,9.22,9.19,9.19,1734.42,15965.8592,146,1050.29,9674.4967,202204
9.19,9.21,9.16,9.18,2349.76,21590.9276,99,1177.7,10821.9441,202204
9.17,9.19,9.15,9.16,4202.45,38529.8924,129,1737.5,15934.7557,202204
9.15,9.2,9.15,9.19,10799.23,99126.9832,290,8676.13,79652.5535,202204
9.18,9.19,9.17,9.18,881.65,8095.2248,31,261.93,2405.6745,202204
9.19,9.2,9.18,9.18,2174.25,19976.0123,51,1297.02,11919.6297,202204
9.18,9.19,9.15,9.15,1561.51,14306.9192,66,273.55,2509.5679,202204
9.15,9.18,9.12,9.14,6153.71,56268.2713,270,2882.86,26366.2133,202204
9.14,9.14,9.12,9.13,2021.18,18456.6431,76,1525.05,13927.0083,202204
9.14,9.15,9.11,9.14,3428.13,31283.7199,152,1359.84,12424.6173,202204
9.14,9.14,9.11,9.14,9639.29,87922.4904,154,2191.69,20014.538,202204
9.15,9.16,9.13,9.15,2404.43,22013.7431,143,1057.78,9682.7373,202204
9.15,9.15,9.1,9.12,26563.04,242407.532,314,3573.36,32593.0222,202204
9.12,9.14,9.11,9.14,1526.69,13926.1513,71,819.77,7483.8403,202204
9.14,9.16,9.13,9.16,1669.26,15267.4339,91,888.72,8131.3915,202204
9.16,9.16,9.14,9.14,701.49,6417.9956,53,112.3,1028.0606,202204
9.14,9.15,9.14,9.14,1039.55,9508.5015,53,820.14,7502.3871,202204
9.14,9.14,9.08,9.1,3828.4,34872.4503,160,2170.08,19770.6149,202204
9.1,9.11,9.08,9.1,4331.22,39391.8151,110,1485.4,13513.5396,202204
9.1,9.13,9.09,9.11,12025.55,109374.8731,191,1140.64,10387.287,202204
9.12,9.14,9.11,9.13,1980.23,18080.1537,81,530.58,4844.9336,202204
9.14,9.15,9.11,9.13,1678.04,15318.3074,99,512.0,4678.9451,202204
9.13,9.15,9.11,9.14,969.52,8849.631,71,369.94,3379.8228,202204
9.15,9.18,9.14,9.16,1977.55,18119.5704,112,1509.19,13828.1807,202204
9.17,9.18,9.17,9.17,524.41,4808.9233,32,69.25,635.1061,202204
9.16,9.19,9.16,9.18,2588.79,23761.6599,71,1650.27,15153.9028,202204
9.18,9.18,9.11,9.12,7679.54,70108.5307,203,1314.55,12007.072,202204
9.12,9.13,9.08,9.11,6150.58,55983.8451,182,4007.33,36481.4388,202204
9.1,9.12,9.08,9.11,4447.67,40458.3008,118,2374.09,21599.1444,202204
9.1,9.14,9.1,9.13,1854.82,16926.2654,58,1533.13,13994.506,202204
9.13,9.14,9.13,9.14,1190.15,10874.4538,30,458.62,4188.2975,202204
9.14,9.16,9.13,9.16,877.86,8032.3954,55,732.39,6701.7477,202204
9.16,9.17,9.14,9.15,1530.77,14013.6523,61,528.76,4843.457,202204
9.14,9.19,9.14,9.18,2123.28,19464.1079,100,1568.55,14380.1764,202204
9.18,9.19,9.18,9.19,856.42,7862.4003,42,46.47,427.0593,202204
9.18,9.18,9.16,9.17,598.71,5492.6459,38,179.83,1650.5558,202204
9.16,9.19,9.16,9.19,1224.81,11241.7341,29,799.18,7338.8175,202204
9.19,9.19,9.18,9.18,208.54,1915.3812,7,98.4,904.296,202204
9.18,9.2,9.18,9.19,1072.39,9851.5175,46,659.91,6064.6617,202204
9.19,9.2,9.19,9.19,323.23,2970.816,16,33.23,305.716,202204
9.19,9.24,9.19,9.22,3738.2,34426.7795,183,2278.37,20977.8203,202204
9.22,9.23,9.21,9.22,1273.25,11736.652,39,632.3,5828.3237,202204
9.21,9.23,9.21,9.22,876.67,8077.4425,29,203.27,1874.5135,202204
9.22,9.22,9.19,9.22,1100.42,10137.8053,55,617.54,5693.1474,202204
9.22,9.22,9.2,9.21,750.85,6918.6825,51,569.18,5246.6573,202204
9.19,9.23,9.19,9.22,1855.11,17089.7888,63,1371.27,12638.6362,202204
9.22,9.23,9.18,9.18,6454.18,59353.3847,110,1139.46,10485.489,202204
9.18,9.19,9.17,9.18,5967.5,54731.8191,101,289.42,2656.9205,202204
9.17,9.19,9.15,9.15,1745.65,15995.6726,67,548.61,5028.8072,202204
9.16,9.22,9.15,9.21,2677.75,24604.2376,95,2224.83,20436.9719,202204
9.2,9.22,9.19,9.21,2433.83,22413.0848,71,690.47,6360.8199,202204
9.22,9.22,9.16,9.17,2588.48,23758.9138,78,382.87,3514.6195,202204
9.18,9.18,9.16,9.18,174.83,1603.9907,18,111.68,1024.9822,202204
9.18,9.22,9.18,9.21,1165.51,10734.1314,57,872.72,8038.6051,202204
9.21,9.25,9.21,9.23,4648.84,42938.1522,132,3274.1,30242.4192,202204
9.23,9.27,9.23,9.26,2878.68,26599.4361,105,1186.25,10957.4189,202204
9.25,9.28,9.25,9.28,2924.97,27099.9046,142,2129.32,19733.1542,202204
9.27,9.29,9.27,9.28,3207.03,29739.4709,79,716.51,6650.375,202204
9.29,9.29,9.27,9.29,2059.13,19089.7404,31,82.44,765.7959,202204
9.29,9.35,9.27,9.34,5856.0,54621.3038,496,3763.2,35099.0982,202204
9.33,9.36,9.32,9.33,3506.04,32735.9083,175,1298.72,12123.0811,202204
9.33,9.35,9.33,9.34,3082.31,28791.6323,123,884.93,8268.1404,202204
9.34,9.35,9.31,9.31,2387.27,22268.4058,120,610.82,5699.4672,202204
9.3,9.32,9.29,9.31,1825.97,16992.2887,115,814.82,7582.1902,202204
9.31,9.33,9.3,9.33,3510.93,32681.2885,139,2255.73,20993.4802,202204
9.33,9.34,9.32,9.32,2065.58,19259.176,93,870.98,8124.6507,202204
9.33,9.35,9.31,9.32,10370.8,96848.1139,119,9454.82,88302.57,202204
9.32,9.34,9.29,9.3,3603.07,33538.4319,104,1002.48,9341.8922,202204
9.3,9.33,9.3,9.33,6753.84,62965.5712,115,6410.67,59770.3303,202204
9.33,9.37,9.33,9.36,1367.05,12786.1441,149,850.99,7956.9084,202204
9.37,9.37,9.35,9.36,2548.1,23872.2878,64,2287.21,21430.5409,202204
9.36,9.37,9.36,9.36,1313.34,12299.0704,51,627.8,5882.416,202204
9.37,9.37,9.35,9.35,1310.7,12259.2093,57,368.18,3444.1918,202204
9.35,9.35,9.33,9.35,1228.45,11469.7553,48,194.49,1816.8578,202204
9.35,9.36,9.34,9.36,1248.62,11675.249,67,951.88,8901.1519,202204
9.36,9.37,9.35,9.36,483.52,4525.1982,32,323.9,3031.7392,202204
9.36,9.37,9.33,9.34,633.5,5922.7649,73,343.22,3209.9148,202204
9.35,9.35,9.3,9.31,1109.81,10335.0318,60,143.92,1341.8021,202204
9.31,9.34,9.3,9.33,1029.92,9601.8317,71,622.3,5803.2125,202204
9.32,9.33,9.31,9.31,1923.78,17928.7125,64,1019.5,9506.1402,202204
9.3,9.32,9.28,9.29,1964.59,18262.2875,78,799.59,7438.8804,202204
9.28,9.3,9.28,9.3,263.73,2451.2086,24,121.87,1132.5392,202204
9.3,9.32,9.28,9.31,6297.27,58474.929,151,412.15,3832.7034,202204
9.3,9.31,9.28,9.3,2808.96,26114.8182,87,892.69,8303.2594,202204
9.3,9.31,9.28,9.29,1933.91,17965.0017,68,772.42,7178.5405,202204
9.28,9.31,9.26,9.31,9910.06,91899.2308,162,1307.72,12150.1671,202204
9.31,9.33,9.31,9.32,1469.99,13691.0992,68,700.35,6524.9344,202204
9.31,9.34,9.31,9.32,8357.78,77944.153,183,2676.53,24965.9806,202204
9.32,9.34,9.31,9.32,7964.23,74254.3449,157,3277.24,30571.8714,202204
9.32,9.37,9.32,9.35,5242.68,49067.5435,110,4445.97,41614.2483,202204
9.35,9.37,9.35,9.36,8880.99,83129.0863,188,5080.59,47570.9716,202204
9.37,9.39,9.35,9.38,10085.31,94442.7177,222,6402.41,59961.7084,202204
9.38,9.39,9.37,9.39,4122.68,38646.4382,132,1311.94,12300.1049,202204
9.38,9.38,9.33,9.33,11400.35,106721.2738,196,746.22,6989.39,202204
9.34,9.36,9.32,9.34,8500.89,79381.8716,172,6366.6,59452.2391,202204
9.34,9.35,9.33,9.34,3139.51,29317.5491,82,1581.93,14772.8374,202204
9.33,9.36,9.33,9.35,1877.09,17535.4955,68,1110.18,10378.267,202204
9.35,9.39,9.35,9.39,2819.57,26430.9865,94,2003.0,18771.1224,202204
9.38,9.43,9.38,9.43,5219.92,49105.5734,308,2604.47,24504.6577,202204
9.43,9.43,9.37,9.39,2485.19,23348.7399,122,882.53,8281.1808,202204
9.39,9.4,9.36,9.4,2802.04,26262.2813,88,944.03,8854.4612,202204
9.39,9.39,9.37,9.38,228.68,2145.0596,19,163.39,1532.7323,202204
9.39,9.39,9.36,9.38,731.9,6854.5809,30,293.28,2747.8111,202204
9.37,9.4,9.36,9.4,812.91,7623.7009,38,665.99,6247.4161,202204
9.4,9.41,9.39,9.41,5690.53,53488.527,87,4575.87,43008.5646,202204
9.41,9.42,9.4,9.4,1018.87,9584.4816,31,515.91,4854.857,202204
9.41,9.43,9.41,9.43,2100.22,19794.5905,62,1870.67,17632.0615,202204
9.43,9.45,9.41,9.45,4605.54,43445.1874,230,2648.24,24980.4078,202204
9.45,9.45,9.43,9.43,1420.31,13405.5029,53,900.77,8505.1063,202204
9.43,9.45,9.41,9.41,2472.18,23283.5498,80,606.83,5718.3611,202204
9.41,9.41,9.4,9.41,4380.01,41213.5147,56,291.03,2738.5923,202204
9.41,9.42,9.4,9.41,4389.08,41308.9723,105,3821.58,35969.4384,202204
9.41,9.42,9.38,9.39,11267.99,105952.5716,297,5910.18,55586.9952,202204
9.39,9.41,9.38,9.39,9700.51,91147.1085,206,4928.85,46333.4316,202204
9.4,9.42,9.39,9.41,7610.65,71550.7697,133,4983.24,46859.2255,202204
9.41,9.43,9.38,9.4,11257.82,105976.6765,300,5166.62,48640.4921,202204
9.4,9.4,9.38,9.39,5223.95,49043.258,141,3435.56,32260.7657,202204
9.39,9.4,9.38,9.39,2187.96,20545.9898,79,1468.05,13787.1836,202204
9.4,9.42,9.38,9.39,2011.06,18902.4822,87,1299.03,12216.0413,202204
9.4,9.4,9.38,9.39,1193.19,11200.5617,66,535.83,5031.5151,202204
9.39,9.39,9.36,9.38,1784.23,16737.5145,75,1089.46,10221.9914,202204
9.39,9.41,9.36,9.38,13621.21,127836.5132,320,8343.57,78309.4554,202204
9.39,9.4,9.37,9.4,16611.74,155895.8345,311,10701.4,100443.8547,202204
9.4,9.43,9.39,9.43,12604.97,118578.907,212,9887.89,93022.136,202204
9.44,9.48,9.44,9.46,12829.69,121411.5954,527,10625.7,100557.2138,202204
9.46,9.47,9.44,9.45,2411.26,22798.4732,112,1572.54,14870.311,202204
9.45,9.48,9.45,9.47,2987.78,28276.8797,89,2194.83,20767.8526,202204
9.48,9.48,9.46,9.47,2071.44,19605.0937,80,1330.91,12598.5988,202204
9.46,9.48,9.45,9.47,4553.57,43126.6738,166,2868.32,27170.523,202204
9.46,9.48,9.45,9.47,2868.27,27162.2063,108,1774.67,16808.607,202204
9.47,9.5,9.46,9.49,2988.64,28346.1279,180,1604.39,15219.082,202204
9.48,9.5,9.45,9.46,7680.96,72805.2887,260,4027.58,38179.9124,202204
9.47,9.5,9.45,9.49,5415.05,51315.2716,171,3880.9,36775.108,202204
9.49,9.5,9.48,9.5,4751.05,45093.4966,162,3434.19,32601.7729,202204
9.5,9.51,9.49,9.5,714.14,6786.7435,91,388.04,3688.8394,202204
9.5,9.5,9.48,9.5,1729.46,16418.3159,89,1116.02,10597.4249,202204
9.5,9.51,9.48,9.51,4682.18,44475.4843,116,1939.01,18422.9837,202204
9.5,9.52,9.5,9.52,2798.03,26599.5559,154,2353.89,22379.0865,202204
9.52,9.53,9.5,9.51,3562.39,33891.3198,253,1565.76,14897.8308,202204
9.52,9.53,9.5,9.5,4325.46,41163.8007,137,2755.71,26229.7492,202204
9.5,9.51,9.49,9.51,2709.24,25739.1996,121,1363.19,12951.9374,202204
9.51,9.52,9.5,9.51,1905.52,18118.411,80,1097.72,10439.8052,202204
9.51,9.51,9.49,9.5,3093.33,29401.517,166,2245.07,21340.2884,202204
9.5,9.51,9.49,9.5,2360.42,22418.2139,85,1083.02,10288.7148,202204
9.5,9.51,9.48,9.49,1594.94,15150.2252,93,1017.53,9667.3799,202204
9.5,9.5,9.49,9.49,3195.54,30355.9754,83,974.99,9262.405,202204
9.49,9.52,9.49,9.5,1869.68,17772.339,88,1082.74,10294.5189,202204
9.51,9.52,9.5,9.51,1711.45,16277.437,101,1179.26,11216.5813,202204
9.51,9.53,9.49,9.51,3628.46,34507.2257,164,2724.12,25904.2784,202204
9.51,9.52,9.43,9.45,11428.52,108154.1161,400,5452.0,51577.3401,202204
9.45,9.46,9.44,9.45,1321.27,12491.5483,64,1102.09,10421.5299,202204
9.46,9.47,9.43,9.46,3892.27,36798.3985,173,3133.19,29629.4331,202204
9.46,9.46,9.44,9.46,1734.9,16402.5355,80,1143.27,10810.9742,202204
9.46,9.5,9.44,9.47,9717.35,92082.0104,388,7136.21,67631.2727,202204
9.47,9.52,9.47,9.5,4285.08,40721.1946,159,3139.95,29837.3525,202204
9.5,9.53,9.49,9.5,4713.44,44807.612,180,3143.45,29886.0443,202204
9.51,9.54,9.5,9.54,6056.63,57684.499,275,4256.35,40540.0441,202204
9.53,9.55,9.51,9.53,6064.45,57787.1612,329,2798.35,26676.5302,202204
9.53,9.54,9.51,9.52,3572.69,34031.1167,129,2169.6,20669.781,202204
9.52,9.53,9.51,9.52,2046.87,19486.1153,67,1209.61,11515.9463,202204
9.52,9.54,9.51,9.54,3547.1,33798.7133,101,2932.86,27950.953,202204
9.54,9.54,9.51,9.51,4061.21,38698.7715,102,1243.76,11853.0188,202204
9.52,9.52,9.51,9.52,1505.38,14330.7405,52,1170.67,11144.7784,202204
9.53,9.54,9.51,9.53,4592.5,43745.7926,132,2483.36,23661.6697,202204
9.52,9.55,9.52,9.54,1465.9,13987.0329,67,938.5,8957.9675,202204
9.54,9.55,9.5,9.53,5030.46,47901.5458,141,2321.09,22111.8497,202204
9.53,9.53,9.49,9.51,3359.17,31948.1118,143,1028.59,9784.5529,202204
9.51,9.52,9.5,9.5,832.05,7912.16,53,489.47,4655.5321,202204
9.5,9.51,9.49,9.51,818.18,7772.8559,28,665.78,6325.2161,202204
9.5,9.52,9.49,9.5,4783.49,45442.9741,87,2082.58,19789.8411,202204
9.49,9.51,9.48,9.49,9830.72,93383.9117,119,8956.46,85084.2336,202204
9.49,9.51,9.49,9.5,632.65,6009.2462,49,285.16,2709.6378,202204
9.5,9.51,9.49,9.5,1194.58,11345.7341,66,529.57,5033.5799,202204
9.5,9.51,9.48,9.49,555.72,5277.0076,55,335.52,3187.255,202204
9.49,9.51,9.49,9.5,325.45,3091.047,33,312.56,2968.6099,202204
9.5,9.52,9.49,9.51,1522.1,14466.6706,83,715.19,6799.0231,202204
9.51,9.51,9.49,9.51,561.15,5331.8276,43,520.76,4948.2006,202204
9.51,9.51,9.49,9.51,1002.41,9525.3333,60,421.11,4003.3807,202204
9.51,9.51,9.5,9.5,417.71,3968.7074,45,167.09,1587.8174,202204
9.5,9.52,9.5,9.51,1290.74,12273.7735,64,841.88,8005.1149,202204
9.51,9.52,9.51,9.51,419.34,3988.8817,40,260.36,2476.9819,202204
9.51,9.52,9.49,9.5,343.12,3261.4737,59,106.04,1008.2197,202204
9.49,9.5,9.47,9.5,1174.24,11139.8651,43,576.02,5466.4974,202204
9.5,9.5,9.46,9.47,1335.26,12653.5728,35,401.14,3799.7915,202204
9.47,9.49,9.46,9.49,2756.72,26133.8979,64,1592.92,15101.2368,202204
9.49,9.51,9.49,9.49,4832.74,45885.9912,192,2328.26,22113.2922,202204
9.48,9.49,9.47,9.48,2952.84,27993.0616,58,1846.99,17517.3221,202204
9.48,9.49,9.47,9.49,3750.33,35553.8688,71,2486.56,23574.8262,202204
9.49,9.49,9.46,9.46,1652.68,15645.9576,72,588.24,5569.3117,202204
9.46,9.46,9.44,9.45,3623.31,34244.6349,77,1499.52,14177.6621,202204
9.45,9.45,9.4,9.42,11152.82,105058.4983,238,6189.9,58306.8318,202204
9.42,9.43,9.4,9.4,4535.82,42668.8291,79,1106.09,10404.8566,202204
9.4,9.4,9.35,9.37,6659.92,62385.5825,276,2625.33,24597.1665,202204
9.37,9.38,9.33,9.35,16382.85,153332.7385,348,5433.99,50893.0041,202204
9.35,9.37,9.34,9.37,4131.64,38621.9729,99,3102.79,29008.0201,202204
9.36,9.37,9.35,9.35,3029.45,28347.3701,95,608.67,5695.8541,202204
9.35,9.37,9.35,9.35,4485.99,41981.7689,126,1586.99,14857.9672,202204
9.36,9.36,9.33,9.35,1392.12,13005.9191,79,579.65,5415.9646,202204
9.35,9.36,9.34,9.35,2480.75,23190.7196,83,461.83,4318.3337,202204
9.35,9.38,9.34,9.36,14139.4,132380.6278,446,13379.04,125258.9676,202204
9.36,9.38,9.36,9.37,1719.94,16115.5486,95,728.35,6827.8245,202204
9.37,9.38,9.37,9.37,3671.13,34402.8239,142,997.34,9349.4116,202204
9.37,9.41,9.37,9.41,4521.29,42448.6417,169,4030.28,37839.9269,202204
9.41,9.43,9.41,9.41,3693.75,34778.2706,111,2371.63,22330.2149,202204
9.42,9.44,9.42,9.43,2631.04,24802.5263,92,1796.91,16942.5237,202204
9.42,9.43,9.39,9.4,12465.92,117344.4334,221,854.07,8035.1407,202204
9.4,9.41,9.38,9.39,4693.3,44080.872,118,3124.67,29358.9907,202204
9.39,9.39,9.34,9.36,3616.42,33898.822,108,1019.12,9542.9565,202204
9.36,9.37,9.34,9.36,2720.45,25451.1135,93,2288.11,21406.7768,202204
9.36,9.38,9.36,9.37,2206.43,20670.2968,95,1475.34,13821.8807,202204
9.37,9.37,9.3,9.31,8044.95,75067.9371,298,3848.83,35923.6623,202204
9.31,9.34,9.29,9.33,23296.86,217083.1058,588,10938.83,101955.3642,202204
9.33,9.37,9.32,9.34,11690.91,109342.3201,257,9201.39,86075.311,202204
9.35,9.36,9.33,9.34,4352.76,40670.1332,126,2532.74,23663.0696,202204
9.35,9.36,9.32,9.34,3498.96,32685.3895,140,2603.72,24325.3308,202204
9.34,9.34,9.3,9.33,2490.46,23219.1903,97,1387.96,12943.619,202204
9.33,9.33,9.3,9.31,6402.54,59630.9959,154,3813.64,35523.4037,202204
9.31,9.34,9.29,9.32,5895.29,54948.9241,238,4307.04,40154.1644,202204
9.32,9.32,9.3,9.31,3954.94,36826.1554,149,2062.15,19202.3206,202204
9.32,9.36,9.32,9.35,2665.96,24884.5713,121,2210.35,20627.8947,202204
9.35,9.36,9.35,9.36,1390.71,13010.5069,66,1016.93,9515.6639,202204
9.35,9.38,9.34,9.35,2825.05,26446.0829,138,1880.45,17605.0903,202204
9.36,9.36,9.32,9.33,1906.52,17808.242,95,798.28,7459.3639,202204
9.32,9.34,9.28,9.31,5961.25,55456.8226,223,3085.51,28713.4615,202204
9.31,9.32,9.29,9.29,4524.05,42114.1307,201,3250.29,30259.6061,202204
9.3,9.32,9.28,9.32,4101.87,38161.6113,143,2976.44,27688.6015,202204
9.31,9.34,9.31,9.34,5215.08,48655.1285,259,3649.16,34050.8185,202204
9.34,9.39,9.34,9.38,8477.13,79489.6226,221,7987.63,74905.0091,202204
9.38,9.39,9.38,9.39,1317.95,12370.4081,62,1133.46,10639.5319,202204
9.39,9.42,9.38,9.41,5798.4,54506.7854,233,3415.4,32113.1926,202204
9.42,9.45,9.42,9.45,6051.79,57115.1035,283,2801.17,26436.334,202204
9.43,9.49,9.43,9.47,3788.22,35850.4013,334,1991.98,18851.0851,202204
9.47,9.53,9.46,9.51,5063.0,48103.357,372,1662.37,15801.5069,202204
9.5,9.58,9.5,9.58,12840.69,122721.1198,641,6991.34,66793.2236,202204
9.58,9.61,9.57,9.61,14947.06,143437.1973,477,4448.76,42701.9888,202204
9.61,9.62,9.56,9.59,17047.01,163621.8861,494,3464.06,33234.6748,202204
9.59,9.62,9.59,9.59,4265.57,40964.9385,175,1505.7,14461.5461,202204
9.59,9.62,9.59,9.62,3172.72,30485.3791,94,1836.45,17648.5938,202204
9.61,9.66,9.61,9.64,16675.62,160690.4748,696,8289.31,79877.3226,202204
9.65,9.66,9.62,9.64,7368.39,71094.9308,145,5483.87,52925.4832,202204
9.64,9.64,9.54,9.55,9956.09,95250.0027,308,3782.8,36186.3762,202204
9.54,9.56,9.51,9.54,4767.62,45469.2417,252,2402.39,22930.0007,202204
9.54,9.6,9.54,9.58,2360.2,22587.1264,168,1561.44,14941.4422,202204
9.58,9.62,9.58,9.62,1448.65,13911.4641,85,627.63,6029.184,202204
9.62,9.62,9.6,9.6,4738.62,45520.1769,109,2227.28,21400.589,202204
9.6,9.61,9.57,9.6,3011.44,28883.2394,94,1375.74,13200.5424,202204
9.6,9.61,9.58,9.58,1011.95,9706.7132,38,415.6,3989.3407,202204
9.59,9.62,9.57,9.61,2138.72,20524.5741,94,1703.41,16355.8474,202204
9.6,9.64,9.59,9.63,2682.79,25796.8406,107,2354.11,22635.6809,202204
9.63,9.63,9.6,9.62,972.11,9349.065,64,589.19,5668.4101,202204
9.63,9.63,9.61,9.62,4296.85,41336.8283,95,449.26,4322.4851,202204
9.62,9.67,9.62,9.67,16553.39,159795.5438,413,10550.13,101874.6975,202204
9.67,9.67,9.62,9.63,8259.94,79676.1466,368,3504.25,33806.7511,202204
9.63,9.66,9.62,9.65,8190.51,78964.3756,179,5084.36,49009.4172,202204
9.65,9.66,9.61,9.62,6866.08,66069.6699,180,2190.21,21086.9875,202204
9.62,9.62,9.59,9.61,5595.17,53779.1236,148,1724.76,16577.7132,202204
9.61,9.64,9.61,9.64,3151.33,30365.1023,106,3032.1,29217.1376,202204
9.64,9.65,9.62,9.63,2001.54,19268.5237,51,1256.73,12102.7705,202204
9.64,9.65,9.61,9.62,2897.47,27915.0492,77,1512.3,14577.9873,202204
9.63,9.65,9.6,9.65,6847.94,65999.1908,167,5650.88,54479.1523,202204
9.64,9.67,9.63,9.67,1545.62,14912.8126,68,1306.22,12603.5978,202204
9.66,9.68,9.65,9.68,1844.17,17838.6972,139,1392.25,13469.2811,202204
9.69,9.7,9.65,9.69,2505.38,24250.5564,373,880.85,8534.8884,202204
9.68,9.68,9.66,9.66,905.07,8747.8441,54,346.64,3351.106,202204
9.67,9.68,9.62,9.64,2440.22,23531.7082,95,1068.72,10316.9727,202204
9.64,9.65,9.62,9.65,1218.42,11741.1102,78,594.55,5730.8906,202204
9.65,9.66,9.61,9.61,1887.62,18176.4738,88,745.99,7193.0084,202204
9.62,9.63,9.61,9.62,2792.27,26864.8688,68,2608.91,25101.2418,202204
9.62,9.66,9.61,9.62,8686.55,83685.5477,239,4383.99,42256.0454,202204
9.63,9.63,9.6,9.6,5977.74,57471.4257,183,1446.79,13905.5033,202204
9.61,9.62,9.59,9.6,1127.9,10830.2079,65,647.88,6224.5124,202204
9.6,9.61,9.57,9.58,8648.0,82871.7177,266,3780.65,36230.7549,202204
9.59,9.61,9.59,9.59,3497.21,33556.1575,110,730.92,7018.2565,202204
9.59,9.6,9.59,9.59,1480.5,14212.6924,62,884.11,8487.456,202204
9.59,9.62,9.59,9.61,518.16,4976.5311,74,310.3,2981.8673,202204
9.61,9.63,9.61,9.61,2524.05,24279.0191,57,990.32,9529.5658,202204
9.61,9.61,9.61,9.61,440.69,4235.0309,24,213.42,2050.9662,202204
9.61,9.62,9.57,9.57,1408.54,13508.5282,85,413.52,3969.2062,202204
9.57,9.57,9.56,9.57,583.35,5582.2607,60,263.74,2523.9918,202204
9.58,9.59,9.57,9.58,1026.68,9835.6743,45,165.39,1584.5425,202204
9.58,9.64,9.57,9.6,7460.08,71716.6795,262,5616.52,53984.5665,202204
9.6,9.61,9.59,9.61,1327.68,12754.2522,52,1082.69,10403.0238,202204
9.61,9.61,9.6,9.61,1132.6,10875.882,44,1059.01,10169.418,202204
9.62,9.62,9.59,9.59,861.89,8270.0746,43,144.25,1386.76,202204
9.6,9.61,9.59,9.6,989.56,9499.794,55,551.16,5291.1956,202204
9.61,9.62,9.6,9.62,1698.84,16325.8806,47,1450.77,13943.3622,202204
9.62,9.64,9.61,9.63,1849.44,17805.2608,92,581.79,5599.9233,202204
9.64,9.66,9.64,9.66,2767.66,26707.2772,122,2387.61,23040.1217,202204
9.65,9.67,9.65,9.65,2232.5,21562.5162,82,1114.5,10766.3503,202204
9.66,9.67,9.65,9.66,1214.96,11744.1952,52,772.45,7466.7597,202204
9.66,9.67,9.66,9.67,210.07,2030.8387,13,179.46,1735.1461,202204
9.67,9.68,9.67,9.68,7026.12,67948.7654,136,1870.44,18092.827,202204
9.68,9.74,9.67,9.7,24044.62,233682.7393,784,20021.83,194626.1691,202204
9.7,9.73,9.7,9.71,4665.16,45324.7804,172,4134.32,40171.1821,202204
9.71,9.71,9.68,9.69,2122.49,20584.3318,110,1491.17,14464.1995,202204
9.7,9.72,9.69,9.71,2753.81,26725.5755,72,443.92,4307.5976,202204
9.71,9.74,9.69,9.7,3281.22,31894.0682,152,1724.88,16768.3673,202204
9.69,9.69,9.66,9.67,1187.96,11495.3268,94,406.23,3930.7834,202204
9.67,9.68,9.66,9.68,492.35,4762.9907,40,454.75,4399.4587,202204
9.67,9.68,9.66,9.68,415.97,4024.7498,41,245.45,2375.9451,202204
9.68,9.69,9.67,9.68,542.83,5254.9752,48,296.8,2873.4815,202204
9.67,9.67,9.64,9.64,3299.77,31861.9258,109,168.86,1631.2887,202204
9.64,9.64,9.62,9.62,4102.37,39494.9542,139,1555.56,14978.8532,202204
9.63,9.63,9.6,9.62,1775.42,17058.1202,89,501.52,4819.7553,202204
9.62,9.62,9.6,9.62,1444.07,13876.8463,65,1109.67,10664.5435,202204
9.61,9.62,9.59,9.61,2354.41,22603.587,100,993.62,9540.8992,202204
9.61,9.61,9.6,9.6,117.52,1128.3873,13,8.43,81.0123,202204
9.6,9.63,9.59,9.6,608.94,5853.4452,39,425.99,4096.4487,202204
9.61,9.61,9.59,9.6,391.96,3760.8074,27,48.16,462.492,202204
9.6,9.62,9.59,9.62,950.81,9131.6522,40,629.97,6052.9993,202204
9.61,9.64,9.6,9.63,2575.69,24804.2612,168,2412.55,23233.8406,202204
9.63,9.64,9.61,9.63,3711.37,35717.617,88,2462.83,23705.6422,202204
9.62,9.63,9.61,9.63,332.64,3200.2076,20,178.36,1716.104,202204
9.62,9.64,9.62,9.64,654.88,6310.0853,32,558.53,5382.9071,202204
9.64,9.64,9.62,9.63,1138.67,10967.6289,45,479.1,4616.0185,202204
9.63,9.64,9.62,9.63,218.8,2107.8764,18,205.1,1976.0701,202204
9.63,9.66,9.61,9.65,2380.12,22952.8934,99,1561.3,15066.3636,202204
9.65,9.66,9.64,9.66,1256.46,12128.7865,42,467.75,4517.8403,202204
9.66,9.66,9.65,9.65,984.1,9496.815,4,25.0,241.5,202204
9.66,9.67,9.64,9.66,2942.2,28407.2346,89,1704.96,16466.0673,202204
9.67,9.67,9.64,9.65,603.87,5830.8849,22,230.64,2228.3809,202204
9.65,9.66,9.65,9.66,365.01,3523.1695,24,245.99,2374.6265,202204
9.66,9.66,9.65,9.65,131.34,1268.0804,10,64.94,627.3204,202204
9.66,9.68,9.64,9.64,1784.71,17246.5708,69,518.33,5011.1216,202204
9.65,9.66,9.64,9.66,815.08,7867.5762,35,500.73,4834.9707,202204
9.66,9.66,9.64,9.64,603.02,5818.9199,21,33.57,324.0766,202204
9.65,9.67,9.64,9.66,416.6,4024.1391,33,272.32,2630.4295,202204
9.66,9.67,9.65,9.66,250.79,2422.6254,16,50.32,486.1017,202204
9.65,9.65,9.64,9.65,1739.98,16780.6722,44,1163.22,11220.0867,202204
9.65,9.66,9.65,9.65,318.08,3069.8654,11,316.35,3053.1709,202204
9.65,9.67,9.65,9.67,2562.75,24731.1456,44,36.88,356.2961,202204
9.67,9.67,9.53,9.53,37671.61,360894.9039,980,12768.87,122332.044,202204
9.54,9.57,9.44,9.55,59955.32,570066.3715,1946,30083.64,285976.607,202204
9.55,9.61,9.55,9.6,16280.26,156011.819,512,11107.96,106419.9408,202204
9.6,9.62,9.59,9.6,8125.73,78124.8451,155,5706.22,54869.0646,202204
9.6,9.66,9.6,9.64,12072.21,116291.1289,359,7600.73,73189.1897,202204
9.65,9.67,9.65,9.65,7179.28,69338.655,182,3969.08,38329.3391,202204
9.64,9.7,9.64,9.69,12863.12,124423.4016,296,9307.5,90030.4439,202204
9.68,9.72,9.67,9.69,9154.17,88770.1867,409,5871.63,56953.4693,202204
9.68,9.69,9.66,9.66,775.91,7506.9744,45,155.6,1507.7003,202204
9.67,9.67,9.66,9.67,368.39,3562.2965,37,346.27,3348.4309,202204
9.67,9.68,9.65,9.65,757.36,7316.8418,46,217.68,2103.1221,202204
9.65,9.66,9.65,9.66,501.98,4844.2671,24,16.01,154.6566,202204
9.66,9.68,9.62,9.63,8088.77,78068.4663,184,3228.26,31188.0572,202204
9.63,9.64,9.61,9.63,3710.75,35697.3038,123,2677.16,25761.697,202204
9.63,9.67,9.63,9.67,2383.86,23009.3409,121,2080.1,20076.003,202204
9.67,9.68,9.66,9.66,3108.25,30035.2702,84,657.91,6362.1321,202204
9.66,9.66,9.65,9.66,1268.08,12245.9757,57,1203.51,11622.8752,202204
9.66,9.67,9.66,9.66,989.01,9556.2306,48,953.42,9212.4312,202204
9.66,9.67,9.65,9.67,3508.77,33879.5975,68,1115.12,10773.2483,202204
9.67,9.67,9.65,9.67,515.45,4980.6411,46,363.96,3518.354,202204
9.66,9.69,9.66,9.67,1327.99,12852.0228,82,571.36,5530.0126,202204
9.68,9.7,9.65,9.67,2384.49,23063.1338,104,1327.03,12840.9361,202204
9.67,9.67,9.65,9.66,210.97,2037.4934,40,123.81,1196.1556,202204
9.66,9.66,9.65,9.65,371.43,3585.1374,24,83.79,809.4114,202204
9.66,9.66,9.62,9.64,3032.68,29235.3722,89,1400.43,13492.9285,202204
9.65,9.66,9.64,9.65,1943.86,18756.9328,53,722.98,6977.4983,202204
9.66,9.66,9.63,9.65,2990.72,28827.1667,66,1037.6,9999.7857,202204
9.64,9.65,9.62,9.62,1400.41,13483.1968,45,290.89,2801.4273,202204
9.63,9.64,9.62,9.64,2351.39,22641.935,30,1151.32,11097.2616,202204
9.64,9.65,9.64,9.65,1820.91,17564.4891,51,1673.8,16146.3487,202204
9.65,9.67,9.64,9.66,1193.22,11523.5514,55,509.44,4923.6951,202204
9.66,9.67,9.63,9.63,3098.34,29907.4451,111,321.36,3103.2343,202204
9.63,9.63,9.61,9.61,1788.24,17203.3848,92,558.65,5378.4924,202204
9.62,9.64,9.6,9.62,3996.01,38446.4389,143,2018.32,19437.068,202204
9.63,9.64,9.62,9.63,910.6,8767.4239,65,228.37,2200.4106,202204
9.63,9.65,9.62,9.64,1589.75,15319.7357,63,304.09,2930.3942,202204
9.64,9.66,9.63,9.64,1438.5,13871.0614,41,823.09,7935.2296,202204
9.65,9.67,9.65,9.66,3081.8,29770.9392,75,2923.33,28239.3102,202204
9.67,9.68,9.66,9.67,3101.12,29985.7286,58,2089.96,20211.449,202204
9.67,9.69,9.67,9.68,1865.63,18059.4913,56,1295.2,12537.7506,202204
9.69,9.69,9.68,9.69,1710.68,16562.6066,37,328.41,3182.1374,202204
9.69,9.71,9.68,9.7,5536.59,53638.8795,85,950.33,9215.8363,202204
9.71,9.72,9.69,9.71,1224.0,11884.0166,74,764.41,7423.7906,202204
9.71,9.72,9.69,9.69,1511.68,14667.6542,58,558.56,5423.6188,202204
9.69,9.72,9.69,9.72,2888.05,28030.2896,95,2468.07,23957.3266,202204
9.71,9.72,9.7,9.72,2532.7,24587.4347,58,1119.62,10877.0311,202204
9.72,9.75,9.72,9.73,8060.32,78509.6925,448,5147.58,50147.225,202204
9.74,9.75,9.74,9.75,1234.44,12024.4252,42,130.81,1275.069,202204
9.75,9.75,9.72,9.74,2655.71,25847.9,130,914.98,8907.0442,202204
9.74,9.74,9.73,9.74,616.27,5998.6939,28,606.14,5900.129,202204
9.74,9.75,9.73,9.74,2136.9,20814.9926,49,1431.92,13950.9075,202204
9.74,9.75,9.73,9.74,1017.77,9913.1178,37,892.27,8691.4196,202204
9.74,9.75,9.73,9.75,1634.82,15922.3934,36,1530.78,14910.0842,202204
9.75,9.75,9.73,9.74,2860.89,27872.145,73,2095.35,20416.1238,202204
9.74,9.75,9.72,9.73,895.94,8720.9087,41,371.32,3616.4504,202204
9.73,9.74,9.71,9.74,2181.19,21218.7808,72,1685.83,16403.7585,202204
9.74,9.74,9.71,9.73,1084.88,10548.7459,57,602.32,5858.5995,202204
9.74,9.74,9.71,9.71,379.03,3687.3782,44,261.58,2545.6449,202204
9.72,9.73,9.71,9.72,885.86,8610.5642,64,781.8,7599.115,202204
9.72,9.73,9.72,9.73,160.18,1558.0989,18,114.93,1118.2689,202204
9.72,9.74,9.72,9.72,1409.64,13709.7864,40,191.39,1862.2907,202204
9.71,9.72,9.69,9.71,6654.53,64586.4513,186,2226.55,21620.7562,202204
9.71,9.72,9.7,9.71,1108.52,10761.3833,46,514.24,4993.3457,202204
9.7,9.71,9.69,9.71,182.95,1774.8202,26,65.82,638.7152,202204
9.7,9.71,9.69,9.69,2017.89,19565.8984,56,349.52,3387.4478,202204
9.7,9.71,9.68,9.68,2370.99,22980.1755,74,673.47,6530.6168,202204
9.69,9.7,9.69,9.69,509.09,4934.5635,35,333.32,3231.3522,202204
9.68,9.69,9.68,9.69,400.49,3879.1763,30,197.0,1908.93,202204
9.69,9.7,9.69,9.7,84.51,819.2233,11,60.7,588.5044,202204
9.7,9.7,9.67,9.68,1273.44,12331.9198,44,1032.84,10002.629,202204
9.69,9.71,9.68,9.7,766.96,7434.3314,27,760.26,7369.4754,202204
9.69,9.72,9.69,9.71,1248.71,12122.3567,64,978.03,9494.6628,202204
9.71,9.73,9.7,9.72,822.22,7992.1112,42,689.3,6700.9961,202204
9.71,9.73,9.71,9.73,399.52,3882.8636,32,272.75,2651.6799,202204
9.73,9.74,9.72,9.74,877.01,8535.0277,47,825.98,8038.9025,202204
9.73,9.74,9.72,9.74,1852.08,18027.294,38,1775.47,17282.5197,202204
9.73,9.73,9.72,9.72,707.19,6879.1663,18,526.87,5126.4451,202204
9.73,9.73,9.72,9.72,1038.82,10097.667,25,61.36,596.7558,202204
9.72,9.74,9.72,9.73,2148.02,20898.1588,39,1824.19,17747.2929,202204
9.73,9.74,9.72,9.73,1800.52,17521.1384,51,891.46,8676.0363,202204
9.72,9.72,9.7,9.71,1433.27,13922.2752,43,22.39,217.4069,202204
9.71,9.71,9.69,9.71,2679.41,25990.2107,57,1063.47,10319.196,202204
9.7,9.71,9.7,9.7,1119.72,10866.4502,46,355.93,3456.0803,202204
9.71,9.71,9.7,9.71,2263.98,21962.1644,56,155.84,1513.2064,202204
9.71,9.72,9.71,9.72,763.3,7418.4723,29,713.67,6936.565,202204
9.71,9.72,9.71,9.72,507.96,4934.1724,25,466.58,4532.3726,202204
9.72,9.72,9.71,9.71,57.96,562.9426,11,15.1,146.772,202204
9.72,9.72,9.7,9.71,236.19,2293.1453,20,39.02,379.0363,202204
9.7,9.7,9.69,9.7,2751.49,26675.6202,72,550.72,5341.984,202204
9.69,9.71,9.69,9.7,1324.71,12848.4773,49,822.31,7976.5192,202204
9.7,9.7,9.68,9.69,1185.22,11485.2402,37,969.81,9397.9326,202204
9.69,9.7,9.68,9.7,986.63,9567.9997,44,982.57,9528.6736,202204
9.7,9.7,9.69,9.7,1425.17,13815.0561,53,515.88,5004.036,202204
9.7,9.71,9.69,9.7,1034.53,10035.1384,36,469.88,4558.0509,202204
9.7,9.71,9.69,9.7,990.26,9600.8165,48,432.63,4196.0625,202204
9.7,9.71,9.7,9.7,1310.77,12714.8374,30,305.37,2962.4574,202204
9.71,9.71,9.71,9.71,53.09,515.5039,8,53.09,515.5039,202204
9.71,9.71,9.67,9.69,1799.03,17420.1519,63,524.12,5074.9202,202204
9.69,9.69,9.67,9.69,3177.16,30754.9135,65,781.96,7570.0909,202204
9.69,9.69,9.67,9.67,488.93,4732.8374,10,5.42,52.5198,202204
9.68,9.68,9.67,9.68,2137.92,20673.9784,36,98.17,949.5959,202204
9.67,9.68,9.66,9.67,1591.81,15392.8511,50,469.35,4538.8882,202204
9.66,9.66,9.64,9.65,6002.96,57932.9666,148,3712.36,35828.5108,202204
9.64,9.65,9.64,9.64,3362.23,32412.4079,50,205.11,1977.7711,202204
9.64,9.65,9.63,9.64,5538.9,53427.4907,85,4710.81,45448.064,202204
9.65,9.66,9.64,9.66,1564.94,15103.1362,46,1048.0,10114.8312,202204
9.66,9.66,9.63,9.64,986.15,9501.8856,52,548.0,5280.8357,202204
9.64,9.64,9.63,9.63,488.57,4705.6541,20,72.5,698.9,202204
9.63,9.64,9.62,9.64,2832.4,27284.9026,75,2675.49,25774.1731,202204
9.64,9.64,9.6,9.61,1496.61,14395.6731,71,389.26,3746.776,202204
9.61,9.61,9.59,9.6,2588.23,24842.2757,141,1657.63,15914.4054,202204
9.6,9.64,9.6,9.64,1895.29,18238.3648,151,1865.71,17953.6719,202204
9.64,9.65,9.62,9.65,1663.57,16040.3467,72,1214.91,11713.0712,202204
9.64,9.66,9.64,9.64,1667.64,16097.1738,35,562.85,5436.7851,202204
9.65,9.66,9.64,9.65,903.85,8727.9436,42,710.68,6864.112,202204
9.65,9.65,9.64,9.65,120.95,1167.0527,13,109.47,1056.3855,202204
9.65,9.69,9.65,9.69,1782.38,17238.5645,94,1461.59,14136.2836,202204
9.69,9.72,9.69,9.71,5662.88,54945.9159,154,4341.05,42120.3627,202204
9.7,9.7,9.69,9.69,1982.09,19211.4912,74,107.24,1039.5041,202204
9.69,9.72,9.67,9.71,3480.36,33755.4316,121,1497.63,14520.6029,202204
9.71,9.72,9.68,9.68,3654.05,35456.2417,94,1150.01,11172.3665,202204
9.69,9.73,9.68,9.72,3227.48,31329.8612,93,2603.54,25278.0013,202204
9.72,9.74,9.71,9.72,1992.24,19379.4515,85,1030.29,10023.6471,202204
9.72,9.74,9.72,9.73,1531.99,14908.8855,45,985.66,9595.4374,202204
9.73,9.73,9.72,9.73,8824.47,85818.6354,68,6629.91,64472.7792,202204
9.73,9.73,9.69,9.69,2031.22,19744.2832,49,505.36,4916.1003,202204
9.69,9.71,9.69,9.71,1353.5,13125.3638,62,917.2,8897.2123,202204
9.71,9.72,9.69,9.71,2990.71,29035.2516,68,1301.23,12639.4433,202204
9.71,9.72,9.7,9.71,1184.41,11499.7066,54,257.19,2497.5047,202204
9.71,9.71,9.69,9.7,3001.23,29084.711,51,859.41,8330.088,202204
9.7,9.71,9.68,9.68,2120.21,20555.127,52,1111.19,10778.0598,202204
9.68,9.69,9.67,9.68,2639.45,25562.7244,47,2068.66,20038.4883,202204
9.67,9.7,9.67,9.69,1695.55,16416.1282,58,1226.99,11879.5727,202204
9.69,9.69,9.67,9.67,2164.75,20939.039,42,131.43,1271.928,202204
9.66,9.66,9.65,9.66,642.04,6200.4463,31,413.03,3989.8698,202204
9.66,9.66,9.65,9.66,562.52,5433.5467,9,521.77,5040.2982,202204
9.66,9.67,9.65,9.66,131.69,1272.0874,16,34.31,331.5475,202204
9.65,9.66,9.58,9.62,12794.32,122872.1062,385,4663.89,44797.0475,202204
9.62,9.64,9.6,9.64,2380.93,22887.9949,118,1155.91,11123.6176,202204
9.64,9.66,9.64,9.66,2536.4,24479.7306,83,1391.01,13427.4646,202204
9.66,9.67,9.66,9.66,813.38,7859.5834,26,562.37,5434.8268,202204
9.66,9.67,9.64,9.65,2064.89,19940.3455,67,1486.23,14355.6755,202204
9.65,9.73,9.65,9.7,15511.29,150391.2769,374,11626.28,112656.2826,202204
9.7,9.72,9.7,9.7,1902.77,18487.145,73,1217.64,11833.5028,202204
9.7,9.71,9.69,9.69,1563.53,15168.2061,55,632.89,6141.2303,202204
9.7,9.7,9.67,9.67,471.13,4564.0867,30,105.17,1018.6422,202204
9.68,9.69,9.65,9.69,5594.56,54105.3787,140,3446.1,33343.9477,202204
9.69,9.7,9.65,9.65,4359.56,42175.0813,84,1410.63,13645.2178,202204
9.65,9.66,9.65,9.65,762.75,7363.9757,34,569.52,5498.6723,202204
9.66,9.66,9.64,9.66,955.28,9218.9689,44,478.82,4622.6484,202204
9.66,9.66,9.63,9.63,2491.45,24016.7183,105,923.17,8904.3067,202204
9.63,9.64,9.62,9.64,1204.97,11596.7968,52,640.94,6170.1771,202204
9.63,9.64,9.62,9.62,2438.29,23480.4424,48,2199.27,21178.9806,202204
9.63,9.63,9.59,9.59,3423.89,32874.0505,136,1353.72,12997.3928,202204
9.59,9.61,9.58,9.59,4833.1,46339.3346,172,2433.51,23337.6132,202204
9.6,9.61,9.58,9.58,626.02,6003.9805,25,78.53,753.9279,202204
9.59,9.62,9.58,9.61,1744.1,16752.2017,61,1088.52,10457.9527,202204
9.62,9.62,9.6,9.61,496.24,4768.6973,23,218.34,2098.2785,202204
9.61,9.63,9.61,9.63,1523.35,14655.2502,41,695.36,6692.274,202204
9.63,9.63,9.6,9.6,1091.58,10486.7566,40,579.9,5574.2093,202204
9.6,9.62,9.6,9.62,592.82,5692.8659,36,443.06,4255.146,202204
9.61,9.63,9.59,9.62,1854.47,17824.3546,50,1215.44,11683.059,202204
9.62,9.62,9.6,9.6,5640.61,54167.0066,84,504.03,4843.0172,202204
9.6,9.61,9.58,9.59,1603.62,15381.7399,63,538.19,5162.6415,202204
9.59,9.6,9.57,9.57,1310.68,12555.1666,59,715.68,6852.8255,202204
9.57,9.6,9.57,9.59,2199.21,21096.3917,81,1131.25,10855.066,202204
9.58,9.58,9.55,9.56,4893.23,46781.5801,150,1488.11,14231.6169,202204
9.57,9.57,9.56,9.57,297.41,2843.5046,21,291.24,2784.5194,202204
9.56,9.6,9.54,9.56,5389.88,51551.0668,310,1752.25,16767.2291,202204
9.56,9.59,9.55,9.58,1198.38,11474.8848,39,681.0,6519.9774,202204
9.59,9.6,9.58,9.6,1020.88,9784.5647,54,296.77,2847.0077,202204
9.6,9.62,9.59,9.6,2087.12,20058.8829,78,542.55,5215.8141,202204
9.6,9.63,9.6,9.61,1610.5,15484.7698,51,1154.8,11105.0866,202204
9.61,9.62,9.59,9.59,1636.1,15705.605,51,264.66,2543.2167,202204
9.59,9.62,9.57,9.58,1779.0,17066.8463,69,1338.08,12838.4056,202204
9.59,9.59,9.57,9.57,519.03,4972.224,28,144.96,1388.868,202204
9.59,9.59,9.57,9.58,743.0,7121.6075,39,459.38,4404.1079,202204
9.58,9.63,9.57,9.59,16054.84,154134.3098,313,5583.97,53597.01,202204
9.59,9.62,9.59,9.6,14365.2,138033.6797,142,10831.08,104130.5935,202204
9.6,9.61,9.6,9.6,2384.94,22900.9426,65,1851.35,17778.4786,202204
9.6,9.63,9.6,9.62,1025.17,9862.8646,81,816.87,7859.6775,202204
9.63,9.65,9.62,9.62,4547.37,43861.4801,141,3606.9,34797.0285,202204
9.63,9.63,9.61,9.62,1513.14,14553.6135,49,266.85,2567.2561,202204
9.62,9.63,9.6,9.6,1065.71,10247.8638,42,270.76,2602.2649,202204
9.6,9.61,9.59,9.6,493.92,4741.153,37,49.71,477.2816,202204
9.59,9.63,9.59,9.63,953.4,9170.7273,48,650.56,6258.3219,202204
9.63,9.64,9.61,9.64,2634.37,25378.403,85,1256.58,12108.0658,202204
9.65,9.72,9.6,9.62,34530.88,333600.6588,905,18809.29,181666.4301,202204
9.61,9.62,9.5,9.51,24290.83,231629.8932,876,12729.37,121391.2695,202204
9.5,9.52,9.46,9.49,33086.31,313785.086,1013,11874.91,112736.3918,202204
9.49,9.5,9.41,9.45,27297.21,257762.7957,768,9858.14,93112.7683,202204
9.44,9.47,9.43,9.44,8331.31,78774.4507,183,3518.28,33281.7396,202204
9.45,9.47,9.4,9.41,16050.1,151349.7144,376,11741.05,110744.6495,202204
9.41,9.51,9.4,9.48,52173.06,493264.0121,890,29718.41,280925.4597,202204
9.47,9.51,9.47,9.5,3578.34,33971.0161,119,2606.81,24748.5852,202204
9.49,9.51,9.45,9.45,7653.74,72556.697,173,1041.59,9873.3789,202204
9.45,9.51,9.45,9.5,4978.22,47231.9605,106,3899.25,36999.8264,202204
9.5,9.52,9.49,9.51,3708.58,35243.6576,108,808.01,7681.5013,202204
9.52,9.59,9.51,9.52,23098.72,220772.874,699,6763.15,64652.7402,202204
9.52,9.53,9.48,9.5,7375.82,70113.3661,196,2233.78,21244.1604,202204
9.49,9.51,9.49,9.5,1838.49,17454.1928,74,667.04,6335.2486,202204
9.5,9.53,9.48,9.49,1567.46,14908.2033,81,959.71,9133.2809,202204
9.49,9.52,9.49,9.52,978.11,9298.9109,48,553.16,5259.6953,202204
9.52,9.54,9.52,9.53,992.39,9457.7171,37,305.12,2908.034,202204
9.52,9.54,9.5,9.51,4775.47,45422.6825,157,1619.78,15414.4193,202204
9.51,9.53,9.49,9.51,2660.7,25287.5242,75,2188.45,20799.6586,202204
9.51,9.55,9.49,9.55,5553.89,52874.726,145,4890.35,46552.4108,202204
9.54,9.57,9.52,9.53,8033.75,76690.4548,135,5747.56,54883.9402,202204
9.53,9.53,9.5,9.52,365.8,3479.9849,28,131.47,1250.9206,202204
9.52,9.53,9.51,9.51,5141.95,48925.4693,60,183.36,1746.2536,202204
9.51,9.51,9.48,9.49,4202.0,39892.977,99,1057.69,10046.0471,202204
9.48,9.48,9.41,9.42,23629.61,222901.6931,508,8783.05,82920.1393,202204
9.43,9.44,9.4,9.42,5894.52,55485.6765,137,1342.22,12639.9822,202204
9.42,9.44,9.4,9.42,11127.89,104816.4871,157,8554.63,80594.9347,202204
9.43,9.43,9.41,9.42,6397.39,60256.1307,76,576.97,5435.0798,202204
9.43,9.43,9.41,9.42,3262.15,30718.5423,71,2724.74,25658.1823,202204
9.42,9.46,9.4,9.41,8239.41,77637.2388,277,5007.71,47169.6724,202204
9.42,9.45,9.42,9.45,3400.02,32117.658,73,1358.1,12829.4507,202204
9.45,9.46,9.42,9.43,1512.99,14282.6736,74,796.06,7514.5867,202204
9.43,9.43,9.37,9.4,14147.8,132945.9561,378,4514.87,42434.3732,202204
9.4,9.43,9.39,9.41,3656.62,34418.861,227,2187.52,20598.3281,202204
9.42,9.42,9.38,9.39,5284.6,49670.5856,115,1220.56,11469.1361,202204
9.38,9.4,9.35,9.36,5404.57,50627.3503,203,2385.7,22357.6434,202204
9.36,9.4,9.34,9.36,6706.35,62744.1026,361,2946.7,27596.8688,202204
9.36,9.38,9.35,9.37,1754.8,16423.1227,79,800.69,7496.8942,202204
9.36,9.37,9.32,9.33,2682.16,25076.2335,113,753.77,7055.979,202204
9.33,9.35,9.32,9.33,2758.27,25739.2507,146,1208.92,11285.3106,202204
9.34,9.38,9.34,9.38,1624.9,15223.1273,122,981.79,9198.3685,202204
9.38,9.38,9.35,9.36,1500.27,14044.6635,52,237.76,2225.7928,202204
9.37,9.38,9.36,9.36,2711.66,25403.5255,56,2141.54,20065.8721,202204
9.36,9.38,9.35,9.35,1362.25,12749.7876,38,386.51,3619.069,202204
9.35,9.36,9.34,9.35,2602.48,24345.6297,74,2172.64,20329.3338,202204
9.35,9.37,9.35,9.36,387.06,3622.6064,35,204.84,1918.7036,202204
9.37,9.4,9.37,9.39,4181.21,39249.8257,141,3059.16,28717.3853,202204
9.38,9.41,9.38,9.41,3317.6,31185.0646,61,2730.66,25662.8816,202204
9.41,9.43,9.4,9.41,8781.71,82712.0015,143,4988.59,46995.6657,202204
9.41,9.41,9.38,9.38,981.03,9216.3493,49,339.5,3190.7453,202204
9.38,9.38,9.37,9.37,969.64,9088.1047,34,688.91,6455.8778,202204
9.37,9.38,9.37,9.37,198.54,1860.5813,14,26.15,245.287,202204
9.37,9.42,9.37,9.41,3944.02,37059.0873,78,3243.39,30477.8807,202204
9.41,9.43,9.4,9.43,1144.62,10776.9497,34,1054.97,9933.7601,202204
9.42,9.43,9.41,9.42,1650.22,15549.4285,26,594.41,5605.1803,202204
9.42,9.43,9.4,9.4,514.29,4841.9791,20,125.75,1185.3084,202204
9.41,9.42,9.39,9.39,202.42,1902.78,18,91.08,856.054,202204
9.39,9.41,9.38,9.39,13487.13,126744.4677,140,11241.2,105656.2962,202204
9.39,9.42,9.38,9.41,3902.73,36663.6678,95,1836.96,17261.1431,202204
9.4,9.44,9.4,9.43,16283.23,153551.575,210,13324.37,125673.0624,202204
9.43,9.44,9.42,9.43,1009.03,9512.1175,32,175.94,1659.1247,202204
9.44,9.47,9.44,9.44,5874.71,55534.8121,177,1723.46,16295.2592,202204
9.45,9.47,9.44,9.45,2991.44,28282.5848,75,1299.11,12287.5207,202204
9.45,9.46,9.38,9.38,5108.51,48092.1239,118,365.13,3446.0437,202204
9.39,9.4,9.37,9.37,7205.11,67622.4429,245,2708.0,25422.7537,202204
9.38,9.41,9.35,9.39,7689.68,72095.4433,183,4622.34,43345.7151,202204
9.39,9.4,9.38,9.38,1570.77,14754.478,60,149.75,1407.0413,202204
9.39,9.4,9.39,9.39,1348.67,12664.6577,46,367.22,3448.8422,202204
9.39,9.41,9.38,9.41,1626.57,15297.9156,63,809.4,7611.3543,202204
9.41,9.42,9.4,9.4,540.64,5087.1592,29,132.29,1244.8627,202204
9.4,9.41,9.4,9.41,532.52,5006.9886,22,71.31,670.8447,202204
9.4,9.4,9.38,9.39,1362.08,12791.3708,31,73.69,692.0991,202204
9.39,9.41,9.38,9.38,1029.72,9681.4937,43,745.95,7013.9852,202204
9.39,9.4,9.39,9.4,687.1,6458.068,48,480.56,4516.592,202204
9.4,9.4,9.38,9.39,911.01,8556.2084,52,171.54,1611.9432,202204
9.39,9.41,9.37,9.41,1158.55,10872.4981,44,924.19,8673.6662,202204
9.42,9.42,9.39,9.4,761.0,7156.2391,39,116.34,1094.638,202204
9.4,9.4,9.37,9.39,1495.83,14037.6138,42,378.72,3554.6887,202204
9.39,9.42,9.38,9.39,3159.59,29721.7218,89,1730.49,16282.1009,202204
9.39,9.39,9.37,9.38,1078.35,10110.8612,45,427.1,4006.8354,202204
9.39,9.39,9.38,9.39,368.1,3454.3688,25,82.79,777.3981,202204
9.4,9.4,9.4,9.4,489.88,4604.872,27,257.46,2420.124,202204
9.39,9.41,9.39,9.41,1136.31,10687.5633,33,686.95,6459.8977,202204
9.41,9.45,9.41,9.43,1391.21,13128.8391,62,499.85,4716.1683,202204
9.43,9.47,9.43,9.46,6168.96,58257.8076,192,3076.46,29076.4255,202204
9.46,9.46,9.44,9.44,147.55,1394.9877,33,25.49,241.1354,202204
9.44,9.45,9.43,9.45,736.27,6946.8154,30,326.43,3080.2992,202204
9.45,9.45,9.44,9.45,761.33,7189.1486,26,219.34,2072.763,202204
9.45,9.47,9.44,9.46,4289.42,40551.823,86,3352.59,31698.6866,202204
9.47,9.48,9.46,9.47,3595.0,34053.7417,142,3183.76,30159.3098,202204
9.47,9.49,9.47,9.48,2228.37,21111.5089,118,1052.06,9969.1686,202204
9.48,9.49,9.47,9.48,625.84,5930.6842,34,76.85,728.557,202204
9.48,9.48,9.47,9.48,575.19,5451.6093,22,358.75,3400.95,202204
9.48,9.49,9.47,9.49,2192.51,20805.0979,49,2170.84,20599.487,202204
9.49,9.5,9.48,9.49,1714.8,16263.2343,54,452.05,4292.3179,202204
9.48,9.5,9.48,9.5,417.47,3959.1667,25,45.16,428.6126,202204
9.5,9.5,9.49,9.5,749.15,7113.1639,38,446.98,4245.5706,202204
9.5,9.5,9.49,9.49,137.24,1302.7478,22,35.08,333.2494,202204
9.48,9.48,9.47,9.48,196.05,1858.1636,21,112.5,1066.5,202204
9.48,9.49,9.48,9.48,1353.78,12833.8455,32,173.79,1647.5403,202204
9.48,9.49,9.47,9.48,212.74,2016.7289,18,67.88,643.7811,202204
9.48,9.49,9.48,9.49,269.51,2555.2028,20,45.55,432.0446,202204
9.49,9.5,9.49,9.5,794.67,7546.7365,31,692.77,6579.2289,202204
9.5,9.52,9.49,9.51,1848.6,17572.0837,173,816.48,7765.3492,202204
9.51,9.51,9.5,9.5,134.04,1274.3085,24,30.93,294.0965,202204
9.5,9.5,9.5,9.5,174.26,1655.47,13,50.11,476.045,202204
9.51,9.51,9.5,9.51,270.81,2575.3536,18,129.06,1227.3606,202204
9.51,9.52,9.5,9.52,2237.56,21297.8448,58,1938.37,18452.7248,202204
9.51,9.51,9.47,9.47,1674.18,15892.4017,55,73.12,692.9728,202204
9.47,9.48,9.47,9.48,494.27,4681.123,30,213.53,2022.5152,202204
9.48,9.5,9.48,9.49,3389.38,32147.2087,65,2227.07,21122.7759,202204
9.49,9.49,9.47,9.47,543.61,5148.5229,22,45.95,435.2652,202204
9.46,9.47,9.46,9.47,337.78,3195.6123,21,128.64,1217.1479,202204
9.47,9.48,9.47,9.48,3862.25,36576.1427,38,2345.12,22208.9216,202204
9.48,9.49,9.47,9.48,753.13,7144.0038,33,625.61,5935.2323,202204
9.48,9.49,9.48,9.48,308.09,2920.7328,18,54.45,516.2256,202204
9.49,9.5,9.49,9.5,34.65,328.8549,9,12.96,123.0168,202204
9.49,9.49,9.47,9.47,174.84,1658.3375,10,3.21,30.4629,202204
9.48,9.49,9.47,9.48,1987.87,18839.251,39,1089.14,10325.1977,202204
9.48,9.48,9.46,9.47,1675.35,15872.2758,29,102.32,968.9704,202204
9.48,9.49,9.47,9.47,357.32,3384.8567,9,42.67,404.609,202204
9.48,9.49,9.48,9.49,396.07,3755.0486,16,245.83,2330.7734,202204
9.48,9.48,9.47,9.48,788.2,7470.2892,23,67.62,640.5226,202204
9.47,9.47,9.46,9.46,1155.9,10946.313,12,220.37,2086.9039,202204
9.46,9.48,9.46,9.48,673.97,6380.4882,24,316.5,2997.3327,202204
9.48,9.52,9.46,9.51,5437.85,51590.4517,120,3192.42,30303.8033,202204
9.51,9.53,9.51,9.53,2915.47,27756.3038,105,1012.55,9647.2658,202204
9.53,9.53,9.51,9.51,1293.72,12326.102,74,700.91,6679.4722,202204
9.51,9.53,9.5,9.53,2510.74,23882.4771,49,506.26,4820.664,202204
9.53,9.59,9.53,9.59,12286.75,117523.8695,321,7568.84,72391.4029,202204
9.6,9.61,9.58,9.59,3268.37,31355.8313,296,608.97,5847.8998,202204
9.59,9.6,9.57,9.57,1946.14,18666.7415,116,1047.01,10048.2738,202204
9.58,9.59,9.54,9.55,1569.47,15028.0923,85,710.67,6812.3283,202204
9.54,9.54,9.52,9.53,2488.0,23711.0779,121,1578.11,15044.0457,202204
9.53,9.55,9.51,9.55,2125.23,20254.2671,97,1269.99,12107.6109,202204
9.55,9.61,9.54,9.59,20046.05,191947.1854,316,8278.5,79322.6856,202204
9.59,9.59,9.56,9.57,1423.16,13624.917,46,480.42,4597.6403,202204
9.56,9.59,9.56,9.58,3134.83,29995.0459,64,2670.32,25545.2779,202204
9.58,9.61,9.58,9.61,3685.97,35391.4801,73,2135.64,20503.4459,202204
9.6,9.61,9.59,9.59,2573.47,24712.865,38,516.69,4961.1453,202204
9.59,9.6,9.59,9.59,602.96,5784.5914,18,186.44,1789.824,202204
9.6,9.61,9.59,9.6,1105.42,10607.0415,34,299.66,2876.762,202204
9.59,9.6,9.58,9.58,677.75,6499.0114,17,6.03,57.888,202204
9.58,9.6,9.57,9.59,1058.95,10149.7768,46,698.2,6692.9429,202204
9.59,9.59,9.58,9.59,789.99,7575.6956,92,759.14,7280.1526,202204
9.59,9.61,9.59,9.61,1785.29,17145.8559,56,1591.35,15284.0399,202204
9.61,9.62,9.61,9.62,905.12,8698.3578,36,564.08,5420.9634,202204
9.61,9.62,9.6,9.6,1595.58,15324.7482,119,142.27,1367.2386,202204
9.61,9.61,9.58,9.59,869.66,8345.1853,47,191.56,1838.1375,202204
9.6,9.6,9.57,9.58,1036.84,9939.4319,54,589.15,5648.0424,202204
9.57,9.58,9.57,9.57,637.99,6109.7944,25,423.01,4052.4358,202204
9.57,9.59,9.57,9.59,400.21,3833.7437,21,302.56,2898.5848,202204
9.59,9.6,9.58,9.6,551.19,5287.739,32,519.46,4983.3062,202204
9.61,9.62,9.61,9.62,1726.77,16607.1392,70,1382.18,13293.5273,202204
9.62,9.64,9.62,9.63,8356.18,80484.7176,180,7709.19,74258.0459,202204
9.63,9.63,9.61,9.62,2685.16,25831.1971,83,1658.77,15962.0618,202204
9.62,9.64,9.62,9.63,300.73,2895.3541,29,130.9,1260.9396,202204
9.63,9.68,9.63,9.65,9580.02,92507.6613,497,6119.37,59083.142,202204
9.66,9.68,9.66,9.67,1587.76,15352.0956,51,570.18,5513.2897,202204
9.67,9.68,9.66,9.67,3602.33,34863.451,69,3086.38,29871.2008,202204
9.68,9.69,9.66,9.68,3630.69,35144.4075,122,1426.62,13811.0413,202204
9.69,9.72,9.68,9.72,10901.35,105746.8852,259,8073.97,78309.6028,202204
9.72,9.79,9.71,9.77,20166.44,196545.1591,1167,12605.44,122798.6551,202204
9.76,9.79,9.76,9.79,10818.15,105818.9767,211,6907.86,67582.219,202204
9.79,9.8,9.75,9.76,17198.47,168330.5653,458,7430.78,72700.0504,202204
9.77,9.77,9.73,9.74,10804.9,105341.0533,229,3797.86,37030.4824,202204
9.74,9.75,9.73,9.74,12336.67,120061.1351,170,2113.31,20577.268,202204
9.74,9.77,9.74,9.77,14392.92,140415.879,217,12678.63,123701.0822,202204
9.77,9.8,9.77,9.78,8956.24,87618.3681,201,6089.6,59568.8,202204
9.78,9.81,9.78,9.78,11032.84,108051.0674,266,6712.58,65774.4846,202204
9.78,9.8,9.77,9.79,7663.54,75019.8036,168,6414.34,62795.9424,202204
9.79,9.82,9.77,9.82,7002.63,68506.0044,190,2104.33,20612.8273,202204
9.82,9.84,9.8,9.84,17626.05,173202.4222,433,14419.7,141733.587,202204
9.84,9.98,9.84,9.95,109042.99,1081774.7362,3196,69440.25,689116.6927,202204
9.94,9.97,9.92,9.94,28327.25,281880.3032,717,19899.05,198064.7993,202204
9.93,9.94,9.88,9.89,17128.86,169656.4086,390,2935.53,29071.736,202204
9.89,9.9,9.85,9.89,11949.68,117919.7255,286,4685.12,46254.3429,202204
9.88,9.89,9.87,9.89,4199.27,41489.5347,108,1986.5,19640.8651,202204
9.89,9.89,9.83,9.84,5182.64,51013.8395,168,905.66,8912.193,202204
9.84,9.84,9.82,9.82,1339.5,13169.0554,93,623.4,6130.5252,202204
9.82,9.84,9.81,9.83,1385.84,13624.7728,122,567.57,5582.4907,202204
9.82,9.83,9.82,9.83,38.67,379.9922,9,25.28,248.5024,202204
9.83,9.83,9.81,9.81,1229.44,12067.1797,73,441.92,4339.6725,202204
9.81,9.82,9.79,9.8,2850.3,27929.3226,111,714.57,7008.4172,202204
9.79,9.81,9.78,9.79,2791.82,27343.2291,130,1316.31,12896.682,202204
9.78,9.8,9.77,9.78,5074.73,49660.7395,171,2852.47,27916.1495,202204
9.79,9.79,9.78,9.78,2801.28,27423.7532,55,2009.27,19670.7533,202204
9.78,9.79,9.75,9.76,3466.59,33866.213,141,1305.07,12753.3759,202204
9.76,9.77,9.74,9.76,4757.38,46385.9362,197,2405.43,23460.8836,202204
9.76,9.79,9.76,9.79,4778.67,46696.8798,395,4270.71,41728.2381,202204
9.79,9.79,9.77,9.78,2767.56,27054.9261,76,1561.24,15264.0294,202204
9.78,9.82,9.77,9.82,3532.3,34590.8401,109,2857.83,27988.0378,202204
9.82,9.83,9.81,9.82,1729.64,16975.8148,93,1154.62,11333.6473,202204
9.81,9.83,9.8,9.8,8011.9,78552.1939,107,427.25,4197.4457,202204
9.8,9.81,9.78,9.78,915.33,8961.0847,36,8.32,81.5598,202204
9.78,9.78,9.77,9.78,1808.63,17686.766,71,1190.69,11644.9482,202204
9.78,9.79,9.74,9.76,2110.0,20571.7571,126,277.16,2703.8544,202204
9.75,9.78,9.74,9.74,4614.56,45020.2313,164,2129.19,20786.2837,202204
9.74,9.75,9.73,9.74,2879.87,28054.7936,120,1964.9,19143.7299,202204
9.74,9.75,9.73,9.74,4352.82,42417.3633,92,2411.84,23512.9684,202204
9.74,9.75,9.72,9.73,2815.34,27402.8189,185,1261.54,12280.0216,202204
9.73,9.74,9.72,9.72,1408.67,13707.662,79,812.89,7911.2214,202204
9.72,9.74,9.72,9.72,2333.43,22699.9296,94,1339.47,13033.5259,202204
9.72,9.73,9.71,9.72,2092.64,20343.3935,132,822.14,7993.4598,202204
9.72,9.72,9.67,9.68,7234.83,70177.5494,364,1536.45,14908.0732,202204
9.69,9.69,9.65,9.66,26649.52,257667.0034,473,6151.57,59497.4136,202204
9.66,9.7,9.65,9.68,3371.35,32618.6304,467,2037.04,19723.7676,202204
9.69,9.7,9.68,9.68,655.09,6348.0437,76,188.06,1822.8088,202204
9.68,9.69,9.67,9.67,577.63,5590.8773,75,61.91,599.8696,202204
9.67,9.69,9.64,9.65,3364.85,32511.0258,207,1128.56,10903.9675,202204
9.66,9.67,9.65,9.65,1028.22,9932.1105,93,379.28,3665.3369,202204
9.65,9.66,9.64,9.64,1187.6,11457.0127,88,327.18,3157.4478,202204
9.64,9.65,9.63,9.63,1735.59,16736.1769,108,564.1,5443.3556,202204
9.63,9.64,9.6,9.61,3129.63,30098.7938,245,1247.44,11993.3295,202204
9.61,9.63,9.6,9.61,2712.6,26076.4551,133,1197.13,11508.081,202204
9.61,9.63,9.61,9.61,863.34,8300.9272,86,223.56,2150.7993,202204
9.61,9.67,9.61,9.67,7720.38,74409.5958,314,2907.22,28028.727,202204
9.68,9.68,9.66,9.66,2282.84,22082.5229,121,1298.58,12565.1035,202204
9.66,9.71,9.66,9.7,6169.81,59875.6532,148,5616.05,54509.5765,202204
9.7,9.76,9.7,9.74,5720.5,55697.7141,294,2886.73,28090.1984,202204
9.74,9.75,9.7,9.72,4506.41,43834.683,165,1803.43,17541.4021,202204
9.73,9.75,9.7,9.74,2706.41,26326.3125,162,1827.89,17791.5022,202204
9.74,9.75,9.72,9.73,3088.71,30075.7819,131,1783.97,17374.6567,202204
9.73,9.74,9.72,9.74,1863.57,18137.3577,96,825.01,8031.885,202204
9.73,9.74,9.67,9.68,4872.13,47275.9475,197,1421.24,13814.3678,202204
9.68,9.69,9.65,9.66,1523.52,14730.3511,116,143.9,1390.8704,202204
9.65,9.67,9.64,9.64,3314.96,32013.8995,150,1775.2,17148.7075,202204
9.64,9.67,9.64,9.65,2618.06,25282.9577,112,1596.53,15420.3821,202204
9.65,9.68,9.65,9.66,3633.93,35142.2202,131,2186.8,21157.5512,202204
9.66,9.69,9.66,9.67,2872.21,27800.313,98,2133.72,20657.7122,202204
9.67,9.69,9.66,9.66,904.44,8747.6086,63,340.92,3300.3432,202204
9.66,9.67,9.63,9.63,2032.66,19606.7143,132,1155.38,11146.0647,202204
9.64,9.66,9.64,9.65,3366.86,32503.8197,118,3070.38,29643.259,202204
9.65,9.67,9.64,9.64,5602.88,54123.1845,143,2730.0,26394.1347,202204
9.64,9.64,9.62,9.63,7187.66,69236.4436,186,2178.06,20979.6312,202204
9.63,9.66,9.63,9.65,2016.21,19442.9245,102,1506.7,14531.5378,202204
9.65,9.66,9.63,9.63,3072.8,29631.0999,105,1047.65,10107.5969,202204
9.64,9.65,9.62,9.62,1073.93,10348.9947,86,485.69,4683.7255,202204
9.62,9.63,9.61,9.62,3773.76,36296.2204,134,2138.43,20572.5912,202204
9.63,9.63,9.61,9.62,2275.29,21890.6198,91,599.98,5774.9986,202204
9.62,9.63,9.61,9.62,3682.0,35419.6055,105,1524.71,14667.7608,202204
9.62,9.63,9.59,9.61,5922.45,56898.4324,257,1854.18,17827.6036,202204
9.61,9.63,9.56,9.62,11230.87,107672.1889,593,4910.77,47089.6122,202204
9.62,9.65,9.61,9.61,3159.86,30433.0927,130,1319.85,12720.41,202204
9.61,9.62,9.59,9.6,3713.34,35659.7522,93,681.77,6553.4675,202204
9.59,9.62,9.58,9.61,4353.65,41809.7178,112,2971.2,28539.5554,202204
9.61,9.64,9.59,9.63,4779.16,45942.6135,147,2158.6,20758.8331,202204
9.63,9.64,9.61,9.62,1439.54,13858.9068,45,272.47,2624.1375,202204
9.63,9.63,9.61,9.62,476.33,4581.9886,21,8.25,79.3805,202204
9.61,9.62,9.6,9.61,1495.71,14374.1945,36,812.65,7810.1189,202204
9.62,9.65,9.61,9.64,2324.65,22394.6973,75,1764.16,16994.8863,202204
9.64,9.65,9.63,9.63,608.87,5868.5329,31,159.81,1540.5994,202204
9.64,9.64,9.62,9.64,1684.73,16228.4767,51,218.69,2108.091,202204
9.64,9.65,9.64,9.64,345.89,3334.4095,13,158.24,1525.4635,202204
9.64,9.65,9.63,9.64,8399.87,80989.2218,161,3269.92,31548.4344,202204
9.64,9.64,9.62,9.63,125.93,1212.8449,16,77.31,744.6767,202204
9.63,9.64,9.63,9.64,1368.4,13180.6244,23,293.24,2826.8336,202204
9.64,9.64,9.63,9.63,1065.6,10268.7972,37,854.72,8237.9054,202204
9.63,9.65,9.63,9.65,672.46,6486.6402,28,497.41,4799.7636,202204
9.65,9.67,9.65,9.66,1924.64,18600.1008,71,1338.2,12937.7856,202204
9.66,9.68,9.64,9.65,17191.57,166099.5109,200,10239.23,98965.9591,202204
9.65,9.67,9.64,9.65,1258.96,12153.1469,65,761.15,7349.2427,202204
9.64,9.65,9.63,9.64,889.77,8577.4909,42,110.71,1067.7525,202204
9.63,9.64,9.61,9.64,9747.03,93790.733,164,2241.66,21580.7809,202204
9.63,9.64,9.62,9.63,1250.82,12045.6797,61,609.87,5873.5218,202204
9.63,9.65,9.63,9.64,11465.29,110538.8155,99,10175.84,98110.0048,202204
9.64,9.66,9.64,9.65,3072.95,29653.4519,77,2418.67,23342.0329,202204
9.64,9.68,9.64,9.67,1982.88,19171.1347,61,976.02,9434.8876,202204
9.68,9.68,9.66,9.68,395.28,3823.3127,20,232.47,2248.9715,202204
9.67,9.68,9.67,9.67,4221.69,40845.367,84,472.72,4574.2221,202204
9.67,9.67,9.66,9.66,686.12,6634.4396,23,104.14,1007.0338,202204
9.66,9.67,9.64,9.65,5870.48,56686.3624,94,707.82,6829.7184,202204
9.66,9.66,9.63,9.64,12794.68,123358.9221,126,2289.05,22068.9769,202204
9.65,9.67,9.65,9.66,1337.24,12919.4004,35,1177.35,11374.893,202204
9.65,9.66,9.63,9.64,519.42,5009.9366,25,59.64,575.018,202204
9.63,9.63,9.61,9.63,596.24,5735.9614,28,87.05,838.2297,202204
9.63,9.63,9.62,9.63,368.6,3549.1531,15,263.12,2533.8456,202204
9.62,9.64,9.62,9.64,1000.81,9632.4382,33,131.49,1266.2672,202204
9.63,9.63,9.6,9.62,1214.26,11676.6062,50,738.53,7102.2933,202204
9.61,9.61,9.6,9.61,1419.56,13633.4726,40,330.65,3177.5465,202204
9.61,9.62,9.6,9.61,833.55,8010.9004,33,464.83,4467.518,202204
9.61,9.62,9.59,9.6,2698.06,25897.8475,57,580.16,5570.879,202204
9.59,9.6,9.56,9.57,2787.32,26694.483,93,754.8,7225.747,202204
9.57,9.58,9.56,9.57,1216.33,11632.3677,53,325.99,3119.7743,202204
9.57,9.61,9.55,9.6,9064.48,86838.2915,217,7963.78,76300.9321,202204
9.6,9.65,9.6,9.63,1286.09,12379.8671,73,983.97,9469.3267,202204
9.62,9.64,9.62,9.64,1714.0,16520.6949,54,1207.98,11644.648,202204
9.64,9.66,9.63,9.66,5047.3,48692.0649,118,4340.27,41872.9562,202204
9.66,9.67,9.61,9.62,1712.64,16525.8318,84,143.98,1390.566,202204
9.62,9.63,9.61,9.61,598.32,5752.543,38,37.05,356.7618,202204
9.62,9.63,9.56,9.56,4372.17,41902.595,185,1613.02,15455.6667,202204
9.57,9.57,9.54,9.55,4226.81,40399.5812,183,2868.87,27423.4888,202204
9.55,9.56,9.53,9.56,2425.19,23140.3795,145,769.85,7355.1178,202204
9.56,9.61,9.54,9.59,5375.99,51524.8866,192,3109.12,29811.6649,202204
9.59,9.61,9.58,9.6,668.37,6414.9627,60,462.15,4435.878,202204
9.6,9.6,9.55,9.55,4514.8,43207.2215,73,160.73,1541.1601,202204
9.56,9.57,9.55,9.56,1709.54,16350.5353,53,701.72,6715.2128,202204
9.56,9.57,9.5,9.51,7130.55,67885.2627,218,1041.24,9932.7712,202204
9.5,9.51,9.45,9.47,17245.97,163492.3921,553,10980.78,104104.3014,202204
9.48,9.52,9.47,9.51,4726.8,44909.4246,389,2776.11,26381.2976,202204
9.52,9.52,9.47,9.49,2093.27,19869.5044,103,676.78,6421.3893,202204
9.5,9.5,9.48,9.49,3781.66,35889.3083,117,1921.44,18237.6729,202204
9.49,9.64,9.49,9.63,15337.98,146791.5403,620,11486.16,109859.1755,202204
9.64,9.69,9.61,9.63,19683.65,189918.4507,667,10188.48,98318.5233,202204
9.64,9.64,9.59,9.61,4444.23,42708.5554,171,2284.8,21962.1566,202204
9.62,9.64,9.58,9.64,3647.87,35079.2768,133,1511.33,14538.8572,202204
9.63,9.66,9.63,9.64,1878.13,18119.8079,94,982.55,9480.3805,202204
9.64,9.65,9.61,9.63,5009.5,48175.6422,94,1132.81,10905.8593,202204
9.62,9.64,9.61,9.63,3705.45,35652.6782,75,2446.98,23550.8259,202204
9.63,9.64,9.62,9.63,1789.42,17238.8351,51,725.98,6995.6468,202204
9.63,9.65,9.62,9.64,1429.96,13777.3485,45,649.95,6263.9364,202204
9.64,9.65,9.63,9.63,1551.79,14967.7598,57,967.64,9335.8276,202204
9.63,9.68,9.61,9.66,13433.03,129661.9749,190,12099.23,116800.3703,202204
9.66,9.69,9.66,9.69,3446.64,33372.536,85,1822.55,17648.9515,202204
9.69,9.71,9.69,9.7,6881.75,66741.5131,191,4080.88,39598.6907,202204
9.7,9.7,9.67,9.69,7063.69,68425.5488,188,3937.74,38152.265,202204
9.69,9.71,9.68,9.7,5290.67,51297.4602,100,1386.94,13461.3343,202204
9.71,9.73,9.68,9.68,9932.21,96458.8944,335,6384.66,62032.6895,202204
9.68,9.68,9.64,9.66,4402.91,42512.8281,116,1338.89,12928.6932,202204
9.66,9.66,9.62,9.65,6105.42,58813.1946,177,2151.14,20724.6837,202204
9.64,9.67,9.62,9.67,3397.04,32736.2251,106,1210.17,11677.0656,202204
9.67,9.68,9.66,9.68,2216.6,21431.2906,88,953.27,9220.0081,202204
9.68,9.7,9.67,9.69,4185.35,40528.0909,142,2353.42,22793.6113,202204
9.68,9.7,9.68,9.69,1023.09,9914.1969,35,557.09,5398.7403,202204
9.7,9.73,9.7,9.72,1672.02,16229.3178,107,549.08,5334.9319,202204
9.72,9.73,9.72,9.72,1476.91,14361.3589,51,616.12,5994.4801,202204
9.71,9.74,9.71,9.74,2425.62,23611.4966,140,2004.42,19513.6689,202204
9.73,9.74,9.71,9.73,2207.32,21466.9484,116,1012.33,9850.2873,202204
9.72,9.73,9.71,9.71,698.74,6792.386,29,275.61,2681.3469,202204
9.71,9.74,9.69,9.74,2916.43,28334.1912,124,1844.91,17937.8512,202204
9.74,9.77,9.74,9.76,5007.64,48832.5359,281,3502.58,34148.2988,202204
9.76,9.76,9.7,9.72,3234.53,31468.0637,144,805.7,7832.6419,202204
9.72,9.73,9.7,9.72,1437.6,13966.0494,49,962.13,9346.6638,202204
9.72,9.73,9.7,9.72,1276.33,12407.0741,54,487.78,4745.6203,202204
9.72,9.73,9.7,9.71,4138.8,40218.6933,93,1348.39,13107.461,202204
9.72,9.76,9.72,9.73,5749.87,56011.3525,138,3411.15,33245.8014,202204
9.73,9.74,9.71,9.72,1755.8,17074.3247,77,654.85,6369.0173,202204
9.72,9.72,9.71,9.71,865.77,8408.3232,45,337.81,3281.3052,202204
9.71,9.74,9.71,9.74,1166.77,11348.272,52,631.2,6141.5096,202204
9.74,9.74,9.73,9.73,385.07,3749.1744,21,147.77,1439.2798,202204
9.73,9.75,9.73,9.74,972.27,9469.8149,34,811.23,7901.8493,202204
9.74,9.75,9.72,9.72,533.05,5188.4033,28,92.15,897.4046,202204
9.73,9.73,9.71,9.73,1474.84,14335.8975,38,748.94,7284.1774,202204
9.73,9.74,9.73,9.74,281.49,2741.3988,20,186.67,1817.9152,202204
9.74,9.74,9.72,9.72,1220.91,11877.5572,40,398.06,3873.5369,202204
9.72,9.73,9.72,9.72,525.77,5110.518,23,183.44,1783.0704,202204
9.72,9.73,9.72,9.72,1980.9,19272.8995,49,1533.29,14918.9117,202204
9.73,9.74,9.72,9.72,169.47,1648.1989,9,4.55,44.306,202204
9.72,9.72,9.71,9.71,515.51,5010.275,30,262.35,2550.042,202204
9.71,9.71,9.69,9.69,783.98,7610.9097,36,42.6,413.646,202204
9.69,9.72,9.69,9.71,175.39,1702.4396,26,128.18,1244.4224,202204
9.7,9.71,9.7,9.7,589.97,5723.0703,15,36.13,350.8223,202204
9.71,9.71,9.69,9.71,658.14,6384.4675,18,71.65,695.5255,202204
9.7,9.71,9.69,9.7,128.61,1248.2198,23,100.14,972.1909,202204
9.7,9.71,9.67,9.67,1015.55,9834.444,51,46.55,451.4774,202204
9.68,9.68,9.67,9.67,1703.68,16474.6731,54,1231.86,11912.1105,202204
9.67,9.68,9.66,9.68,1685.2,16295.3046,54,764.49,7394.7285,202204
9.67,9.69,9.67,9.67,864.31,8365.8672,42,445.54,4313.0711,202204
9.68,9.69,9.67,9.68,946.2,9159.0137,29,175.46,1698.4674,202204
9.68,9.69,9.67,9.68,767.01,7424.271,30,623.07,6031.4322,202204
9.68,9.7,9.68,9.69,1330.56,12892.2817,45,838.0,8120.2406,202204
9.69,9.69,9.69,9.69,45.07,436.7283,10,11.26,109.1094,202204
9.69,9.71,9.69,9.7,173.16,1679.1956,32,76.88,745.7207,202204
9.71,9.71,9.7,9.71,1187.08,11526.1872,24,1151.12,11177.3752,202204
9.7,9.72,9.7,9.71,762.53,7403.0385,39,632.36,6140.1424,202204
9.7,9.74,9.69,9.74,5073.09,49315.8314,119,3242.62,31553.4794,202204
9.74,9.74,9.73,9.74,733.27,7139.0345,36,431.74,4205.1476,202204
9.73,9.74,9.72,9.72,686.23,6677.0646,14,17.05,165.9832,202204
9.73,9.73,9.69,9.69,4899.83,47576.6143,94,1273.99,12346.6166,202204
9.7,9.7,9.68,9.69,183.61,1778.9703,21,64.39,623.9812,202204
9.69,9.7,9.68,9.69,513.0,4970.6961,40,186.9,1811.1114,202204
9.7,9.72,9.69,9.7,1497.68,14531.498,47,861.17,8352.2859,202204
9.71,9.72,9.7,9.7,1291.83,12543.3181,19,251.0,2437.2254,202204
9.7,9.73,9.7,9.73,1589.54,15457.4345,62,995.72,9685.7743,202204
9.73,9.75,9.72,9.75,1226.2,11942.2026,69,644.24,6274.0984,202204
9.75,9.76,9.74,9.75,5099.81,49720.9681,81,1616.68,15763.3551,202204
9.75,9.75,9.74,9.75,498.21,4857.236,26,467.06,4553.835,202204
9.75,9.77,9.74,9.75,3168.35,30920.6284,97,2812.05,27445.213,202204
9.75,9.75,9.74,9.75,662.36,6457.3626,20,457.81,4463.6475,202204
9.75,9.75,9.74,9.74,25.4,247.4063,3,1.03,10.0425,202204
9.74,9.75,9.73,9.74,1455.4,14162.2405,46,197.21,1919.4079,202204
9.74,9.74,9.72,9.73,919.29,8944.6917,46,466.39,4538.0942,202204
9.72,9.74,9.72,9.73,857.73,8343.2524,18,315.95,3076.5396,202204
9.73,9.74,9.73,9.74,166.6,1622.01,32,99.2,966.208,202204
9.73,9.73,9.72,9.72,134.64,1309.5407,45,23.25,226.2225,202204
9.72,9.73,9.72,9.72,186.63,1815.7834,21,173.98,1692.8254,202204
9.73,9.73,9.72,9.72,757.64,7370.9599,24,638.55,6213.0915,202204
9.72,9.73,9.72,9.72,500.28,4866.7556,23,403.4,3925.082,202204
9.73,9.73,9.72,9.73,742.05,7220.1235,21,739.75,7197.7675,202204
9.73,9.74,9.7,9.71,1511.7,14699.7692,66,227.55,2212.3232,202204
9.7,9.71,9.7,9.71,1155.63,11215.8322,41,651.01,6319.9422,202204
9.71,9.72,9.71,9.71,871.1,8464.6962,27,804.72,7820.1464,202204
9.7,9.7,9.69,9.7,507.87,4925.2733,32,152.83,1482.451,202204
9.71,9.73,9.71,9.73,414.76,4032.596,27,356.89,3470.2441,202204
9.72,9.73,9.72,9.72,217.71,2116.1737,7,6.4,62.2405,202204
9.71,9.73,9.71,9.73,878.69,8536.5683,50,690.6,6710.2144,202204
9.73,9.74,9.73,9.73,164.27,1598.6681,19,69.58,677.3344,202204
9.73,9.73,9.73,9.73,52.13,507.2249,5,0.0,0.0,202204
9.73,9.73,9.72,9.72,385.52,3749.1504,13,13.41,130.4793,202204
9.73,9.73,9.72,9.73,646.13,6286.7419,17,607.76,5913.5048,202204
9.73,9.75,9.73,9.74,685.69,6679.1009,25,373.53,3638.695,202204
9.73,9.73,9.72,9.73,1562.74,15199.1684,49,990.88,9636.3085,202204
9.74,9.74,9.72,9.73,404.21,3934.81,18,250.26,2437.1365,202204
9.72,9.73,9.72,9.73,117.51,1143.3503,14,63.27,615.6171,202204
9.73,9.73,9.71,9.72,410.45,3992.0382,34,247.09,2404.1713,202204
9.71,9.72,9.71,9.71,448.14,4351.4896,19,15.88,154.245,202204
9.7,9.71,9.7,9.71,275.47,2673.8911,13,183.21,1778.9691,202204
9.71,9.74,9.71,9.73,2885.5,28053.0152,70,1869.63,18181.4839,202204
9.73,9.74,9.72,9.74,216.49,2107.5784,18,203.49,1981.1954,202204
9.74,9.79,9.74,9.78,4075.94,39793.111,189,3272.31,31943.2801,202204
9.79,9.81,9.77,9.78,6645.7,65123.4313,598,1930.88,18932.3308,202204
9.77,9.78,9.76,9.76,315.4,3079.9882,23,38.72,378.3051,202204
9.76,9.77,9.74,9.77,423.87,4133.8738,41,211.44,2062.8329,202204
9.77,9.78,9.75,9.76,1908.51,18644.6116,71,1395.41,13633.4565,202204
9.75,9.78,9.75,9.77,656.47,6410.6846,39,281.33,2748.4609,202204
9.76,9.77,9.75,9.75,738.61,7204.2855,33,88.65,865.1193,202204
9.75,9.76,9.74,9.74,1601.91,15616.5869,38,402.4,3923.3183,202204
9.73,9.75,9.73,9.75,489.05,4764.5759,30,479.12,4667.9398,202204
9.74,9.75,9.73,9.74,2194.17,21374.3083,55,969.83,9449.2594,202204
9.75,9.76,9.72,9.73,5801.33,56524.7909,73,1679.8,16377.6789,202204
9.72,9.74,9.72,9.72,1028.49,10004.0138,26,195.54,1903.1318,202204
9.73,9.74,9.72,9.73,928.38,9031.346,30,551.42,5365.7919,202204
9.74,9.76,9.73,9.76,5866.2,57212.9287,69,5669.11,55293.8934,202204
9.75,9.77,9.75,9.77,1355.94,13245.4344,36,1348.74,13175.1855,202204
9.76,9.77,9.75,9.75,674.2,6583.7083,22,467.46,4567.0659,202204
9.76,9.77,9.76,9.77,662.64,6467.5391,25,454.68,4437.8495,202204
9.77,9.77,9.75,9.75,413.88,4038.7598,26,251.54,2455.505,202204
9.75,9.75,9.74,9.75,161.48,1574.0821,19,14.83,144.5925,202204
9.76,9.78,9.76,9.78,3468.39,33909.6862,52,2987.21,29208.6877,202204
9.78,9.8,9.76,9.78,2515.93,24615.9907,60,877.05,8573.9811,202204
9.77,9.79,9.77,9.78,927.16,9063.9304,33,492.17,4810.2031,202204
9.77,9.78,9.76,9.77,2095.24,20470.8646,48,1045.54,10215.7887,202204
9.76,9.77,9.76,9.76,2541.62,24807.2522,44,309.09,3017.7594,202204
9.76,9.77,9.76,9.77,240.43,2347.2886,17,240.43,2347.2886,202204
9.77,9.79,9.76,9.78,2010.29,19642.9847,61,975.23,9531.4284,202204
9.77,9.77,9.76,9.77,290.19,2835.1138,13,285.94,2793.6338,202204
9.76,9.77,9.76,9.77,2160.79,21090.6465,26,133.61,1305.3697,202204
9.77,9.77,9.73,9.75,3336.94,32506.662,81,860.34,8392.694,202204
9.74,9.75,9.73,9.74,1631.24,15889.0957,56,1140.95,11113.7007,202204
9.74,9.76,9.74,9.76,649.05,6329.6455,49,605.95,5909.8092,202204
9.76,9.77,9.75,9.75,759.97,7417.3289,23,137.19,1339.0115,202204
9.76,9.77,9.75,9.77,2498.79,24387.1967,30,2336.97,22809.4057,202204
9.76,9.78,9.76,9.77,733.29,7168.9292,36,602.75,5893.5749,202204
9.78,9.78,9.76,9.77,940.99,9201.1833,24,807.57,7897.7151,202204
9.76,9.77,9.76,9.77,113.26,1106.3028,12,88.52,864.8404,202204
9.76,9.77,9.76,9.76,3004.87,29327.5778,44,262.12,2558.3378,202204
9.76,9.76,9.75,9.76,1215.6,11864.2302,22,461.61,4505.3136,202204
9.76,9.77,9.76,9.77,449.35,4385.9224,14,26.64,260.2728,202204
9.77,9.78,9.76,9.76,3461.81,33820.952,76,2198.83,21482.9946,202204
9.76,9.76,9.73,9.73,1793.72,17475.3063,54,550.07,5358.6942,202204
9.73,9.74,9.73,9.74,227.93,2219.8568,11,209.79,2043.3546,202204
9.73,9.74,9.73,9.73,19.83,193.0411,8,9.52,92.7248,202204
9.74,9.75,9.71,9.73,7516.65,73150.1155,123,3486.61,33951.8163,202204
9.73,9.73,9.73,9.73,731.02,7112.8246,28,623.77,6069.2821,202204
9.73,9.73,9.73,9.73,2961.67,28817.0491,28,0.0,0.0,202204
9.73,9.74,9.73,9.74,819.88,7984.7434,21,727.68,7087.6032,202204
9.75,9.75,9.74,9.74,50.25,489.6256,5,19.06,185.835,202204
9.74,9.76,9.74,9.76,553.42,5394.4327,104,368.93,3597.1762,202204
9.76,9.76,9.73,9.73,784.38,7644.0766,43,88.12,858.5525,202204
9.73,9.74,9.73,9.73,828.32,8063.3073,28,562.86,5478.9591,202204
9.74,9.74,9.73,9.73,504.99,4913.5736,11,111.87,1088.516,202204
9.73,9.74,9.72,9.73,1199.59,11670.5855,49,531.17,5168.3742,202204
9.74,9.74,9.73,9.74,62.35,606.7644,8,9.89,96.3286,202204
9.74,9.75,9.73,9.73,323.82,3153.6663,21,211.92,2064.1404,202204
9.73,9.74,9.73,9.73,1396.16,13584.7095,23,7.27,70.8098,202204
9.73,9.76,9.73,9.75,4958.44,48342.5141,94,1358.28,13241.2093,202204
9.75,9.78,9.75,9.77,5235.01,51113.2861,107,3367.73,32879.9989,202204
9.78,9.79,9.76,9.79,3829.05,37450.9919,67,2741.08,26815.1274,202204
9.78,9.79,9.78,9.79,244.11,2388.3599,20,96.41,943.8539,202204
9.78,9.79,9.78,9.78,2564.33,25103.2589,33,2167.19,21216.6733,202204
9.78,9.8,9.78,9.79,4905.85,48025.429,85,4403.04,43105.6659,202204
9.79,9.8,9.79,9.79,130.25,1275.6738,11,112.58,1102.6845,202204
9.8,9.8,9.79,9.8,3482.98,34131.8325,50,3412.19,33438.5974,202204
9.79,9.81,9.79,9.81,783.12,7675.8225,68,483.04,4735.8955,202204
9.81,9.81,9.79,9.8,398.11,3901.6022,34,362.55,3553.4435,202204
9.8,9.8,9.78,9.8,2964.76,29027.0242,64,2909.74,28488.4121,202204
9.8,9.81,9.8,9.81,1057.0,10366.9934,86,808.37,7927.9331,202204
9.81,9.82,9.78,9.79,4376.32,42853.1974,212,670.21,6566.9083,202204
9.79,9.82,9.79,9.82,1610.46,15782.6392,74,1136.5,11138.4546,202204
9.81,9.82,9.81,9.82,439.58,4316.3381,41,405.83,3985.2506,202204
9.81,9.82,9.78,9.78,3563.72,34898.9968,107,981.02,9609.9581,202204
9.79,9.8,9.78,9.8,1682.41,16473.7121,71,1486.26,14553.4668,202204
9.8,9.82,9.78,9.82,6890.13,67510.2382,166,4665.86,45721.4238,202204
9.81,9.83,9.81,9.82,1235.6,12134.4443,108,931.22,9147.5605,202204
9.82,9.83,9.81,9.81,1024.79,10063.0059,62,835.2,8202.151,202204
9.81,9.82,9.79,9.81,991.96,9728.4668,97,559.38,5486.9225,202204
9.81,9.82,9.8,9.8,1492.12,14637.8201,75,767.88,7533.2863,202204
9.8,9.8,9.79,9.8,352.65,3455.3013,44,285.78,2800.644,202204
9.8,9.8,9.78,9.79,3507.0,34334.5901,83,1288.19,12613.1225,202204
9.79,9.8,9.78,9.79,1251.87,12245.8248,56,248.28,2430.7146,202204
9.79,9.79,9.76,9.76,1079.65,10551.1742,68,329.5,3221.8045,202204
9.75,9.77,9.74,9.75,1693.16,16519.4087,102,802.37,7828.4908,202204
9.75,9.76,9.74,9.76,1118.53,10899.9786,66,458.67,4472.087,202204
9.76,9.76,9.74,9.75,605.01,5897.5123,57,289.08,2819.3813,202204
9.75,9.76,9.75,9.76,846.69,8257.8481,69,772.96,7538.9806,202204
9.76,9.76,9.75,9.76,1201.39,11724.121,48,1056.85,10314.856,202204
9.76,9.78,9.75,9.77,2491.44,24337.3224,73,2212.24,21609.562,202204
9.77,9.79,9.77,9.78,869.5,8502.4126,40,272.41,2664.2067,202204
9.79,9.79,9.76,9.76,294.01,2872.3357,17,18.01,176.0563,202204
9.76,9.77,9.76,9.77,241.94,2363.6189,14,228.45,2231.9565,202204
9.77,9.78,9.76,9.76,683.25,6671.5901,25,175.9,1719.7117,202204
9.77,9.77,9.76,9.77,130.74,1276.099,11,16.22,158.3838,202204
9.77,9.78,9.76,9.77,620.71,6067.2224,34,483.39,4726.106,202204
9.77,9.77,9.74,9.75,263.34,2569.5573,36,27.55,268.6481,202204
9.75,9.76,9.74,9.75,1480.5,14434.7968,28,107.87,1051.8076,202204
9.76,9.76,9.74,9.74,1142.28,11136.9947,16,30.47,297.3872,202204
9.74,9.77,9.74,9.77,1177.29,11484.0906,33,1107.43,10803.5213,202204
9.76,9.77,9.76,9.77,145.81,1424.4524,11,132.36,1293.1572,202204
9.77,9.78,9.76,9.76,837.35,8176.2408,33,213.57,2086.9385,202204
9.77,9.77,9.74,9.74,4051.77,39486.525,73,335.98,3280.5399,202204
9.75,9.76,9.74,9.74,636.72,6207.8165,24,585.45,5708.1477,202204
9.74,9.75,9.74,9.75,35.01,341.1263,9,12.89,125.6775,202204
9.75,9.77,9.75,9.77,604.29,5894.6972,21,586.24,5718.5292,202204
9.77,9.77,9.76,9.76,292.81,2860.4924,19,266.68,2605.4636,202204
9.76,9.77,9.75,9.75,1812.76,17701.6,45,957.42,9353.555,202204
9.75,9.75,9.71,9.72,3232.55,31422.8619,115,1052.17,10224.27,202204
9.72,9.73,9.7,9.72,2446.39,23780.4238,98,712.42,6926.0203,202204
9.72,9.73,9.71,9.72,462.8,4496.5958,23,71.5,695.0795,202204
9.72,9.73,9.71,9.71,275.3,2674.214,24,30.09,292.7194,202204
9.72,9.73,9.72,9.73,2243.4,21817.8484,54,1758.38,17103.4392,202204
9.74,9.74,9.72,9.72,1045.54,10167.3724,49,378.88,3685.6546,202204
9.72,9.73,9.69,9.69,2109.56,20474.5773,93,556.57,5403.6788,202204
9.7,9.71,9.7,9.7,4496.01,43611.4552,45,2270.79,22026.8212,202204
9.71,9.72,9.71,9.71,365.74,3552.4672,32,209.95,2039.7463,202204
9.71,9.72,9.71,9.72,295.37,2869.4047,15,136.2,1323.864,202204
9.71,9.72,9.7,9.71,2305.0,22376.5496,53,1566.74,15212.002,202204
9.71,9.71,9.7,9.7,7440.16,72171.5679,58,2141.31,20772.7229,202204
9.7,9.71,9.7,9.7,1061.14,10293.2039,38,14.59,141.6689,202204
9.7,9.71,9.68,9.68,1557.25,15092.9464,71,158.84,1539.2006,202204
9.69,9.69,9.66,9.68,5082.11,49160.4488,176,3125.31,30234.2866,202204
9.67,9.68,9.66,9.66,3913.01,37844.3073,90,1182.83,11446.4396,202204
9.66,9.67,9.66,9.66,1593.58,15400.2637,42,628.09,6073.6303,202204
9.67,9.68,9.66,9.66,2762.36,26698.4681,66,1109.62,10730.922,202204
9.66,9.67,9.66,9.66,1018.23,9843.0188,30,691.7,6688.739,202204
9.67,9.67,9.66,9.67,354.87,3431.1227,16,307.85,2976.9095,202204
9.67,9.68,9.67,9.68,623.22,6028.4305,20,558.7,5404.5221,202204
9.68,9.71,9.67,9.7,4406.07,42716.476,257,1772.45,17172.6863,202204
9.71,9.73,9.7,9.7,1761.73,17118.8511,85,1386.19,13471.0156,202204
9.71,9.71,9.7,9.71,131.62,1277.9723,12,125.83,1221.8093,202204
9.71,9.72,9.7,9.7,835.68,8109.7006,35,315.76,3065.7645,202204
9.7,9.7,9.69,9.69,246.92,2393.5103,17,85.55,829.835,202204
9.7,9.71,9.7,9.7,879.26,8528.926,28,583.32,5658.308,202204
9.71,9.71,9.7,9.7,24.14,234.1689,2,1.09,10.5839,202204
9.71,9.72,9.7,9.72,1088.77,10574.6108,40,868.14,8432.9085,202204
9.71,9.72,9.7,9.72,2793.24,27099.9731,65,284.0,2755.7995,202204
9.71,9.72,9.71,9.71,717.12,6964.4972,33,126.2,1226.664,202204
9.72,9.74,9.72,9.72,897.75,8730.9309,40,582.82,5669.7423,202204
9.72,9.72,9.68,9.68,862.69,8367.2755,38,35.7,346.7674,202204
9.69,9.71,9.69,9.7,585.81,5678.3285,26,384.18,3724.4977,202204
9.69,9.71,9.69,9.71,155.36,1506.233,14,70.34,682.3892,202204
9.7,9.71,9.7,9.7,295.25,2863.961,14,55.01,533.633,202204
9.7,9.72,9.7,9.71,1479.74,14360.9631,30,527.7,5125.9151,202204
9.71,9.72,9.71,9.72,32.79,318.4133,3,2.24,21.7728,202204
9.71,9.71,9.7,9.71,843.56,8190.0549,18,69.51,674.9421,202204
9.7,9.7,9.68,9.68,5961.23,57820.5869,60,1684.4,16338.68,202204
9.68,9.69,9.68,9.69,1713.39,16595.2652,35,297.73,2885.0037,202204
9.68,9.69,9.68,9.69,969.26,9382.5046,8,6.78,65.6982,202204
9.68,9.71,9.68,9.71,3804.96,36865.8744,73,2478.42,24023.9101,202204
9.71,9.73,9.7,9.72,1313.44,12762.1764,61,679.73,6603.1068,202204
9.72,9.72,9.69,9.69,557.26,5407.4176,28,56.78,551.8724,202204
9.69,9.7,9.68,9.69,940.46,9112.8636,41,274.85,2663.3504,202204
9.69,9.72,9.68,9.72,1451.22,14070.7434,62,941.42,9129.2018,202204
9.71,9.72,9.71,9.72,353.91,3437.7033,23,274.07,2662.4569,202204
9.72,9.73,9.72,9.73,859.42,8361.5818,19,859.42,8361.5818,202204
9.72,9.73,9.7,9.71,876.85,8522.4742,51,50.56,491.3744,202204
9.71,9.72,9.71,9.71,332.47,3228.6249,12,331.42,3218.4294,202204
9.71,9.72,9.71,9.71,73.82,716.8949,9,11.33,110.117,202204
9.7,9.71,9.68,9.71,2120.98,20562.9776,62,1047.43,10158.7202,202204
9.71,9.73,9.71,9.72,931.22,9051.9077,27,362.71,3526.5832,202204
9.73,9.74,9.71,9.73,5384.75,52391.2283,88,3833.71,37300.8375,202204
9.73,9.74,9.72,9.72,1324.21,12888.1789,34,458.45,4464.5274,202204
9.73,9.74,9.72,9.74,333.01,3238.6905,22,171.95,1673.0944,202204
9.73,9.74,9.72,9.74,680.26,6618.9274,36,383.45,3731.0357,202204
9.73,9.74,9.73,9.74,51.23,498.5371,7,6.92,67.4008,202204
9.74,9.75,9.71,9.72,2669.09,25980.6898,74,1543.78,15036.2324,202204
9.72,9.72,9.69,9.71,3331.42,32344.1636,82,948.88,9216.6448,202204
9.72,9.72,9.7,9.72,1043.55,10133.9157,56,719.75,6990.7571,202204
9.72,9.73,9.72,9.72,89.33,868.4724,8,18.48,179.8104,202204
9.73,9.73,9.7,9.7,1639.8,15935.322,55,720.84,7012.4149,202204
9.71,9.72,9.7,9.71,1063.46,10329.4021,26,927.39,9008.2449,202204
9.72,9.73,9.71,9.72,321.65,3126.3632,25,251.92,2448.6991,202204
9.73,9.73,9.71,9.72,1982.56,19288.3161,50,1928.21,18760.0547,202204
9.71,9.72,9.7,9.71,1185.01,11509.0639,55,381.9,3710.4059,202204
9.71,9.71,9.69,9.69,2600.71,25226.3715,54,219.8,2134.258,202204
9.7,9.7,9.69,9.7,681.37,6609.2116,30,333.87,3238.539,202204
9.69,9.71,9.69,9.71,2834.95,27481.4835,47,655.17,6359.4153,202204
9.71,9.72,9.7,9.71,369.67,3588.5786,14,257.96,2504.9808,202204
9.71,9.72,9.69,9.71,3332.52,32366.4408,65,2773.46,26941.4513,202204
9.7,9.7,9.69,9.7,3482.31,33751.8891,43,309.31,3000.307,202204
9.7,9.71,9.69,9.7,951.8,9235.0874,25,721.66,7004.052,202204
9.69,9.7,9.69,9.69,1041.12,10098.4064,24,995.36,9654.992,202204
9.69,9.72,9.69,9.71,1962.95,19052.6672,52,1590.65,15443.3884,202204
9.71,9.71,9.7,9.71,957.77,9298.9131,16,854.41,8296.3211,202204
9.71,9.78,9.71,9.73,19832.5,193269.9442,367,17722.33,172695.6349,202204
9.72,9.74,9.7,9.72,4504.58,43816.3328,122,1822.8,17722.4763,202204
9.72,9.73,9.6,9.63,16719.64,161229.7231,792,6750.14,65099.5059,202204
9.62,9.66,9.6,9.63,12047.67,115931.5132,320,5521.91,53184.0049,202204
9.64,9.65,9.63,9.64,2021.33,19481.7786,65,1244.68,11999.6015,202204
9.63,9.65,9.63,9.63,5258.02,50683.4952,96,2896.34,27919.2608,202204
9.63,9.65,9.61,9.61,14244.06,137182.5712,126,11566.7,111402.4885,202204
9.63,9.63,9.56,9.57,5990.16,57402.3581,214,2543.12,24363.7332,202204
9.57,9.61,9.57,9.6,2552.64,24481.5615,244,1664.89,15966.6979,202204
9.59,9.61,9.59,9.59,1290.58,12377.924,41,186.56,1789.4678,202204
9.6,9.6,9.55,9.56,3699.48,35408.6516,105,1605.55,15370.2039,202204
9.56,9.58,9.54,9.57,3440.0,32875.3943,139,2064.13,19731.8398,202204
9.56,9.57,9.53,9.55,11389.71,108761.3304,263,2374.65,22683.8162,202204
9.55,9.6,9.54,9.59,2441.21,23388.7864,143,1530.07,14655.5516,202204
9.58,9.6,9.56,9.57,12273.27,117523.7021,190,1466.04,14048.784,202204
9.58,9.59,9.55,9.57,15527.53,148461.2355,200,1481.13,14170.37,202204
9.57,9.58,9.56,9.56,3724.64,35642.7301,37,1794.7,17175.2908,202204
9.57,9.57,9.56,9.56,1981.67,18953.1329,53,1052.26,10067.9733,202204
9.56,9.57,9.54,9.56,14844.27,141767.1635,199,1560.19,14916.2241,202204
9.56,9.56,9.54,9.55,4720.24,45070.4163,94,722.62,6904.0681,202204
9.54,9.57,9.54,9.56,4813.46,45993.5806,91,4563.17,43601.78,202204
9.55,9.56,9.55,9.56,1464.83,13992.2965,36,395.9,3784.015,202204
9.55,9.57,9.54,9.57,5904.31,56436.6894,114,5223.3,49935.0363,202204
9.56,9.59,9.56,9.58,4813.26,46107.1092,112,3412.9,32692.6462,202204
9.58,9.59,9.58,9.58,1455.75,13952.5084,70,1012.65,9707.6104,202204
9.58,9.58,9.55,9.56,2351.86,22487.3579,90,1127.14,10776.1807,202204
9.55,9.57,9.55,9.56,389.72,3728.527,22,353.37,3381.262,202204
9.57,9.57,9.56,9.56,674.65,6449.7872,25,142.34,1360.9036,202204
9.56,9.57,9.53,9.53,3232.35,30864.2288,58,154.34,1475.5084,202204
9.54,9.54,9.52,9.53,7687.41,73225.5373,168,842.26,8029.7287,202204
9.53,9.55,9.53,9.53,462.64,4413.0658,65,365.26,3484.7141,202204
9.53,9.53,9.52,9.53,657.33,6261.0239,31,81.46,776.3138,202204
9.53,9.53,9.51,9.52,322.43,3069.9375,35,172.81,1645.5683,202204
9.52,9.53,9.51,9.53,2756.99,26243.9883,59,1370.27,13056.1811,202204
9.53,9.53,9.52,9.52,36.67,349.357,10,25.86,246.4458,202204
9.52,9.53,9.51,9.53,728.56,6939.4753,20,419.95,4001.6341,202204
9.53,9.53,9.52,9.52,129.31,1231.1037,18,7.25,69.0925,202204
9.52,9.55,9.52,9.53,1028.08,9800.3485,54,906.98,8645.7636,202204
9.53,9.53,9.52,9.53,1085.06,10333.209,41,234.21,2231.4531,202204
9.52,9.53,9.52,9.52,489.54,4662.7043,20,228.35,2176.1755,202204
9.53,9.53,9.5,9.53,1890.99,17988.9066,72,551.39,5248.2458,202204
9.53,9.53,9.52,9.52,1243.8,11847.7643,42,517.02,4927.2006,202204
9.52,9.53,9.52,9.52,287.1,2733.3548,27,16.28,155.1484,202204
9.52,9.52,9.52,9.52,457.71,4357.3992,29,0.0,0.0,202204
9.52,9.53,9.52,9.52,185.99,1770.6466,20,2.18,20.7754,202204
9.52,9.55,9.52,9.54,1906.13,18178.0773,202,1207.64,11516.1119,202204
9.54,9.55,9.53,9.53,701.44,6689.2827,36,44.27,422.367,202204
9.54,9.55,9.53,9.53,818.63,7804.0405,45,141.7,1351.8948,202204
9.54,9.56,9.54,9.54,858.57,8200.0634,63,602.08,5751.299,202204
9.55,9.55,9.53,9.53,679.57,6479.0132,54,130.42,1243.5201,202204
9.53,9.55,9.53,9.55,2239.6,21365.8483,70,1528.3,14581.0775,202204
9.54,9.55,9.53,9.53,1116.55,10650.9121,41,24.16,230.728,202204
9.53,9.54,9.53,9.53,138.41,1319.155,18,10.77,102.7458,202204
9.53,9.54,9.52,9.52,303.13,2889.2007,25,92.03,877.9552,202204
9.53,9.53,9.51,9.53,880.41,8382.3626,45,274.63,2615.7395,202204
9.52,9.53,9.51,9.52,572.03,5447.072,28,166.65,1587.9847,202204
9.52,9.52,9.5,9.51,3052.66,29031.2739,71,742.69,7063.3096,202204
9.51,9.53,9.5,9.51,1103.8,10507.1791,78,609.59,5806.7013,202204
9.5,9.51,9.49,9.5,1628.16,15467.9393,106,278.0,2641.8039,202204
9.5,9.52,9.49,9.51,3414.15,32467.1867,66,2941.09,27970.0006,202204
9.51,9.51,9.5,9.5,426.74,4054.4284,30,39.84,378.8784,202204
9.5,9.51,9.5,9.51,308.05,2927.3865,26,91.15,866.8365,202204
9.52,9.52,9.5,9.51,323.58,3076.9705,24,155.87,1482.4083,202204
9.51,9.52,9.5,9.5,249.48,2372.0157,28,2.62,24.9424,202204
9.5,9.52,9.5,9.5,504.78,4800.1744,29,226.59,2154.9331,202204
9.51,9.52,9.5,9.51,393.62,3744.584,21,331.12,3150.4312,202204
9.51,9.53,9.51,9.52,1153.21,10975.7519,46,706.6,6726.7101,202204
9.52,9.53,9.5,9.5,1183.19,11260.6564,44,241.33,2296.8471,202204
9.51,9.52,9.5,9.51,347.13,3302.5179,28,280.34,2667.452,202204
9.51,9.53,9.51,9.51,711.66,6775.9187,39,525.84,5007.5097,202204
9.52,9.56,9.51,9.54,6903.0,65927.8134,212,4956.67,47339.8898,202204
9.54,9.56,9.52,9.53,2518.87,24027.6099,86,267.11,2550.7146,202204
9.53,9.56,9.53,9.54,2894.39,27627.6143,94,1979.5,18895.8752,202204
9.54,9.56,9.54,9.55,2768.18,26435.7376,76,957.62,9145.425,202204
9.55,9.55,9.54,9.54,113.2,1081.04,7,111.2,1061.96,202204
9.55,9.55,9.54,9.55,421.69,4027.0629,9,414.03,3953.9865,202204
9.55,9.55,9.55,9.55,0.0,0.0,0,0.0,0.0,202204
9.55,9.57,9.55,9.57,1577.07,15080.2897,37,1001.31,9576.0449,202204
9.56,9.58,9.56,9.57,642.95,6153.6892,36,393.01,3762.0752,202204
9.58,9.58,9.57,9.57,205.71,1970.6053,12,196.06,1878.2548,202204
9.57,9.59,9.57,9.58,272.8,2614.0188,27,192.13,1841.2862,202204
9.59,9.61,9.59,9.59,1184.57,11369.4613,74,697.85,6698.1379,202204
9.6,9.61,9.6,9.61,601.59,5777.2094,32,534.04,5128.7294,202204
9.6,9.62,9.6,9.6,534.11,5132.7181,29,409.13,3931.7511,202204
9.61,9.67,9.61,9.63,12844.36,123872.7509,468,7689.69,74181.5473,202204
9.64,9.67,9.63,9.66,14797.55,142759.1085,219,14449.95,139403.2376,202204
9.66,9.67,9.65,9.67,6365.6,61510.47,105,3287.93,31790.866,202204
9.67,9.67,9.63,9.66,1940.39,18730.8014,86,753.14,7271.4946,202204
9.66,9.67,9.64,9.66,1298.97,12540.8855,58,854.26,8247.6759,202204
9.67,9.67,9.65,9.65,1889.94,18247.665,38,935.81,9040.1782,202204
9.66,9.67,9.62,9.63,2535.18,24448.0521,97,347.79,3351.2118,202204
9.63,9.64,9.62,9.64,297.48,2865.2747,35,165.33,1592.7715,202204
9.63,9.65,9.63,9.63,252.61,2435.3491,16,203.66,1963.6914,202204
9.63,9.64,9.61,9.62,1060.6,10202.0874,55,279.04,2686.5767,202204
9.62,9.63,9.61,9.62,1087.58,10465.9456,43,896.84,8631.0764,202204
9.62,9.64,9.62,9.64,829.56,7986.502,30,767.36,7388.0634,202204
9.63,9.64,9.63,9.64,462.07,4454.0034,41,323.8,3121.432,202204
9.64,9.65,9.63,9.65,330.64,3186.6874,10,256.89,2476.4749,202204
9.65,9.65,9.64,9.64,275.71,2659.6615,22,181.71,1753.5015,202204
9.63,9.65,9.62,9.65,863.73,8321.7274,45,310.48,2992.161,202204
9.64,9.66,9.64,9.65,778.54,7511.1132,47,320.34,3091.349,202204
9.65,9.66,9.64,9.65,126.52,1220.561,12,84.15,812.1142,202204
9.65,9.66,9.65,9.66,299.23,2887.6208,17,14.09,136.0198,202204
9.66,9.68,9.66,9.67,9777.59,94551.5115,155,9131.8,88308.3286,202204
9.66,9.7,9.66,9.69,6185.82,59904.4901,191,4739.23,45900.03,202204
9.69,9.69,9.66,9.67,1731.32,16754.5478,86,463.98,4492.6142,202204
9.68,9.68,9.66,9.67,2444.47,23648.5169,48,1308.2,12662.6203,202204
9.67,9.67,9.66,9.67,196.45,1898.6795,17,97.25,940.4075,202204
9.67,9.71,9.67,9.7,4337.27,42007.667,200,2441.28,23640.7613,202204
9.71,9.71,9.69,9.71,1489.2,14438.2483,70,260.25,2526.1461,202204
9.71,9.71,9.68,9.69,506.79,4910.9439,23,38.17,370.0905,202204
9.68,9.69,9.68,9.69,929.84,9002.1617,31,330.63,3201.8089,202204
9.69,9.71,9.68,9.68,1700.35,16476.9937,31,220.15,2134.0093,202204
9.69,9.69,9.66,9.67,366.35,3546.1604,26,149.74,1449.807,202204
9.67,9.67,9.66,9.67,1018.14,9845.3474,34,339.97,3287.5099,202204
9.67,9.68,9.66,9.67,566.94,5480.7203,28,258.03,2495.8083,202204
9.67,9.69,9.67,9.67,6119.22,59258.0065,80,5368.66,51995.6533,202204
9.68,9.69,9.67,9.69,1597.89,15481.0017,56,1405.67,13619.4052,202204
9.69,9.71,9.68,9.7,3570.87,34638.573,74,3439.64,33366.2088,202204
9.69,9.7,9.68,9.69,2006.14,19438.5671,49,271.88,2634.5285,202204
9.69,9.7,9.69,9.7,1023.76,9923.7712,41,865.28,8387.083,202204
9.7,9.7,9.68,9.69,333.18,3228.4106,18,44.59,432.1414,202204
9.7,9.7,9.68,9.69,728.67,7061.1903,22,79.72,772.8953,202204
9.7,9.7,9.67,9.67,1823.92,17662.7602,37,239.41,2315.6386,202204
9.68,9.68,9.66,9.67,111.54,1078.4709,14,11.22,108.5243,202204
9.68,9.69,9.68,9.69,890.13,8621.5262,27,347.45,3365.2588,202204
9.69,9.69,9.67,9.68,1447.93,14017.5263,39,485.76,4704.2207,202204
9.69,9.71,9.69,9.71,2205.74,21397.162,51,959.62,9309.798,202204
9.7,9.72,9.69,9.7,3102.05,30123.5295,158,1077.07,10464.8259,202204
9.69,9.71,9.69,9.7,81.09,786.6926,10,66.87,648.812,202204
9.71,9.71,9.7,9.7,582.18,5650.1032,19,349.33,3391.4582,202204
9.69,9.71,9.69,9.7,1797.82,17426.8245,46,217.48,2109.9101,202204
9.7,9.71,9.67,9.67,627.7,6079.9054,35,99.43,964.431,202204
9.68,9.7,9.68,9.69,708.02,6861.6009,37,661.42,6410.0469,202204
9.69,9.7,9.68,9.69,866.22,8393.8308,31,238.85,2314.6155,202204
9.69,9.69,9.68,9.68,439.32,4256.1842,19,393.42,3811.8722,202204
9.69,9.69,9.67,9.67,724.76,7015.3807,32,169.4,1639.9694,202204
9.67,9.67,9.64,9.64,2648.88,25566.0483,88,748.45,7220.3321,202204
9.64,9.64,9.63,9.63,1418.47,13671.7403,55,324.84,3131.284,202204
9.62,9.64,9.61,9.63,1752.13,16862.1377,91,511.23,4922.2522,202204
9.63,9.64,9.59,9.61,3786.67,36397.8384,135,1134.2,10907.6247,202204
9.62,9.62,9.58,9.58,2655.74,25489.6495,89,1049.59,10078.6765,202204
9.58,9.59,9.57,9.59,1519.33,14548.0047,91,266.0,2548.3785,202204
9.58,9.59,9.58,9.59,2075.29,19898.0557,41,1097.43,10524.3537,202204
9.58,9.59,9.57,9.58,591.86,5670.2654,28,289.5,2773.7505,202204
9.59,9.59,9.53,9.57,7317.49,69896.5551,295,4064.46,38817.7002,202204
9.57,9.57,9.55,9.56,1183.69,11321.1748,35,469.52,4493.1406,202204
9.57,9.58,9.57,9.58,821.44,7863.3804,125,747.04,7151.3724,202204
9.58,9.59,9.58,9.58,1534.86,14714.9051,57,979.18,9387.3189,202204
9.58,9.6,9.58,9.6,656.15,6291.1101,42,423.21,4057.424,202204
9.59,9.59,9.59,9.59,310.52,2977.8868,9,259.42,2487.8378,202204
9.6,9.6,9.59,9.59,1001.25,9611.2707,21,928.32,8911.872,202204
9.6,9.6,9.58,9.59,663.51,6357.164,17,45.01,431.6744,202204
9.59,9.59,9.59,9.59,791.58,7591.2522,17,136.6,1309.994,202204
9.59,9.59,9.58,9.58,1844.98,17693.1201,18,1821.17,17465.0203,202204
9.59,9.59,9.58,9.58,1871.45,17944.4897,45,1436.93,13779.9793,202204
9.58,9.59,9.57,9.58,3308.53,31695.901,62,909.94,8717.4961,202204
9.58,9.59,9.58,9.59,1874.39,17959.8313,44,1070.99,10263.0096,202204
9.58,9.59,9.57,9.58,379.18,3632.5757,13,158.56,1519.0524,202204
9.58,9.59,9.57,9.59,2620.97,25125.6639,64,1984.83,19033.1722,202204
9.59,9.6,9.59,9.6,2122.76,20367.5291,33,1026.07,9850.272,202204
9.59,9.6,9.59,9.59,145.06,1391.8497,8,72.43,695.328,202204
9.59,9.6,9.59,9.59,1209.81,11602.0961,26,160.77,1541.8025,202204
9.59,9.6,9.59,9.59,914.62,8780.0903,25,904.74,8685.3411,202204
9.59,9.59,9.58,9.59,177.49,1701.95,15,149.8,1436.582,202204
9.59,9.59,9.59,9.59,51.72,495.9948,7,14.47,138.7673,202204
9.58,9.6,9.58,9.6,416.42,3993.4023,19,408.5,3917.5287,202204
9.6,9.6,9.58,9.58,159.38,1528.5457,17,36.99,355.0866,202204
9.59,9.59,9.57,9.58,342.78,3283.4192,24,95.37,913.6768,202204
9.58,9.59,9.58,9.58,789.62,7564.6556,33,423.77,4059.8126,202204
9.58,9.59,9.57,9.59,273.33,2618.917,16,71.59,686.3509,202204
9.59,9.59,9.59,9.59,153.14,1468.6126,15,119.99,1150.7041,202204
9.59,9.6,9.59,9.6,301.69,2893.3682,16,237.14,2274.3337,202204
9.59,9.61,9.59,9.61,1058.61,10170.2172,28,859.75,8261.2777,202204
9.6,9.61,9.6,9.6,316.42,3038.539,18,90.7,871.627,202204
9.6,9.61,9.6,9.6,301.91,2900.7189,13,238.29,2289.9669,202204
9.6,9.61,9.6,9.6,493.85,4741.6318,23,67.18,645.5998,202204
9.6,9.61,9.6,9.61,713.73,6858.1408,40,432.34,4154.7874,202204
9.61,9.62,9.6,9.62,759.36,7296.8195,23,652.94,6275.1564,202204
9.62,9.62,9.61,9.61,1573.03,15129.7185,39,787.19,7572.6416,202204
9.61,9.62,9.6,9.61,558.35,5365.5869,46,527.84,5072.5631,202204
9.61,9.62,9.59,9.62,916.65,8804.4779,66,627.95,6033.5975,202204
9.61,9.62,9.6,9.62,801.67,7701.9632,60,265.42,2550.9275,202204
9.62,9.62,9.61,9.62,248.15,2386.4685,40,174.7,1680.614,202204
9.62,9.62,9.58,9.58,11691.21,112224.178,179,574.99,5521.4363,202204
9.59,9.6,9.58,9.58,11684.79,111967.8119,155,2807.84,26916.1386,202204
9.58,9.59,9.58,9.59,10447.68,100100.2667,143,4729.52,45319.4635,202204
9.59,9.59,9.58,9.59,331.43,3177.3781,19,227.87,2185.2733,202204
9.59,9.59,9.58,9.58,2939.6,28168.6241,59,538.51,5164.3109,202204
9.58,9.59,9.57,9.58,3913.26,37454.8639,69,231.19,2214.8111,202204
9.57,9.58,9.57,9.57,1679.42,16085.9354,13,1388.6,13302.788,202204
9.57,9.6,9.57,9.58,12828.85,122930.5314,164,10134.96,97143.5911,202204
9.57,9.58,9.57,9.57,201.96,1932.9446,34,100.18,958.91,202204
9.58,9.6,9.57,9.59,2250.19,21569.235,56,1892.58,18140.9137,202204
9.59,9.6,9.59,9.6,79.6,763.536,10,17.2,165.12,202204
9.6,9.6,9.59,9.6,156.41,1500.501,8,52.91,507.936,202204
9.6,9.6,9.57,9.58,1363.32,13064.6777,46,185.44,1777.5452,202204
9.58,9.58,9.57,9.58,142.67,1365.6907,10,33.88,324.5704,202204
9.58,9.59,9.58,9.59,452.97,4339.5165,14,452.97,4339.5165,202204
9.59,9.59,9.57,9.58,706.7,6770.0886,32,207.18,1984.7953,202204
9.58,9.58,9.57,9.58,344.29,3297.4048,15,254.95,2442.421,202204
9.59,9.59,9.57,9.59,2283.03,21873.7692,49,436.37,4183.2753,202204
9.58,9.59,9.57,9.57,1553.04,14884.383,39,518.66,4973.9494,202204
9.57,9.59,9.57,9.59,272.39,2610.2914,19,36.49,349.6986,202204
9.59,9.6,9.58,9.6,1815.28,17409.6695,52,1396.48,13394.1483,202204
9.59,9.6,9.59,9.6,2629.53,25229.1285,78,2180.96,20925.8296,202204
9.6,9.61,9.6,9.6,2078.26,19960.1644,37,1787.04,17164.4524,202204
9.6,9.61,9.6,9.6,394.64,3791.0035,27,389.62,3742.8115,202204
9.6,9.61,9.6,9.6,8412.74,80762.5407,87,82.75,794.6367,202204
9.61,9.61,9.6,9.6,1593.54,15313.3977,45,1094.8,10521.028,202204
9.6,9.6,9.57,9.57,2210.31,21194.0405,72,758.67,7277.6363,202204
9.57,9.59,9.57,9.59,558.5,5349.6208,20,319.99,3066.0559,202204
9.58,9.58,9.57,9.57,352.23,3373.4932,16,201.33,1928.7414,202204
9.58,9.59,9.58,9.58,5353.87,51300.7462,103,2433.13,23315.139,202204
9.58,9.6,9.58,9.6,1179.35,11314.2492,53,754.72,7240.9934,202204
9.6,9.61,9.6,9.6,847.8,8139.4021,22,821.21,7884.1381,202204
9.6,9.61,9.59,9.6,1485.16,14258.1672,38,989.04,9495.4345,202204
9.61,9.61,9.59,9.6,1089.1,10458.8181,31,766.72,7364.0299,202204
9.61,9.62,9.6,9.61,982.36,9440.5906,30,241.39,2319.9526,202204
9.61,9.61,9.6,9.61,648.25,6229.5538,28,196.86,1891.8246,202204
9.62,9.62,9.61,9.61,825.03,7928.6027,16,653.63,6281.4487,202204
9.61,9.62,9.61,9.61,552.9,5314.0189,19,64.99,625.2038,202204
9.61,9.62,9.61,9.61,556.33,5346.6709,17,33.96,326.6952,202204
9.61,9.61,9.6,9.6,1824.89,17518.9546,36,595.5,5716.8106,202204
9.6,9.6,9.59,9.6,835.22,8010.8228,22,33.66,323.136,202204
9.6,9.6,9.59,9.59,204.41,1960.3711,9,7.92,76.032,202204
9.59,9.6,9.59,9.59,390.85,3748.7321,16,110.61,1061.2305,202204
9.59,9.6,9.59,9.6,463.84,4448.4762,19,420.08,4028.8178,202204
9.59,9.62,9.59,9.61,1116.81,10726.1306,54,549.51,5277.2653,202204
9.6,9.62,9.6,9.61,1272.41,12227.5743,32,296.17,2846.5563,202204
9.6,9.61,9.6,9.6,463.98,4455.9929,20,173.89,1671.0829,202204
9.61,9.61,9.6,9.6,141.95,1363.0918,10,37.18,357.2998,202204
9.61,9.61,9.58,9.59,17506.0,167876.5215,221,1678.55,16099.2069,202204
9.59,9.59,9.57,9.59,2070.48,19841.0465,66,424.55,4069.4065,202204
9.58,9.59,9.58,9.58,37.35,357.8569,6,4.39,42.1001,202204
9.59,9.59,9.58,9.58,253.31,2427.1643,20,47.64,456.8457,202204
9.58,9.58,9.56,9.56,507.9,4860.3547,39,123.13,1179.0244,202204
9.56,9.58,9.54,9.58,3529.93,33743.191,117,2419.17,23134.1358,202204
9.58,9.59,9.58,9.59,955.86,9157.2666,39,786.94,7539.013,202204
9.59,9.59,9.58,9.59,423.24,4055.1639,25,91.88,880.7351,202204
9.58,9.6,9.58,9.6,556.83,5340.0029,27,344.48,3303.6375,202204
9.59,9.6,9.57,9.58,1371.8,13142.5268,35,335.23,3211.6917,202204
9.58,9.58,9.57,9.58,231.63,2217.7874,18,106.84,1023.5272,202204
9.57,9.58,9.56,9.56,1166.06,11157.2118,32,80.2,766.9624,202204
9.57,9.57,9.56,9.56,315.14,3015.6743,12,293.59,2809.6563,202204
9.57,9.59,9.57,9.58,866.34,8295.1512,30,831.12,7957.7746,202204
9.58,9.6,9.58,9.59,2135.54,20462.591,52,1645.59,15767.0782,202204
9.59,9.6,9.59,9.6,980.07,9408.1477,29,872.03,8371.488,202204
9.6,9.61,9.59,9.61,544.4,5230.0726,138,417.24,4009.6465,202204
9.6,9.61,9.59,9.59,645.31,6191.2941,36,13.0,124.8088,202204
9.58,9.59,9.57,9.57,259.37,2485.0079,16,46.46,445.3462,202204
9.58,9.6,9.58,9.6,438.1,4201.0414,37,367.35,3522.5489,202204
9.6,9.61,9.59,9.59,3874.63,37176.3569,115,500.34,4804.9329,202204
9.59,9.59,9.57,9.58,6131.92,58737.7073,82,581.43,5570.1523,202204
9.58,9.59,9.57,9.59,177.32,1699.3341,16,134.36,1288.2069,202204
9.59,9.59,9.57,9.57,450.88,4316.7798,25,88.23,844.6109,202204
9.58,9.58,9.56,9.57,1143.87,10944.1004,40,412.43,3948.0806,202204
9.57,9.58,9.57,9.57,204.97,1962.3455,10,78.26,749.7308,202204
9.58,9.59,9.58,9.58,479.85,4597.203,33,335.77,3216.9166,202204
9.58,9.59,9.58,9.59,926.63,8885.2888,33,318.0,3048.7869,202204
9.59,9.61,9.58,9.6,2178.1,20905.6167,122,1746.42,16765.043,202204
9.6,9.6,9.59,9.59,2802.16,26872.7518,52,112.12,1075.2682,202204
9.59,9.59,9.58,9.58,335.57,3217.8537,25,140.41,1346.5319,202204
9.58,9.58,9.58,9.58,200.61,1921.8438,17,11.0,105.38,202204
9.59,9.59,9.57,9.57,323.87,3101.2497,47,150.41,1441.1574,202204
9.57,9.58,9.56,9.57,864.3,8271.4239,62,216.25,2069.7182,202204
9.57,9.59,9.57,9.58,1184.95,11358.544,52,974.55,9343.4668,202204
9.58,9.62,9.58,9.6,14563.53,139930.2972,228,11928.01,114634.9903,202204
9.6,9.61,9.58,9.58,2993.98,28725.3276,110,545.2,5232.8256,202204
9.58,9.59,9.54,9.56,16306.87,155828.4436,226,3741.86,35804.1272,202204
9.56,9.57,9.55,9.57,1154.92,11042.985,53,660.84,6321.5677,202204
9.57,9.63,9.57,9.62,2803.31,26927.4862,141,1736.4,16681.2328,202204
9.62,9.66,9.62,9.65,28621.54,275888.2759,420,24591.64,237049.0434,202204
9.65,9.67,9.63,9.64,7957.74,76777.567,237,2737.73,26419.4287,202204
9.65,9.65,9.61,9.61,1831.13,17627.8648,82,287.43,2768.51,202204
9.62,9.62,9.59,9.59,2825.29,27104.9127,102,347.49,3335.2806,202204
9.59,9.6,9.55,9.59,5800.44,55563.7367,225,2467.89,23640.9305,202204
9.59,9.62,9.58,9.61,1474.97,14171.8662,63,1142.55,10977.5469,202204
9.61,9.61,9.59,9.6,1345.03,12906.8123,65,674.92,6478.1883,202204
9.6,9.61,9.58,9.61,579.81,5561.632,32,343.86,3299.4429,202204
9.6,9.61,9.6,9.61,775.2,7448.5043,29,658.43,6327.5123,202204
9.61,9.62,9.6,9.62,199.96,1921.7058,20,150.2,1443.5751,202204
9.61,9.62,9.6,9.62,634.72,6102.9002,35,244.86,2355.016,202204
9.62,9.63,9.61,9.63,859.56,8272.1519,39,388.28,3736.9364,202204
9.63,9.64,9.61,9.62,2703.12,26031.8053,55,1942.86,18712.3923,202204
9.62,9.64,9.61,9.64,1309.1,12597.675,39,959.93,9238.8305,202204
9.63,9.64,9.62,9.63,98.8,951.4661,19,34.66,333.8439,202204
9.62,9.63,9.61,9.62,1409.96,13562.4736,66,359.8,3462.6902,202204
9.62,9.63,9.61,9.62,708.38,6814.044,40,74.1,712.9728,202204
9.62,9.63,9.61,9.63,997.2,9592.6764,48,633.64,6095.653,202204
9.62,9.63,9.62,9.62,139.23,1340.0133,12,62.07,597.7341,202204
9.62,9.64,9.62,9.64,1571.42,15140.5786,46,1162.32,11201.066,202204
9.63,9.64,9.62,9.64,1619.11,15594.882,53,1215.72,11710.551,202204
9.64,9.66,9.64,9.65,6121.04,59100.4304,108,5834.73,56338.4334,202204
9.65,9.69,9.65,9.68,7270.69,70334.9983,307,5991.47,57967.51,202204
9.68,9.69,9.67,9.68,7016.75,67893.1691,114,1473.37,14274.9593,202204
9.68,9.69,9.67,9.68,2983.88,28894.1018,61,2592.03,25103.4264,202204
9.68,9.69,9.67,9.67,1544.66,14939.2194,35,93.98,910.2531,202204
9.68,9.69,9.67,9.68,870.92,8434.5965,37,619.29,5997.6227,202204
9.67,9.68,9.67,9.68,458.2,4435.2977,23,53.1,514.008,202204
9.68,9.69,9.66,9.68,4016.3,38851.9442,99,1317.54,12753.0204,202204
9.69,9.69,9.62,9.66,23741.07,229181.8077,327,234.67,2270.0981,202204
9.66,9.69,9.66,9.69,3124.6,30221.6086,109,2357.12,22803.4484,202204
9.69,9.69,9.67,9.69,1023.03,9903.6666,65,113.44,1098.9884,202204
9.69,9.7,9.69,9.7,3738.49,36250.6699,129,3100.47,30062.5098,202204
9.69,9.7,9.68,9.68,1183.77,11475.7644,48,707.87,6864.4388,202204
9.69,9.69,9.67,9.67,1544.37,14946.9656,45,347.67,3365.461,202204
9.67,9.68,9.67,9.67,947.36,9161.7402,29,595.2,5756.353,202204
9.67,9.67,9.65,9.67,1186.73,11464.2949,35,93.53,904.215,202204
9.66,9.67,9.64,9.66,5992.55,57859.2228,153,1215.02,11738.4251,202204
9.67,9.68,9.67,9.67,403.92,3906.9705,29,158.07,1529.601,202204
9.66,9.66,9.62,9.65,5294.59,51034.8935,138,999.97,9645.9055,202204
9.64,9.66,9.63,9.65,2929.8,28270.1323,93,2333.54,22517.8117,202204
9.65,9.66,9.64,9.66,3501.14,33774.8047,73,330.63,3191.2759,202204
9.66,9.66,9.64,9.66,911.03,8790.272,47,421.53,4068.0983,202204
9.66,9.67,9.65,9.66,503.66,4864.0812,38,320.81,3099.2522,202204
9.66,9.66,9.63,9.63,1797.89,17334.2688,94,225.6,2177.4336,202204
9.64,9.64,9.62,9.63,316.53,3048.1645,33,31.14,299.8896,202204
9.63,9.63,9.62,9.62,2578.64,24832.2254,34,2320.71,22348.4373,202204
9.63,9.63,9.62,9.62,1022.52,9843.0197,24,637.73,6141.3399,202204
9.62,9.64,9.62,9.64,967.15,9313.5603,27,951.55,9163.4883,202204
9.64,9.64,9.61,9.61,736.22,7082.5646,65,32.91,316.8907,202204
9.62,9.63,9.61,9.62,924.21,8890.6332,44,739.88,7117.7245,202204
9.62,9.62,9.58,9.59,5489.05,52672.786,165,1431.45,13729.7974,202204
9.6,9.62,9.58,9.6,1312.92,12608.1433,71,809.77,7778.0601,202204
9.6,9.61,9.51,9.52,12939.0,123565.5819,575,4177.03,39853.0486,202204
9.52,9.53,9.51,9.52,1387.63,13215.643,64,664.01,6326.5936,202204
9.51,9.53,9.47,9.47,9505.01,90244.862,511,2150.99,20430.9678,202204
9.48,9.52,9.46,9.5,7636.64,72399.5483,477,4672.29,44296.2541,202204
9.5,9.51,9.5,9.5,648.08,6157.7656,40,206.07,1958.6706,202204
9.5,9.5,9.48,9.5,3695.22,35075.0005,129,1304.96,12387.7022,202204
9.5,9.5,9.48,9.49,1296.3,12297.3845,100,656.96,6233.3064,202204
9.49,9.5,9.48,9.49,778.65,7394.8942,39,572.55,5438.6154,202204
9.49,9.51,9.49,9.5,1449.22,13758.1821,41,920.75,8740.8899,202204
9.5,9.5,9.48,9.49,251.96,2391.5598,21,19.44,184.5759,202204
9.49,9.5,9.48,9.49,1496.05,14197.0685,50,1417.73,13454.4094,202204
9.49,9.51,9.48,9.51,734.54,6972.6036,37,351.37,3337.8761,202204
9.49,9.49,9.47,9.48,941.65,8928.3154,39,453.86,4302.8572,202204
9.48,9.49,9.48,9.48,381.76,3619.5838,16,49.9,473.551,202204
9.48,9.49,9.48,9.49,224.74,2132.7091,22,203.24,1928.715,202204
9.49,9.49,9.48,9.49,51.73,490.5776,9,23.55,223.4312,202204
9.49,9.49,9.49,9.49,77.38,734.3362,7,77.38,734.3362,202204
9.49,9.5,9.48,9.49,636.56,6041.6137,27,589.62,5596.1742,202204
9.49,9.51,9.49,9.51,137.25,1303.6156,23,108.83,1033.9098,202204
9.51,9.51,9.5,9.51,293.95,2795.1285,24,268.65,2554.7785,202204
9.51,9.57,9.51,9.56,5290.59,50502.3924,189,4015.71,38341.2033,202204
9.56,9.58,9.55,9.56,3859.61,36910.543,135,2506.37,23970.1007,202204
9.56,9.56,9.54,9.55,487.31,4652.4739,28,277.29,2647.4302,202204
9.55,9.56,9.55,9.56,1020.46,9745.5451,42,1005.42,9601.9131,202204
9.56,9.56,9.53,9.53,1429.66,13638.5567,48,287.84,2746.2744,202204
9.52,9.54,9.52,9.53,1458.64,13901.4909,51,1145.69,10919.1105,202204
9.52,9.53,9.52,9.53,863.9,8224.482,28,237.73,2263.3436,202204
9.53,9.54,9.53,9.54,539.05,5137.1968,27,475.85,4534.9008,202204
9.53,9.53,9.52,9.53,202.44,1927.8395,18,4.04,38.5012,202204
9.53,9.54,9.53,9.54,250.68,2391.4114,19,153.9,1468.1302,202204
9.55,9.56,9.54,9.54,664.39,6344.8249,30,295.0,2817.4145,202204
9.54,9.55,9.54,9.54,16.82,160.5037,3,4.09,39.0595,202204
9.54,9.54,9.53,9.53,295.04,2813.4135,17,41.39,394.4991,202204
9.52,9.53,9.51,9.51,682.24,6492.5001,41,263.79,2511.3259,202204
9.51,9.53,9.51,9.51,303.56,2889.7336,19,165.34,1574.0474,202204
9.52,9.53,9.51,9.52,381.31,3628.4075,23,146.78,1397.5059,202204
9.52,9.52,9.49,9.5,2139.51,20329.2286,62,1693.15,16087.4613,202204
9.51,9.51,9.49,9.49,1570.21,14909.1743,40,191.18,1814.4354,202204
9.49,9.5,9.48,9.5,709.48,6730.5358,38,369.27,3504.8315,202204
9.49,9.51,9.49,9.5,2417.21,22965.2821,54,2019.19,19187.3157,202204
9.5,9.51,9.5,9.5,470.47,4473.0667,16,360.17,3425.2167,202204
9.51,9.51,9.5,9.5,193.44,1838.0133,20,33.33,316.9683,202204
9.5,9.51,9.5,9.51,206.03,1958.4628,9,117.78,1120.0878,202204
9.5,9.53,9.5,9.53,1392.05,13250.1593,51,1313.21,12499.9211,202204
9.52,9.53,9.51,9.51,508.61,4840.88,23,4.59,43.7078,202204
9.5,9.51,9.5,9.51,1033.62,9828.9647,27,322.13,3063.4563,202204
9.51,9.52,9.5,9.52,383.4,3649.3873,12,344.86,3283.0021,202204
9.52,9.52,9.46,9.47,3490.9,33093.9711,125,1183.04,11217.0041,202204
9.47,9.53,9.47,9.52,3634.21,34478.4707,157,2724.87,25850.3798,202204
9.52,9.53,9.5,9.53,858.49,8172.6724,67,405.78,3865.0928,202204
9.54,9.54,9.52,9.53,1785.36,17010.0288,79,429.11,4090.2639,202204
9.53,9.54,9.53,9.53,1641.34,15655.0917,57,1422.62,13570.6901,202204
9.53,9.53,9.52,9.52,838.95,7987.2843,26,280.63,2672.0779,202204
9.53,9.53,9.51,9.51,1839.55,17502.8746,68,304.76,2903.6088,202204
9.52,9.52,9.5,9.5,824.34,7838.225,28,24.42,232.3593,202204
9.5,9.5,9.49,9.5,100.04,950.0503,10,4.3,40.85,202204
9.49,9.49,9.45,9.45,3168.5,29967.8444,201,1261.86,11932.4811,202204
9.45,9.46,9.45,9.46,738.07,6979.4689,38,392.38,3711.9148,202204
9.46,9.48,9.44,9.46,1459.45,13806.375,124,661.88,6267.0417,202204
9.45,9.46,9.37,9.37,15594.76,146515.7821,906,3519.14,33099.0001,202204
9.37,9.4,9.36,9.37,7293.81,68391.1868,261,4178.81,39195.7824,202204
9.37,9.4,9.36,9.39,7545.27,70736.784,183,3365.36,31543.4359,202204
9.39,9.39,9.37,9.37,1467.03,13761.9087,70,682.3,6404.6591,202204
9.37,9.37,9.26,9.3,33667.93,312979.1559,1849,17866.71,166063.2952,202204
9.31,9.31,9.23,9.26,15562.72,144124.6343,596,8090.05,74922.9225,202204
9.25,9.27,9.21,9.24,11138.35,102840.4132,413,4048.18,37378.523,202204
9.23,9.26,9.22,9.23,3491.31,32249.6184,218,1839.31,16999.1789,202204
9.23,9.23,9.21,9.21,4893.74,45113.8395,111,1857.55,17122.6772,202204
9.22,9.23,9.19,9.21,13143.91,121048.054,523,7585.94,69900.046,202204
9.22,9.24,9.22,9.24,5424.38,50084.3392,258,3846.81,35516.8145,202204
9.24,9.27,9.24,9.24,3253.07,30108.0815,179,2344.0,21699.1954,202204
9.24,9.25,9.2,9.23,8868.88,81855.27,220,3571.51,32963.5473,202204
9.22,9.22,9.2,9.21,1637.3,15085.2741,78,1099.33,10130.9961,202204
9.21,9.23,9.2,9.22,2425.5,22370.9229,97,2076.84,19153.7631,202204
9.23,9.26,9.23,9.24,10546.01,97533.0572,147,5076.43,46949.9876,202204
9.24,9.26,9.23,9.26,1278.23,11824.4613,79,968.24,8956.3633,202204
9.26,9.26,9.25,9.26,372.81,3451.7239,36,323.14,2992.2764,202204
9.25,9.26,9.24,9.24,1796.26,16608.0883,56,619.65,5732.0889,202204
9.25,9.25,9.22,9.24,3277.84,30269.6754,90,1796.99,16594.0591,202204
9.24,9.25,9.24,9.24,2934.51,27118.7483,44,2779.35,25685.0699,202204
9.24,9.25,9.23,9.24,1260.81,11652.2082,43,609.82,5637.2239,202204
9.25,9.27,9.22,9.27,2429.12,22453.7451,101,1733.25,16027.7907,202204
9.27,9.28,9.26,9.27,665.22,6165.8574,44,420.76,3900.5671,202204
9.27,9.28,9.27,9.28,359.2,3330.6061,38,267.22,2477.9515,202204
9.28,9.29,9.27,9.29,864.57,8027.7165,69,809.7,7518.5793,202204
9.29,9.3,9.29,9.29,5061.88,47030.932,90,894.5,8315.9718,202204
9.3,9.3,9.27,9.27,2946.65,27348.0355,69,1184.45,10998.5843,202204
9.27,9.27,9.23,9.25,2648.95,24501.4198,88,1430.61,13229.8984,202204
9.25,9.26,9.23,9.25,869.62,8042.8715,65,562.97,5209.0859,202204
9.25,9.26,9.24,9.25,1139.75,10540.6375,43,610.81,5650.396,202204
9.26,9.28,9.25,9.27,5826.18,53974.3476,85,3122.4,28920.561,202204
9.28,9.29,9.27,9.27,726.73,6744.0094,58,329.22,3056.1505,202204
9.27,9.28,9.26,9.28,6420.74,59514.8436,53,953.45,8839.2275,202204
9.29,9.3,9.28,9.29,1966.94,18272.1974,53,1522.18,14140.427,202204
9.3,9.31,9.29,9.29,1231.38,11452.8067,60,589.07,5480.3876,202204
9.3,9.32,9.29,9.31,4495.52,41834.9488,350,1796.45,16725.2696,202204
9.31,9.32,9.3,9.31,903.44,8414.1854,31,622.18,5796.9835,202204
9.31,9.33,9.3,9.3,1082.09,10077.4927,44,149.33,1391.8071,202204
9.3,9.31,9.29,9.3,697.17,6483.797,35,396.69,3689.3781,202204
9.3,9.31,9.3,9.3,728.79,6781.2989,24,604.68,5627.0759,202204
9.3,9.31,9.29,9.31,59.79,555.9597,16,36.25,337.2731,202204
9.3,9.32,9.3,9.32,1294.64,12053.5201,63,486.98,4535.3151,202204
9.32,9.32,9.31,9.31,505.41,4707.9356,25,234.7,2187.3257,202204
9.31,9.32,9.31,9.31,1662.34,15477.3621,46,967.82,9011.3809,202204
9.32,9.32,9.31,9.31,220.72,2057.0406,22,114.47,1066.8604,202204
9.32,9.33,9.32,9.32,7286.7,67942.1062,60,7192.65,67065.5602,202204
9.33,9.34,9.32,9.32,798.35,7448.4712,40,438.12,4087.7148,202204
9.33,9.35,9.33,9.33,649.13,6059.4857,40,479.52,4476.5987,202204
9.33,9.35,9.33,9.34,1217.08,11372.8154,147,587.64,5493.7181,202204
9.34,9.35,9.33,9.33,636.51,5945.3957,24,52.23,488.3505,202204
9.33,9.33,9.32,9.32,1306.29,12182.6107,27,10.38,96.8454,202204
9.33,9.33,9.3,9.32,1335.88,12443.0778,51,662.06,6167.2792,202204
9.32,9.32,9.31,9.32,600.08,5592.4959,15,265.14,2471.1048,202204
9.33,9.33,9.31,9.31,1028.36,9576.0593,25,9.12,85.0249,202204
9.31,9.32,9.3,9.32,2158.81,20104.6351,63,1661.55,15479.3133,202204
9.31,9.31,9.27,9.29,16770.36,155925.3312,278,2987.21,27756.2605,202204
9.28,9.31,9.28,9.31,3463.03,32208.8056,54,3365.31,31301.0458,202204
9.3,9.3,9.29,9.3,768.7,7147.6582,21,294.78,2741.454,202204
9.29,9.3,9.29,9.29,298.37,2773.1139,17,125.66,1168.638,202204
9.29,9.3,9.27,9.27,2708.43,25133.6303,55,43.69,405.8647,202204
9.27,9.28,9.26,9.27,1022.46,9472.0748,21,230.43,2137.214,202204
9.26,9.26,9.2,9.21,9662.88,89031.8942,274,4327.66,39891.3084,202204
9.2,9.2,9.01,9.01,45364.61,413325.5039,1591,23118.25,210753.9219,202204
9.02,9.08,8.92,8.95,70253.28,633060.4162,2637,37754.01,340267.7771,202204
8.96,8.98,8.93,8.95,17837.49,159767.7164,722,13647.43,122280.4709,202204
8.95,8.99,8.94,8.99,7182.52,64369.789,207,2789.35,25003.0141,202204
8.99,8.99,8.95,8.97,4388.58,39324.712,103,947.11,8495.3312,202204
8.98,8.99,8.92,8.95,6543.61,58539.0887,195,3836.82,34320.2461,202204
8.95,8.95,8.92,8.93,7640.49,68260.297,141,5484.25,48996.9334,202204
8.93,8.95,8.91,8.93,16984.06,151709.7239,243,3750.24,33494.605,202204
8.93,8.95,8.92,8.93,4036.59,36051.281,129,1407.71,12575.4936,202204
8.94,8.95,8.92,8.93,2267.32,20249.2466,84,428.57,3830.6004,202204
8.92,8.92,8.85,8.9,41572.5,369531.0193,1185,24780.64,220317.0314,202204
8.9,8.93,8.9,8.93,11030.53,98364.0428,167,10006.23,89237.3142,202204
8.93,8.97,8.93,8.96,10390.58,92980.5961,210,8425.27,75394.9713,202204
8.95,8.95,8.94,8.95,2624.86,23479.9563,83,775.08,6936.7012,202204
8.94,8.97,8.94,8.96,1012.13,9061.4343,49,943.33,8445.7778,202204
8.97,8.98,8.93,8.94,3907.0,34951.4794,211,970.43,8693.8253,202204
8.94,8.94,8.93,8.93,868.24,7760.4593,36,707.61,6326.0334,202204
8.93,8.94,8.91,8.91,10180.34,90787.5003,170,1222.2,10908.3771,202204
8.91,8.93,8.9,8.9,1108.95,9883.7806,62,250.91,2237.2258,202204
8.91,8.93,8.9,8.92,3369.05,30041.5792,107,2715.41,24217.0526,202204
8.92,8.92,8.9,8.91,966.64,8612.696,34,450.9,4017.6738,202204
8.91,8.91,8.9,8.91,399.79,3562.0825,31,395.15,3520.7865,202204
8.91,8.94,8.91,8.93,7918.38,70581.2725,109,1586.04,14153.2885,202204
8.94,8.94,8.91,8.92,2490.79,22210.6165,78,515.17,4592.5825,202204
8.91,8.93,8.91,8.91,9459.98,84306.4413,87,1082.96,9659.7561,202204
8.92,8.92,8.91,8.91,7475.08,66624.2418,83,2311.46,20616.3876,202204
8.91,8.93,8.9,8.92,8734.58,77808.3619,102,1931.12,17220.0858,202204
8.93,8.93,8.9,8.92,2087.92,18622.6819,50,1695.26,15123.6667,202204
8.92,8.96,8.91,8.96,7081.86,63270.2668,108,6887.48,61535.5846,202204
8.96,8.97,8.94,8.96,2069.84,18535.9478,91,1119.65,10032.4051,202204
8.96,8.98,8.95,8.96,1648.43,14784.6303,78,690.37,6193.7603,202204
8.97,8.97,8.94,8.95,9695.6,86725.2212,147,631.85,5659.7985,202204
8.95,8.95,8.94,8.94,798.26,7141.8795,32,119.91,1073.1945,202204
8.95,8.97,8.94,8.94,6667.87,59699.0687,150,3751.92,33594.5425,202204
8.95,8.95,8.93,8.94,384.61,3438.2235,31,201.61,1802.5216,202204
8.95,8.96,8.94,8.95,2320.05,20761.418,57,1224.9,10962.9498,202204
8.95,8.97,8.94,8.95,771.2,6905.7473,29,266.65,2389.2404,202204
8.95,8.95,8.92,8.93,5624.68,50230.4205,115,1721.05,15364.5225,202204
8.94,8.94,8.92,8.93,9392.45,83921.5604,160,2879.19,25729.7673,202204
8.92,8.96,8.91,8.96,2742.74,24481.326,98,835.62,7469.1724,202204
8.95,8.95,8.93,8.93,5423.13,48467.3624,89,367.2,3281.4993,202204
8.93,8.95,8.92,8.93,2730.01,24379.2417,71,1037.13,9267.2271,202204
8.94,8.94,8.86,8.87,15578.6,138536.9132,395,4692.98,41675.4316,202204
8.88,8.9,8.87,8.89,3949.38,35088.2767,123,2391.21,21250.2944,202204
8.89,8.91,8.89,8.91,2698.3,24025.4588,78,1836.09,16352.7366,202204
8.91,8.94,8.9,8.92,3643.45,32506.3177,107,1671.88,14917.8406,202204
8.93,8.94,8.92,8.93,451.82,4034.8355,27,118.31,1056.6125,202204
8.93,8.93,8.92,8.93,323.85,2890.5154,19,177.34,1583.6462,202204
8.93,8.93,8.9,8.92,1759.39,15691.7322,44,811.54,7244.2012,202204
8.92,8.94,8.91,8.91,3311.32,29568.4042,96,893.18,7978.25,202204
8.92,8.96,8.92,8.94,3998.16,35760.9979,103,1959.37,17523.3857,202204
8.94,8.95,8.93,8.94,2203.75,19714.0503,66,1672.01,14961.4992,202204
8.94,8.95,8.93,8.94,271.3,2425.1043,18,42.88,383.4259,202204
8.94,8.95,8.93,8.95,2037.1,18214.7892,57,1353.19,12100.7484,202204
8.95,8.95,8.92,8.92,2244.45,20057.8919,38,1265.01,11305.9703,202204
8.93,8.93,8.89,8.89,1841.25,16401.1683,69,908.64,8095.0263,202204
8.89,8.91,8.89,8.9,3283.33,29219.0944,58,640.93,5704.3986,202204
8.9,8.92,8.88,8.92,4514.42,40117.8348,118,3939.33,35004.597,202204
8.92,8.93,8.91,8.93,500.87,4467.5737,18,479.97,4281.3547,202204
8.93,8.93,8.91,8.91,115.35,1028.8077,16,39.97,356.6351,202204
8.91,8.91,8.9,8.91,602.79,5370.7866,27,71.0,632.61,202204
8.91,8.93,8.88,8.9,4590.84,40832.3755,123,2475.46,22020.2376,202204
8.9,8.9,8.89,8.9,653.91,5817.448,25,418.81,3727.409,202204
8.89,8.95,8.89,8.93,5724.87,51055.4757,134,3700.0,32975.277,202204
8.93,8.94,8.92,8.94,633.19,5653.3288,23,220.41,1968.7111,202204
8.94,8.94,8.92,8.93,1480.33,13219.5683,33,208.55,1863.7577,202204
8.93,8.94,8.92,8.93,948.49,8467.2918,31,684.53,6112.6737,202204
8.93,8.94,8.92,8.94,2575.19,22998.5045,41,370.62,3312.8147,202204
8.94,8.94,8.93,8.94,75.77,677.3413,10,28.63,255.9522,202204
8.94,8.94,8.93,8.93,728.21,6504.178,23,250.88,2241.5361,202204
8.94,8.95,8.92,8.94,1605.0,14336.1924,34,999.06,8923.9754,202204
8.95,8.96,8.94,8.96,1128.6,10102.8144,43,334.0,2991.1632,202204
8.96,8.96,8.94,8.94,1157.07,10351.8147,28,370.37,3314.629,202204
8.94,8.97,8.93,8.95,1585.86,14195.1583,51,1057.52,9470.4753,202204
8.96,8.98,8.96,8.97,2302.21,20650.0625,51,2042.57,18321.0917,202204
8.98,9.0,8.96,8.98,3855.88,34643.1601,345,1647.3,14803.9629,202204
8.98,8.98,8.96,8.96,1125.04,10095.422,46,650.95,5843.6438,202204
8.96,8.97,8.95,8.96,1819.93,16308.1588,34,590.04,5289.3693,202204
8.96,8.98,8.96,8.97,356.45,3196.5014,28,216.32,1940.6394,202204
8.97,8.98,8.96,8.96,844.63,7576.3629,18,13.69,122.8829,202204
8.96,8.96,8.94,8.95,1670.65,14950.4239,56,144.59,1294.6071,202204
8.96,8.96,8.95,8.96,351.1,3143.1528,20,74.05,663.488,202204
8.96,8.98,8.95,8.98,636.74,5712.7871,31,482.33,4327.9542,202204
8.97,8.99,8.97,8.98,1517.37,13619.7044,34,1230.57,11046.3518,202204
8.99,9.01,8.99,8.99,2295.65,20657.1662,233,1282.48,11542.8467,202204
8.99,8.99,8.98,8.99,1726.38,15514.1748,38,958.48,8613.5114,202204
8.99,8.99,8.97,8.98,750.21,6736.8886,30,238.68,2143.7398,202204
8.98,9.0,8.97,9.0,988.09,8874.5296,38,655.78,5892.2474,202204
8.99,8.99,8.98,8.99,1205.92,10839.0178,39,372.72,3350.7528,202204
8.98,8.99,8.97,8.99,1666.87,14963.8633,54,430.56,3866.8783,202204
9.0,9.0,8.97,8.97,2684.57,24132.0731,53,271.0,2436.446,202204
8.97,8.99,8.97,8.97,1449.87,13014.6763,54,772.67,6938.6388,202204
8.97,8.98,8.96,8.97,4439.27,39800.6789,108,2344.42,21017.6266,202204
8.98,8.99,8.97,8.99,2037.91,18297.4574,96,1277.45,11471.8068,202204
8.99,8.99,8.98,8.98,1161.06,10428.457,73,81.82,735.5618,202204
8.98,9.0,8.97,9.0,3583.25,32200.5083,109,1646.7,14805.7224,202204
9.0,9.08,8.98,9.05,17213.15,155640.5923,734,9128.62,82508.2739,202204
9.05,9.07,9.04,9.05,11462.63,103862.3319,288,7146.6,64775.8412,202204
9.04,9.06,9.04,9.06,1789.74,16194.305,110,385.77,3491.8546,202204
9.05,9.08,9.04,9.08,6144.03,55693.4622,155,3692.0,33478.2231,202204
9.08,9.12,9.07,9.1,20486.73,186364.5839,419,5261.35,47866.4161,202204
9.09,9.11,9.09,9.1,2724.85,24802.4021,79,1648.01,15008.789,202204
9.11,9.11,9.08,9.1,3664.58,33332.9998,80,1034.37,9406.8174,202204
9.09,9.12,9.09,9.11,12065.72,109847.8523,152,9468.24,86199.7988,202204
9.11,9.12,9.1,9.11,3277.59,29866.1028,106,1786.77,16285.0956,202204
9.1,9.12,9.07,9.11,6866.85,62511.6193,221,2516.17,22915.9883,202204
9.1,9.1,9.07,9.08,3472.31,31567.1171,130,240.65,2189.6322,202204
9.08,9.1,9.07,9.08,2408.86,21880.7094,107,1008.36,9161.8248,202204
9.08,9.09,9.06,9.08,5452.23,49500.21,156,2836.83,25761.0921,202204
9.08,9.09,9.07,9.08,4885.97,44385.44,108,1268.91,11532.2677,202204
9.09,9.09,9.06,9.07,2496.65,22659.026,123,890.53,8082.9881,202204
9.08,9.15,9.08,9.08,14760.61,134610.4179,537,6035.59,55065.9682,202204
9.08,9.12,9.07,9.08,26406.21,240562.8234,361,22196.16,202264.3551,202204
9.07,9.09,9.06,9.09,4160.56,37758.3506,136,1098.16,9973.8795,202204
9.09,9.09,9.07,9.07,2160.83,19613.6853,102,224.6,2039.6877,202204
9.07,9.1,9.04,9.06,11162.59,101264.7053,270,4617.85,41894.8375,202204
9.06,9.06,9.04,9.06,4243.71,38419.2655,155,598.37,5420.6686,202204
9.05,9.09,9.04,9.07,5484.48,49762.9633,166,1624.56,14745.2287,202204
9.07,9.09,9.06,9.06,1118.28,10146.5458,74,150.47,1366.425,202204
9.06,9.09,9.06,9.08,6215.78,56454.6036,116,4851.21,44058.3899,202204
9.08,9.1,9.07,9.1,2784.47,25295.2985,89,893.66,8122.9467,202204
9.09,9.12,9.07,9.1,6905.19,62735.299,138,2217.34,20160.6454,202204
9.1,9.11,9.08,9.08,14664.68,133413.5565,292,7728.37,70326.8104,202204
9.09,9.1,9.07,9.08,2786.2,25309.3489,91,1485.05,13490.2196,202204
9.08,9.08,9.06,9.06,4137.2,37520.0692,132,746.28,6768.7596,202204
9.07,9.1,9.05,9.1,3721.13,33786.6741,130,2373.21,21561.6134,202204
9.09,9.09,9.07,9.08,2079.18,18876.8373,82,318.75,2894.9654,202204
9.09,9.09,9.07,9.08,1816.39,16501.4261,69,1043.76,9486.5756,202204
9.07,9.08,9.07,9.07,1739.44,15777.856,52,310.99,2821.8145,202204
9.07,9.09,9.06,9.06,4243.67,38475.5601,122,822.32,7467.0458,202204
9.07,9.09,9.07,9.07,3172.95,28784.39,101,464.88,4220.8751,202204
9.07,9.09,9.06,9.07,2453.78,22259.278,118,531.0,4819.7259,202204
9.06,9.07,9.04,9.05,4145.31,37527.8599,161,1554.55,14075.1602,202204
9.06,9.06,9.01,9.02,7635.77,69041.4482,258,2923.46,26451.9182,202204
9.01,9.03,8.99,9.01,10083.17,90837.758,304,3292.42,29683.8361,202204
9.02,9.04,9.02,9.02,2715.16,24507.7288,123,449.48,4060.4733,202204
9.02,9.03,9.0,9.0,3294.39,29701.9146,131,636.14,5735.015,202204
9.0,9.01,9.0,9.01,949.47,8548.1339,51,162.35,1462.7735,202204
9.01,9.04,9.01,9.03,5719.24,51633.4004,170,3402.76,30727.9382,202204
9.03,9.04,9.02,9.03,3687.01,33304.4291,96,2301.13,20792.9589,202204
9.03,9.05,9.02,9.04,3334.24,30131.1899,134,2113.81,19108.4341,202204
9.04,9.05,9.02,9.02,3922.25,35434.5965,147,1575.78,14242.1074,202204
9.03,9.04,9.01,9.01,3551.52,32048.4236,124,1579.21,14258.4217,202204
9.02,9.03,8.94,8.96,14286.33,128221.7992,590,3735.91,33508.5701,202204
8.96,9.01,8.95,8.99,4740.59,42575.2169,347,2796.7,25118.0887,202204
9.0,9.04,9.0,9.02,3335.92,30075.9138,133,2056.85,18544.9651,202204
9.03,9.04,9.02,9.03,1678.0,15153.2066,98,267.58,2418.3526,202204
9.03,9.05,9.02,9.04,2514.05,22700.8471,134,829.54,7497.4216,202204
9.05,9.09,9.04,9.06,8728.56,79158.9117,372,3168.97,28724.777,202204
9.07,9.09,9.06,9.08,2226.02,20198.5377,116,998.21,9059.8087,202204
9.08,9.14,9.07,9.12,14366.83,130914.8332,572,7325.58,66783.7471,202204
9.12,9.12,9.1,9.11,783.55,7138.0761,26,432.34,3938.6877,202204
9.12,9.12,9.09,9.09,1320.96,12029.1461,44,994.23,9055.8864,202204
9.09,9.11,9.09,9.11,1590.15,14466.3644,39,1101.97,10027.7132,202204
9.11,9.18,9.1,9.16,11911.57,109045.722,517,4916.9,44977.8926,202204
9.16,9.25,9.15,9.19,29402.75,270552.7134,1272,14678.54,135115.7042,202204
9.19,9.22,9.19,9.2,12095.41,111312.3777,280,9490.11,87345.6137,202204
9.2,9.2,9.16,9.16,5911.29,54264.3909,188,3149.94,28931.9085,202204
9.17,9.17,9.12,9.15,7786.41,71208.7663,345,5382.58,49235.7796,202204
9.15,9.21,9.14,9.19,5002.85,45953.7997,98,3026.48,27820.9022,202204
9.2,9.23,9.19,9.22,6251.64,57596.1826,125,5558.91,51215.1954,202204
9.21,9.23,9.2,9.21,2152.01,19831.7225,62,1093.25,10080.0326,202204
9.21,9.23,9.2,9.21,1241.84,11452.8207,37,419.5,3869.1362,202204
9.23,9.23,9.21,9.23,1974.72,18212.1001,29,1743.66,16082.6176,202204
9.23,9.26,9.23,9.24,7576.63,70020.0427,297,5066.89,46826.0248,202204
9.24,9.26,9.23,9.24,5614.87,51904.539,127,2681.73,24803.0142,202204
9.24,9.24,9.23,9.24,3990.6,36865.689,82,2991.25,27639.0257,202204
9.24,9.26,9.23,9.25,2642.92,24440.4481,90,1647.71,15241.2685,202204
9.25,9.32,9.25,9.3,36663.0,340578.2529,1294,23510.85,218484.5729,202204
9.3,9.37,9.27,9.32,35554.1,331436.5327,753,28389.67,264819.7837,202204
9.32,9.34,9.29,9.3,9014.27,83967.1226,208,3748.13,34944.1434,202204
9.3,9.32,9.29,9.32,4917.62,45732.9921,109,2335.84,21727.7307,202204
9.32,9.33,9.29,9.31,2623.5,24407.5737,65,424.43,3949.8947,202204
9.3,9.31,9.29,9.3,740.63,6887.9728,32,285.67,2657.029,202204
9.3,9.3,9.27,9.29,3023.96,28068.2256,101,2112.51,19609.3937,202204
9.29,9.31,9.27,9.29,4899.83,45491.8172,140,1046.87,9724.2023,202204
9.29,9.3,9.28,9.3,1066.43,9909.5105,44,725.54,6742.8191,202204
9.3,9.31,9.28,9.29,2596.18,24134.4147,65,1642.83,15279.0678,202204
9.29,9.29,9.26,9.27,1188.58,11024.8448,62,316.29,2934.436,202204
9.27,9.28,9.26,9.26,866.43,8028.2305,52,581.29,5387.4482,202204
9.27,9.28,9.26,9.26,1675.89,15531.7104,59,1003.85,9306.7798,202204
9.26,9.29,9.26,9.28,1618.47,15020.3691,66,1061.82,9855.5726,202204
9.28,9.29,9.26,9.27,5463.7,50738.424,96,5135.69,47697.7691,202204
9.27,9.27,9.25,9.26,2766.65,25625.1945,104,993.24,9198.2687,202204
9.25,9.27,9.25,9.25,938.06,8681.7833,40,185.93,1721.7461,202204
9.25,9.26,9.25,9.26,731.41,6772.696,22,599.63,5552.5738,202204
9.26,9.27,9.24,9.25,2202.02,20369.7239,68,613.87,5683.7984,202204
9.24,9.25,9.23,9.25,2669.35,24649.6282,66,475.51,4397.2185,202204
9.25,9.27,9.25,9.26,5002.78,46353.3196,140,3249.93,30111.0155,202204
9.26,9.27,9.25,9.27,4202.15,38917.9001,96,1934.88,17925.8419,202204
9.26,9.3,9.26,9.28,3024.9,28069.6432,98,2030.8,18848.4598,202204
9.28,9.28,9.26,9.27,1653.1,15323.6078,68,761.97,7065.6826,202204
9.27,9.28,9.26,9.27,445.19,4126.3362,20,84.23,781.0714,202204
9.26,9.27,9.24,9.24,2401.36,22213.7443,76,330.36,3057.3512,202204
9.25,9.27,9.24,9.27,834.34,7723.9272,55,703.08,6509.5063,202204
9.27,9.27,9.26,9.26,327.46,3034.2978,22,94.84,879.1668,202204
9.27,9.27,9.25,9.26,558.72,5174.6547,35,303.92,2815.6067,202204
9.25,9.26,9.24,9.26,323.04,2988.4728,27,61.34,567.7764,202204
9.25,9.27,9.25,9.26,1132.67,10484.2863,43,488.21,4521.1217,202204
9.26,9.27,9.25,9.27,1289.4,11944.2553,37,1062.34,9841.8223,202204
9.26,9.26,9.25,9.25,15.86,146.8036,5,6.47,59.9122,202204
9.26,9.28,9.26,9.28,2009.89,18631.1149,55,1537.66,14253.9821,202204
9.26,9.28,9.26,9.26,742.36,6881.8499,52,449.01,4162.6579,202204
9.27,9.28,9.26,9.27,159.16,1475.3611,18,47.6,441.3943,202204
9.27,9.29,9.26,9.29,1563.96,14522.3669,42,1481.69,13758.6387,202204
9.29,9.32,9.29,9.31,2266.13,21089.8972,88,946.94,8811.9387,202204
9.31,9.32,9.29,9.32,4118.5,38308.5659,86,1225.44,11408.9626,202204
9.31,9.33,9.3,9.32,1145.46,10670.1822,47,378.66,3528.2523,202204
9.32,9.34,9.32,9.34,1123.09,10484.3613,44,921.64,8605.7976,202204
9.33,9.33,9.31,9.32,402.24,3749.4177,29,47.82,445.7038,202204
9.31,9.31,9.3,9.31,925.21,8613.4969,37,778.85,7251.0935,202204
9.31,9.32,9.31,9.32,905.24,8430.144,33,235.96,2199.1472,202204
9.32,9.33,9.31,9.31,1092.96,10184.4324,30,539.07,5024.5624,202204
9.32,9.32,9.31,9.32,299.54,2791.6559,19,185.59,1729.6988,202204
9.31,9.31,9.29,9.31,2727.61,25373.1618,52,1937.38,18021.0149,202204
9.32,9.34,9.32,9.33,2725.25,25407.6788,53,1659.91,15474.3705,202204
9.32,9.33,9.31,9.31,719.99,6704.9237,28,326.32,3039.8248,202204
9.32,9.34,9.32,9.33,4369.84,40731.8399,62,553.69,5164.5306,202204
9.34,9.34,9.32,9.32,75.89,708.0644,15,47.92,447.1406,202204
9.32,9.32,9.29,9.31,1743.13,16220.9216,65,826.93,7693.4764,202204
9.31,9.32,9.31,9.31,1002.18,9330.5108,23,25.44,237.0614,202204
9.31,9.32,9.3,9.3,1003.56,9341.8335,23,323.82,3014.7752,202204
9.3,9.32,9.3,9.31,1150.25,10709.2719,36,574.96,5353.372,202204
9.31,9.37,9.3,9.36,3434.22,32073.3334,161,2500.36,23344.3456,202204
9.36,9.39,9.35,9.38,41943.76,393364.5935,366,15978.8,149820.0044,202204
9.39,9.39,9.38,9.39,991.75,9312.1764,58,433.89,4074.2271,202204
9.39,9.39,9.36,9.38,2908.44,27248.7683,79,805.35,7549.2802,202204
9.38,9.38,9.37,9.38,383.07,3592.9685,17,360.26,3379.2388,202204
9.38,9.4,9.38,9.4,2193.92,20593.2399,149,1165.74,10941.9951,202204
9.4,9.41,9.38,9.4,3000.34,28183.3646,141,1523.9,14317.2617,202204
9.4,9.4,9.37,9.38,4091.63,38384.9353,97,454.48,4264.1709,202204
9.37,9.38,9.37,9.38,244.25,2289.9841,30,86.39,810.3382,202204
9.37,9.37,9.36,9.37,6763.91,63323.2353,46,302.95,2838.6415,202204
9.37,9.38,9.37,9.38,459.32,4303.9349,20,404.27,3788.1164,202204
9.37,9.4,9.37,9.4,2286.13,21463.923,72,1588.84,14917.2376,202204
9.4,9.41,9.4,9.4,659.88,6202.9494,33,345.05,3243.5474,202204
9.39,9.39,9.38,9.38,1419.49,13320.8113,38,55.71,523.1169,202204
9.39,9.42,9.38,9.39,6211.99,58415.2451,398,4120.0,38746.6849,202204
9.39,9.42,9.38,9.42,2247.65,21131.4323,87,1471.75,13842.1271,202204
9.41,9.46,9.39,9.44,10746.24,101280.3479,561,3963.54,37391.9076,202204
9.44,9.45,9.42,9.42,4566.95,43043.5374,126,139.8,1318.1277,202204
9.41,9.43,9.41,9.42,884.11,8328.4066,37,178.91,1685.9047,202204
9.41,9.43,9.41,9.42,291.94,2749.6285,31,103.24,972.5324,202204
9.42,9.47,9.42,9.44,8167.57,77135.6683,271,4768.22,45057.7709,202204
9.44,9.44,9.4,9.41,5860.45,55190.8279,139,1419.75,13392.1377,202204
9.4,9.41,9.38,9.38,3213.46,30167.479,128,630.84,5927.7712,202204
9.38,9.39,9.35,9.35,3244.48,30389.0619,126,1094.71,10258.2311,202204
9.36,9.37,9.35,9.36,2014.12,18844.3607,75,756.59,7080.3945,202204
9.36,9.37,9.35,9.35,1937.04,18137.3198,51,1148.47,10755.7344,202204
9.35,9.37,9.35,9.37,232.07,2172.3819,27,97.98,917.3809,202204
9.36,9.37,9.35,9.36,364.63,3412.9142,36,198.76,1860.8715,202204
9.36,9.37,9.36,9.36,1661.03,15547.9377,30,162.76,1524.1305,202204
9.36,9.37,9.35,9.35,473.36,4426.5033,28,113.26,1059.4958,202204
9.35,9.36,9.35,9.36,248.7,2325.4298,24,162.82,1522.4518,202204
9.35,9.36,9.35,9.36,1144.17,10698.0584,39,555.56,5194.5549,202204
9.36,9.36,9.35,9.35,831.86,7783.4326,23,554.16,5186.9376,202204
9.35,9.35,9.33,9.33,1888.71,17628.3911,97,755.29,7049.2016,202204
9.33,9.34,9.33,9.34,1142.43,10660.7136,53,910.75,8498.8375,202204
9.34,9.34,9.33,9.33,642.25,5994.3159,28,384.27,3587.3625,202204
9.33,9.34,9.31,9.32,3218.46,29989.0571,98,326.87,3046.9717,202204
9.31,9.32,9.29,9.3,5132.33,47772.6789,239,2734.53,25446.4238,202204
9.31,9.32,9.3,9.32,3190.63,29708.2718,81,1650.38,15374.7647,202204
9.32,9.32,9.3,9.3,2124.4,19774.4235,49,1418.91,13210.1669,202204
9.3,9.3,9.28,9.29,241.64,2244.5399,43,114.73,1065.9103,202204
9.29,9.3,9.28,9.28,5232.81,48587.8046,93,2484.0,23076.4896,202204
9.29,9.3,9.28,9.29,846.76,7864.2037,33,237.4,2205.7307,202204
9.3,9.3,9.28,9.29,346.03,3214.4194,31,130.87,1215.793,202204
9.29,9.31,9.28,9.29,2620.38,24364.8333,66,2038.41,18954.1917,202204
9.28,9.3,9.28,9.29,565.21,5251.8226,26,387.21,3598.6967,202204
9.3,9.3,9.28,9.28,190.97,1774.1008,14,76.81,714.1166,202204
9.28,9.28,9.27,9.27,3162.29,29321.2951,81,203.86,1890.9751,202204
9.27,9.28,9.26,9.27,468.65,4341.0207,46,103.9,963.2896,202204
9.26,9.27,9.24,9.25,9514.98,87974.0176,214,1324.1,12256.2805,202204
9.25,9.27,9.25,9.27,2822.9,26150.4304,102,2730.1,25291.8204,202204
9.27,9.29,9.26,9.28,1213.5,11268.4645,231,963.39,8947.2819,202204
9.29,9.29,9.28,9.29,806.23,7482.2022,33,38.78,360.2662,202204
9.27,9.29,9.27,9.29,741.99,6883.7581,33,244.8,2272.1191,202204
9.29,9.29,9.27,9.28,1287.47,11950.9835,35,667.34,6196.5971,202204
9.27,9.3,9.27,9.29,959.56,8906.886,55,422.15,3919.7434,202204
9.29,9.31,9.27,9.28,2777.33,25814.3798,89,2151.4,20001.8402,202204
9.27,9.28,9.26,9.26,817.6,7578.6376,42,101.44,941.0597,202204
9.26,9.28,9.26,9.27,1868.39,17319.469,51,115.87,1074.2385,202204
9.28,9.29,9.26,9.27,2229.1,20689.8806,81,1763.38,16370.4603,202204
9.28,9.29,9.27,9.28,2112.34,19603.7863,62,1896.79,17603.8507,202204
9.28,9.29,9.28,9.28,401.76,3728.3974,35,206.22,1913.7862,202204
9.29,9.29,9.28,9.29,1647.7,15299.85,55,574.66,5338.5914,202204
9.28,9.3,9.26,9.28,2512.6,23321.6397,120,1064.34,9884.7511,202204
9.29,9.3,9.28,9.29,846.18,7857.226,46,437.1,4060.8925,202204
9.3,9.31,9.3,9.3,1393.83,12970.0309,74,278.31,2590.464,202204
9.31,9.31,9.3,9.3,306.16,2847.5412,15,25.32,235.7292,202204
9.31,9.31,9.29,9.29,691.4,6429.8686,31,14.93,138.9983,202204
9.3,9.31,9.29,9.3,1103.86,10265.8763,25,201.09,1870.3253,202204
9.31,9.31,9.3,9.3,195.75,1820.6007,13,12.57,117.0267,202204
9.3,9.31,9.3,9.3,709.47,6598.2693,29,19.83,184.6173,202204
9.3,9.3,9.29,9.29,2699.06,25100.372,43,1845.82,17166.126,202204
9.3,9.31,9.29,9.3,2614.43,24319.9108,58,1518.68,14125.4362,202204
9.31,9.31,9.3,9.31,1082.83,10079.2301,30,891.11,8296.2341,202204
9.31,9.31,9.29,9.29,1803.06,16783.3674,36,1521.93,14169.1683,202204
9.3,9.3,9.29,9.3,1972.51,18341.4978,50,801.57,7454.601,202204
9.3,9.31,9.3,9.3,399.99,3721.2443,19,357.21,3323.3903,202204
9.31,9.31,9.29,9.31,7144.34,66506.6613,82,6485.0,60373.769,202204
9.3,9.31,9.27,9.28,3251.32,30206.5208,122,1169.66,10866.2534,202204
9.28,9.31,9.28,9.3,851.49,7915.8603,38,714.99,6647.7283,202204
9.3,9.3,9.29,9.29,332.48,3091.3477,17,239.85,2230.605,202204
9.29,9.31,9.29,9.3,2637.65,24532.3137,37,2405.84,22377.0774,202204
9.3,9.31,9.29,9.3,4146.97,38566.3928,60,2334.49,21710.8107,202204
9.3,9.32,9.3,9.31,1260.95,11741.8734,73,804.97,7497.1553,202204
9.32,9.32,9.3,9.31,796.59,7414.5901,25,312.95,2913.6064,202204
9.3,9.31,9.29,9.29,1358.35,12636.4713,46,599.22,5577.3215,202204
9.3,9.31,9.29,9.3,564.42,5249.6054,41,316.72,2946.4684,202204
9.3,9.31,9.3,9.31,151.67,1410.5458,11,1.48,13.7788,202204
9.31,9.31,9.3,9.31,1112.73,10359.3345,29,837.47,7796.8457,202204
9.31,9.31,9.3,9.31,6891.98,64101.6709,37,154.33,1436.8123,202204
9.31,9.32,9.31,9.31,127.65,1188.4375,12,1.6,14.912,202204
9.32,9.33,9.32,9.33,1970.43,18377.1183,69,1824.68,17018.7283,202204
9.33,9.33,9.32,9.32,245.25,2287.1964,11,146.64,1368.1512,202204
9.32,9.33,9.32,9.32,1148.47,10703.8501,21,10.97,102.3501,202204
9.32,9.32,9.3,9.3,8107.08,75542.462,126,324.56,3022.4346,202204
9.3,9.32,9.3,9.32,479.07,4463.0016,24,318.95,2972.2844,202204
9.33,9.33,9.29,9.3,2903.58,27047.4191,106,1792.12,16698.6429,202204
9.3,9.3,9.27,9.27,2214.53,20565.5998,110,1146.05,10645.8793,202204
9.27,9.29,9.27,9.29,1511.11,14014.4191,36,445.7,4137.6484,202204
9.29,9.31,9.28,9.29,1385.5,12879.7053,58,1020.45,9486.332,202204
9.29,9.3,9.28,9.28,862.91,8019.5296,29,668.46,6213.5094,202204
9.28,9.28,9.24,9.26,5272.76,48838.9559,217,1956.57,18123.405,202204
9.25,9.28,9.25,9.28,478.61,4435.8824,23,407.41,3776.5384,202204
9.28,9.29,9.27,9.27,16911.89,156848.5683,162,8232.22,76376.3007,202204
9.27,9.28,9.27,9.27,1340.12,12425.3,69,570.33,5289.2908,202204
9.26,9.27,9.25,9.25,968.14,8965.5066,46,563.22,5216.1123,202204
9.26,9.26,9.25,9.25,828.27,7662.8284,37,133.09,1232.4134,202204
9.25,9.27,9.25,9.27,3412.93,31612.9578,94,1166.46,10802.0763,202204
9.28,9.28,9.24,9.25,2559.45,23691.4142,111,1120.34,10365.4867,202204
9.25,9.27,9.25,9.26,1492.23,13819.4719,70,1214.74,11250.7305,202204
9.27,9.28,9.26,9.28,1600.08,14830.9172,60,954.28,8847.6693,202204
9.27,9.28,9.26,9.28,951.33,8820.7402,28,737.89,6842.3814,202204
9.28,9.3,9.27,9.29,4508.7,41852.3945,104,2098.3,19490.1799,202204
9.29,9.29,9.28,9.29,761.0,7068.012,24,495.56,4603.7524,202204
9.28,9.3,9.27,9.3,2918.46,27104.4101,66,2186.34,20308.8278,202204
9.3,9.31,9.3,9.31,1236.51,11505.9504,41,1013.3,9430.0974,202204
9.31,9.32,9.3,9.3,1926.3,17928.7851,64,1075.38,10010.1174,202204
9.3,9.31,9.29,9.29,2269.42,21119.1881,51,1379.09,12839.195,202204
9.3,9.31,9.29,9.29,3381.24,31440.5653,46,3157.93,29365.4308,202204
9.29,9.29,9.27,9.28,1399.44,12990.3678,45,751.2,6977.487,202204
9.28,9.28,9.26,9.27,236.29,2191.0864,22,144.91,1344.0429,202204
9.27,9.29,9.27,9.28,905.12,8401.1313,37,696.53,6465.5658,202204
9.28,9.3,9.28,9.29,1190.4,11054.6994,54,498.85,4632.2063,202204
9.29,9.31,9.28,9.31,1430.61,13299.4937,49,1095.19,10183.4764,202204
9.3,9.31,9.26,9.26,2079.65,19307.1388,69,201.16,1868.1589,202204
9.27,9.27,9.25,9.26,7911.21,73212.5631,106,786.98,7290.1024,202204
9.25,9.26,9.22,9.24,6743.0,62288.1571,218,1005.21,9293.404,202204
9.24,9.24,9.21,9.22,3549.78,32724.8877,120,1881.49,17342.29,202204
9.23,9.25,9.21,9.25,9623.97,88861.6971,178,8690.6,80251.651,202204
9.24,9.26,9.24,9.25,3282.91,30374.4797,144,2532.36,23433.542,202204
9.24,9.26,9.24,9.24,472.87,4375.5099,29,364.16,3370.611,202204
9.24,9.28,9.22,9.27,12297.29,113731.963,189,10022.85,92685.3341,202204
9.27,9.28,9.24,9.25,2057.67,19046.5971,73,1387.46,12845.1892,202204
9.25,9.25,9.25,9.25,978.34,9049.645,12,233.48,2159.69,202204
9.25,9.3,9.25,9.27,5987.14,55546.4341,165,4197.72,38939.3933,202204
9.28,9.29,9.27,9.28,3791.35,35204.7843,115,1318.02,12238.4837,202204
9.28,9.3,9.28,9.28,1516.06,14077.4415,73,1099.55,10212.1017,202204
9.28,9.29,9.27,9.28,246.59,2288.2879,30,41.4,384.4316,202204
9.27,9.28,9.27,9.27,134.35,1245.4788,15,5.43,50.3904,202204
9.28,9.3,9.27,9.3,1851.15,17196.9669,61,474.18,4406.9885,202204
9.3,9.31,9.29,9.29,4098.1,38133.682,84,3591.91,33426.7559,202204
9.29,9.29,9.28,9.29,1194.17,11091.7614,23,175.6,1631.324,202204
9.28,9.31,9.28,9.3,711.69,6614.4079,58,429.21,3990.3558,202204
9.3,9.3,9.28,9.28,795.33,7395.199,30,385.63,3586.359,202204
9.29,9.3,9.28,9.29,569.05,5287.9377,28,321.08,2984.3073,202204
9.29,9.32,9.29,9.31,1606.96,14962.4746,112,1108.26,10321.1776,202204
9.32,9.33,9.31,9.32,2811.46,26205.5785,99,743.15,6929.212,202204
9.31,9.34,9.31,9.34,3170.71,29567.0744,139,2114.72,19730.2026,202204
9.33,9.36,9.33,9.35,4099.08,38315.8689,193,2010.01,18787.965,202204
9.36,9.37,9.35,9.37,4681.84,43838.9514,210,3489.18,32677.1783,202204
9.37,9.38,9.35,9.37,9400.71,88063.033,201,5773.41,54098.3916,202204
9.36,9.37,9.35,9.35,5205.26,48688.2825,111,1170.65,10960.6369,202204
9.35,9.36,9.33,9.34,613.45,5731.6053,39,245.82,2296.978,202204
9.35,9.35,9.33,9.33,1244.5,11628.7134,36,957.71,8951.5876,202204
9.34,9.34,9.33,9.34,1600.27,14944.1136,51,1359.45,12697.263,202204
9.34,9.36,9.34,9.35,1268.52,11859.2309,54,1101.84,10302.248,202204
9.35,9.4,9.32,9.33,12863.83,120478.9602,543,7513.12,70391.7159,202204
9.32,9.34,9.3,9.3,4876.44,45434.3562,142,2332.18,21747.1402,202204
9.31,9.32,9.29,9.3,1720.18,16001.0239,74,717.16,6674.8503,202204
9.3,9.34,9.3,9.34,2907.86,27107.867,206,2491.53,23225.8865,202204
9.33,9.38,9.33,9.37,5202.82,48722.6218,143,3985.68,37326.6922,202204
9.37,9.38,9.34,9.34,2938.98,27518.9045,82,1410.93,13222.5225,202204
9.35,9.35,9.33,9.34,1308.64,12222.4098,71,447.34,4180.0152,202204
9.35,9.37,9.35,9.35,2825.53,26434.1683,64,2485.22,23252.2128,202204
9.35,9.39,9.35,9.39,5991.34,56144.9702,99,5341.06,50048.0245,202204
9.38,9.4,9.37,9.39,4915.58,46124.1674,141,1464.79,13750.7497,202204
9.38,9.41,9.38,9.4,4087.78,38411.6342,177,2177.81,20467.4329,202204
9.39,9.41,9.37,9.39,2539.57,23848.0445,87,595.45,5589.886,202204
9.38,9.4,9.37,9.4,10439.58,98030.5894,99,7517.65,70594.1289,202204
9.4,9.41,9.38,9.39,1791.26,16822.7628,35,482.66,4534.1177,202204
9.4,9.41,9.37,9.37,3445.2,32394.9678,89,1133.31,10656.3837,202204
9.37,9.38,9.37,9.38,24.63,231.004,9,22.09,207.2042,202204
9.37,9.38,9.37,9.38,6057.68,56818.4273,90,5502.5,51613.45,202204
9.38,9.4,9.38,9.38,5092.01,47805.5511,122,4590.69,43101.9856,202204
9.38,9.41,9.38,9.41,3294.11,30969.624,84,2718.45,25560.4305,202204
9.41,9.42,9.4,9.41,1219.3,11474.2123,73,283.51,2668.5869,202204
9.42,9.43,9.36,9.4,7871.82,74037.911,320,2924.31,27501.1812,202204
9.41,9.41,9.39,9.39,8082.48,75948.506,164,3378.91,31772.3095,202204
9.38,9.45,9.38,9.44,2515.89,23717.3594,276,1969.22,18564.7413,202204
9.44,9.47,9.41,9.45,7377.37,69702.3935,376,3791.9,35845.9305,202204
9.45,9.48,9.44,9.48,13494.04,127779.2444,306,11119.14,105303.4863,202204
9.48,9.5,9.46,9.47,4693.04,44491.4265,250,1795.97,17037.7573,202204
9.48,9.53,9.47,9.52,13819.74,131262.4446,508,7453.74,70806.6916,202204
9.52,9.54,9.5,9.51,12096.98,115256.1275,607,8608.99,82046.9001,202204
9.51,9.57,9.5,9.55,12921.67,123214.298,627,7575.41,72284.6104,202204
9.56,9.56,9.52,9.55,3233.78,30839.2771,219,943.77,9005.5989,202204
9.55,9.56,9.53,9.54,4654.34,44448.1976,111,1644.5,15706.5139,202204
9.54,9.56,9.53,9.54,6567.2,62693.1339,127,2965.11,28317.2807,202204
9.55,9.55,9.49,9.52,30184.17,287429.2661,276,2911.55,27767.2835,202204
9.52,9.54,9.52,9.53,4621.46,44020.9445,133,2354.66,22440.8873,202204
9.53,9.53,9.51,9.52,2231.5,21240.2027,85,438.72,4176.883,202204
9.51,9.53,9.51,9.52,1638.16,15600.9521,69,815.47,7768.0607,202204
9.52,9.54,9.52,9.53,2925.14,27872.582,77,1648.6,15711.6153,202204
9.53,9.54,9.5,9.51,23163.26,220425.0578,310,1593.45,15183.2671,202204
9.51,9.55,9.51,9.55,3474.77,33116.1859,170,2698.08,25717.9888,202204
9.54,9.57,9.54,9.56,3870.03,36972.6356,136,3321.91,31736.5422,202204
9.55,9.59,9.55,9.57,4702.52,45029.0178,312,2121.21,20314.7343,202204
9.57,9.58,9.52,9.52,3943.35,37680.2878,115,2432.43,23259.7903,202204
9.53,9.53,9.51,9.51,1856.43,17670.0876,74,890.92,8483.7696,202204
9.51,9.52,9.5,9.51,6816.19,64794.6686,144,1358.5,12921.1676,202204
9.5,9.52,9.49,9.49,7801.21,74169.4876,146,2303.57,21902.8323,202204
9.5,9.53,9.48,9.52,3751.79,35662.6383,156,2076.53,19752.5048,202204
9.52,9.54,9.51,9.53,1647.14,15691.1189,67,831.93,7928.0835,202204
9.53,9.53,9.52,9.52,1115.76,10628.8253,39,555.17,5290.7701,202204
9.53,9.54,9.52,9.54,834.13,7949.4146,33,590.59,5630.1139,202204
9.53,9.55,9.52,9.54,2882.24,27492.0755,117,1524.07,14541.2795,202204
9.54,9.57,9.53,9.57,8778.43,83886.7088,194,2160.67,20638.7125,202204
9.57,9.6,9.56,9.58,5577.6,53468.3946,260,2496.51,23937.1857,202204
9.58,9.61,9.57,9.6,3762.73,36098.8824,215,1493.77,14334.3445,202204
9.6,9.62,9.6,9.61,5985.19,57501.2682,335,4141.93,39797.5707,202204
9.61,9.62,9.61,9.61,1002.98,9642.8048,57,416.7,4008.654,202204
9.61,9.62,9.61,9.61,2836.71,27276.7721,75,1598.9,15381.418,202204
9.61,9.62,9.6,9.6,3414.87,32813.482,86,1252.28,12041.4857,202204
9.6,9.6,9.53,9.53,5682.38,54334.0962,201,1821.15,17412.2436,202204
9.54,9.55,9.51,9.53,10829.26,103109.9207,235,2449.56,23350.8838,202204
9.52,9.55,9.52,9.54,1910.02,18213.3857,72,1418.28,13524.908,202204
9.54,9.58,9.54,9.57,3336.75,31900.9045,192,1407.56,13463.9729,202204
9.56,9.57,9.54,9.54,2447.13,23373.418,85,520.4,4970.8339,202204
9.54,9.55,9.53,9.54,2195.98,20942.1793,88,1159.94,11064.3145,202204
9.55,9.55,9.52,9.52,4776.65,45554.516,89,296.04,2824.3236,202204
9.51,9.52,9.5,9.51,3147.17,29914.9418,110,1980.94,18831.9763,202204
9.51,9.51,9.5,9.51,401.61,3815.5859,15,29.09,276.6459,202204
9.51,9.52,9.5,9.5,579.24,5507.0377,28,254.41,2419.7965,202204
9.5,9.51,9.47,9.49,12124.14,114925.2994,279,5180.33,49092.4397,202204
9.49,9.49,9.47,9.47,4952.72,46953.1998,97,516.48,4897.6029,202204
9.48,9.5,9.48,9.49,1861.61,17657.4509,70,1569.93,14892.2926,202204
9.49,9.51,9.47,9.48,15292.67,145258.2301,132,10244.16,97402.9218,202204
9.47,9.51,9.47,9.51,1951.23,18513.4262,64,1807.84,17154.2287,202204
9.51,9.51,9.49,9.49,11974.61,113785.1301,104,1456.05,13832.9147,202204
9.5,9.51,9.49,9.5,1108.76,10532.4055,36,678.77,6448.334,202204
9.5,9.52,9.49,9.5,3142.24,29871.5073,142,1239.16,11788.8271,202204
9.5,9.51,9.48,9.49,3335.09,31665.7259,121,1866.93,17730.7648,202204
9.49,9.5,9.48,9.5,3897.69,36995.8433,98,2796.27,26548.2182,202204
9.49,9.5,9.48,9.48,3045.28,28888.7302,73,1102.93,10470.9355,202204
9.49,9.5,9.48,9.5,539.39,5120.1174,28,522.31,4958.0997,202204
9.5,9.52,9.48,9.5,3337.73,31720.6265,101,1727.16,16414.8812,202204
9.51,9.53,9.49,9.5,14396.17,136887.0579,185,11857.96,112767.1375,202204
9.51,9.52,9.5,9.51,2598.63,24699.3764,52,1019.25,9693.1186,202204
9.51,9.52,9.51,9.51,139.93,1330.7579,12,124.86,1187.4422,202204
9.51,9.52,9.51,9.51,3354.21,31926.4819,54,2121.63,20193.6589,202204
9.51,9.51,9.49,9.5,1781.9,16935.8413,53,577.88,5493.6105,202204
9.5,9.51,9.49,9.5,1707.9,16231.5153,59,920.24,8748.7737,202204
9.5,9.52,9.5,9.51,704.02,6694.8107,58,320.86,3051.64,202204
9.51,9.52,9.48,9.52,2913.13,27637.3825,101,938.21,8908.0365,202204
9.51,9.54,9.51,9.53,3801.63,36208.3861,90,2617.2,24931.2006,202204
9.52,9.55,9.52,9.54,3121.36,29770.2118,98,753.39,7186.6035,202204
9.53,9.55,9.52,9.55,1199.88,11448.3186,87,944.57,9014.6725,202204
9.54,9.55,9.52,9.53,2649.03,25258.5055,80,1712.49,16333.6674,202204
9.53,9.54,9.52,9.53,2671.45,25449.068,95,1910.41,18202.4954,202204
9.52,9.54,9.51,9.54,1198.38,11416.3032,47,726.92,6927.8067,202204
9.53,9.53,9.49,9.5,7084.23,67341.5979,165,757.6,7207.924,202204
9.5,9.5,9.49,9.49,1590.58,15103.7423,67,1252.13,11890.1977,202204
9.5,9.52,9.5,9.51,2152.67,20470.1981,60,962.53,9151.9667,202204
9.5,9.5,9.48,9.5,1805.22,17139.2791,70,994.16,9438.1405,202204
9.49,9.5,9.46,9.48,4392.33,41633.7074,139,2282.84,21642.445,202204
9.47,9.48,9.45,9.46,1762.56,16684.6838,83,612.77,5803.2172,202204
9.47,9.47,9.45,9.45,1217.78,11523.5643,39,576.28,5457.1758,202204
9.46,9.47,9.44,9.47,1818.1,17186.2744,81,1366.67,12920.2343,202204
9.47,9.48,9.46,9.47,578.84,5482.4088,30,393.52,3727.5915,202204
9.47,9.47,9.45,9.46,832.09,7872.57,26,23.51,222.5268,202204
9.46,9.47,9.45,9.46,1008.17,9534.8987,40,789.21,7464.4242,202204
9.46,9.47,9.44,9.44,1822.65,17218.5695,83,593.46,5608.6952,202204
9.44,9.45,9.44,9.44,288.13,2720.3661,40,196.96,1859.7213,202204
9.45,9.46,9.44,9.45,1403.1,13260.1659,44,934.35,8830.7741,202204
9.45,9.46,9.44,9.45,373.63,3530.7957,20,321.43,3037.5357,202204
9.45,9.46,9.45,9.45,461.04,4361.2719,17,129.75,1227.435,202204
9.46,9.47,9.45,9.46,140.8,1331.8528,26,71.14,673.2964,202204
9.46,9.47,9.45,9.45,833.23,7883.9761,35,696.68,6592.3595,202204
9.46,9.46,9.45,9.45,109.12,1031.8478,15,66.38,627.9548,202204
9.46,9.47,9.46,9.46,452.8,4286.8138,17,357.89,3388.9652,202204
9.46,9.47,9.46,9.47,426.16,4034.3975,17,292.39,2768.9333,202204
9.46,9.47,9.46,9.46,406.63,3847.0101,14,29.03,274.9141,202204
9.47,9.47,9.46,9.47,364.79,3451.5064,16,59.3,561.571,202204
9.47,9.48,9.47,9.48,120.64,1142.4936,11,92.11,872.3145,202204
9.48,9.48,9.46,9.46,520.16,4925.0142,20,1.4,13.272,202204
9.46,9.46,9.45,9.46,314.34,2970.9424,23,42.94,406.2124,202204
9.46,9.49,9.46,9.49,1666.23,15788.3415,185,1385.13,13125.3156,202204
9.49,9.5,9.49,9.49,1626.87,15447.6827,65,1343.62,12759.6402,202204
9.5,9.5,9.47,9.48,3137.71,29753.1062,75,2519.5,23893.7295,202204
9.48,9.5,9.48,9.49,1339.81,12715.0336,44,856.67,8130.0795,202204
9.49,9.49,9.48,9.48,599.55,5684.5823,38,236.95,2247.0779,202204
9.49,9.5,9.48,9.49,877.54,8327.7071,21,732.2,6948.6858,202204
9.49,9.49,9.48,9.48,147.9,1402.7216,12,49.9,473.551,202204
9.49,9.49,9.47,9.49,357.92,3393.6486,38,250.01,2370.6935,202204
9.49,9.5,9.49,9.5,656.98,6241.185,28,403.44,3832.68,202204
9.5,9.52,9.5,9.52,868.12,8254.8373,60,716.87,6816.8105,202204
9.51,9.51,9.5,9.5,664.04,6312.627,23,3.21,30.506,202204
9.5,9.5,9.47,9.47,2469.37,23427.5551,53,356.39,3382.3319,202204
9.46,9.47,9.46,9.47,301.41,2852.2842,13,94.56,895.4832,202204
9.47,9.48,9.47,9.48,602.03,5703.3613,24,377.66,3578.5774,202204
9.48,9.5,9.48,9.5,779.8,7399.1398,67,621.71,5899.2116,202204
9.5,9.51,9.5,9.51,2496.89,23735.5395,71,2380.21,22627.0795,202204
9.51,9.52,9.51,9.51,415.95,3955.7331,22,352.47,3352.0383,202204
9.51,9.51,9.5,9.5,42.24,401.3064,6,2.64,25.1064,202204
9.51,9.54,9.51,9.53,4570.84,43554.2049,134,3954.06,37677.2458,202204
9.53,9.53,9.5,9.52,1073.43,10215.5332,46,208.27,1983.0376,202204
9.52,9.54,9.52,9.54,677.87,6458.9244,36,497.69,4742.4742,202204
9.53,9.54,9.52,9.53,550.92,5251.2476,22,481.37,4588.4561,202204
9.53,9.56,9.53,9.56,2346.34,22398.4747,107,1059.99,10119.6269,202204
9.56,9.58,9.54,9.56,3280.35,31351.4695,150,1630.32,15587.4124,202204
9.56,9.56,9.55,9.55,1043.99,9971.7626,30,356.16,3401.3702,202204
9.55,9.55,9.54,9.55,100.26,957.1176,14,63.72,608.526,202204
9.55,9.55,9.51,9.52,2978.52,28379.9212,104,1445.05,13766.3981,202204
9.52,9.53,9.51,9.53,2772.82,26405.0559,115,1445.94,13773.7121,202204
9.53,9.57,9.53,9.56,2820.73,26953.1474,99,1930.42,18444.0315,202204
9.55,9.56,9.55,9.55,934.65,8926.0767,34,417.43,3986.6257,202204
9.55,9.55,9.44,9.45,15554.59,147548.6256,436,5711.39,54121.0418,202204
9.45,9.45,9.35,9.38,19037.94,178794.8901,1056,7903.99,74245.9569,202204
9.38,9.45,9.38,9.44,5957.26,56141.0913,280,4578.81,43157.9379,202204
9.45,9.48,9.43,9.43,4937.91,46695.6126,214,2500.13,23659.5926,202204
9.43,9.45,9.43,9.45,1512.65,14277.5002,62,1230.94,11619.2453,202204
9.45,9.47,9.44,9.47,1388.48,13130.1453,44,1314.52,12431.3634,202204
9.46,9.47,9.44,9.44,2261.59,21384.3455,55,340.69,3222.9422,202204
9.44,9.44,9.41,9.41,1268.43,11957.3785,80,53.85,507.6341,202204
9.41,9.44,9.4,9.4,1371.51,12919.6993,86,479.27,4516.4535,202204
9.41,9.42,9.41,9.41,812.49,7651.0148,36,630.65,5939.9004,202204
9.42,9.42,9.39,9.39,3236.49,30409.2415,129,310.56,2917.904,202204
9.39,9.4,9.36,9.4,2512.38,23555.0993,152,931.99,8740.8005,202204
9.4,9.41,9.4,9.41,714.49,6721.148,29,530.88,4995.214,202204
9.41,9.42,9.4,9.41,925.68,8710.1163,52,190.06,1788.4754,202204
9.41,9.42,9.4,9.4,288.54,2715.1619,35,8.86,83.4316,202204
9.41,9.44,9.41,9.43,11005.09,103852.289,113,10389.2,98048.6806,202204
9.43,9.45,9.43,9.45,458.04,4321.9576,28,175.16,1653.0365,202204
9.45,9.46,9.44,9.46,2234.69,21116.462,50,1887.87,17840.4386,202204
9.45,9.46,9.44,9.46,6827.36,64505.5886,109,1558.11,14716.0295,202204
9.45,9.46,9.44,9.45,924.77,8746.5143,38,494.0,4672.5591,202204
9.45,9.46,9.43,9.44,480.2,4535.8715,27,14.55,137.5062,202204
9.43,9.44,9.42,9.44,1779.87,16779.1645,86,652.91,6156.4201,202204
9.44,9.46,9.44,9.44,2815.08,26610.7016,70,2494.22,23578.9196,202204
9.44,9.45,9.43,9.43,1230.47,11608.5854,61,128.95,1218.5524,202204
9.43,9.43,9.41,9.42,3259.51,30700.6991,104,936.28,8820.0638,202204
9.41,9.42,9.41,9.42,3173.39,29871.0686,60,2080.38,19582.0289,202204
9.42,9.43,9.41,9.42,1250.74,11772.6018,56,184.82,1742.0203,202204
9.42,9.43,9.41,9.41,863.87,8135.9277,52,44.51,419.3877,202204
9.42,9.42,9.41,9.41,4952.06,46609.8189,126,1609.19,15153.4122,202204
9.4,9.42,9.4,9.41,5681.84,53462.7728,169,1821.02,17138.596,202204
9.41,9.42,9.4,9.41,3339.21,31432.3386,90,1674.58,15768.2197,202204
9.41,9.42,9.4,9.41,2724.31,25641.6769,110,857.56,8075.806,202204
9.42,9.42,9.4,9.4,845.39,7953.7173,58,478.45,4503.9946,202204
9.41,9.41,9.4,9.41,1013.28,9532.6004,66,776.84,7310.0644,202204
9.41,9.42,9.4,9.41,2469.34,23243.3943,95,1184.74,11155.3948,202204
9.4,9.42,9.4,9.41,1477.07,13902.6968,66,1213.52,11422.9043,202204
9.41,9.41,9.4,9.41,224.4,2111.3101,18,195.01,1835.0441,202204
9.41,9.42,9.4,9.4,6302.55,59309.3843,95,5460.92,51391.1897,202204
9.4,9.42,9.4,9.41,5412.64,50933.8142,58,100.0,941.9041,202204
9.41,9.41,9.36,9.38,3843.96,36075.407,147,2119.05,19881.1663,202204
9.38,9.39,9.37,9.39,1622.81,15234.257,57,981.8,9215.3634,202204
9.39,9.42,9.39,9.41,1347.14,12675.8113,62,947.55,8915.6914,202204
9.4,9.42,9.4,9.41,1071.59,10085.853,49,621.68,5852.7394,202204
9.41,9.42,9.41,9.41,737.68,6943.1562,26,269.55,2538.0529,202204
9.41,9.43,9.4,9.41,53108.48,499811.7288,490,31034.47,292081.5185,202204
9.41,9.43,9.41,9.43,3782.85,35658.9405,138,2727.7,25716.4335,202204
9.43,9.43,9.41,9.42,1740.36,16404.3063,52,1376.21,12976.1349,202204
9.41,9.42,9.41,9.41,172.01,1619.2442,15,63.01,593.5542,202204
9.41,9.41,9.38,9.39,5487.3,51526.3054,110,298.69,2805.0399,202204
9.39,9.41,9.39,9.41,7023.14,66020.949,107,6748.84,63445.272,202204
9.4,9.41,9.37,9.37,6686.08,62874.6777,111,5525.45,51980.669,202204
9.38,9.38,9.37,9.38,2070.4,19399.8177,75,1164.31,10909.7544,202204
9.38,9.39,9.37,9.39,1321.8,12404.2559,48,575.36,5397.9654,202204
9.38,9.4,9.38,9.39,1973.09,18509.8668,29,173.72,1631.4432,202204
9.4,9.4,9.38,9.4,261.82,2458.2898,27,109.84,1031.7409,202204
9.4,9.41,9.38,9.41,1112.51,10454.0129,49,584.15,5493.2285,202204
9.4,9.4,9.39,9.39,717.55,6737.9483,22,8.5,79.8696,202204
9.39,9.41,9.38,9.39,1638.83,15401.2908,46,1127.5,10599.2522,202204
9.39,9.39,9.37,9.37,937.29,8793.752,37,288.93,2710.3761,202204
9.38,9.39,9.37,9.39,1022.66,9591.5093,41,673.62,6318.5938,202204
9.38,9.39,9.38,9.39,710.94,6672.0888,24,347.16,3259.8324,202204
9.39,9.41,9.38,9.4,831.29,7808.4484,39,348.25,3272.5778,202204
9.41,9.42,9.4,9.42,11716.75,110301.705,105,11288.73,106275.7624,202204
9.42,9.42,9.4,9.41,1238.23,11651.1393,66,741.59,6978.3835,202204
9.42,9.43,9.41,9.43,1552.17,14625.4011,67,1225.58,11547.9291,202204
9.43,9.43,9.42,9.43,1815.01,17113.8699,67,560.57,5286.1751,202204
9.43,9.45,9.43,9.43,536.07,5060.2474,58,416.36,3930.3964,202204
9.43,9.45,9.43,9.45,4296.81,40547.5941,93,1282.15,12112.8311,202204
9.45,9.52,9.43,9.48,23103.91,218834.3107,330,20271.33,192039.7714,202204
9.48,9.49,9.45,9.48,8242.64,78026.6508,342,2407.5,22795.724,202204
9.48,9.49,9.46,9.48,9590.74,90890.5388,119,3752.9,35601.3109,202204
9.48,9.48,9.46,9.47,1363.5,12914.8435,48,52.88,500.9051,202204
9.46,9.46,9.44,9.44,12647.62,119530.3777,131,33.35,315.4503,202204
9.45,9.47,9.45,9.45,929.82,8790.7495,68,615.14,5814.4655,202204
9.46,9.48,9.46,9.48,774.29,7331.4376,45,655.73,6208.7948,202204
9.47,9.47,9.46,9.47,2805.79,26562.3435,74,1147.71,10868.3328,202204
9.46,9.47,9.44,9.44,1483.94,14030.8077,55,863.31,8163.5556,202204
9.45,9.45,9.44,9.44,402.18,3799.4815,15,290.23,2742.6735,202204
9.44,9.46,9.44,9.46,540.54,5106.7823,24,203.98,1928.0102,202204
9.45,9.47,9.45,9.47,1537.03,14549.9822,56,1346.47,12745.9457,202204
9.47,9.48,9.46,9.47,4653.6,44091.0433,86,3510.42,33266.8585,202204
9.47,9.51,9.46,9.5,8629.56,81939.9585,217,6244.23,59273.6056,202204
9.5,9.5,9.48,9.49,1903.81,18075.2681,73,1085.35,10303.8013,202204
9.49,9.49,9.45,9.46,2472.85,23407.4892,97,387.48,3671.1991,202204
9.45,9.46,9.45,9.45,1631.65,15421.2153,62,295.82,2796.6263,202204
9.45,9.45,9.42,9.43,2246.97,21203.7032,88,389.45,3676.5508,202204
9.43,9.45,9.43,9.45,2791.57,26353.7809,82,2057.44,19427.1165,202204
9.45,9.45,9.43,9.43,2314.2,21847.916,76,822.13,7764.5381,202204
9.43,9.45,9.43,9.44,983.03,9277.7679,52,477.07,4503.9102,202204
9.43,9.44,9.41,9.44,13694.61,129030.0953,171,2019.63,19047.419,202204
9.43,9.44,9.43,9.43,3035.55,28625.4105,38,17.4,164.256,202204
9.43,9.44,9.42,9.43,1892.75,17848.8671,61,1119.9,10561.9376,202204
9.44,9.44,9.41,9.41,2477.33,23331.2603,77,1512.93,14247.0402,202204
9.41,9.43,9.41,9.42,2702.54,25447.5512,56,631.4,5949.823,202204
9.43,9.43,9.42,9.43,565.32,5330.8543,25,432.71,4080.4553,202204
9.43,9.44,9.42,9.42,607.54,5728.4037,32,75.5,711.985,202204
9.42,9.44,9.42,9.43,780.68,7362.2552,31,550.94,5196.9053,202204
9.44,9.45,9.43,9.44,2312.72,21836.5314,38,2135.84,20166.7991,202204
9.44,9.46,9.44,9.46,2660.3,25140.8565,108,1473.84,13936.6842,202204
9.46,9.47,9.45,9.47,1323.22,12517.1534,48,1079.21,10209.4225,202204
9.46,9.48,9.46,9.47,1241.67,11759.7191,51,473.24,4483.1798,202204
9.47,9.49,9.46,9.46,13336.85,126456.0159,161,12670.75,120149.3755,202204
9.46,9.48,9.46,9.47,1913.32,18136.2278,44,1827.73,17325.7643,202204
9.47,9.48,9.46,9.47,6143.21,58176.3895,133,1158.23,10969.4739,202204
9.48,9.48,9.43,9.44,10119.25,95708.4207,182,1646.73,15586.5044,202204
9.44,9.47,9.44,9.47,2789.95,26379.8988,79,2306.62,21812.7303,202204
9.46,9.46,9.44,9.45,1400.44,13239.5185,66,365.28,3453.9521,202204
9.45,9.47,9.45,9.47,2928.96,27727.7328,61,2153.2,20382.359,202204
9.46,9.49,9.46,9.48,1746.65,16553.7677,89,1179.89,11184.2032,202204
9.48,9.49,9.48,9.48,194.98,1849.1448,23,73.44,696.9456,202204
9.49,9.5,9.47,9.48,2889.52,27406.9869,92,2034.65,19299.0302,202204
9.49,9.49,9.47,9.48,954.43,9049.7419,52,708.82,6721.8738,202204
9.48,9.49,9.47,9.48,215.86,2047.2474,27,128.22,1216.5359,202204
9.48,9.5,9.46,9.47,6425.63,60926.2254,177,1534.07,14557.2375,202204
9.46,9.48,9.44,9.47,7799.67,73774.6143,188,1928.05,18245.1824,202204
9.47,9.48,9.46,9.47,4028.41,38155.188,101,1775.95,16828.8715,202204
9.47,9.48,9.45,9.45,1943.16,18406.0914,76,1142.53,10826.6384,202204
9.45,9.46,9.44,9.45,3792.93,35844.524,90,652.3,6165.6447,202204
9.46,9.47,9.44,9.45,2301.7,21765.2585,79,2107.28,19927.7455,202204
9.45,9.48,9.45,9.47,1939.6,18368.5609,45,1170.69,11090.3689,202204
9.47,9.5,9.47,9.48,4847.89,45979.4381,139,3286.08,31165.8955,202204
9.48,9.55,9.48,9.53,22575.36,214835.5336,630,13039.06,124071.3824,202204
9.54,9.56,9.52,9.53,7236.65,69054.5289,362,4237.67,40447.9901,202204
9.53,9.56,9.53,9.54,5341.05,50994.2453,157,2374.99,22680.0937,202204
9.54,9.58,9.54,9.57,10215.81,97706.8886,511,6758.69,64661.8082,202204
9.57,9.58,9.55,9.56,6104.68,58401.1841,160,4087.44,39115.7008,202204
9.56,9.57,9.55,9.57,4116.2,39373.7153,101,3077.39,29441.8194,202204
9.58,9.58,9.57,9.57,1023.78,9802.4672,42,489.26,4687.1108,202204
9.57,9.58,9.56,9.56,3317.94,31751.9644,93,615.44,5894.2043,202204
9.56,9.58,9.55,9.57,6476.27,61925.8245,183,3539.18,33846.4537,202204
9.57,9.58,9.56,9.57,2816.45,26959.2304,84,1533.43,14682.2984,202204
9.58,9.6,9.57,9.59,11294.09,108343.7158,457,6391.23,61331.0876,202204
9.59,9.62,9.58,9.62,18098.05,173893.3744,402,16417.89,157761.622,202204
9.62,9.63,9.6,9.62,6109.3,58755.072,378,1730.62,16652.7389,202204
9.62,9.64,9.61,9.64,8884.17,85485.7613,191,7294.7,70191.3952,202204
9.63,9.67,9.62,9.66,11682.14,112762.6851,480,8406.3,81176.8678,202204
9.65,9.66,9.63,9.66,8287.98,80000.7063,267,4197.69,40532.3508,202204
9.66,9.66,9.58,9.64,32532.96,312918.6721,549,7577.12,72935.3249,202204
9.64,9.67,9.63,9.66,12646.74,122175.2018,327,10323.61,99737.9128,202204
9.66,9.7,9.66,9.68,6984.42,67623.6076,503,5251.77,50865.1164,202204
9.68,9.7,9.68,9.7,8963.39,86856.1909,172,5072.3,49160.5641,202204
9.7,9.7,9.62,9.62,22190.48,214553.704,476,4320.52,41739.4311,202204
9.62,9.63,9.59,9.61,6559.9,63054.8205,210,2817.48,27095.1907,202204
9.61,9.65,9.6,9.62,10362.95,99708.7166,296,3584.35,34493.3136,202204
9.62,9.66,9.61,9.66,5841.29,56271.2258,108,4430.2,42687.4458,202204
9.65,9.66,9.64,9.65,3834.11,37000.8948,69,1006.01,9711.7924,202204
9.65,9.67,9.64,9.66,5925.95,57188.3698,119,2876.77,27776.686,202204
9.66,9.68,9.66,9.67,2409.2,23297.4569,81,1269.99,12282.8779,202204
9.67,9.68,9.65,9.65,14086.44,136020.6886,216,1787.07,17267.5839,202204
9.65,9.67,9.65,9.65,1083.12,10458.9271,53,642.86,6208.9337,202204
9.66,9.67,9.66,9.66,2578.97,24918.9335,64,2059.41,19899.7036,202204
9.67,9.68,9.66,9.67,3323.44,32142.8265,83,2212.58,21402.5064,202204
9.67,9.68,9.64,9.64,19197.05,185656.294,241,18075.82,174827.0917,202204
9.64,9.64,9.62,9.62,3232.88,31120.1672,91,1007.84,9699.5869,202204
9.63,9.63,9.61,9.62,1340.81,12900.0796,43,609.72,5869.0843,202204
9.63,9.63,9.6,9.61,2548.82,24492.7137,98,1052.0,10109.9655,202204
9.61,9.62,9.6,9.6,3016.41,28999.7021,84,2035.79,19576.588,202204
9.61,9.62,9.57,9.57,7154.49,68641.1322,195,2362.11,22679.545,202204
9.58,9.61,9.49,9.52,13322.99,127138.4306,658,6007.61,57338.6512,202204
9.51,9.52,9.47,9.5,12307.53,116873.972,356,8353.02,79327.5663,202204
9.51,9.51,9.38,9.44,23344.95,219830.6206,1177,10859.23,102159.7007,202204
9.44,9.44,9.39,9.41,11093.49,104426.2785,352,1983.11,18663.0405,202204
9.4,9.43,9.38,9.39,8782.52,82544.9909,227,1532.95,14419.3648,202204
9.39,9.45,9.38,9.45,7765.15,73126.6054,235,5182.42,48796.7777,202204
9.44,9.45,9.4,9.41,3639.55,34323.9384,128,1187.82,11205.0986,202204
9.41,9.42,9.36,9.39,14594.34,137024.2547,297,5098.99,47867.9166,202204
9.39,9.46,9.39,9.45,9908.6,93382.3065,245,7996.47,75350.9446,202204
9.45,9.47,9.44,9.44,5138.12,48560.2874,142,1957.44,18507.7249,202204
9.44,9.45,9.37,9.4,10485.84,98624.1789,263,5750.57,54055.2952,202204
9.4,9.43,9.38,9.4,8589.72,80727.4251,133,7224.94,67899.2907,202204
9.39,9.42,9.38,9.41,3280.17,30828.6381,157,1172.53,11025.0926,202204
9.4,9.43,9.4,9.42,1977.22,18612.5374,91,1578.72,14861.4102,202204
9.42,9.42,9.39,9.41,4779.83,44958.59,122,3227.86,30375.2874,202204
9.41,9.41,9.37,9.39,3537.16,33222.6685,118,524.07,4921.6421,202204
9.39,9.42,9.38,9.4,2605.11,24488.423,102,1404.7,13207.0556,202204
9.4,9.4,9.34,9.35,6570.69,61462.5726,222,2231.78,20879.1904,202204
9.35,9.35,9.23,9.27,27259.18,252997.8315,1348,14997.78,139176.0083,202204
9.27,9.29,9.26,9.27,5565.38,51613.8819,191,2103.11,19513.0881,202204
9.26,9.29,9.24,9.29,3357.65,31116.0745,162,1723.31,15973.6623,202204
9.29,9.29,9.2,9.21,17348.61,160286.7368,503,6844.21,63266.6465,202204
9.22,9.26,9.21,9.25,7864.04,72646.0473,283,5083.48,46962.4412,202204
9.26,9.28,9.25,9.27,7278.09,67435.3442,204,3795.51,35173.6718,202204
9.26,9.28,9.24,9.25,11192.14,103589.3534,224,3151.12,29176.6368,202204
9.24,9.26,9.22,9.23,8781.65,81175.3051,201,5678.24,52505.2615,202204
9.23,9.26,9.23,9.25,3297.26,30493.0973,119,2792.81,25830.3275,202204
9.26,9.26,9.24,9.25,2811.5,25995.2424,59,646.43,5984.4652,202204
9.24,9.26,9.23,9.26,8796.2,81295.0265,156,6104.02,56428.192,202204
9.26,9.26,9.24,9.25,1309.99,12123.0845,69,739.55,6843.9278,202204
9.26,9.26,9.21,9.23,3524.52,32531.2868,127,1769.81,16339.652,202204
9.22,9.28,9.22,9.27,6538.59,60535.9968,173,4483.99,41514.0499,202204
9.27,9.28,9.22,9.23,6200.74,57379.3298,183,4144.6,38360.355,202204
9.23,9.23,9.19,9.19,8479.14,78015.2085,266,1749.37,16102.7724,202204
9.2,9.22,9.2,9.22,3489.07,32136.3707,111,2659.18,24494.9979,202204
9.23,9.24,9.18,9.24,4813.72,44301.8662,297,2647.18,24379.7858,202204
9.24,9.26,9.22,9.26,7878.71,72798.0491,231,4562.58,42185.4047,202204
9.26,9.28,9.24,9.25,4353.19,40306.4869,172,1472.66,13639.615,202204
9.25,9.26,9.24,9.25,758.03,7012.6176,35,438.75,4059.9548,202204
9.24,9.26,9.23,9.23,6026.65,55664.6096,166,2394.23,22122.7281,202204
9.23,9.26,9.23,9.26,4343.83,40154.447,115,2817.82,26050.175,202204
9.26,9.27,9.25,9.26,2301.77,21310.5941,68,1836.73,17007.7368,202204
9.25,9.27,9.25,9.25,2591.16,24014.5652,84,2368.45,21952.567,202204
9.26,9.27,9.22,9.22,7026.47,64895.8215,134,2349.59,21698.3016,202204
9.23,9.25,9.23,9.24,1900.82,17552.5452,56,1619.71,14955.0888,202204
9.24,9.26,9.22,9.22,2189.36,20226.063,98,1221.49,11293.4359,202204
9.22,9.23,9.22,9.23,1348.18,12440.9825,42,790.07,7292.2187,202204
9.23,9.24,9.21,9.22,5458.9,50358.1507,90,3970.99,36640.3839,202204
9.23,9.24,9.21,9.24,1312.26,12104.7835,61,488.86,4510.8592,202204
9.24,9.24,9.22,9.22,1251.7,11548.7207,57,298.91,2760.9437,202204
9.22,9.23,9.21,9.22,1754.85,16182.7299,55,1514.04,13962.8443,202204
9.23,9.27,9.22,9.27,2302.11,21279.4443,92,1320.03,12207.7374,202204
9.26,9.27,9.25,9.25,2684.67,24840.6372,71,600.33,5557.2392,202204
9.25,9.26,9.23,9.26,983.74,9094.338,55,658.91,6094.6488,202204
9.26,9.26,9.23,9.24,2233.15,20642.9099,103,1437.42,13290.4875,202204
9.24,9.25,9.23,9.23,1943.0,17941.1608,61,488.44,4513.889,202204
9.24,9.24,9.22,9.24,499.55,4612.9308,25,286.12,2643.1246,202204
9.24,9.25,9.19,9.2,7453.69,68673.3432,192,2911.53,26827.1524,202204
9.2,9.21,9.18,9.21,1994.38,18333.4115,73,1252.64,11516.0385,202204
9.2,9.2,9.15,9.16,6004.82,55074.7034,231,1835.27,16831.0006,202204
9.15,9.2,9.14,9.19,8696.46,79744.2952,420,5806.2,53258.3324,202204
9.2,9.2,9.17,9.17,2100.62,19278.9732,88,992.67,9108.3201,202204
9.18,9.18,9.1,9.12,20599.08,188046.8941,699,9975.24,91095.7839,202204
9.12,9.17,9.12,9.14,11264.95,103045.4484,442,5722.09,52357.7392,202204
9.15,9.15,9.1,9.12,2980.27,27184.199,129,488.41,4457.1346,202204
9.11,9.13,9.11,9.13,3048.99,27810.174,84,1551.52,14156.2462,202204
9.13,9.16,9.13,9.15,2674.54,24451.0695,107,1743.56,15940.7483,202204
9.14,9.15,9.13,9.15,3259.75,29802.1787,94,2232.25,20410.9379,202204
9.15,9.19,9.14,9.18,2064.53,18929.3997,83,1012.78,9289.5824,202204
9.18,9.2,9.18,9.19,5354.37,49222.0595,144,2187.34,20117.9644,202204
9.19,9.19,9.17,9.17,1254.42,11519.6391,45,878.68,8072.4742,202204
9.18,9.19,9.18,9.18,186.39,1711.698,18,80.99,744.126,202204
9.19,9.2,9.17,9.17,1286.86,11815.4018,51,600.5,5516.5722,202204
9.18,9.21,9.18,9.2,1855.46,17061.7695,74,1548.46,14240.6781,202204
9.2,9.21,9.19,9.2,2776.35,25542.402,44,2036.8,18738.7713,202204
9.2,9.22,9.19,9.2,3382.3,31137.8596,76,2421.73,22296.6301,202204
9.2,9.22,9.19,9.22,767.64,7073.0906,31,679.6,6262.7377,202204
9.22,9.22,9.19,9.21,3715.36,34191.6816,118,842.01,7759.435,202204
9.21,9.23,9.19,9.22,5486.44,50513.7529,209,3709.94,34165.2392,202204
9.23,9.23,9.19,9.21,4322.47,39849.0439,179,2192.5,20215.9591,202204
9.21,9.21,9.18,9.18,1204.64,11074.3291,78,392.59,3607.9163,202204
9.18,9.2,9.14,9.14,2587.15,23697.0023,120,616.12,5648.6037,202204
9.14,9.16,9.14,9.16,1015.29,9290.6398,66,543.61,4975.1357,202204
9.15,9.17,9.15,9.17,835.64,7655.8023,49,484.76,4443.6738,202204
9.18,9.19,9.17,9.19,1066.34,9792.2606,32,971.1,8918.6144,202204
9.19,9.22,9.19,9.21,1833.65,16878.904,93,1257.13,11570.8494,202204
9.21,9.23,9.21,9.22,447.79,4127.7096,26,428.81,3952.751,202204
9.21,9.23,9.21,9.23,1426.76,13152.1345,57,1007.78,9291.8775,202204
9.23,9.25,9.22,9.24,19298.85,178375.73,269,16990.13,157061.523,202204
9.24,9.25,9.23,9.24,1084.3,10018.6213,47,888.29,8208.3163,202204
9.24,9.25,9.23,9.24,3543.38,32748.7029,63,3224.49,29802.3527,202204
9.24,9.25,9.23,9.24,556.3,5140.3577,32,520.53,4809.9436,202204
9.25,9.25,9.24,9.25,1100.01,10165.4792,35,823.58,7611.266,202204
9.25,9.25,9.23,9.23,1133.56,10474.2071,36,272.64,2521.8422,202204
9.24,9.24,9.23,9.24,474.08,4380.1362,27,437.78,4045.0872,202204
9.24,9.25,9.23,9.24,4516.28,41743.35,91,1525.85,14111.2579,202204
9.24,9.26,9.23,9.25,1934.73,17885.4828,206,903.59,8356.8648,202204
9.25,9.26,9.22,9.23,1003.17,9267.2105,70,477.66,4413.9102,202204
9.23,9.23,9.21,9.21,369.35,3406.432,30,113.63,1048.7049,202204
9.21,9.22,9.21,9.21,285.94,2633.8933,19,38.59,355.7998,202204
9.22,9.22,9.21,9.22,1140.66,10507.3934,27,461.79,4255.0007,202204
9.22,9.23,9.21,9.22,658.7,6073.1088,24,468.81,4323.0106,202204
9.23,9.25,9.23,9.24,7042.13,65068.9278,98,6661.62,61555.061,202204
9.24,9.29,9.23,9.28,8317.14,77021.7891,333,5907.6,54717.9702,202204
9.29,9.32,9.27,9.31,3805.62,35363.9047,215,2942.05,27342.0986,202204
9.31,9.34,9.31,9.33,4750.16,44320.0627,280,3120.87,29118.6524,202204
9.33,9.35,9.31,9.32,3190.12,29770.9585,265,1215.61,11350.576,202204
9.31,9.32,9.3,9.3,1799.31,16744.9272,70,630.13,5863.7429,202204
9.3,9.32,9.3,9.32,4375.51,40752.1231,114,3557.11,33132.9281,202204
9.33,9.36,9.32,9.36,8035.25,74990.7011,190,6882.5,64235.8993,202204
9.36,9.4,9.36,9.39,11078.88,103959.9423,550,3790.41,35589.2539,202204
9.4,9.42,9.38,9.42,6187.93,58184.234,207,4042.83,38030.4944,202204
9.41,9.44,9.38,9.38,10171.87,95768.872,390,2071.29,19524.0588,202204
9.38,9.41,9.38,9.4,2132.28,20040.6475,67,1641.63,15430.8801,202204
9.41,9.43,9.38,9.4,5387.53,50677.0092,142,2011.55,18934.9889,202204
9.4,9.4,9.36,9.38,4253.6,39895.6919,115,1514.86,14218.8923,202204
9.38,9.38,9.33,9.36,10399.41,97337.874,196,7301.3,68372.0928,202204
9.36,9.36,9.34,9.34,1761.79,16467.9967,55,496.73,4647.3326,202204
9.35,9.35,9.32,9.33,1286.01,11998.364,63,887.76,8283.1083,202204
9.33,9.35,9.33,9.33,2343.02,21883.6822,51,1420.32,13266.7,202204
9.33,9.33,9.29,9.31,4680.28,43555.2722,221,1044.33,9721.78,202204
9.32,9.33,9.28,9.29,8066.47,75140.7717,167,4786.95,44599.1926,202204
9.3,9.31,9.29,9.3,2433.86,22638.5036,59,2036.71,18948.8505,202204
9.3,9.32,9.29,9.32,1537.95,14308.7949,38,1527.6,14212.526,202204
9.33,9.34,9.32,9.32,852.76,7957.6854,188,525.9,4909.1119,202204
9.32,9.33,9.31,9.32,837.69,7807.1851,29,304.17,2836.549,202204
9.33,9.34,9.31,9.32,2598.9,24226.4739,94,1595.32,14876.0771,202204
9.32,9.42,9.32,9.41,16143.72,151464.8447,385,9409.19,88202.5329,202204
9.41,9.44,9.4,9.43,10193.22,96071.0418,362,6739.8,63520.4205,202204
9.43,9.44,9.39,9.4,9266.41,87277.8154,140,3850.5,36314.4591,202204
9.41,9.41,9.4,9.41,1156.17,10874.4398,42,433.03,4074.8123,202204
9.41,9.43,9.4,9.43,4219.5,39751.3693,104,2309.5,21755.9842,202204
9.42,9.43,9.4,9.4,2867.69,27006.9853,64,1156.34,10892.9994,202204
9.41,9.43,9.4,9.43,1955.44,18411.0197,56,1784.49,16801.7125,202204
9.43,9.46,9.42,9.46,4768.76,45022.2477,294,3513.99,33182.9762,202204
9.45,9.45,9.43,9.44,7736.81,73056.6616,132,2281.95,21562.9526,202204
9.43,9.44,9.42,9.43,2288.21,21577.7125,65,1168.91,11023.8835,202204
9.43,9.45,9.43,9.43,1072.49,10120.2774,34,476.93,4502.4243,202204
9.43,9.46,9.43,9.44,2491.59,23522.0625,60,2007.02,18947.3374,202204
9.44,9.45,9.42,9.43,3841.87,36232.8521,82,625.4,5901.4576,202204
9.44,9.44,9.41,9.42,755.39,7121.9249,43,86.27,813.6025,202204
9.42,9.42,9.4,9.41,767.42,7223.8011,40,292.64,2754.6176,202204
9.41,9.46,9.41,9.45,1896.04,17900.595,66,1788.34,16886.007,202204
9.45,9.47,9.44,9.46,3294.87,31163.7208,196,1614.18,15274.6738,202204
9.46,9.48,9.45,9.45,5210.99,49313.3297,217,1275.07,12072.8566,202204
9.45,9.49,9.45,9.48,5629.68,53333.2016,155,3605.27,34159.6455,202204
9.47,9.51,9.47,9.51,2251.55,21374.7518,165,1405.73,13346.8031,202204
9.5,9.52,9.48,9.51,3250.68,30889.2545,207,1552.88,14759.9538,202204
9.5,9.51,9.47,9.5,4308.3,40866.3685,90,1191.87,11310.941,202204
9.49,9.51,9.48,9.5,4074.87,38704.7257,74,2945.92,27985.6926,202204
9.49,9.51,9.49,9.51,899.6,8542.348,56,247.98,2357.7692,202204
9.5,9.54,9.5,9.53,7073.95,67346.2886,528,2958.29,28182.186,202204
9.53,9.54,9.52,9.53,1794.39,17104.6661,78,891.56,8501.4609,202204
9.53,9.53,9.49,9.49,1999.69,19017.0498,115,510.0,4853.5561,202204
9.5,9.5,9.49,9.5,2731.61,25931.7996,83,1140.18,10829.1289,202204
9.5,9.51,9.49,9.49,1769.89,16813.8641,67,443.24,4212.1824,202204
9.49,9.5,9.47,9.47,2371.14,22472.6983,79,418.92,3975.6634,202204
9.47,9.48,9.46,9.47,3381.86,32018.4827,85,1938.94,18355.8039,202204
9.47,9.48,9.47,9.48,642.6,6087.4227,21,358.18,3393.9653,202204
9.47,9.48,9.47,9.47,1025.31,9710.6857,31,260.72,2470.0184,202204
9.47,9.48,9.46,9.47,347.58,3292.6661,22,185.13,1754.2954,202204
9.47,9.48,9.47,9.48,238.11,2256.4457,18,230.81,2187.3147,202204
9.47,9.48,9.44,9.45,10285.5,97423.3422,181,8700.2,82430.9801,202204
9.45,9.49,9.45,9.47,3875.42,36725.6599,282,2276.47,21574.4005,202204
9.47,9.51,9.47,9.5,2860.9,27168.027,111,1631.03,15487.3349,202204
9.51,9.53,9.51,9.52,2257.85,21488.7891,95,1165.03,11089.2869,202204
9.51,9.52,9.49,9.5,1668.83,15866.0355,99,608.59,5790.7798,202204
9.51,9.51,9.5,9.51,1597.96,15184.7093,36,857.88,8150.5193,202204
9.51,9.51,9.49,9.5,488.07,4636.1255,17,126.96,1206.1907,202204
9.5,9.52,9.5,9.52,1057.65,10053.0654,29,954.34,9070.7073,202204
9.52,9.52,9.49,9.5,1791.58,17025.099,74,561.97,5344.7962,202204
9.5,9.51,9.5,9.51,322.86,3069.2126,26,197.84,1881.4584,202204
9.51,9.51,9.5,9.5,1387.74,13194.1074,46,558.87,5314.8537,202204
9.5,9.54,9.5,9.54,2304.66,21947.7781,77,1779.81,16953.3268,202204
9.54,9.57,9.53,9.54,7014.57,66983.6909,427,3182.27,30400.9122,202204
9.53,9.54,9.52,9.54,749.91,7149.3701,54,559.21,5332.3618,202204
9.53,9.58,9.53,9.58,5714.14,54664.754,252,4496.91,43020.0743,202204
9.58,9.58,9.53,9.55,5900.09,56346.8472,179,1908.43,18235.0703,202204
9.55,9.56,9.52,9.53,3421.97,32646.8829,131,1497.27,14288.3863,202204
9.54,9.55,9.52,9.53,4593.96,43813.2711,122,2206.63,21054.0238,202204
9.54,9.55,9.51,9.51,5563.33,53024.5615,137,2116.54,20189.5992,202204
9.52,9.53,9.48,9.51,6040.84,57420.5785,141,1190.31,11321.0972,202204
9.51,9.51,9.5,9.51,3898.45,37068.3834,79,1899.22,18061.5822,202204
9.52,9.52,9.49,9.5,2018.93,19184.4158,53,759.05,7211.775,202204
9.5,9.51,9.49,9.49,161.91,1537.7084,16,10.9,103.58,202204
9.49,9.52,9.49,9.5,3501.11,33266.7905,83,1110.04,10550.3422,202204
9.51,9.52,9.5,9.5,1787.07,16987.5414,56,528.65,5030.6948,202204
9.5,9.53,9.5,9.52,2236.59,21288.1317,104,1695.82,16140.9587,202204
9.53,9.54,9.52,9.52,1761.01,16783.059,52,692.04,6598.174,202204
9.53,9.54,9.53,9.54,420.31,4005.6895,33,216.71,2065.3815,202204
9.53,9.53,9.51,9.51,992.42,9444.7901,36,6.03,57.4182,202204
9.51,9.52,9.5,9.5,1482.34,14107.34,28,1071.52,10200.8179,202204
9.51,9.51,9.48,9.49,1414.79,13429.0446,97,210.1,1995.6986,202204
9.49,9.49,9.45,9.47,2709.91,25651.4544,113,1617.92,15313.1507,202204
9.46,9.48,9.43,9.46,7456.89,70390.4161,216,2445.97,23096.1692,202204
9.46,9.48,9.45,9.47,3071.9,29074.1515,171,1755.5,16619.9315,202204
9.47,9.47,9.41,9.45,4871.43,45953.0449,191,2249.86,21221.2966,202204
9.45,9.45,9.42,9.42,4557.81,42995.2498,166,1540.96,14543.7183,202204
9.42,9.45,9.38,9.41,8323.44,78277.3535,546,3025.91,28478.1402,202204
9.42,9.43,9.41,9.42,1251.54,11800.27,36,166.79,1572.7712,202204
9.42,9.45,9.42,9.43,6469.7,61007.8165,105,724.14,6839.775,202204
9.43,9.44,9.41,9.41,12786.89,120433.0678,146,806.77,7592.3431,202204
9.42,9.43,9.42,9.42,10857.08,102285.574,92,9992.86,94144.6216,202204
9.42,9.43,9.41,9.42,2580.83,24308.5667,52,2260.11,21290.2786,202204
9.43,9.45,9.42,9.42,1798.29,16967.891,112,670.78,6331.8061,202204
9.43,9.44,9.42,9.42,2697.47,25441.1397,111,1007.91,9512.9043,202204
9.42,9.42,9.4,9.41,9758.68,91820.5102,223,2840.02,26725.3891,202204
9.42,9.42,9.36,9.37,4397.62,41270.4098,183,1399.33,13123.9683,202204
9.37,9.38,9.36,9.38,2116.54,19826.5736,71,1013.19,9497.1978,202204
9.37,9.38,9.35,9.36,2515.33,23544.9411,99,537.91,5034.6648,202204
9.36,9.38,9.36,9.36,4178.93,39125.3807,107,2193.38,20537.8618,202204
9.36,9.37,9.33,9.33,4911.04,45919.7279,139,2396.22,22425.0971,202204
9.33,9.34,9.3,9.31,5446.8,50747.0167,270,1540.24,14355.3955,202204
9.32,9.36,9.32,9.36,4011.2,37468.8402,387,2896.51,27052.9403,202204
9.35,9.37,9.34,9.36,3797.39,35530.5112,111,1931.81,18083.4456,202204
9.37,9.37,9.35,9.37,3794.73,35543.642,74,2751.16,25775.5274,202204
9.37,9.38,9.36,9.38,1440.05,13503.1724,67,839.75,7874.5923,202204
9.37,9.39,9.37,9.39,12281.19,115243.7578,117,11211.7,105214.7431,202204
9.39,9.39,9.37,9.38,1168.21,10960.8291,84,739.39,6938.6042,202204
9.39,9.39,9.38,9.39,2391.15,22449.3393,100,876.35,8228.9265,202204
9.39,9.42,9.39,9.41,4977.17,46803.2938,146,4136.04,38898.1327,202204
9.41,9.46,9.4,9.43,13396.49,126415.5442,624,5443.26,51367.3734,202204
9.43,9.48,9.43,9.46,13418.23,126927.3926,546,9072.59,85835.1344,202204
9.46,9.46,9.43,9.44,4593.08,43341.8955,222,2546.24,24029.7647,202204
9.43,9.44,9.4,9.42,2823.29,26591.3477,175,1433.35,13503.3698,202204
9.42,9.43,9.4,9.41,4511.41,42444.8897,168,2419.72,22776.2436,202204
9.42,9.43,9.41,9.42,711.54,6700.9995,57,322.69,3040.5388,202204
9.41,9.42,9.41,9.41,2663.72,25086.845,80,1593.9,15014.0177,202204
9.41,9.42,9.4,9.42,1062.22,9997.369,53,497.72,4685.7366,202204
9.42,9.42,9.38,9.38,5535.21,51997.4134,158,2109.85,19819.9203,202204
9.37,9.39,9.36,9.39,5061.88,47446.7038,133,2496.63,23419.7748,202204
9.39,9.4,9.38,9.4,3374.81,31699.3884,142,1794.29,16860.0849,202204
9.41,9.42,9.39,9.4,5663.42,53234.6471,162,1697.0,15960.2673,202204
9.4,9.43,9.39,9.41,4432.39,41713.3763,139,2410.31,22685.0314,202204
9.41,9.42,9.37,9.39,6513.0,61169.0974,203,2671.25,25108.5128,202204
9.39,9.39,9.38,9.38,3643.0,34183.9362,83,1368.18,12845.6768,202204
9.37,9.37,9.36,9.37,2103.67,19709.2979,70,1334.17,12501.1729,202204
9.37,9.38,9.37,9.37,1308.3,12258.9551,47,1026.06,9614.3663,202204
9.37,9.38,9.36,9.37,1663.88,15587.5279,52,571.16,5352.4043,202204
9.37,9.39,9.36,9.38,2004.52,18795.3342,65,1485.43,13930.5522,202204
9.38,9.39,9.38,9.39,1430.4,13426.0859,62,322.35,3025.2882,202204
9.39,9.39,9.33,9.33,6139.64,57442.0097,150,3980.15,37238.0495,202204
9.34,9.34,9.29,9.29,13631.53,127039.8295,377,5138.88,47862.8326,202204
9.29,9.31,9.28,9.29,4422.49,41096.8905,186,1638.54,15229.8989,202204
9.29,9.31,9.29,9.3,1360.86,12646.0202,72,860.22,7994.8571,202204
9.3,9.32,9.3,9.32,932.56,8684.1109,53,523.22,4874.3261,202204
9.31,9.31,9.29,9.3,25775.24,239713.8781,271,16769.48,155980.4474,202204
9.29,9.33,9.29,9.31,3073.8,28623.1236,235,1715.4,15974.961,202204
9.31,9.34,9.31,9.34,6499.1,60672.1411,149,4574.09,42699.8744,202204
9.33,9.42,9.32,9.41,5152.74,48336.3154,263,2694.52,25277.4834,202204
9.42,9.44,9.41,9.41,7623.78,71827.2969,442,3108.39,29298.007,202204
9.41,9.44,9.4,9.41,4832.19,45517.4467,143,1583.97,14923.4942,202204
9.42,9.44,9.39,9.43,7407.87,69719.1335,184,2168.51,20429.7657,202204
9.42,9.45,9.41,9.44,5195.23,48988.9291,181,2780.86,26226.5995,202204
9.44,9.46,9.43,9.44,9554.52,90250.5971,233,6485.01,61271.2746,202204
9.45,9.48,9.44,9.46,13721.77,129815.9921,302,9850.01,93174.7436,202204
9.47,9.49,9.46,9.48,10009.88,94874.5606,333,5120.74,48544.7105,202204
9.48,9.49,9.47,9.47,2545.03,24122.6405,122,1375.28,13037.7606,202204
9.48,9.49,9.47,9.48,12237.93,116061.76,223,6982.68,66250.7627,202204
9.47,9.49,9.47,9.49,10873.89,103130.6973,149,6830.11,64805.0169,202204
9.49,9.49,9.47,9.48,3654.73,34658.6255,71,3010.79,28554.6558,202204
9.48,9.49,9.48,9.49,6781.06,64346.3921,96,5856.58,55578.9442,202204
9.49,9.51,9.48,9.49,3429.46,32561.2733,132,1875.97,17816.1228,202204
9.49,9.51,9.49,9.51,4803.6,45637.2157,115,2732.04,25958.9883,202204
9.51,9.53,9.5,9.52,5897.28,56117.7128,273,3617.23,34423.054,202204
9.51,9.55,9.5,9.51,12794.41,121904.8642,525,6902.93,65789.6287,202204
9.52,9.53,9.51,9.51,3099.72,29506.6339,130,1440.49,13718.2101,202204
9.51,9.53,9.5,9.52,14057.86,133774.4678,137,9061.95,86219.7325,202204
9.51,9.51,9.49,9.49,4629.54,43953.2191,123,1419.1,13481.4498,202204
9.5,9.54,9.5,9.54,7676.41,73071.8117,208,3168.13,30165.4278,202204
9.54,9.58,9.54,9.57,12109.86,115815.8966,508,5742.45,54934.4149,202204
9.56,9.58,9.56,9.57,2532.5,24226.8175,93,1463.01,13995.3171,202204
9.57,9.58,9.5,9.52,9573.8,91341.3995,238,2586.0,24665.8487,202204
9.51,9.54,9.5,9.52,16324.92,155322.8987,273,6596.89,62787.0094,202204
9.53,9.54,9.51,9.52,4122.35,39252.1221,154,1261.43,12015.7561,202204
9.52,9.55,9.51,9.54,6373.38,60714.4713,157,3206.69,30549.7718,202204
9.54,9.56,9.52,9.53,9862.87,94118.5858,256,5780.39,55195.6996,202204
9.53,9.55,9.51,9.52,8102.49,77179.9242,188,1788.84,17039.8211,202204
9.52,9.57,9.52,9.56,5432.5,51837.4024,192,2304.78,22000.2479,202204
9.55,9.59,9.54,9.58,16686.91,159737.2187,435,4920.12,47117.7078,202204
9.58,9.59,9.56,9.59,9054.76,86773.6087,181,4686.23,44929.2044,202204
9.58,9.6,9.58,9.58,2642.45,25321.0966,250,629.51,6034.7309,202204
9.58,9.59,9.57,9.58,2173.52,20819.0739,98,906.29,8682.6401,202204
9.59,9.59,9.56,9.56,3077.72,29469.2231,81,498.66,4780.9766,202204
9.57,9.59,9.57,9.58,1578.59,15116.6971,74,1001.38,9588.0144,202204
9.58,9.6,9.58,9.59,5552.5,53250.3983,140,3582.74,34361.7211,202204
9.59,9.72,9.57,9.71,48020.98,462776.7551,1880,31785.59,306119.612,202204
9.71,9.72,9.64,9.65,13143.77,127111.0768,633,3123.84,30206.9814,202204
9.66,9.69,9.63,9.69,11255.15,108770.1814,324,7488.88,72391.6098,202204
9.69,9.7,9.64,9.65,7579.77,73309.8294,227,3490.26,33775.0727,202204
9.65,9.66,9.61,9.61,5845.48,56311.5163,175,3553.84,34247.8651,202204
9.61,9.61,9.57,9.58,5277.13,50623.076,189,2386.24,22894.479,202204
9.58,9.6,9.57,9.59,5882.4,56395.227,173,2781.96,26665.6911,202204
9.6,9.61,9.59,9.6,1290.03,12382.4087,63,578.22,5551.443,202204
9.6,9.6,9.57,9.58,2888.39,27698.4343,105,1060.05,10166.4799,202204
9.57,9.57,9.56,9.57,3178.91,30417.6229,105,2235.87,21397.2759,202204
9.56,9.59,9.56,9.57,3822.04,36603.5857,140,2399.37,22987.5196,202204
9.56,9.61,9.56,9.59,7812.74,74950.8507,299,3465.23,33238.5581,202204
9.59,9.59,9.56,9.58,6342.27,60759.1758,106,5505.16,52741.1816,202204
9.59,9.59,9.56,9.57,2235.58,21403.3536,67,1419.18,13590.0283,202204
9.57,9.59,9.57,9.58,1385.63,13280.8809,51,564.5,5411.795,202204
9.57,9.6,9.54,9.55,16508.78,157818.9882,216,2728.43,26147.0616,202204
9.55,9.57,9.52,9.56,15281.2,145856.871,569,10264.97,98026.3299,202204
9.56,9.57,9.54,9.54,1727.96,16504.8618,87,352.44,3369.0456,202204
9.55,9.56,9.53,9.55,2869.07,27375.6617,57,1819.11,17357.6682,202204
9.55,9.56,9.54,9.55,4759.3,45456.9042,95,911.69,8711.5462,202204
9.56,9.57,9.56,9.56,2114.95,20230.9871,86,1523.56,14577.2987,202204
9.56,9.56,9.52,9.52,6589.87,62857.8907,149,2902.39,27697.4427,202204
9.52,9.57,9.52,9.56,1621.22,15487.4585,80,1264.93,12086.9079,202204
9.57,9.58,9.55,9.56,3025.56,28940.5469,75,1515.88,14505.5221,202204
9.56,9.57,9.54,9.55,2383.3,22766.6054,66,1264.23,12080.667,202204
9.55,9.56,9.53,9.54,1937.04,18496.5773,79,832.46,7956.6666,202204
9.54,9.55,9.51,9.52,2671.09,25437.6176,121,1724.31,16417.3785,202204
9.52,9.52,9.5,9.51,3432.66,32644.823,134,175.85,1673.9858,202204
9.52,9.52,9.48,9.49,15690.46,148956.4381,353,4468.95,42426.5023,202204
9.49,9.5,9.47,9.48,11956.49,113338.6568,336,2081.62,19746.4485,202204
9.48,9.5,9.47,9.49,1340.24,12718.8165,64,1013.79,9622.6186,202204
9.49,9.49,9.46,9.47,11434.89,108353.2912,284,5038.68,47770.7278,202204
9.47,9.49,9.46,9.46,5765.5,54617.1166,118,2829.21,26812.1341,202204
9.46,9.47,9.42,9.44,10237.64,96749.3628,452,4155.96,39285.4258,202204
9.44,9.51,9.43,9.49,8619.21,81628.4345,513,6318.35,59857.4102,202204
9.5,9.52,9.49,9.52,14624.25,138995.0185,216,6555.84,62336.4371,202204
9.51,9.52,9.49,9.51,2800.26,26616.9494,111,1057.52,10057.3917,202204
9.51,9.52,9.46,9.46,2257.58,21434.1817,94,964.12,9165.2303,202204
9.46,9.48,9.45,9.46,4018.98,38026.554,127,1551.41,14682.7191,202204
9.46,9.47,9.45,9.45,1167.82,11045.9795,66,276.19,2614.6596,202204
9.45,9.48,9.45,9.46,1334.75,12622.9354,53,693.48,6558.33,202204
9.46,9.5,9.45,9.48,4215.81,39906.3609,92,3480.27,32934.4672,202204
9.47,9.47,9.43,9.44,1268.15,11983.7103,59,402.13,3796.3089,202204
9.43,9.44,9.39,9.39,5788.14,54498.0081,275,1843.66,17365.3703,202204
9.38,9.4,9.37,9.39,3964.63,37192.7407,213,2257.79,21182.1268,202204
9.39,9.39,9.35,9.36,4438.01,41572.1115,180,2318.18,21720.4903,202204
9.37,9.38,9.35,9.38,6277.41,58781.4771,187,3253.89,30474.1869,202204
9.38,9.39,9.33,9.34,6040.19,56450.1463,211,2662.86,24897.5525,202204
9.35,9.41,9.33,9.39,3867.81,36265.3194,472,2519.07,23627.526,202204
9.39,9.42,9.38,9.41,1876.36,17640.5291,85,1146.05,10778.2636,202204
9.41,9.42,9.36,9.36,3295.25,30932.7638,143,483.78,4545.2924,202204
9.36,9.36,9.31,9.32,4393.51,41014.8716,193,1174.31,10964.9345,202204
9.33,9.35,9.31,9.33,3466.98,32340.899,170,1626.44,15170.9385,202204
9.33,9.37,9.32,9.35,2581.89,24125.9875,151,1105.91,10332.4978,202204
9.35,9.36,9.32,9.32,1909.34,17845.0294,89,670.36,6268.468,202204
9.32,9.34,9.32,9.34,4203.25,39219.001,128,2464.46,23004.9687,202204
9.34,9.34,9.3,9.31,2736.85,25494.1092,105,1544.91,14392.1914,202204
9.31,9.33,9.3,9.31,2852.92,26569.4028,94,1678.99,15644.8759,202204
9.31,9.33,9.31,9.32,1757.98,16378.0046,92,997.67,9295.7603,202204
9.32,9.33,9.31,9.32,927.89,8644.0427,45,463.85,4323.6941,202204
9.33,9.34,9.33,9.33,1640.4,15305.7521,37,1441.71,13451.9744,202204
9.33,9.33,9.32,9.32,770.32,7182.1308,30,445.02,4150.3348,202204
9.32,9.34,9.31,9.34,1443.58,13452.9269,57,967.68,9020.9464,202204
9.34,9.37,9.34,9.36,9532.65,89194.9798,196,7231.15,67668.3161,202204
9.35,9.37,9.35,9.36,921.25,8619.9877,34,492.37,4605.7296,202204
9.35,9.37,9.29,9.3,5611.41,52440.3633,186,3007.47,28162.7659,202204
9.3,9.32,9.29,9.31,2958.28,27527.583,125,1738.26,16183.4244,202204
9.31,9.34,9.29,9.31,2163.47,20151.2034,191,1102.86,10270.1701,202204
9.29,9.3,9.21,9.23,14292.17,132409.1518,436,5916.39,54673.7733,202204
9.24,9.27,9.22,9.23,6540.01,60452.2321,570,4025.9,37245.7424,202204
9.22,9.25,9.22,9.25,744.46,6872.1687,44,594.13,5485.5618,202204
9.25,9.25,9.21,9.21,2576.55,23787.8035,117,1334.53,12327.5832,202204
9.22,9.24,9.21,9.23,5386.92,49710.1586,122,4484.0,41379.2058,202204
9.23,9.25,9.22,9.25,2490.2,22996.55,88,1670.99,15435.0186,202204
9.24,9.26,9.23,9.23,3240.36,29963.6148,99,1758.23,16270.0448,202204
9.23,9.23,9.2,9.21,3601.41,33154.0103,143,1329.23,12240.8437,202204
9.21,9.21,9.19,9.21,5048.64,46448.0414,143,2328.7,21436.4014,202204
9.2,9.2,9.1,9.12,27291.08,249289.5812,756,13343.47,121919.1718,202204
9.1,9.11,9.06,9.08,86186.48,782233.9414,1229,42409.94,384901.9322,202204
9.08,9.08,9.0,9.01,93130.23,841141.8907,1443,53560.31,483270.9692,202204
9.0,9.02,8.95,9.02,25877.0,232580.9743,1002,15768.24,141739.4377,202204
9.02,9.02,8.99,8.99,3425.62,30834.2584,145,2251.77,20271.4444,202204
8.99,9.0,8.96,8.97,9605.43,86194.4173,239,4059.21,36427.0709,202204
8.97,8.99,8.96,8.97,7728.34,69378.9331,154,6401.74,57477.3903,202204
8.96,8.99,8.94,8.97,15568.25,139616.1901,318,12117.29,108706.4847,202204
8.98,8.99,8.97,8.97,2750.96,24704.178,122,2363.88,21229.2796,202204
8.97,8.98,8.91,8.92,16191.7,144638.8869,365,7510.48,67095.0165,202204
8.92,8.92,8.8,8.8,87894.21,777235.1771,1294,18184.9,161286.0345,202204
8.8,8.84,8.77,8.83,33375.34,293872.5272,1148,20375.93,179443.1466,202204
8.83,8.89,8.81,8.87,14619.08,129520.9648,469,7242.38,64143.5227,202204
8.87,8.87,8.83,8.85,5207.54,46076.4509,152,2196.38,19437.1358,202204
8.85,8.87,8.83,8.86,11627.98,102822.3224,275,6799.83,60128.2633,202204
8.85,8.88,8.83,8.86,7974.9,70640.7726,203,2721.27,24108.9176,202204
8.86,8.91,8.85,8.91,10369.74,92191.2781,278,8044.44,71517.9052,202204
8.91,8.93,8.9,8.91,12651.11,112744.981,440,3301.67,29440.1336,202204
8.92,8.94,8.88,8.9,11767.09,104768.0228,348,4059.98,36167.9699,202204
8.9,8.93,8.89,8.91,8179.13,72886.995,338,3542.5,31587.9581,202204
8.9,8.92,8.88,8.91,8782.61,78210.03,146,7450.17,66357.0385,202204
8.92,8.92,8.91,8.92,272.32,2426.9218,17,55.06,491.1352,202204
8.92,8.98,8.91,8.98,5153.97,46109.4279,350,4334.72,38777.9061,202204
8.97,8.98,8.97,8.98,1862.86,16721.5328,97,1167.86,10487.3828,202204
8.98,8.98,8.94,8.94,2221.55,19901.2065,101,711.58,6377.2532,202204
8.94,8.95,8.92,8.94,1487.24,13291.9874,65,772.78,6909.8226,202204
8.94,8.94,8.91,8.92,1257.13,11229.9433,63,665.53,5947.9403,202204
8.92,8.92,8.82,8.89,13537.3,120001.1621,628,5580.08,49446.2357,202204
8.89,8.93,8.89,8.92,4182.49,37272.9966,129,2450.3,21835.1956,202204
8.93,8.94,8.92,8.93,1824.42,16291.5514,65,1299.08,11601.8154,202204
8.94,8.95,8.93,8.94,2007.46,17945.5565,75,1245.61,11136.1164,202204
8.94,8.94,8.91,8.91,4957.16,44209.7304,101,1871.08,16690.066,202204
8.91,8.91,8.81,8.81,8044.48,71222.2707,256,1935.66,17123.866,202204
8.8,8.81,8.61,8.72,92728.13,806377.3089,3180,42752.23,371677.7962,202204
8.72,8.8,8.71,8.78,17699.6,155072.8355,786,7830.46,68617.0241,202204
8.78,8.85,8.78,8.84,16964.93,149747.7771,588,9500.78,83852.4634,202204
8.84,8.85,8.8,8.82,14690.31,129663.2989,405,5967.54,52671.9907,202204
8.82,8.83,8.79,8.8,16057.75,141396.1521,165,3372.16,29726.8035,202204
8.79,8.84,8.78,8.83,15215.29,134073.4268,281,6501.7,57346.3299,202204
8.83,8.84,8.81,8.82,9324.04,82269.5968,219,4833.36,42646.3442,202204
8.81,8.85,8.8,8.85,6302.9,55596.9697,147,4115.49,36308.4458,202204
8.85,8.86,8.83,8.84,4098.41,36279.9708,147,2526.71,22372.0198,202204
8.83,8.84,8.81,8.81,3775.65,33306.1918,100,1504.56,13275.6742,202204
8.81,8.81,8.79,8.8,1265.28,11128.5079,66,878.58,7727.0756,202204
8.8,8.82,8.8,8.82,2912.5,25675.7803,79,2358.99,20797.192,202204
8.83,8.83,8.82,8.83,1796.05,15858.8551,58,1024.95,9050.3085,202204
8.83,8.84,8.83,8.84,624.39,5515.8722,25,368.23,3253.9794,202204
8.84,8.85,8.84,8.85,915.82,8103.4383,42,817.46,7233.9359,202204
8.84,8.86,8.82,8.85,6991.29,61850.0372,201,2985.79,26411.8027,202204
8.85,8.87,8.84,8.86,1801.64,15958.0596,76,1363.52,12078.41,202204
8.87,8.87,8.85,8.85,4412.26,39096.2874,76,1804.58,15994.0665,202204
8.86,8.86,8.8,8.82,13537.64,119440.6064,308,4683.46,41332.4654,202204
8.82,8.87,8.81,8.87,5955.38,52691.4305,135,3756.99,33222.3102,202204
8.87,8.91,8.87,8.9,14113.94,125474.2365,308,6745.18,59991.1523,202204
8.9,8.91,8.87,8.9,5733.93,50998.8013,206,2525.46,22464.1048,202204
8.9,8.95,8.89,8.93,16705.14,148999.6108,442,9162.2,81749.4245,202204
8.93,8.96,8.92,8.95,6898.24,61666.3228,194,4238.85,37897.2957,202204
8.95,9.01,8.94,9.0,8260.05,74123.1081,253,4226.78,37933.852,202204
9.01,9.01,8.97,8.99,5233.34,47015.684,427,1842.65,16560.6225,202204
8.98,8.99,8.94,8.94,8430.41,75593.0499,164,3585.19,32173.1558,202204
8.95,8.95,8.89,8.94,8585.82,76608.1463,264,4021.65,35878.5755,202204
8.94,8.98,8.92,8.97,8466.11,75850.5754,135,6625.3,59368.8917,202204
8.97,8.98,8.96,8.96,935.43,8390.6949,27,155.18,1392.9924,202204
8.97,8.98,8.93,8.95,3278.11,29342.0918,99,746.44,6690.8232,202204
8.95,9.0,8.94,9.0,4362.34,39148.2072,126,3303.76,29657.1312,202204
9.0,9.01,8.99,8.99,2658.1,23917.6283,80,438.31,3947.6793,202204
9.0,9.01,8.96,8.97,3582.8,32181.3567,102,2062.43,18529.6282,202204
8.96,8.98,8.95,8.98,5744.05,51504.0778,90,2955.59,26511.7169,202204
8.97,8.99,8.97,8.99,2561.04,22997.7906,32,884.08,7940.0236,202204
8.99,8.99,8.96,8.97,18457.85,165707.0061,169,4935.97,44323.924,202204
8.97,8.98,8.96,8.97,1859.49,16683.2047,63,786.74,7060.1181,202204
8.97,8.97,8.94,8.96,3291.59,29471.5016,71,653.63,5850.2158,202204
8.95,8.98,8.95,8.98,2653.99,23784.5502,79,2493.61,22347.3162,202204
8.99,8.99,8.97,8.99,2738.87,24597.658,69,1661.18,14920.4203,202204
9.0,9.02,8.98,8.99,3336.66,30038.2972,122,1328.88,11970.1115,202204
8.99,9.01,8.99,8.99,2650.14,23851.9053,58,2191.13,19723.783,202204
8.99,9.02,8.98,9.02,2358.63,21227.2056,62,1182.16,10642.9843,202204
9.02,9.02,9.0,9.01,4037.47,36354.3133,61,1242.34,11182.5658,202204
9.01,9.01,8.99,9.0,3639.5,32780.9272,82,1484.1,13367.2789,202204
9.0,9.0,8.99,9.0,1785.17,16052.4506,52,532.46,4789.1708,202204
8.99,9.01,8.99,9.01,2952.93,26563.6095,50,1951.33,17559.2255,202204
9.0,9.0,8.99,9.0,2104.72,18940.0748,42,1705.07,15345.63,202204
8.99,9.01,8.99,9.0,1604.68,14446.0342,52,619.09,5577.3368,202204
9.0,9.01,8.98,8.99,3349.03,30094.4676,62,523.51,4702.916,202204
8.98,8.99,8.96,8.97,1831.28,16431.1229,72,484.52,4346.4557,202204
8.96,8.96,8.93,8.94,2581.22,23098.9115,63,1310.86,11734.4067,202204
8.95,8.96,8.94,8.95,1478.72,13234.0039,44,982.31,8791.7146,202204
8.95,8.95,8.93,8.93,7199.44,64364.3259,60,179.13,1602.9231,202204
8.94,8.95,8.94,8.95,415.61,3716.6581,23,402.02,3595.1635,202204
8.95,8.96,8.94,8.96,2505.34,22433.5283,52,1193.16,10682.5357,202204
8.96,8.96,8.95,8.95,888.39,7956.8256,26,573.51,5138.6496,202204
8.96,8.96,8.95,8.96,595.68,5334.5293,21,319.33,2861.1968,202204
8.96,8.96,8.94,8.94,590.96,5289.4381,28,287.52,2574.6934,202204
8.94,8.95,8.92,8.93,1867.68,16690.7048,69,883.29,7892.8766,202204
8.92,8.98,8.92,8.97,2243.0,20072.2929,78,2132.83,19084.9372,202204
8.97,8.99,8.95,8.97,2401.34,21552.6268,80,888.85,7978.1064,202204
8.96,8.97,8.95,8.97,660.83,5921.0698,27,594.31,5325.1085,202204
8.97,8.98,8.97,8.97,1940.4,17406.6238,41,514.03,4612.0849,202204
8.98,8.98,8.97,8.98,4661.86,41833.7019,56,1681.77,15102.2946,202204
8.98,9.01,8.97,8.99,28297.93,254471.4766,279,16134.22,145249.6109,202204
8.99,9.02,8.99,9.02,2609.4,23485.8755,136,2351.02,21157.8717,202204
9.02,9.02,9.01,9.01,995.12,8975.8993,29,523.17,4718.9934,202204
9.02,9.02,9.0,9.02,1350.5,12168.4501,37,102.69,926.1236,202204
9.01,9.03,9.01,9.02,2930.78,26425.5106,220,687.3,6199.5394,202204
9.01,9.01,9.0,9.01,1345.44,12120.4144,74,229.28,2065.8128,202204
9.01,9.02,9.01,9.01,901.8,8129.9174,34,736.92,6643.8622,202204
9.01,9.01,9.0,9.01,1715.52,15439.8349,29,15.49,139.5649,202204
9.0,9.01,9.0,9.01,203.37,1831.8564,21,124.07,1117.8707,202204
9.01,9.06,9.01,9.06,8426.05,76104.1479,236,6290.62,56815.1281,202204
9.06,9.07,9.05,9.06,1786.4,16174.7406,86,526.74,4772.6088,202204
9.05,9.06,9.04,9.06,868.59,7859.1347,72,366.87,3320.8153,202204
9.06,9.08,9.04,9.07,2535.72,22975.6357,111,1131.87,10259.524,202204
9.07,9.1,9.07,9.09,2498.83,22697.9251,146,1574.22,14305.4068,202204
9.09,9.1,9.07,9.07,3105.81,28219.9121,300,1214.82,11042.4932,202204
9.08,9.09,9.05,9.05,6118.52,55512.4173,147,2481.36,22528.1664,202204
9.06,9.07,9.04,9.05,1329.53,12033.5375,48,842.43,7624.7843,202204
9.06,9.08,9.05,9.06,10174.47,92193.361,111,8473.68,76774.8905,202204
9.07,9.08,9.06,9.08,833.38,7563.1774,36,780.37,7082.7236,202204
9.08,9.09,9.08,9.08,4665.84,42366.5086,56,897.87,8153.341,202204
9.08,9.09,9.06,9.09,2138.36,19414.2127,78,1450.89,13179.0016,202204
9.09,9.11,9.08,9.09,2618.68,23823.0282,110,1218.93,11092.5333,202204
9.09,9.09,9.08,9.09,890.64,8094.8771,26,786.59,7150.1031,202204
9.09,9.09,9.06,9.07,842.92,7645.367,40,66.54,604.4464,202204
9.08,9.1,9.08,9.1,1987.29,18057.022,57,1092.85,9931.9134,202204
9.1,9.1,9.09,9.09,1262.17,11482.6585,49,518.63,4719.533,202204
9.09,9.1,9.08,9.1,563.85,5124.6259,21,385.56,3505.1145,202204
9.1,9.1,9.08,9.1,1978.52,17985.3497,48,1530.28,13910.8921,202204
9.09,9.1,9.08,9.08,1780.67,16184.4524,66,821.47,7467.2722,202204
9.09,9.09,9.06,9.06,2730.15,24778.3684,78,1228.8,11153.6006,202204
9.06,9.07,9.04,9.06,2726.66,24693.5172,89,1893.5,17153.4648,202204
9.05,9.07,9.03,9.03,1853.75,16770.4858,68,458.19,4145.2466,202204
9.04,9.05,9.02,9.03,2256.97,20385.9664,65,711.69,6429.7165,202204
9.02,9.05,9.02,9.03,1319.27,11921.6949,54,788.43,7125.5242,202204
9.03,9.04,9.02,9.03,661.33,5970.1233,16,218.09,1969.6869,202204
9.04,9.04,9.02,9.03,2657.58,23993.4673,50,1481.27,13377.4685,202204
9.03,9.05,9.03,9.05,1019.71,9215.038,64,575.69,5203.7549,202204
9.04,9.05,9.04,9.05,111.06,1004.1788,7,19.64,177.742,202204
9.05,9.07,9.05,9.06,4031.61,36517.687,86,3705.98,33567.6075,202204
9.06,9.06,9.03,9.03,3542.62,32039.4527,84,972.19,8784.3648,202204
9.02,9.02,8.94,8.98,30357.76,272540.6344,796,11204.51,100519.8197,202204
8.99,8.99,8.96,8.97,4621.93,41481.6858,114,1235.78,11097.7551,202204
8.97,8.99,8.94,8.96,6770.24,60666.0852,147,4086.05,36621.2703,202204
8.96,8.99,8.95,8.98,5176.23,46442.3608,89,4064.25,36451.5502,202204
8.99,9.08,8.99,9.06,10180.9,92151.5855,398,6830.98,61830.0117,202204
9.07,9.09,9.03,9.03,6061.92,55002.054,232,3092.11,28062.3991,202204
9.04,9.06,9.02,9.05,3493.57,31595.7262,91,1625.04,14697.9138,202204
9.04,9.05,9.03,9.05,1479.27,13372.4651,59,808.57,7312.1936,202204
9.05,9.08,9.05,9.08,13062.53,118445.7839,185,7295.85,66157.9437,202204
9.08,9.09,9.07,9.07,3617.84,32866.5095,90,1370.72,12456.3276,202204
9.07,9.07,9.04,9.05,1838.84,16652.9519,51,579.98,5254.4704,202204
9.04,9.06,9.01,9.02,3902.16,35223.9839,107,1435.13,12958.9372,202204
9.02,9.03,9.02,9.03,1995.23,18002.6791,41,1783.48,16092.6941,202204
9.02,9.03,9.02,9.02,802.77,7245.8653,32,653.33,5897.5331,202204
9.02,9.05,9.01,9.05,2441.0,22023.4741,79,1490.51,13446.3864,202204
9.05,9.06,9.04,9.05,1596.85,14450.6992,44,1032.91,9347.4718,202204
9.05,9.05,9.02,9.02,6862.5,61916.5479,70,4280.79,38613.6354,202204
9.02,9.02,8.98,8.99,6608.81,59484.2861,123,2382.12,21430.8314,202204
8.99,9.01,8.97,9.01,3583.98,32232.3682,90,2227.0,20040.7035,202204
9.01,9.02,8.99,8.99,859.45,7740.0926,44,537.51,4841.7975,202204
9.01,9.02,8.98,9.0,3977.61,35800.2262,88,1548.95,13946.0989,202204
9.0,9.0,8.96,8.97,2635.47,23672.4264,98,1301.38,11695.3785,202204
8.97,9.0,8.97,8.98,4189.67,37639.3821,77,874.27,7855.9884,202204
8.98,9.01,8.97,9.0,4840.98,43512.9483,104,3680.1,33074.5754,202204
8.99,9.0,8.99,8.99,1768.85,15915.2477,41,1176.9,10591.6874,202204
8.99,9.0,8.97,8.98,443.05,3981.0773,30,227.35,2043.2937,202204
8.99,9.0,8.97,8.98,1615.09,14521.4848,63,897.4,8073.9245,202204
8.99,8.99,8.95,8.97,8905.68,79895.108,140,5743.61,51553.8126,202204
8.98,9.0,8.97,8.98,3758.89,33752.1585,173,972.69,8741.0768,202204
8.98,8.99,8.97,8.99,887.72,7974.9255,37,443.16,3982.7039,202204
8.99,9.02,8.98,9.0,4323.46,38931.3776,76,2872.93,25866.1591,202204
8.99,8.99,8.94,8.95,10231.59,91726.6492,211,6563.44,58864.0558,202204
8.95,8.97,8.9,8.94,10427.03,93161.2408,322,5472.68,48911.4804,202204
8.94,8.96,8.94,8.94,1478.63,13227.1559,198,785.59,7029.1488,202204
8.94,8.96,8.94,8.95,4283.19,38307.2894,65,115.98,1037.9883,202204
8.94,8.97,8.94,8.97,1855.93,16598.8655,41,183.41,1643.1972,202204
8.96,8.98,8.96,8.97,2021.46,18138.7508,70,977.94,8778.6501,202204
8.97,8.97,8.96,8.97,2713.28,24327.5395,63,1804.4,16181.6383,202204
8.98,8.98,8.95,8.97,1804.49,16178.7218,54,397.43,3562.2138,202204
8.97,9.0,8.97,9.0,2097.23,18842.6852,90,1070.97,9625.269,202204
9.0,9.01,8.99,9.0,640.41,5761.9658,36,149.13,1342.4527,202204
9.01,9.02,8.98,8.99,2826.9,25460.5453,82,2126.75,19159.2078,202204
9.0,9.01,8.99,9.01,607.64,5468.001,29,196.79,1771.3322,202204
9.0,9.01,8.99,9.0,1875.21,16880.001,76,960.15,8645.661,202204
8.99,9.02,8.99,9.0,3736.83,33644.0139,101,1659.91,14952.1251,202204
9.01,9.02,8.98,9.02,3310.47,29802.8544,95,2134.43,19221.8873,202204
9.01,9.03,9.01,9.02,2001.63,18071.1943,54,1026.01,9263.4974,202204
9.03,9.03,9.01,9.01,7054.3,63584.0034,88,2509.49,22631.8588,202204
9.03,9.03,8.99,9.0,2645.28,23838.5334,77,1504.41,13561.3439,202204
9.0,9.01,9.0,9.0,193.94,1745.7089,22,24.89,224.2589,202204
9.0,9.02,8.96,8.99,11252.33,101136.7708,204,2019.53,18136.4539,202204
8.99,9.0,8.98,8.99,1535.5,13801.2944,41,742.39,6672.1073,202204
8.99,9.0,8.98,8.98,1445.63,12999.8312,47,502.08,4517.8984,202204
8.99,9.0,8.98,9.0,2940.85,26426.6242,73,1881.0,16904.1333,202204
8.99,9.01,8.99,8.99,2988.91,26891.1594,89,1221.49,10992.7703,202204
9.0,9.01,8.99,9.0,733.11,6597.5223,45,134.95,1214.6494,202204
9.0,9.02,8.98,9.02,5095.26,45864.4838,123,4157.04,37422.2496,202204
9.02,9.04,9.01,9.02,5084.08,45877.0272,122,2446.18,22081.3401,202204
9.02,9.03,8.99,8.99,3008.21,27097.2035,75,113.96,1025.8155,202204
9.0,9.0,8.98,8.99,1020.6,9177.3161,34,856.86,7705.3172,202204
8.99,9.0,8.99,9.0,1610.93,14497.6352,50,892.56,8032.473,202204
8.99,9.0,8.98,9.0,2279.94,20506.5945,70,1574.16,14161.3943,202204
9.0,9.03,8.98,9.03,4749.79,42800.1463,92,3618.09,32598.8607,202204
9.03,9.04,9.0,9.0,1235.58,11147.0376,61,406.04,3667.1405,202204
8.99,9.01,8.97,9.0,1966.32,17673.224,65,839.4,7548.1251,202204
8.99,8.99,8.97,8.99,714.06,6415.0799,33,162.32,1458.1545,202204
8.97,8.99,8.97,8.97,1888.87,16949.6988,56,755.28,6778.4613,202204
8.98,8.98,8.96,8.98,2015.56,18089.3816,40,1351.25,12126.4919,202204
8.98,9.02,8.96,8.99,9664.9,86909.0353,189,5659.54,50903.8277,202204
8.99,9.0,8.97,8.98,2507.84,22510.117,58,1463.86,13135.5991,202204
8.98,8.99,8.97,8.97,656.78,5896.5278,34,336.23,3019.909,202204
8.97,8.99,8.94,8.96,5038.64,45142.9576,143,2685.07,24064.9196,202204
8.96,8.98,8.96,8.98,4998.79,44835.9531,121,3887.66,34870.8007,202204
8.97,8.99,8.97,8.97,2151.73,19315.943,61,572.44,5140.6032,202204
8.97,9.02,8.96,8.99,8196.71,73678.606,251,3811.82,34262.7052,202204
8.99,8.99,8.92,8.94,9800.36,87871.5954,227,5541.03,49691.8735,202204
8.93,8.94,8.84,8.85,28640.03,254551.2697,643,11559.3,102788.0051,202204
8.86,8.93,8.85,8.92,24067.26,214109.6271,673,13046.46,116059.5715,202204
8.92,8.96,8.91,8.93,8037.88,71828.0867,238,4988.36,44587.1781,202204
8.93,8.93,8.89,8.89,4860.1,43280.7405,130,3015.59,26855.9247,202204
8.89,8.93,8.88,8.9,7789.96,69361.4929,220,3889.08,34622.248,202204
8.9,8.93,8.89,8.91,6581.11,58609.1127,153,2416.71,21521.7767,202204
8.9,8.91,8.87,8.89,7096.75,63074.6259,135,3551.52,31579.6145,202204
8.88,8.91,8.82,8.83,11728.09,103918.1556,323,3893.37,34534.8295,202204
8.83,8.83,8.76,8.78,16110.34,141794.256,632,7474.85,65808.0368,202204
8.77,8.8,8.76,8.76,13892.37,121904.6061,324,4869.23,42736.711,202204
8.76,8.8,8.75,8.8,10497.18,92166.3907,422,6834.4,60045.9406,202204
8.79,8.82,8.77,8.78,10345.73,90993.8756,289,5540.99,48751.5243,202204
8.79,8.79,8.75,8.78,3538.56,31023.0286,149,2055.91,18027.2896,202204
8.78,8.8,8.76,8.79,10325.58,90672.4219,293,3961.11,34795.2686,202204
8.79,8.8,8.77,8.78,2301.08,20224.6524,98,1289.32,11336.5867,202204
8.78,8.81,8.77,8.78,4466.08,39272.005,138,2921.64,25697.8573,202204
8.78,8.8,8.74,8.74,9528.59,83530.5482,257,4565.96,40047.4596,202204
8.75,8.84,8.74,8.83,13215.25,116311.1732,335,8753.65,77111.7878,202204
8.83,8.83,8.8,8.82,5037.43,44427.9357,169,2239.88,19757.7451,202204
8.83,8.84,8.79,8.82,4998.15,44030.6657,139,2137.77,18848.8052,202204
8.82,8.83,8.79,8.79,2816.59,24798.2285,94,1666.01,14674.0521,202204
8.79,8.83,8.77,8.82,6183.03,54490.9069,173,4767.09,42027.8364,202204
8.82,8.84,8.8,8.81,3176.06,28008.6998,101,1548.31,13652.1525,202204
8.81,8.82,8.79,8.79,11755.71,103358.9189,133,3641.19,32021.9594,202204
8.8,8.81,8.76,8.77,6468.52,56769.2124,172,2855.92,25063.9514,202204
8.77,8.81,8.76,8.8,12898.77,113450.5454,170,11386.11,100157.8233,202204
8.8,8.83,8.79,8.79,9482.17,83647.182,156,6613.76,58376.5686,202204
8.79,8.82,8.78,8.82,17164.72,151159.894,224,13032.85,114769.4028,202204
8.82,8.83,8.77,8.78,6383.81,56186.8624,160,2709.98,23883.3153,202204
8.78,8.82,8.75,8.82,12411.53,109158.943,282,8179.22,71992.0941,202204
8.83,8.84,8.81,8.84,3952.36,34885.2319,137,2363.4,20865.198,202204
8.83,8.86,8.81,8.85,5154.52,45537.6918,164,2985.32,26397.3886,202204
8.85,8.91,8.85,8.9,6484.55,57589.6458,429,3973.46,35302.9287,202204
8.9,8.91,8.89,8.9,3147.9,28013.5825,126,723.07,6435.2002,202204
8.9,8.92,8.88,8.9,6879.35,61227.4037,207,5272.74,46932.1964,202204
8.9,8.91,8.89,8.9,985.43,8765.8236,42,617.48,5492.7733,202204
8.89,8.91,8.89,8.91,574.58,5114.2474,23,515.45,4588.5817,202204
8.91,8.92,8.89,8.91,3054.28,27211.7181,80,1462.76,13035.8321,202204
8.91,8.91,8.87,8.87,2444.47,21734.5548,109,399.65,3559.8502,202204
8.87,8.89,8.87,8.88,1412.92,12537.7251,72,828.88,7357.0115,202204
8.87,8.88,8.84,8.87,4218.25,37390.9282,161,1720.89,15253.93,202204
8.87,8.9,8.87,8.9,2442.86,21708.704,85,1353.71,12033.2218,202204
8.89,8.91,8.89,8.9,952.98,8481.5571,25,838.28,7460.8546,202204
8.9,8.92,8.9,8.92,437.98,3903.3736,32,177.5,1582.641,202204
8.91,8.91,8.89,8.89,1289.91,11483.5842,53,714.34,6362.487,202204
8.9,8.91,8.89,8.91,569.3,5071.702,32,210.24,1873.0392,202204
8.9,8.93,8.9,8.9,2104.8,18770.8566,102,651.47,5810.9603,202204
8.9,8.92,8.89,8.89,5554.28,49394.8065,105,1150.59,10233.4613,202204
8.9,9.14,8.89,9.07,149802.11,1355308.6388,3802,78060.67,706075.2744,202204
9.08,9.12,9.01,9.03,85940.19,779903.246,1564,61521.72,558517.7188,202204
9.03,9.07,9.01,9.02,40252.15,363752.1595,617,18956.01,171467.0386,202204
9.02,9.02,8.98,8.99,15704.96,141391.8101,374,8340.76,75105.969,202204
8.99,9.0,8.93,8.93,21585.25,193489.9606,440,11157.33,100020.4628,202204
8.93,8.98,8.93,8.96,9444.46,84556.5468,411,3588.7,32137.9263,202204
8.96,9.0,8.95,8.99,3684.82,33062.7765,95,3191.32,28628.4689,202204
9.0,9.04,9.0,9.03,8280.32,74742.9168,222,5477.39,49449.4914,202204
9.03,9.04,9.02,9.03,3081.86,27815.601,87,1455.13,13140.369,202204
9.03,9.03,8.98,9.0,3237.52,29110.068,117,1578.61,14189.3177,202204
9.0,9.02,8.97,8.97,2802.72,25204.6579,143,1042.97,9383.6291,202204
8.98,9.0,8.97,8.99,1585.88,14256.4272,64,1114.44,10022.3296,202204
9.0,9.02,9.0,9.0,2227.04,20055.0058,68,1169.74,10537.7747,202204
9.01,9.02,8.99,9.0,2368.13,21330.9706,75,1210.44,10907.6798,202204
9.0,9.01,8.99,8.99,2138.9,19247.4191,59,634.98,5715.4058,202204
9.0,9.01,8.98,9.01,1698.28,15287.8399,76,1217.99,10967.8218,202204
9.01,9.03,9.0,9.02,3005.8,27091.9378,107,899.06,8103.4101,202204
9.03,9.04,9.0,9.01,1252.2,11293.9992,80,460.32,4155.8114,202204
9.01,9.03,8.99,9.02,4912.12,44282.6748,158,2760.89,24899.1032,202204
9.02,9.05,9.02,9.05,11690.8,105703.198,187,7884.6,71307.1588,202204
9.05,9.05,9.02,9.02,856.19,7739.6974,37,538.02,4866.1995,202204
9.03,9.05,9.02,9.02,3717.7,33569.3142,100,1155.93,10446.4853,202204
9.03,9.06,9.03,9.05,3666.3,33164.2847,113,2842.01,25712.4526,202204
9.05,9.05,9.02,9.04,1076.84,9723.839,57,303.92,2747.0341,202204
9.03,9.05,9.0,9.0,1747.28,15747.4297,96,578.58,5217.2316,202204
9.0,9.0,8.97,8.97,1914.57,17190.5412,85,729.61,6554.6744,202204
8.96,8.97,8.93,8.93,5219.89,46668.9496,208,2729.21,24398.8175,202204
8.93,8.94,8.92,8.94,1471.28,13140.0708,63,1090.73,9741.9169,202204
8.94,8.96,8.93,8.94,811.92,7262.3386,50,404.79,3621.3367,202204
8.95,8.95,8.94,8.94,793.8,7099.0784,32,323.97,2897.1913,202204
8.94,8.95,8.94,8.95,1328.05,11884.2183,41,822.99,7365.7605,202204
8.95,8.96,8.95,8.96,1690.58,15131.27,27,57.9,518.784,202204
8.96,8.97,8.94,8.95,1770.19,15857.7329,90,784.08,7027.79,202204
8.96,8.96,8.91,8.91,3577.79,31958.5168,100,2224.47,19869.7383,202204
8.92,8.94,8.92,8.93,4121.2,36781.0325,104,1103.73,9851.9099,202204
8.92,8.94,8.92,8.93,891.76,7964.6923,37,390.56,3489.0914,202204
8.94,8.95,8.93,8.95,1134.39,10137.6158,37,752.99,6730.8795,202204
8.95,8.96,8.93,8.95,2320.6,20759.4157,73,1950.41,17450.994,202204
8.95,8.96,8.94,8.95,1419.31,12707.1903,45,1301.53,11653.5154,202204
8.95,8.95,8.94,8.95,3847.85,34406.8085,63,1335.57,11946.9472,202204
8.95,8.97,8.94,8.97,2374.45,21260.5473,73,1352.89,12117.7905,202204
8.97,8.97,8.95,8.97,433.72,3887.2147,30,242.53,2174.3576,202204
8.96,8.97,8.96,8.96,1179.93,10574.8468,31,394.66,3538.8276,202204
8.96,8.96,8.94,8.94,98.91,885.359,13,21.39,191.5749,202204
8.95,8.95,8.94,8.94,972.15,8691.6623,31,65.33,584.6915,202204
8.94,8.94,8.92,8.93,1174.16,10477.6513,62,102.54,915.8482,202204
8.93,8.95,8.92,8.94,645.16,5765.7617,53,344.04,3076.8724,202204
8.94,8.96,8.94,8.95,357.94,3204.6162,24,334.67,2996.3918,202204
8.96,8.97,8.95,8.95,1001.79,8978.8825,67,910.26,8158.8457,202204
8.95,8.96,8.95,8.95,479.26,4289.6414,34,37.6,336.7844,202204
8.94,8.95,8.92,8.94,663.68,5928.1105,21,54.6,488.5169,202204
8.94,8.94,8.93,8.94,118.66,1060.6888,10,105.5,943.17,202204
8.93,8.94,8.86,8.87,6333.3,56321.6687,311,2109.62,18768.5613,202204
8.87,8.89,8.84,8.89,3948.69,34979.573,383,2339.29,20735.5895,202204
8.89,8.93,8.88,8.91,3512.35,31289.4215,165,1951.85,17386.1833,202204
8.91,8.92,8.88,8.89,7686.7,68433.1672,154,795.32,7074.8729,202204
8.89,8.89,8.85,8.86,2471.46,21915.6109,85,1363.77,12088.3121,202204
8.86,8.89,8.86,8.88,2584.14,22938.8988,69,1771.44,15726.4392,202204
8.88,8.88,8.86,8.88,1097.02,9730.3635,56,566.32,5024.4497,202204
8.87,8.88,8.86,8.88,1455.34,12915.2136,67,619.38,5498.9158,202204
8.87,8.9,8.85,8.9,3622.75,32131.0358,101,2884.47,25587.3343,202204
8.9,8.9,8.88,8.88,1024.42,9101.3802,33,353.11,3139.0722,202204
8.87,8.88,8.86,8.87,1306.99,11593.4361,35,293.43,2603.3748,202204
8.87,8.87,8.87,8.87,239.29,2122.5023,14,59.8,530.426,202204
8.87,8.9,8.86,8.88,4778.74,42422.7481,124,2066.18,18349.4776,202204
8.88,8.88,8.85,8.86,1039.22,9213.7637,41,519.09,4603.648,202204
8.86,8.87,8.86,8.87,1401.87,12428.9656,43,839.74,7448.4938,202204
8.88,8.88,8.87,8.87,397.62,3527.6996,11,81.02,719.4576,202204
8.87,8.88,8.85,8.87,1211.08,10731.5346,24,751.03,6655.4071,202204
8.86,8.89,8.86,8.89,2141.06,19017.2825,63,1925.31,17103.7826,202204
8.88,8.9,8.88,8.88,914.26,8129.6337,29,576.31,5128.1764,202204
8.88,8.88,8.85,8.86,975.23,8643.1425,36,137.25,1217.111,202204
8.86,8.9,8.86,8.9,9816.36,87305.0351,120,6669.89,59302.6225,202204
8.9,8.92,8.9,8.91,1613.96,14381.5771,77,1107.61,9868.0031,202204
8.92,8.93,8.91,8.92,1460.27,13032.4152,67,1325.69,11832.4181,202204
8.92,8.92,8.89,8.91,886.43,7889.9277,42,71.89,640.4945,202204
8.91,8.95,8.9,8.95,3316.69,29591.0722,120,2025.35,18073.9024,202204
8.95,8.98,8.91,8.97,9217.35,82479.614,297,5985.18,53589.9342,202204
8.96,8.97,8.93,8.94,4929.05,44145.4518,122,3186.73,28552.1972,202204
8.93,8.96,8.93,8.96,2094.68,18727.3755,50,923.56,8268.3841,202204
8.95,8.95,8.93,8.93,2459.13,21972.6211,48,1405.44,12559.444,202204
8.93,8.94,8.92,8.94,1730.31,15445.0974,56,383.89,3428.1203,202204
8.93,8.93,8.9,8.91,3416.28,30444.7848,67,419.38,3736.6988,202204
8.91,8.92,8.9,8.92,1137.88,10147.3541,52,1015.97,9060.598,202204
8.92,8.93,8.92,8.92,1169.24,10435.3885,30,685.9,6123.9957,202204
8.92,8.92,8.9,8.9,2061.87,18354.7524,37,22.1,196.911,202204
8.9,8.9,8.87,8.88,1313.6,11674.0331,81,252.0,2238.984,202204
8.88,8.91,8.87,8.88,4754.46,42266.2345,98,2013.71,17903.5151,202204
8.88,8.9,8.88,8.88,2238.99,19907.516,109,1733.07,15410.5019,202204
8.88,8.91,8.88,8.89,1199.08,10669.2138,65,1108.17,9860.7602,202204
8.89,8.91,8.89,8.89,1269.32,11290.4612,52,652.46,5805.2176,202204
8.89,8.92,8.89,8.91,1050.03,9359.8647,32,721.89,6436.1849,202204
8.91,8.93,8.9,8.92,5775.28,51501.708,90,3899.73,34792.7411,202204
8.92,8.93,8.91,8.93,467.9,4174.8084,32,368.59,3289.4975,202204
8.93,8.98,8.93,8.97,5978.81,53593.2662,152,5591.59,50127.8585,202204
8.97,8.97,8.95,8.95,2361.22,21151.0675,44,1455.48,13041.145,202204
8.96,8.96,8.94,8.96,976.91,8743.257,64,808.06,7233.738,202204
8.96,8.98,8.95,8.95,2997.05,26888.1375,117,1305.14,11709.9065,202204
8.95,8.96,8.94,8.96,798.39,7143.5468,37,91.21,816.9287,202204
8.96,8.99,8.96,8.98,3179.84,28532.325,105,1535.06,13772.6276,202204
8.97,8.97,8.95,8.95,1524.39,13666.2464,180,617.15,5532.1992,202204
8.95,8.96,8.93,8.96,1603.41,14336.6757,66,661.72,5921.6176,202204
8.96,8.96,8.94,8.95,5805.77,51920.6986,88,1288.36,11531.0688,202204
8.95,8.95,8.93,8.94,4114.46,36788.8667,54,684.0,6120.5855,202204
8.94,8.96,8.94,8.95,1928.73,17260.4775,45,662.91,5938.5761,202204
8.94,8.96,8.94,8.96,428.64,3833.0027,30,256.31,2292.2469,202204
8.95,8.97,8.94,8.96,7734.14,69290.1477,116,1887.3,16916.3292,202204
8.96,8.97,8.96,8.97,364.08,3265.5612,20,166.89,1497.0033,202204
8.97,8.97,8.94,8.96,1293.8,11580.7063,44,275.74,2470.8345,202204
8.96,8.97,8.94,8.95,1500.79,13441.9144,55,587.1,5259.8097,202204
8.96,8.96,8.93,8.93,1623.12,14514.7524,52,416.06,3720.5701,202204
8.93,8.95,8.93,8.95,2034.2,18177.8925,57,1716.0,15333.1959,202204
8.94,8.97,8.94,8.97,4121.36,36900.0829,91,3000.59,26879.4273,202204
8.96,8.97,8.94,8.94,1762.52,15772.0408,61,452.3,4050.4818,202204
8.94,8.97,8.94,8.97,1961.46,17572.3338,97,1235.34,11065.8901,202204
8.98,8.99,8.96,8.96,1843.69,16549.8388,90,1334.75,11982.7632,202204
8.97,9.0,8.97,8.99,1823.28,16396.6119,144,1243.46,11179.5493,202204
8.99,8.99,8.95,8.95,2087.45,18719.8494,90,284.55,2549.1866,202204
8.94,8.99,8.93,8.99,1864.14,16684.1813,67,1547.65,13850.3721,202204
8.98,9.0,8.98,9.0,1216.95,10941.5877,48,669.94,6024.045,202204
8.99,9.01,8.97,9.0,2794.55,25137.8321,102,1575.58,14177.9754,202204
9.01,9.01,8.99,9.0,5402.34,48591.9833,96,1611.93,14508.4829,202204
9.0,9.03,9.0,9.03,3010.42,27148.9014,124,2490.59,22460.4272,202204
9.03,9.03,9.02,9.02,1534.19,13845.8295,52,1180.24,10653.2005,202204
9.03,9.03,8.99,9.02,11150.99,100309.6788,234,1266.28,11414.8489,202204
9.03,9.05,9.01,9.04,1986.03,17939.8956,118,1051.41,9499.3769,202204
9.05,9.06,9.02,9.02,2946.49,26656.3416,102,2025.35,18329.6906,202204
9.03,9.04,8.99,9.0,6686.34,60284.5005,134,1936.05,17455.6645,202204
9.0,9.0,8.88,8.91,24462.16,218321.9619,664,10225.9,91151.5355,202204
8.91,8.91,8.83,8.86,18445.65,163385.8176,776,8861.57,78483.4759,202204
8.86,8.87,8.85,8.87,1827.99,16180.7011,98,1123.76,9946.2092,202204
8.87,8.93,8.87,8.93,7924.31,70641.5743,145,1439.55,12815.2927,202204
8.92,8.92,8.9,8.92,3030.35,27005.7098,81,1203.09,10725.1873,202204
8.91,8.95,8.91,8.94,4909.86,43785.8068,94,3955.1,35274.1972,202204
8.94,8.96,8.94,8.96,4893.89,43793.0198,89,2057.08,18415.9717,202204
8.96,8.96,8.94,8.95,2323.83,20805.5859,78,1519.2,13604.6708,202204
8.95,8.97,8.94,8.94,4012.33,35917.6224,111,729.92,6540.4279,202204
8.96,8.96,8.91,8.94,1299.74,11613.382,73,653.29,5834.0809,202204
8.93,8.93,8.91,8.91,2245.86,20020.7036,68,645.29,5751.0692,202204
8.92,8.94,8.92,8.94,835.19,7458.3327,45,616.22,5502.5838,202204
8.93,8.95,8.92,8.94,2237.48,19981.9896,74,649.66,5806.227,202204
8.95,8.96,8.93,8.94,3895.74,34856.6961,91,2525.25,22597.3814,202204
8.93,8.93,8.92,8.93,4566.46,40777.8755,80,3267.44,29178.2392,202204
8.94,8.96,8.93,8.95,1055.36,9440.5059,37,580.21,5190.346,202204
8.95,8.96,8.94,8.95,1917.71,17163.968,55,630.01,5639.2143,202204
8.96,8.96,8.95,8.95,73.35,656.5056,9,2.31,20.6976,202204
8.94,8.96,8.94,8.94,1035.49,9260.6049,46,485.89,4346.7109,202204
8.93,8.95,8.93,8.94,553.3,4947.1232,18,259.28,2318.6214,202204
8.94,8.95,8.93,8.94,2280.17,20387.8391,70,1127.87,10083.8512,202204
8.94,8.96,8.93,8.95,2117.6,18942.0672,60,1479.05,13234.9792,202204
8.96,8.98,8.95,8.98,2573.16,23081.7361,106,2095.52,18800.324,202204
8.97,8.98,8.97,8.98,901.82,8095.4573,60,573.36,5147.276,202204
8.98,8.98,8.95,8.97,1995.78,17898.5025,167,1527.59,13701.7841,202204
8.96,8.98,8.96,8.98,452.5,4060.1422,16,332.19,2980.9727,202204
8.98,9.0,8.98,8.99,2242.52,20151.7682,150,907.59,8157.733,202204
8.99,8.99,8.98,8.98,707.98,6360.747,28,343.41,3086.9084,202204
8.97,8.98,8.96,8.96,1095.61,9827.6764,40,459.11,4119.3263,202204
8.97,8.99,8.97,8.98,4219.94,37857.0688,56,3816.57,34238.4687,202204
8.99,9.01,8.99,9.0,2299.27,20689.3878,84,480.82,4325.9757,202204
9.0,9.0,8.99,9.0,407.47,3664.0942,29,148.7,1337.7519,202204
8.99,9.02,8.99,9.02,5250.02,47299.1064,124,1952.65,17594.0766,202204
9.03,9.03,9.01,9.01,831.26,7500.4598,50,494.69,4466.9654,202204
9.01,9.02,9.0,9.01,3377.15,30427.9591,48,125.1,1127.1787,202204
9.01,9.02,8.99,9.0,3683.69,33183.4164,108,1346.63,12139.252,202204
9.01,9.02,9.01,9.02,1430.36,12892.5306,55,1180.89,10644.8059,202204
9.01,9.03,9.01,9.02,1731.53,15604.5176,49,494.35,4456.8895,202204
9.03,9.03,9.01,9.02,1477.57,13324.1292,59,669.66,6039.6154,202204
9.02,9.02,8.98,8.99,8131.45,73150.124,189,2422.37,21812.795,202204
9.0,9.01,8.99,9.0,2378.69,21407.3754,63,916.0,8244.9074,202204
8.99,9.01,8.99,9.0,2469.4,22224.1986,77,975.07,8778.8593,202204
9.0,9.01,8.99,9.0,865.25,7785.7746,43,579.45,5215.7838,202204
9.0,9.01,8.99,9.01,1181.59,10640.2529,52,1090.72,9822.657,202204
9.01,9.01,8.99,9.01,2073.85,18675.6486,67,1264.76,11394.0386,202204
9.01,9.02,8.98,9.01,5015.29,45146.1443,96,3372.55,30362.1974,202204
9.01,9.01,8.99,9.01,1893.32,17033.7875,69,805.21,7246.383,202204
9.01,9.03,9.0,9.02,1772.65,15989.1516,68,1510.09,13621.9593,202204
9.01,9.02,9.01,9.02,1649.31,14875.0812,49,1121.34,10114.4868,202204
9.02,9.04,9.02,9.03,4146.24,37457.5844,91,1578.23,14249.3006,202204
9.04,9.05,9.03,9.05,1225.1,11075.8758,89,693.52,6270.8429,202204
9.04,9.08,9.04,9.06,2316.13,20982.0741,272,1033.35,9365.1819,202204
9.06,9.07,9.06,9.06,665.47,6034.0419,57,456.08,4136.6456,202204
9.07,9.08,9.06,9.07,833.72,7560.4638,42,479.19,4346.3943,202204
9.07,9.07,9.05,9.05,2598.94,23546.9472,80,1162.37,10541.2873,202204
9.05,9.05,9.01,9.04,5685.07,51292.7155,145,1202.19,10853.8479,202204
9.05,9.06,9.03,9.03,1694.55,15322.5319,83,599.55,5424.836,202204
9.03,9.04,9.03,9.04,69.42,627.2273,15,47.21,426.671,202204
9.04,9.04,9.03,9.04,465.89,4208.688,27,170.13,1537.9752,202204
9.04,9.07,9.03,9.07,2113.96,19139.661,61,2025.62,18340.0455,202204
9.06,9.07,9.04,9.05,2494.86,22590.9813,53,516.6,4676.537,202204
9.06,9.07,9.04,9.05,1389.07,12589.5758,59,1034.32,9377.1739,202204
9.05,9.07,9.05,9.05,1381.15,12504.9804,40,412.33,3734.5828,202204
9.05,9.08,9.05,9.07,4952.99,44922.916,118,3741.0,33934.3054,202204
9.07,9.08,9.02,9.03,2019.3,18250.3854,68,660.61,5980.4754,202204
9.03,9.04,9.02,9.04,1169.85,10563.7125,41,863.2,7794.9272,202204
9.04,9.05,9.03,9.05,1047.37,9461.0225,31,321.24,2904.0686,202204
9.04,9.05,9.03,9.04,1934.33,17483.7984,59,508.6,4601.6572,202204
9.04,9.04,9.03,9.04,1308.16,11821.6851,32,900.03,8136.2712,202204
9.04,9.04,9.03,9.03,559.64,5058.629,18,507.98,4592.1392,202204
9.04,9.04,9.03,9.03,1232.09,11135.8381,26,1006.54,9099.1216,202204
9.04,9.04,9.03,9.04,18523.77,167453.9526,150,18430.95,166615.788,202204
9.04,9.04,9.03,9.04,3186.36,28804.2497,84,3141.89,28402.6856,202204
9.04,9.05,9.04,9.05,3377.5,30547.7233,92,1054.49,9538.4462,202204
9.05,9.08,9.05,9.07,5486.36,49720.8705,157,3915.06,35470.1336,202204
9.08,9.08,9.07,9.08,1424.39,12932.2535,43,1303.62,11836.8696,202204
9.08,9.09,9.05,9.06,5169.56,46906.2951,164,2494.76,22643.7316,202204
9.07,9.12,9.07,9.1,5588.3,50854.3473,227,3301.32,30045.0263,202204
9.11,9.12,9.1,9.1,4370.82,39818.0173,100,3664.82,33388.2417,202204
9.11,9.12,9.08,9.08,3854.94,35070.7492,125,1188.39,10820.7354,202204
9.09,9.12,9.08,9.09,4797.18,43663.155,118,1829.02,16641.7089,202204
9.1,9.13,9.09,9.11,16610.34,151395.9702,242,14433.59,131555.4319,202204
9.11,9.15,9.1,9.15,2733.62,24952.6841,151,1513.7,13819.8366,202204
9.15,9.18,9.13,9.15,14625.4,133955.5144,886,10448.39,95714.3729,202204
9.15,9.17,9.14,9.15,5804.07,53130.3345,137,4200.92,38459.5498,202204
9.15,9.17,9.15,9.17,2035.28,18649.0837,57,1777.12,16284.381,202204
9.17,9.17,9.16,9.16,2383.03,21838.9713,59,1041.65,9551.9305,202204
9.17,9.17,9.14,9.15,23132.42,211708.5891,217,3171.77,29025.5711,202204
9.15,9.16,9.15,9.16,2322.81,21270.2524,69,2099.31,19223.423,202204
9.16,9.19,9.16,9.17,5553.34,50957.9208,189,3364.87,30875.4715,202204
9.16,9.18,9.16,9.17,2297.75,21074.9294,81,1767.25,16210.3634,202204
9.18,9.18,9.12,9.14,19979.09,182842.3652,330,2042.6,18682.3532,202204
9.14,9.14,9.11,9.12,3936.2,35937.3307,99,2314.84,21147.9613,202204
9.12,9.13,9.07,9.1,29672.45,269857.4933,432,5256.09,47798.0309,202204
9.1,9.1,9.08,9.09,5078.65,46161.9326,98,312.53,2842.4006,202204
9.09,9.09,9.07,9.08,2098.03,19047.5383,103,1237.02,11234.2783,202204
9.07,9.12,9.07,9.12,4630.98,42117.9752,257,3968.88,36107.2004,202204
9.12,9.17,9.12,9.17,3822.05,34972.6814,154,2226.79,20379.0085,202204
9.18,9.21,9.17,9.2,12404.25,114045.4371,414,5220.65,48010.8187,202204
9.2,9.22,9.17,9.18,12240.15,112491.4524,409,5831.16,53599.4325,202204
9.18,9.22,9.18,9.2,3274.24,30132.9864,108,2136.01,19661.0559,202204
9.19,9.21,9.17,9.17,1732.78,15917.7547,70,247.49,2275.7742,202204
9.17,9.19,9.16,9.17,2551.72,23414.684,70,1429.12,13115.2182,202204
9.18,9.18,9.17,9.17,203.32,1866.0255,31,121.25,1113.075,202204
9.18,9.19,9.17,9.19,5265.71,48351.9835,127,3925.57,36052.7494,202204
9.18,9.2,9.17,9.18,2973.14,27284.9194,94,752.53,6913.5711,202204
9.18,9.19,9.17,9.19,1264.12,11603.1875,45,313.0,2873.5867,202204
9.19,9.19,9.17,9.19,2321.57,21317.096,52,1887.8,17335.1162,202204
9.19,9.19,9.17,9.19,3196.16,29333.191,91,679.19,6236.2604,202204
9.19,9.22,9.16,9.2,19005.37,174578.0979,250,9197.38,84519.1286,202204
9.2,9.21,9.18,9.18,1843.48,16950.3536,60,970.63,8928.5164,202204
9.17,9.19,9.12,9.13,19239.12,176053.9763,426,5578.23,51020.1692,202204
9.14,9.14,9.12,9.13,2244.11,20484.2521,67,1093.64,9988.5177,202204
9.13,9.13,9.1,9.12,5900.34,53802.9862,149,3162.09,28852.9809,202204
9.11,9.12,9.1,9.12,3236.44,29503.1056,82,1789.79,16322.8348,202204
9.12,9.12,9.11,9.12,1796.34,16365.8588,57,364.15,3317.7921,202204
9.12,9.13,9.12,9.13,4183.67,38190.6882,103,2469.46,22541.966,202204
9.14,9.15,9.13,9.15,1800.48,16455.7351,64,1711.04,15638.5938,202204
9.15,9.18,9.14,9.17,23903.53,218957.7352,210,22517.54,206265.7026,202204
9.17,9.19,9.15,9.15,5489.25,50344.5473,116,2873.33,26365.9083,202204
9.15,9.15,9.13,9.13,2668.43,24387.0209,76,595.48,5436.9059,202204
9.13,9.14,9.12,9.14,2465.14,22489.0052,62,1042.79,9516.0997,202204
9.14,9.14,9.12,9.12,937.88,8564.0852,34,329.76,3013.2752,202204
9.12,9.14,9.12,9.13,796.4,7268.647,40,519.1,4739.6601,202204
9.14,9.16,9.14,9.15,1293.29,11828.0803,47,532.11,4866.0309,202204
9.15,9.18,9.15,9.18,2579.46,23613.8398,78,935.29,8568.4262,202204
9.18,9.19,9.17,9.17,1474.27,13533.4174,62,563.49,5173.8527,202204
9.18,9.19,9.17,9.18,569.49,5228.929,33,455.12,4179.2439,202204
9.19,9.19,9.17,9.17,3353.04,30775.9407,64,1820.23,16719.0445,202204
9.16,9.19,9.16,9.18,923.55,8482.0813,44,456.78,4195.003,202204
9.18,9.18,9.17,9.17,3540.19,32469.373,44,1308.48,11999.9912,202204
9.18,9.18,9.14,9.16,3268.68,29917.093,96,503.1,4606.535,202204
9.16,9.18,9.15,9.16,724.92,6641.4823,34,234.93,2153.0436,202204
9.16,9.18,9.15,9.16,680.73,6240.7344,46,360.13,3302.1078,202204
9.17,9.21,9.15,9.18,6821.22,62647.8052,205,3879.39,35646.1365,202204
9.17,9.17,9.14,9.15,4952.9,45329.2127,130,2751.44,25180.2226,202204
9.15,9.16,9.14,9.15,1855.23,16975.2243,44,199.96,1830.304,202204
9.15,9.16,9.14,9.15,2382.38,21798.659,56,2070.63,18947.4085,202204
9.15,9.17,9.15,9.15,1377.37,12614.1059,52,416.63,3816.3554,202204
9.15,9.16,9.15,9.16,805.05,7373.2492,42,704.17,6450.1972,202204
9.17,9.17,9.12,9.14,4153.44,37981.5946,145,1546.99,14156.9621,202204
9.13,9.18,9.12,9.18,5966.25,54667.7349,161,5395.88,49446.304,202204
9.18,9.19,9.17,9.19,4281.56,39314.3529,132,1736.81,15951.3718,202204
9.19,9.19,9.17,9.17,6230.63,57172.598,103,226.26,2078.362,202204
9.16,9.18,9.16,9.16,1429.95,13111.2782,49,381.82,3504.6271,202204
9.16,9.18,9.16,9.17,709.46,6505.2493,24,324.22,2973.2457,202204
9.17,9.19,9.17,9.17,951.08,8728.561,39,398.25,3656.0715,202204
9.16,9.16,9.14,9.14,4318.37,39518.1417,86,943.05,8629.0183,202204
9.15,9.15,9.13,9.14,10903.39,99604.2627,152,5631.92,51439.4384,202204
9.13,9.16,9.13,9.15,5582.9,51047.3953,66,5047.79,46155.2188,202204
9.15,9.16,9.14,9.15,452.76,4141.9836,20,60.11,550.0883,202204
9.15,9.15,9.12,9.13,5608.68,51286.5408,120,2409.72,22037.7723,202204
9.12,9.13,9.07,9.11,17559.86,159635.031,459,6402.67,58174.1557,202204
9.1,9.1,9.06,9.09,4842.93,43984.1,152,1233.91,11202.0607,202204
9.08,9.09,9.06,9.08,2065.97,18746.4146,98,696.54,6323.6733,202204
9.08,9.08,9.07,9.07,877.27,7959.2162,51,33.81,306.9948,202204
9.07,9.07,9.06,9.07,1532.11,13895.1036,65,657.44,5962.9808,202204
9.06,9.07,9.05,9.06,2400.73,21750.4122,75,50.5,457.6766,202204
9.05,9.07,9.05,9.06,1280.32,11597.1447,70,382.98,3470.8085,202204
9.05,9.07,9.05,9.07,2291.9,20768.5182,55,1545.18,14003.0987,202204
9.08,9.08,9.06,9.07,512.35,4646.2184,31,228.67,2074.342,202204
9.06,9.07,9.06,9.06,74.62,676.0792,8,2.2,19.954,202204
9.06,9.07,9.06,9.07,32.95,298.6981,7,17.11,155.1877,202204
9.06,9.08,9.06,9.07,1557.81,14129.08,41,441.67,4006.2688,202204
9.08,9.08,9.06,9.07,2723.0,24680.9083,79,32.9,298.414,202204
9.06,9.07,9.05,9.06,882.51,7995.529,33,712.65,6456.6222,202204
9.07,9.07,9.05,9.06,799.1,7239.8663,31,239.37,2168.7675,202204
9.07,9.08,9.06,9.06,3132.05,28407.7165,61,559.66,5076.2152,202204
9.06,9.07,9.06,9.07,752.3,6821.6592,22,582.12,5279.8284,202204
9.06,9.07,9.04,9.05,1874.22,16960.2947,105,204.15,1848.8484,202204
9.04,9.05,9.03,9.04,2544.94,23012.5303,118,1293.33,11698.0701,202204
9.04,9.04,8.99,9.0,10160.74,91539.5071,380,3561.31,32091.3468,202204
9.0,9.03,9.0,9.01,892.09,8043.7396,47,561.15,5058.8794,202204
9.02,9.03,9.01,9.03,903.74,8149.0066,63,473.9,4275.6,202204
9.03,9.03,9.02,9.02,192.09,1732.8476,13,19.58,176.8074,202204
9.02,9.03,9.01,9.02,869.89,7843.3618,48,15.34,138.3939,202204
9.01,9.02,9.0,9.01,2628.28,23690.0319,82,1842.37,16609.0062,202204
9.01,9.03,9.01,9.03,859.66,7752.9929,34,497.19,4484.6151,202204
9.02,9.03,9.0,9.02,3774.02,34021.8792,102,1245.31,11236.8802,202204
9.03,9.03,9.0,9.01,5809.04,52366.9877,66,65.43,590.1933,202204
9.01,9.01,9.0,9.01,3662.35,32974.4841,35,1333.41,12014.0241,202204
9.01,9.01,8.96,8.98,7895.9,70959.2615,265,3826.52,34401.4009,202204
8.97,9.0,8.97,8.99,992.3,8914.3486,62,808.6,7264.0447,202204
9.0,9.01,8.99,9.0,1167.7,10511.1217,233,631.87,5690.5552,202204
8.99,8.99,8.98,8.99,704.41,6332.6278,24,4.41,39.6459,202204
9.0,9.0,8.99,8.99,356.95,3209.1804,21,19.99,179.91,202204
8.99,9.0,8.98,8.99,428.68,3853.9117,38,29.46,265.1234,202204
8.99,9.03,8.99,9.01,4142.04,37317.3902,115,2323.07,20916.2346,202204
9.01,9.04,9.0,9.02,2836.21,25578.0689,91,1890.36,17052.2134,202204
9.02,9.03,9.02,9.02,202.66,1828.8834,14,89.02,803.8506,202204
9.03,9.03,9.02,9.02,211.79,1912.0098,13,166.4,1502.592,202204
9.03,9.03,9.02,9.02,788.53,7112.5957,36,5.51,49.7553,202204
9.02,9.03,9.01,9.03,1270.2,11458.6356,33,372.87,3365.0129,202204
9.03,9.03,9.01,9.01,2173.13,19600.1608,76,531.3,4797.639,202204
9.02,9.04,9.01,9.03,1412.64,12752.9451,68,816.27,7368.4892,202204
9.02,9.03,9.02,9.02,312.67,2820.8613,9,59.28,535.2835,202204
9.01,9.03,9.0,9.02,1876.63,16911.0685,67,1368.12,12330.0661,202204
9.03,9.03,9.02,9.02,453.53,4094.3211,13,348.05,3142.8915,202204
9.02,9.03,9.02,9.02,220.63,1990.3342,16,160.82,1450.848,202204
9.02,9.03,9.01,9.02,2432.0,21936.1273,38,1679.34,15147.68,202204
9.03,9.03,9.01,9.01,1657.23,14946.1378,52,562.79,5079.1665,202204
9.02,9.02,9.01,9.01,80.03,721.2935,11,22.32,201.3264,202204
9.01,9.02,9.0,9.0,884.28,7967.3193,34,21.65,195.283,202204
9.01,9.01,9.0,9.0,238.57,2147.9769,16,84.69,763.0569,202204
9.0,9.01,9.0,9.0,377.56,3398.1205,21,8.05,72.5305,202204
9.01,9.02,9.01,9.01,2689.99,24242.8737,68,1200.68,10824.1906,202204
9.02,9.03,9.02,9.03,184.82,1667.1288,23,49.29,444.6482,202204
9.02,9.03,9.02,9.03,92.92,838.5743,14,43.59,393.6177,202204
9.03,9.03,9.03,9.03,768.49,6939.4647,29,285.38,2576.9814,202204
9.04,9.04,9.03,9.03,164.28,1485.0038,12,155.54,1406.0816,202204
9.03,9.04,9.03,9.04,846.61,7649.6113,24,443.36,4007.9744,202204
9.04,9.04,9.03,9.03,1406.26,12698.9866,38,417.18,3767.1354,202204
9.03,9.04,9.02,9.04,755.42,6824.8555,60,528.41,4775.1532,202204
9.04,9.04,9.03,9.03,723.33,6531.7657,25,665.97,6013.8049,202204
9.03,9.06,9.03,9.04,2658.36,24049.8576,93,1555.63,14075.5212,202204
9.04,9.04,9.02,9.03,800.18,7225.9623,30,275.44,2487.2801,202204
9.03,9.04,9.03,9.04,96.7,873.9629,14,76.19,688.7576,202204
9.04,9.04,9.03,9.03,576.33,5204.9503,19,484.09,4372.0231,202204
9.04,9.06,9.04,9.06,1241.79,11240.0883,55,729.45,6603.4113,202204
9.06,9.09,9.06,9.07,3970.47,36015.7821,134,3569.18,32374.908,202204
9.08,9.08,9.06,9.07,1148.09,10402.5702,35,185.16,1678.1171,202204
9.06,9.08,9.06,9.08,4353.22,39481.4874,65,2063.28,18712.5249,202204
9.08,9.08,9.06,9.06,809.31,7347.2696,14,692.14,6284.6005,202204
9.07,9.07,9.02,9.02,2445.7,22112.0926,75,194.22,1753.3243,202204
9.02,9.03,9.01,9.02,1062.27,9575.0016,49,740.57,6674.8921,202204
9.03,9.04,9.02,9.03,2237.24,20190.3225,67,444.23,4009.904,202204
9.02,9.03,9.02,9.02,352.77,3183.0944,11,110.9,1001.427,202204
9.03,9.03,9.02,9.02,1231.88,11111.7556,24,19.8,178.794,202204
9.03,9.03,9.02,9.03,326.2,2944.2603,18,193.63,1748.4789,202204
9.02,9.03,9.02,9.03,908.94,8206.1782,29,753.94,6808.0782,202204
9.04,9.04,8.92,8.93,10968.2,98477.6385,339,4895.27,43957.7105,202204
8.93,8.95,8.87,8.93,33992.57,302919.6815,986,14965.26,133358.9263,202204
8.94,8.97,8.93,8.95,14799.22,132339.5425,162,6918.22,61865.5925,202204
8.95,8.98,8.93,8.97,2517.53,22557.5936,116,1105.06,9904.4366,202204
8.96,8.96,8.91,8.91,7938.37,70886.1417,190,2424.54,21647.0194,202204
8.91,8.93,8.9,8.9,2640.39,23546.9172,98,1621.28,14465.3959,202204
8.91,8.94,8.89,8.93,6311.34,56275.0643,184,4419.01,39418.6955,202204
8.93,8.96,8.91,8.95,2814.89,25166.9079,68,1670.06,14925.7166,202204
8.94,8.97,8.94,8.96,1684.11,15079.4853,57,308.56,2762.673,202204
8.96,8.97,8.93,8.95,6462.46,57809.7735,142,3339.02,29865.2072,202204
8.96,8.96,8.93,8.94,1784.02,15950.5025,40,1455.73,13015.4925,202204
8.94,8.98,8.94,8.98,6062.35,54315.7345,124,4457.47,39955.1799,202204
8.98,8.99,8.96,8.96,2441.8,21935.8208,99,871.84,7833.1528,202204
8.96,8.99,8.95,8.97,17365.27,155897.2705,222,15178.26,136285.6337,202204
8.97,8.98,8.96,8.98,239.83,2151.4245,24,43.63,391.3956,202204
8.97,8.98,8.94,8.95,956.83,8564.6444,34,37.59,336.4653,202204
8.94,8.97,8.93,8.97,2286.62,20474.7344,84,1670.08,14963.7921,202204
8.97,8.98,8.96,8.97,2427.5,21776.9158,60,1294.8,11617.8108,202204
8.97,8.98,8.94,8.97,8494.45,76137.0889,154,2180.25,19540.868,202204
8.97,9.0,8.97,8.98,1074.16,9649.6341,55,892.9,8021.224,202204
8.98,9.01,8.98,9.0,3219.51,28958.8529,85,1555.79,13991.9756,202204
9.0,9.01,8.99,8.99,1716.66,15439.58,43,321.31,2890.8651,202204
8.99,8.99,8.97,8.98,4936.22,44322.1722,97,3136.85,28162.1941,202204
8.98,8.98,8.97,8.98,1653.56,14845.1664,49,1106.34,9933.5824,202204
8.98,9.01,8.97,8.97,2811.38,25270.4577,66,1867.63,16792.3944,202204
8.97,8.98,8.97,8.97,358.08,3212.1121,19,343.11,3077.8312,202204
8.98,8.98,8.97,8.97,1757.28,15766.3416,30,662.44,5945.6268,202204
8.96,8.98,8.96,8.97,1466.15,13138.2653,23,127.31,1142.0041,202204
8.96,8.96,8.94,8.94,3433.25,30723.907,77,1624.87,14539.2959,202204
8.94,8.95,8.93,8.94,1918.1,17155.0696,48,910.09,8139.2766,202204
8.95,8.95,8.93,8.95,2490.37,22259.7547,63,1409.6,12601.8158,202204
8.95,8.95,8.93,8.94,1790.18,15998.3419,59,626.01,5593.8181,202204
8.95,8.99,8.95,8.98,2236.67,20069.7822,87,1625.92,14586.3734,202204
8.99,9.0,8.98,8.99,844.56,7592.719,31,800.33,7195.1167,202204
8.99,9.01,8.98,9.01,1934.89,17398.7359,90,337.38,3036.2555,202204
9.01,9.01,8.99,9.0,223.92,2015.5565,23,113.59,1022.6366,202204
9.0,9.0,8.99,9.0,3561.61,32044.874,57,2138.97,19243.5131,202204
9.0,9.02,8.99,9.01,2339.34,21063.8608,74,881.96,7947.2201,202204
9.02,9.03,9.01,9.02,1946.58,17558.7552,226,711.04,6416.788,202204
9.02,9.03,8.99,8.99,1043.42,9401.8657,55,328.81,2966.1735,202204
8.99,9.0,8.95,8.97,6300.93,56523.5606,145,4737.6,42496.8666,202204
8.97,8.98,8.97,8.98,1411.98,12669.8194,51,627.02,5625.8889,202204
8.97,9.03,8.96,9.02,3149.62,28361.6279,139,2109.71,18999.2265,202204
9.02,9.05,9.01,9.04,2806.18,25346.7457,132,2033.94,18367.3708,202204
9.03,9.03,9.02,9.03,2349.63,21209.2882,65,220.72,1993.1016,202204
9.03,9.03,9.01,9.02,2335.52,21072.4382,78,1978.05,17849.3567,202204
9.02,9.03,9.02,9.02,1799.39,16242.313,36,780.18,7040.8494,202204
9.03,9.04,9.02,9.04,2274.22,20535.5623,39,2060.65,18608.2225,202204
9.03,9.05,9.03,9.04,385.85,3488.1317,36,105.99,958.4257,202204
9.04,9.06,9.04,9.05,1478.92,13388.4957,95,1271.57,11512.5265,202204
9.05,9.07,9.05,9.06,1276.33,11563.5463,37,1072.36,9715.5929,202204
9.07,9.07,9.06,9.07,487.56,4422.019,20,472.54,4285.9378,202204
9.07,9.09,9.04,9.05,3825.06,34676.9462,227,2135.45,19380.2126,202204
9.04,9.06,9.04,9.04,781.21,7063.7756,31,56.97,516.032,202204
9.05,9.07,9.05,9.06,670.03,6069.246,50,564.2,5110.9106,202204
9.06,9.07,9.05,9.06,704.09,6380.7883,25,396.85,3598.661,202204
9.06,9.07,9.05,9.07,1068.93,9680.4851,44,459.34,4162.5997,202204
9.06,9.06,9.05,9.05,378.74,3431.206,13,340.1,3081.306,202204
9.06,9.06,9.04,9.06,1041.37,9424.9717,33,502.9,4551.7427,202204
9.06,9.06,9.04,9.05,392.73,3554.9535,30,37.79,342.0566,202204
9.05,9.05,9.02,9.03,1605.72,14506.3816,58,792.74,7165.6051,202204
9.03,9.03,9.0,9.01,4968.63,44806.3638,111,1886.7,17014.5037,202204
9.01,9.02,9.01,9.02,453.49,4090.3331,18,55.39,499.5777,202204
9.01,9.01,9.0,9.0,1248.16,11245.0917,47,609.55,5492.0455,202204
9.0,9.02,9.0,9.01,1104.06,9946.9804,29,888.08,8001.8919,202204
9.01,9.02,9.0,9.02,1044.57,9412.1745,36,1026.83,9252.3571,202204
9.01,9.03,9.0,9.02,573.78,5170.1633,25,223.0,2011.1892,202204
9.02,9.02,8.99,9.0,1034.5,9311.7576,59,222.45,2002.1393,202204
9.01,9.02,9.01,9.02,351.45,3166.5965,17,264.9,2386.781,202204
9.01,9.02,9.0,9.02,1881.84,16966.0679,51,131.16,1182.2695,202204
9.01,9.02,9.01,9.01,204.36,1841.4638,13,26.87,242.2789,202204
9.01,9.02,9.01,9.01,402.55,3627.1371,17,376.46,3392.0662,202204
9.02,9.03,9.02,9.02,594.21,5360.0389,23,477.07,4303.4361,202204
9.02,9.02,9.0,9.01,927.76,8359.2797,22,207.18,1866.8858,202204
9.0,9.01,8.99,9.01,159.99,1439.5032,21,47.42,426.7832,202204
9.0,9.0,9.0,9.0,76.25,686.25,6,0.0,0.0,202204
9.0,9.01,9.0,9.0,1149.86,10353.4987,31,475.87,4287.5887,202204
9.01,9.01,9.0,9.0,333.33,3000.1031,11,13.31,119.9231,202204
9.0,9.03,9.0,9.02,1329.82,11992.7618,45,974.88,8791.9518,202204
9.02,9.04,9.02,9.03,2509.41,22671.8134,81,2311.91,20888.5062,202204
9.03,9.03,9.01,9.03,1724.05,15562.6287,46,216.86,1957.0772,202204
9.03,9.05,9.03,9.04,2355.66,21303.0498,83,2329.33,21065.2464,202204
9.05,9.07,9.05,9.07,2462.27,22299.5346,66,2377.22,21528.997,202204
9.06,9.09,9.06,9.08,2749.91,24948.9219,132,923.82,8383.1664,202204
9.08,9.09,9.05,9.09,3134.67,28454.6796,144,1419.09,12882.5372,202204
9.09,9.1,9.08,9.09,1623.83,14759.9948,87,1077.0,9790.09,202204
9.09,9.1,9.09,9.09,464.7,4224.9685,25,256.19,2329.6126,202204
9.09,9.09,9.08,9.08,542.72,4928.9308,27,78.04,709.3836,202204
9.07,9.1,9.06,9.09,2201.21,19997.1801,95,1743.35,15837.4386,202204
9.09,9.1,9.08,9.09,386.06,3509.2164,32,94.11,855.6079,202204
9.09,9.12,9.08,9.11,3660.09,33314.8602,170,1360.71,12389.4294,202204
9.12,9.16,9.11,9.12,11542.85,105487.5349,636,6246.73,57081.8847,202204
9.12,9.14,9.12,9.13,3024.08,27619.0,89,2361.81,21573.338,202204
9.12,9.12,9.11,9.11,456.98,4165.5217,30,69.87,637.2144,202204
9.1,9.11,9.09,9.1,812.94,7397.4389,35,276.95,2520.2862,202204
9.1,9.12,9.1,9.11,1669.36,15209.4069,53,1559.63,14210.8493,202204
9.11,9.11,9.09,9.11,2429.53,22119.8092,109,1319.18,12012.7142,202204
9.1,9.13,9.1,9.13,1886.46,17208.9424,84,1850.95,16885.7374,202204
9.13,9.13,9.11,9.11,1142.69,10420.1143,67,470.77,4293.2321,202204
9.12,9.12,9.08,9.1,5086.61,46292.9341,102,2742.35,24955.1035,202204
9.1,9.1,9.08,9.09,1533.53,13941.38,38,870.73,7918.5195,202204
9.09,9.09,9.07,9.09,10423.67,94641.7834,123,884.5,8031.3128,202204
9.09,9.1,9.07,9.09,2730.27,24799.7075,64,1066.65,9691.6083,202204
9.1,9.1,9.09,9.1,1498.11,13619.8137,36,1280.39,11640.7389,202204
9.1,9.11,9.1,9.1,727.01,6622.189,20,639.8,5828.578,202204
9.11,9.11,9.08,9.08,1116.87,10158.1277,33,123.69,1125.7689,202204
9.09,9.09,9.08,9.09,1560.36,14183.5806,29,1551.18,14100.2262,202204
9.08,9.08,9.06,9.07,1735.68,15750.5648,66,834.79,7578.7209,202204
9.07,9.08,9.06,9.06,883.1,8007.9656,40,9.37,84.9996,202204
9.07,9.07,9.05,9.05,579.2,5248.1182,42,152.47,1382.0859,202204
9.05,9.07,9.05,9.07,1475.49,13370.6163,32,1439.84,13047.9311,202204
9.08,9.08,9.06,9.07,16509.63,149671.1902,159,2389.23,21651.269,202204
9.07,9.08,9.05,9.06,461.05,4176.7292,29,202.23,1832.5017,202204
9.06,9.06,9.03,9.05,3053.47,27624.8706,90,1511.44,13677.9503,202204
9.04,9.07,9.02,9.04,3198.91,28917.3172,117,1837.02,16612.2549,202204
9.04,9.04,9.03,9.04,2308.58,20857.5078,42,1024.62,9259.0098,202204
9.04,9.07,9.04,9.06,1840.52,16670.6034,233,1589.31,14398.1182,202204
9.07,9.09,9.07,9.08,1641.15,14894.4442,89,1016.03,9224.3486,202204
9.07,9.1,9.07,9.08,12330.71,112010.4306,168,1527.21,13888.6729,202204
9.09,9.1,9.08,9.1,1609.87,14626.8042,63,1036.44,9420.0089,202204
9.09,9.1,9.08,9.09,968.76,8803.0008,38,382.63,3478.1581,202204
9.09,9.09,9.07,9.07,2053.84,18646.3504,59,820.64,7454.8363,202204
9.07,9.1,9.07,9.08,2084.14,18916.4467,73,1616.44,14673.9193,202204
9.09,9.11,9.09,9.09,5465.93,49724.2227,147,2805.19,25526.7792,202204
9.1,9.11,9.1,9.11,1132.82,10315.3589,52,749.01,6822.6879,202204
9.11,9.11,9.1,9.11,626.58,5707.4661,25,558.81,5090.7591,202204
9.1,9.13,9.08,9.11,6228.63,56668.4864,172,2037.83,18559.9211,202204
9.12,9.13,9.1,9.11,2570.02,23416.9341,84,828.99,7555.4709,202204
9.11,9.11,9.09,9.1,554.22,5042.7301,31,384.63,3501.0386,202204
9.09,9.09,9.06,9.07,5353.78,48547.274,127,1900.39,17229.1565,202204
9.07,9.09,9.07,9.07,3885.75,35259.8207,119,1453.79,13194.6049,202204
9.08,9.09,9.06,9.06,1684.81,15294.4413,68,1524.63,13841.8004,202204
9.07,9.08,9.06,9.08,2072.48,18798.4128,48,1809.05,16409.1835,202204
9.07,9.08,9.06,9.07,2019.14,18312.2876,52,695.68,6311.1384,202204
9.07,9.09,9.07,9.08,1741.95,15824.7188,61,1695.11,15399.5152,202204
9.08,9.09,9.06,9.06,1440.05,13067.1114,52,600.38,5453.1927,202204
9.06,9.08,9.05,9.07,5626.42,51019.9062,132,2084.29,18893.9023,202204
9.07,9.1,9.07,9.1,2945.38,26756.3421,87,2402.01,21822.651,202204
9.1,9.11,9.08,9.1,2874.76,26157.411,119,1829.03,16643.9271,202204
9.1,9.12,9.1,9.12,2007.98,18292.3352,46,1767.53,16102.9283,202204
9.11,9.12,9.07,9.08,6154.23,55960.8206,145,2282.04,20742.6884,202204
9.08,9.08,9.06,9.06,841.95,7634.1914,56,271.88,2466.0843,202204
9.05,9.06,8.99,9.0,6877.35,62090.3543,345,2724.46,24627.7924,202204
9.0,9.01,8.96,8.99,11379.05,102312.2115,378,7989.79,71860.8928,202204
8.99,9.0,8.97,8.99,3945.68,35446.4445,109,2621.34,23546.4255,202204
8.99,8.99,8.98,8.99,1364.8,12267.1628,42,1125.88,10121.6612,202204
8.99,8.99,8.95,8.96,3697.72,33159.1551,171,1717.91,15419.1536,202204
8.95,8.97,8.93,8.93,5856.69,52425.0304,213,2744.73,24585.5223,202204
8.92,8.96,8.92,8.95,2961.76,26461.5694,161,2605.8,23284.8645,202204
8.96,8.97,8.95,8.95,5555.55,49786.558,293,4658.94,41756.0158,202204
8.95,8.95,8.9,8.93,7199.95,64265.825,243,3846.99,34319.0984,202204
8.93,8.95,8.91,8.95,6106.44,54525.672,188,4235.26,37825.1964,202204
8.95,8.96,8.93,8.95,1635.53,14632.61,94,1385.0,12393.3181,202204
8.96,8.96,8.94,8.95,1258.16,11264.6516,61,676.49,6058.7164,202204
8.96,8.98,8.93,8.95,4932.33,44145.5607,138,2905.81,26011.8985,202204
8.95,8.95,8.92,8.92,2655.12,23726.5882,68,1740.76,15562.2473,202204
8.93,8.95,8.89,8.91,9420.79,84009.6184,324,5282.03,47132.5936,202204
8.9,8.92,8.9,8.91,2576.38,22951.2299,65,1722.16,15345.4157,202204
8.92,8.94,8.91,8.92,2629.91,23480.8777,75,1536.7,13725.1784,202204
8.92,8.93,8.91,8.91,1865.49,16633.5012,86,1130.7,10084.4558,202204
8.91,8.93,8.89,8.93,7528.99,67060.9938,141,6179.67,55050.8972,202204
8.93,8.94,8.9,8.92,4100.51,36586.8022,96,1714.39,15303.7016,202204
8.91,8.92,8.9,8.9,1233.74,10994.0894,54,478.54,4265.6636,202204
8.91,8.91,8.84,8.88,26031.66,230857.394,943,13034.38,115610.754,202204
8.87,8.9,8.87,8.89,5988.47,53216.1172,171,3224.88,28671.7717,202204
8.89,8.9,8.87,8.89,6196.49,55014.2422,157,2305.75,20479.0873,202204
8.89,8.89,8.86,8.88,6182.89,54846.9139,164,3349.96,29720.9418,202204
8.88,8.88,8.86,8.88,2000.41,17748.682,86,1448.34,12854.1178,202204
8.88,8.89,8.86,8.88,3216.44,28543.5665,120,2273.2,20180.6424,202204
8.88,8.89,8.81,8.85,10740.44,94961.3944,447,5709.86,50476.2476,202204
8.84,8.88,8.81,8.87,9758.03,86215.4909,472,6454.51,57036.9141,202204
8.87,8.88,8.84,8.88,9591.09,85036.4095,265,7135.71,63280.8918,202204
8.88,8.88,8.85,8.88,11424.95,101308.3852,238,8836.86,78380.7751,202204
8.87,8.87,8.85,8.86,7816.47,69295.8561,163,5759.57,51078.727,202204
8.86,8.88,8.84,8.87,3306.53,29292.7469,158,1923.61,17050.2939,202204
8.87,8.87,8.85,8.86,3243.01,28741.6202,92,830.68,7363.3074,202204
8.86,8.87,8.85,8.85,3348.14,29653.5157,148,1594.2,14123.7834,202204
8.86,8.86,8.82,8.84,9968.83,88113.7064,231,4623.04,40873.0857,202204
8.84,8.84,8.8,8.81,5301.46,46756.3735,186,1487.13,13116.493,202204
8.81,8.83,8.81,8.82,1969.85,17370.9989,109,1130.73,9973.6486,202204
8.82,8.84,8.77,8.8,18318.81,160968.3821,508,11461.63,100655.3713,202204
8.8,8.81,8.79,8.81,2402.73,21150.1868,118,1547.18,13624.3076,202204
8.81,8.88,8.8,8.88,16686.29,147622.0985,681,10078.0,89139.9471,202204
8.88,8.89,8.86,8.89,5663.86,50288.5645,131,3143.24,27912.0298,202204
8.89,8.94,8.89,8.9,21986.86,196085.7029,473,5865.54,52332.2602,202204
8.91,8.93,8.9,8.91,6919.76,61703.7714,110,6579.47,58671.7557,202204
8.91,8.94,8.91,8.93,3422.67,30559.8709,97,2230.44,19919.9162,202204
8.92,8.94,8.88,8.88,14621.45,130046.3266,170,1081.25,9621.661,202204
8.88,8.88,8.86,8.87,2098.87,18618.2622,84,1037.75,9205.6847,202204
8.86,8.87,8.83,8.86,15460.78,136657.4284,232,2392.16,21159.8821,202204
8.85,8.88,8.85,8.87,803.74,7122.1692,45,303.16,2688.8827,202204
8.87,8.87,8.84,8.86,12136.34,107402.4829,118,1077.96,9543.2722,202204
8.86,8.87,8.84,8.85,1313.18,11625.4731,59,835.63,7399.5851,202204
8.86,8.86,8.83,8.85,1704.97,15076.4942,69,1343.25,11879.0474,202204
8.84,8.85,8.82,8.83,3832.21,33834.4684,149,1019.42,9004.1047,202204
8.83,8.84,8.82,8.83,389.01,3434.8587,43,287.18,2535.9611,202204
8.83,8.85,8.83,8.84,1404.82,12415.6618,61,712.12,6292.3382,202204
8.84,8.86,8.83,8.86,3592.66,31800.419,78,2964.16,26238.3296,202204
8.87,8.88,8.85,8.87,7082.61,62819.3781,165,5306.87,47084.8378,202204
8.87,8.87,8.83,8.83,2295.38,20302.5842,104,850.38,7530.4016,202204
8.83,8.85,8.82,8.84,4313.69,38094.1601,112,1910.2,16873.4024,202204
8.84,8.87,8.84,8.86,4012.71,35510.4687,150,2562.33,22674.7723,202204
8.86,8.86,8.82,8.84,3352.49,29632.1986,127,1461.83,12924.1209,202204
8.84,8.84,8.83,8.84,1699.21,15006.0732,45,204.89,1811.2276,202204
8.83,8.84,8.8,8.8,5607.09,49407.1832,222,2222.55,19582.6853,202204
8.81,8.82,8.8,8.81,3178.36,27989.3155,103,1394.55,12286.4242,202204
8.81,8.83,8.8,8.81,2570.91,22658.0212,117,1743.4,15368.0815,202204
8.8,8.82,8.77,8.79,5220.85,45910.6336,217,1648.79,14494.2884,202204
8.79,8.79,8.68,8.74,46869.19,408796.9219,1400,21775.81,189941.0489,202204
8.74,8.87,8.74,8.81,51687.32,455913.848,1264,26608.29,234568.4505,202204
8.81,8.82,8.76,8.77,9414.16,82712.8753,231,5187.63,45583.6681,202204
8.77,8.77,8.75,8.76,10563.89,92490.8995,188,7490.22,65583.3349,202204
8.76,8.77,8.74,8.74,6417.38,56156.3042,142,1575.95,13809.3323,202204
8.74,8.76,8.73,8.74,10905.23,95323.9903,237,5729.17,50108.3524,202204
8.74,8.75,8.69,8.72,10199.17,88820.1662,300,4990.27,43461.0877,202204
8.71,8.75,8.71,8.72,12219.38,106595.0175,332,3011.4,26285.7836,202204
8.72,8.73,8.7,8.73,6568.7,57217.8875,146,1721.46,14995.7579,202204
8.73,8.74,8.72,8.73,3169.76,27672.0055,67,1547.54,13510.0696,202204
8.73,8.74,8.72,8.73,3822.94,33362.5947,73,1258.42,10977.5458,202204
8.73,8.74,8.71,8.73,1980.93,17286.092,79,1513.63,13209.9715,202204
8.73,8.73,8.71,8.72,1964.91,17138.604,87,615.32,5368.6279,202204
8.73,8.77,8.73,8.74,4546.48,39782.3488,157,2795.3,24456.3862,202204
8.75,8.75,8.73,8.73,3531.3,30883.2582,81,2481.94,21714.3963,202204
8.74,8.76,8.74,8.76,3602.57,31501.354,100,908.6,7949.9635,202204
8.75,8.77,8.75,8.75,2004.69,17555.5172,94,1054.01,9233.1534,202204
8.75,8.77,8.75,8.77,4637.26,40639.3752,146,3056.85,26795.8751,202204
8.76,8.79,8.76,8.79,1459.82,12805.9591,87,922.47,8094.2342,202204
8.78,8.81,8.77,8.79,3077.94,27058.4578,143,1699.16,14944.0225,202204
8.79,8.8,8.78,8.8,615.28,5407.6355,30,487.74,4287.2797,202204
8.79,8.8,8.79,8.8,3012.42,26485.2381,51,2403.57,21128.7121,202204
8.8,8.81,8.8,8.8,1645.32,14491.8621,75,966.2,8511.5529,202204
8.81,8.83,8.81,8.82,1841.35,16242.6776,87,765.9,6757.6298,202204
8.82,8.83,8.82,8.82,1739.07,15353.7326,61,339.39,2996.8137,202204
8.82,8.83,8.81,8.83,3632.48,32066.6825,87,1926.88,17010.6911,202204
8.83,8.86,8.83,8.85,11076.87,97974.8645,430,3892.2,34423.2303,202204
8.85,8.85,8.84,8.85,232.55,2057.2782,43,157.72,1395.781,202204
8.85,8.85,8.82,8.83,6392.41,56460.2319,134,3164.21,27953.3298,202204
8.83,8.85,8.83,8.84,5573.2,49266.9503,94,4664.86,41237.2412,202204
8.84,8.87,8.84,8.87,1718.2,15224.3948,101,383.22,3396.6933,202204
8.87,8.87,8.85,8.86,5099.21,45155.1901,101,2242.65,19859.1205,202204
8.87,8.87,8.84,8.86,1475.8,13071.5792,48,446.77,3956.6047,202204
8.85,8.86,8.85,8.85,551.13,4877.7571,27,199.91,1769.4601,202204
8.84,8.86,8.84,8.85,1323.97,11726.8097,27,393.72,3486.584,202204
8.85,8.85,8.84,8.84,1509.36,13349.5956,50,280.46,2479.2664,202204
8.84,8.85,8.84,8.85,489.88,4334.1104,24,360.36,3189.1536,202204
8.85,8.86,8.84,8.86,401.81,3554.9396,21,59.42,526.0892,202204
8.86,8.88,8.85,8.86,2193.03,19445.4998,72,928.51,8233.5475,202204
8.86,8.86,8.84,8.84,1665.71,14733.8438,48,536.62,4749.4348,202204
8.84,8.85,8.81,8.82,7878.7,69489.7,170,2142.45,18887.6029,202204
8.82,8.82,8.79,8.8,3429.04,30180.3839,121,1461.8,12873.1979,202204
8.8,8.8,8.79,8.8,948.15,8337.9113,44,289.69,2549.272,202204
8.79,8.81,8.78,8.8,5482.14,48197.789,82,3501.68,30782.9685,202204
8.79,8.81,8.79,8.8,2226.51,19610.7411,64,1352.39,11913.7501,202204
8.8,8.81,8.77,8.77,2410.78,21183.7164,102,164.54,1445.4972,202204
8.77,8.79,8.77,8.78,1603.13,14079.0689,69,1190.09,10453.2973,202204
8.78,8.78,8.77,8.78,970.49,8518.8563,55,435.94,3827.5532,202204
8.78,8.8,8.76,8.77,1990.64,17479.114,104,293.3,2577.4181,202204
8.77,8.78,8.76,8.76,2450.31,21483.0737,85,1997.29,17512.6714,202204
8.77,8.78,8.76,8.76,2562.99,22476.801,60,1236.62,10845.2152,202204
8.77,8.77,8.75,8.76,2871.24,25126.8664,61,169.53,1485.117,202204
8.76,8.76,8.74,8.75,2262.84,19799.003,69,932.61,8162.3551,202204
8.75,8.76,8.75,8.76,276.39,2420.4712,13,205.87,1803.4212,202204
8.75,8.76,8.75,8.76,294.72,2581.6187,13,281.87,2469.1812,202204
8.77,8.78,8.77,8.78,2775.32,24342.0769,52,1065.81,9349.6742,202204
8.77,8.79,8.77,8.78,509.68,4478.1437,137,487.0,4279.1226,202204
8.79,8.79,8.78,8.79,33.43,293.7932,7,27.78,244.1862,202204
8.79,8.8,8.78,8.8,59.93,526.7755,10,58.32,512.6397,202204
8.8,8.8,8.79,8.8,107.36,944.6434,12,94.9,835.12,202204
8.8,8.81,8.8,8.81,1392.66,12263.9661,38,1031.08,9082.0621,202204
8.8,8.81,8.8,8.81,170.09,1497.9417,12,11.6,102.196,202204
8.81,8.82,8.78,8.78,2740.63,24109.5189,102,194.3,1711.5955,202204
8.78,8.83,8.78,8.82,1368.57,12049.7653,60,1240.74,10922.8396,202204
8.82,8.84,8.82,8.83,1906.02,16832.4262,56,561.78,4963.0959,202204
8.82,8.83,8.8,8.8,367.51,3239.1949,25,88.29,778.5055,202204
8.8,8.8,8.79,8.8,936.38,8235.9873,77,202.1,1778.48,202204
8.8,8.81,8.79,8.79,528.19,4646.0419,27,258.23,2272.2367,202204
8.78,8.8,8.78,8.79,467.55,4108.7376,19,181.55,1597.454,202204
8.8,8.8,8.76,8.78,5340.51,46871.8505,141,2827.38,24819.9369,202204
8.78,8.78,8.74,8.76,11997.67,105207.5593,201,2463.04,21589.0277,202204
8.75,8.75,8.74,8.75,252.38,2208.2785,28,56.02,490.175,202204
8.74,8.75,8.73,8.75,2247.51,19644.8166,30,2231.89,19508.3911,202204
8.75,8.76,8.74,8.76,232.07,2031.5404,18,226.65,1984.1696,202204
8.75,8.76,8.75,8.75,1460.74,12794.1338,30,1265.88,11089.1088,202204
8.76,8.76,8.73,8.74,9791.33,85671.8147,144,1863.56,16308.8954,202204
8.75,8.77,8.74,8.77,4125.7,36122.9071,77,4122.9,36098.4351,202204
8.77,8.77,8.73,8.74,1695.41,14848.6132,79,766.61,6719.2147,202204
8.74,8.75,8.74,8.74,1263.41,11042.8187,33,73.83,645.8895,202204
8.75,8.75,8.74,8.75,644.09,5633.37,33,185.8,1625.4751,202204
8.75,8.75,8.74,8.74,119.88,1048.23,15,14.13,123.6375,202204
8.74,8.74,8.72,8.73,4054.03,35410.4104,111,892.51,7792.412,202204
8.73,8.74,8.72,8.73,4172.77,36412.458,116,2149.12,18764.0119,202204
8.72,8.73,8.7,8.71,5159.56,44907.7172,119,865.04,7535.9898,202204
8.71,8.71,8.68,8.7,3242.29,28171.9452,140,2116.69,18396.3379,202204
8.69,8.71,8.69,8.71,602.58,5244.0956,43,544.99,4743.5151,202204
8.71,8.74,8.69,8.69,3134.9,27343.6704,245,1928.68,16829.2633,202204
8.69,8.71,8.64,8.66,7580.37,65693.2071,352,2998.2,25962.3465,202204
8.66,8.68,8.62,8.65,6245.01,54048.9057,287,2389.44,20669.9704,202204
8.65,8.66,8.62,8.63,4187.17,36177.831,134,1665.34,14393.2653,202204
8.63,8.64,8.43,8.46,64236.23,546969.6452,1981,26467.88,225190.3811,202204
8.46,8.52,8.44,8.5,50874.27,431571.8091,1520,27277.08,231451.2078,202204
8.5,8.53,8.47,8.5,15787.54,134072.4538,402,7974.53,67741.5621,202204
8.5,8.54,8.48,8.53,16468.5,140212.1299,454,12141.07,103388.4332,202204
8.53,8.53,8.49,8.5,4560.67,38793.0334,160,1269.42,10797.9582,202204
8.5,8.51,8.45,8.45,11135.7,94308.492,196,2834.62,23993.015,202204
8.45,8.48,8.33,8.34,51695.17,433465.4902,1489,22342.81,187347.2266,202204
8.33,8.4,8.33,8.37,30934.93,259077.008,798,16102.66,134833.9184,202204
8.38,8.41,8.35,8.36,25495.57,213503.8027,467,6655.7,55738.1129,202204
8.35,8.41,8.35,8.4,11174.38,93615.5508,317,6870.48,57590.4255,202204
8.4,8.42,8.37,8.38,5941.42,49888.5826,178,2907.2,24422.7409,202204
8.38,8.41,8.36,8.36,7479.11,62688.4785,224,2739.86,22980.787,202204
8.35,8.38,8.35,8.36,4868.34,40745.6523,160,3418.78,28619.1304,202204
8.37,8.38,8.35,8.37,4883.82,40880.1477,144,2426.27,20311.8368,202204
8.37,8.42,8.37,8.4,7557.64,63442.6627,262,3973.82,33359.0891,202204
8.4,8.43,8.4,8.43,6731.15,56664.8878,194,6162.59,51880.665,202204
8.43,8.43,8.41,8.41,2644.98,22264.7344,130,1195.01,10063.0072,202204
8.42,8.42,8.39,8.4,4010.95,33735.268,154,1659.03,13957.2856,202204
8.41,8.42,8.4,8.41,3464.67,29137.2202,83,1868.42,15720.7577,202204
8.41,8.44,8.41,8.42,2518.79,21221.8927,101,1597.93,13462.029,202204
8.42,8.44,8.4,8.44,6372.75,53665.5275,189,3618.36,30480.4623,202204
8.43,8.44,8.41,8.42,2136.53,17998.328,78,1358.33,11445.4396,202204
8.42,8.43,8.41,8.42,489.87,4125.6279,33,211.29,1780.0722,202204
8.42,8.43,8.41,8.43,2579.05,21725.3473,59,2019.53,17018.0167,202204
8.43,8.44,8.42,8.43,2389.83,20146.0075,83,942.59,7946.7007,202204
8.42,8.42,8.39,8.4,8660.12,72736.767,184,4655.39,39102.997,202204
8.41,8.42,8.39,8.42,5544.53,46611.9392,117,4729.16,39766.2566,202204
8.42,8.43,8.41,8.42,1550.86,13056.8024,53,1209.13,10180.0118,202204
8.42,8.43,8.41,8.42,1948.58,16402.4598,73,873.27,7352.9022,202204
8.42,8.44,8.42,8.43,1362.01,11479.9882,67,740.73,6242.9982,202204
8.43,8.46,8.43,8.44,3634.79,30708.8862,154,2504.91,21167.1701,202204
8.45,8.46,8.44,8.46,1277.29,10793.8377,43,527.82,4460.9478,202204
8.45,8.47,8.45,8.46,2657.65,22484.659,130,763.6,6461.5963,202204
8.47,8.47,8.45,8.47,1021.08,8640.9201,57,539.69,4568.888,202204
8.46,8.48,8.46,8.48,2562.7,21708.1236,233,623.92,5288.1413,202204
8.48,8.5,8.48,8.5,3428.89,29114.897,209,1607.85,13652.6316,202204
8.5,8.51,8.5,8.51,2612.86,22213.006,102,2065.66,17561.806,202204
8.51,8.52,8.51,8.52,2761.65,23502.2985,89,835.08,7107.1878,202204
8.52,8.54,8.5,8.53,20657.98,176090.1837,270,13484.57,114972.6323,202204
8.53,8.55,8.53,8.55,12766.69,109042.2444,227,9891.94,84510.0368,202204
8.54,8.57,8.53,8.56,8345.9,71429.863,280,6064.09,51913.3748,202204
8.56,8.58,8.55,8.58,15203.78,130360.2772,356,12746.1,109309.7302,202204
8.58,8.59,8.57,8.57,3385.76,29023.6928,129,639.23,5484.6514,202204
8.58,8.59,8.57,8.58,3640.79,31241.3106,83,2458.35,21097.3545,202204
8.58,8.58,8.55,8.57,2857.07,24459.3808,164,327.87,2811.5286,202204
8.56,8.58,8.56,8.56,1252.77,10728.5023,50,837.07,7169.6351,202204
8.57,8.57,8.5,8.53,32033.32,273278.9849,440,10108.58,86243.2266,202204
8.53,8.53,8.51,8.51,3112.05,26514.5841,72,976.07,8322.3195,202204
8.52,8.53,8.52,8.53,1274.13,10861.2541,46,798.92,6812.4506,202204
8.53,8.53,8.51,8.52,3930.75,33486.1558,80,531.12,4527.0059,202204
8.51,8.53,8.5,8.51,2988.68,25452.7935,67,1814.26,15455.0326,202204
8.52,8.52,8.51,8.52,263.03,2240.8381,20,209.36,1783.7472,202204
8.51,8.51,8.49,8.51,6260.99,53186.8611,176,433.31,3683.4427,202204
8.5,8.51,8.49,8.5,2363.58,20083.0818,89,941.17,8000.834,202204
8.5,8.51,8.48,8.48,2431.94,20652.983,130,747.84,6353.9275,202204
8.48,8.5,8.47,8.48,3849.51,32654.1384,146,937.63,7956.6226,202204
8.49,8.5,8.47,8.48,4477.21,37994.4067,136,2671.58,22678.5228,202204
8.48,8.48,8.42,8.44,7320.95,61853.2708,318,3275.97,27667.6377,202204
8.44,8.47,8.43,8.46,6227.77,52623.3888,330,2748.99,23240.345,202204
8.47,8.49,8.46,8.48,3978.6,33711.4448,157,1495.44,12674.9946,202204
8.48,8.49,8.46,8.47,7660.8,64932.5871,161,1389.01,11777.7197,202204
8.47,8.47,8.45,8.46,9340.26,78987.1366,160,2367.19,20010.679,202204
8.45,8.45,8.43,8.43,1816.66,15325.8648,50,0.0,0.0,202204
8.43,8.43,8.42,8.43,6505.03,54783.2731,93,455.24,3837.6732,202204
8.43,8.43,8.39,8.41,6607.84,55573.3598,162,2749.43,23114.9488,202204
8.4,8.42,8.38,8.4,30772.82,258306.9134,388,10224.6,85846.904,202204
8.39,8.39,8.36,8.39,5138.15,43008.4607,197,3290.52,27538.4234,202204
8.39,8.4,8.38,8.39,2279.34,19123.2153,66,854.2,7168.0034,202204
8.39,8.4,8.37,8.37,10541.58,88301.1887,215,2421.21,20308.4516,202204
8.38,8.38,8.33,8.35,15633.72,130453.8456,316,2513.72,20993.0384,202204
8.36,8.36,8.33,8.35,6411.3,53459.0887,172,2557.6,21322.6008,202204
8.35,8.37,8.34,8.34,3404.57,28437.4967,118,1891.63,15803.4904,202204
8.35,8.39,8.35,8.39,4873.94,40803.899,263,3236.93,27102.072,202204
8.39,8.42,8.34,8.38,43238.54,362620.1586,500,8599.69,72209.9926,202204
8.38,8.46,8.38,8.42,39661.45,334377.3464,1040,23280.94,196225.143,202204
8.42,8.42,8.39,8.39,2405.45,20211.6089,121,641.95,5397.7389,202204
8.39,8.41,8.36,8.38,6092.71,51085.0289,234,3083.33,25859.0193,202204
8.39,8.39,8.36,8.38,3508.26,29392.2189,119,1620.23,13581.4028,202204
8.38,8.38,8.3,8.32,14116.8,117590.8647,558,7183.55,59829.517,202204
8.32,8.32,8.27,8.3,22026.41,182691.4138,625,9084.95,75372.8728,202204
8.3,8.3,8.17,8.18,59487.55,488365.4905,1965,29898.14,245520.3182,202204
8.18,8.24,8.16,8.22,16175.43,132636.4468,593,8281.77,67959.827,202204
8.21,8.24,8.18,8.21,12132.11,99611.5117,349,7572.92,62173.1579,202204
8.2,8.23,8.19,8.23,12202.82,100118.0516,287,7128.74,58504.8003,202204
8.22,8.23,8.18,8.21,8236.59,67497.411,243,3784.38,31028.7131,202204
8.22,8.25,8.22,8.23,6091.11,50152.7916,203,3791.07,31218.7548,202204
8.22,8.23,8.21,8.22,3641.87,29931.1909,118,1257.93,10336.9925,202204
8.22,8.27,8.22,8.26,4611.87,37993.5944,184,1880.9,15508.1149,202204
8.26,8.26,8.22,8.24,3622.74,29857.5269,129,997.43,8224.9523,202204
8.24,8.25,8.23,8.24,1199.55,9885.3877,67,97.25,802.2863,202204
8.23,8.24,8.2,8.2,5714.86,46957.1169,153,773.62,6353.6962,202204
8.2,8.21,8.19,8.2,4584.1,37596.7016,141,2410.1,19779.398,202204
8.2,8.22,8.18,8.22,20294.16,166564.323,333,13195.28,108366.957,202204
8.22,8.26,8.21,8.24,4633.48,38154.0004,127,3370.63,27750.1838,202204
8.24,8.26,8.24,8.24,3977.27,32805.4873,132,1854.02,15299.5974,202204
8.24,8.26,8.23,8.25,1410.9,11632.1299,92,521.82,4304.5631,202204
8.25,8.25,8.23,8.23,1715.76,14138.9134,72,870.66,7175.5946,202204
8.23,8.24,8.2,8.2,5087.14,41825.3621,130,1168.79,9603.938,202204
8.21,8.23,8.21,8.22,2491.4,20487.5584,93,1303.58,10720.9823,202204
8.22,8.27,8.22,8.25,2285.44,18855.9005,96,1328.85,10966.9071,202204
8.25,8.28,8.25,8.26,1893.29,15642.5163,75,1070.46,8846.2173,202204
8.26,8.28,8.24,8.26,2419.64,19986.0412,120,629.43,5201.4696,202204
8.25,8.26,8.23,8.23,1982.92,16337.6645,75,316.38,2608.0595,202204
8.24,8.24,8.21,8.22,1524.47,12534.6433,81,415.78,3420.9636,202204
8.22,8.24,8.2,8.22,3863.39,31743.6639,126,1526.43,12541.3522,202204
8.22,8.27,8.22,8.26,3772.63,31116.7628,131,2556.1,21086.0253,202204
8.25,8.26,8.23,8.24,5014.03,41333.1789,120,1076.88,8883.9939,202204
8.23,8.25,8.2,8.23,6102.74,50195.8679,190,1883.72,15496.2861,202204
8.22,8.24,8.19,8.22,4679.18,38435.6494,161,1526.02,12539.7803,202204
8.23,8.26,8.23,8.24,14497.82,119489.0822,225,12187.41,100450.1484,202204
8.24,8.31,8.24,8.3,10553.6,87341.497,416,5241.35,43407.6494,202204
8.31,8.32,8.29,8.31,6124.72,50871.1208,246,2800.12,23260.6166,202204
8.31,8.33,8.3,8.31,5004.32,41602.499,212,1300.74,10822.8057,202204
8.32,8.33,8.31,8.31,1102.61,9167.5694,73,191.39,1592.7584,202204
8.32,8.33,8.31,8.33,6436.33,53535.802,155,1832.6,15251.4488,202204
8.32,8.34,8.31,8.34,4352.97,36246.3674,112,2961.36,24665.8745,202204
8.33,8.34,8.31,8.31,1322.94,11016.757,64,466.13,3883.9277,202204
8.31,8.32,8.29,8.3,5520.25,45817.8964,138,905.7,7519.1827,202204
8.29,8.31,8.28,8.3,1651.62,13696.174,80,845.3,7011.0185,202204
8.29,8.31,8.29,8.3,2418.85,20082.2911,86,1651.43,13716.7151,202204
8.3,8.34,8.3,8.31,5131.33,42675.8371,141,2635.31,21922.7435,202204
8.32,8.33,8.3,8.31,3718.14,30904.346,131,1430.8,11902.6464,202204
8.31,8.32,8.29,8.29,2352.17,19525.6303,91,182.54,1517.6537,202204
8.29,8.31,8.29,8.29,4064.14,33736.1393,93,2294.18,19051.4522,202204
8.29,8.31,8.29,8.29,1816.47,15080.4076,62,326.61,2713.6884,202204
8.3,8.31,8.29,8.3,1425.89,11832.4358,48,433.02,3594.2431,202204
8.3,8.31,8.28,8.28,2232.18,18508.8546,80,1008.51,8364.1476,202204
8.28,8.29,8.26,8.28,3838.12,31770.2159,141,1275.8,10561.9586,202204
8.28,8.29,8.26,8.28,7808.92,64633.7647,159,5238.46,43362.382,202204
8.28,8.29,8.27,8.28,4068.3,33685.5858,88,2564.12,21235.7655,202204
8.28,8.3,8.25,8.28,7457.8,61688.0946,172,4970.7,41122.7415,202204
8.28,8.31,8.26,8.27,6633.72,54927.9884,192,2174.09,18010.0562,202204
8.28,8.39,8.28,8.38,16651.77,138946.951,419,9406.97,78449.4665,202204
8.39,8.39,8.31,8.34,18420.48,153993.0415,362,5156.78,43077.2727,202204
8.35,8.39,8.35,8.37,11775.88,98443.725,234,9524.79,79604.033,202204
8.37,8.39,8.35,8.37,4488.04,37576.8696,114,3416.29,28606.1031,202204
8.36,8.4,8.36,8.39,4826.1,40453.2726,183,2560.25,21462.0874,202204
8.39,8.45,8.38,8.42,6204.65,52250.5098,383,2930.32,24686.0421,202204
8.43,8.45,8.42,8.42,8670.13,73121.9286,121,4898.03,41323.2775,202204
8.43,8.44,8.42,8.43,3001.46,25299.8066,68,1606.97,13547.7391,202204
8.44,8.48,8.43,8.45,20687.73,174950.1262,778,11087.28,93783.5111,202204
8.46,8.46,8.44,8.45,1418.24,11985.3683,58,889.18,7517.265,202204
8.45,8.46,8.43,8.45,2762.19,23335.8551,86,1943.8,16427.1974,202204
8.45,8.48,8.44,8.47,1269.67,10739.8407,78,579.1,4900.7984,202204
8.47,8.5,8.46,8.49,4940.64,41880.576,164,2630.96,22304.8216,202204
8.49,8.52,8.48,8.51,22367.77,190111.8291,292,20064.67,170536.9997,202204
8.52,8.52,8.49,8.5,6436.78,54746.0083,212,2757.89,23466.346,202204
8.51,8.51,8.49,8.5,973.92,8271.6026,53,116.96,994.7651,202204
8.49,8.5,8.47,8.48,2703.02,22936.13,109,544.61,4623.8759,202204
8.48,8.49,8.47,8.49,3925.2,33283.9002,74,1614.49,13691.0707,202204
8.49,8.49,8.47,8.47,653.52,5539.0293,63,56.37,478.0306,202204
8.48,8.48,8.47,8.48,656.7,5566.5061,30,361.95,3069.336,202204
8.48,8.48,8.46,8.46,3869.57,32771.8344,100,1500.48,12710.9842,202204
8.46,8.47,8.43,8.46,6996.23,59097.5566,219,3119.65,26378.2362,202204
8.45,8.47,8.45,8.47,1556.95,13168.2446,55,338.48,2864.6963,202204
8.46,8.46,8.44,8.45,7412.55,62593.1363,101,1269.46,10735.2732,202204
8.44,8.45,8.44,8.44,1104.05,9323.8951,36,302.09,2552.6605,202204
8.44,8.46,8.43,8.45,3337.29,28189.0056,81,1370.98,11593.9514,202204
8.45,8.45,8.39,8.41,12954.53,108941.3277,365,4181.17,35175.1349,202204
8.42,8.54,8.42,8.48,22509.9,191352.0942,665,13570.74,115313.4359,202204
8.49,8.55,8.49,8.49,21199.89,180675.4608,408,9206.03,78489.0871,202204
8.5,8.52,8.48,8.52,28291.87,240671.5037,374,16924.59,144033.8114,202204
8.52,8.55,8.49,8.5,23605.4,201359.9631,314,7279.54,61995.3738,202204
8.5,8.52,8.47,8.47,9450.47,80360.4094,187,5197.45,44233.9151,202204
8.47,8.48,8.45,8.46,6503.98,55067.0203,141,3962.1,33556.9939,202204
8.46,8.49,8.45,8.49,4391.23,37189.1627,81,2957.17,25062.776,202204
8.48,8.5,8.44,8.45,3867.33,32714.0448,151,1192.63,10091.2249,202204
8.47,8.47,8.44,8.46,4191.12,35418.4211,93,723.79,6120.3901,202204
8.46,8.49,8.42,8.49,10620.8,89842.5828,246,5233.29,44319.7841,202204
8.5,8.53,8.49,8.52,3024.66,25743.9964,117,1816.7,15465.1912,202204
8.52,8.59,8.52,8.58,13612.0,116603.4188,614,7118.75,60987.9763,202204
8.58,8.62,8.58,8.59,7826.7,67301.3209,495,3647.41,31373.2847,202204
8.59,8.6,8.56,8.57,11909.15,102110.7215,283,2706.59,23205.289,202204
8.58,8.59,8.57,8.58,4384.82,37645.0601,109,2963.11,25442.7567,202204
8.59,8.59,8.54,8.57,7965.68,68203.898,210,3843.72,32924.9387,202204
8.56,8.56,8.54,8.55,4831.28,41311.042,116,667.51,5703.0208,202204
8.55,8.57,8.52,8.55,4839.14,41349.7281,177,3075.44,26285.8691,202204
8.56,8.56,8.53,8.55,924.7,7901.0903,58,502.88,4296.7542,202204
8.56,8.6,8.54,8.57,3182.8,27295.3729,197,1787.29,15327.2444,202204
8.57,8.57,8.55,8.56,1242.67,10634.1921,45,344.56,2949.5422,202204
8.57,8.59,8.57,8.58,2878.83,24695.7468,115,1559.37,13376.8455,202204
8.58,8.59,8.56,8.56,2414.63,20701.399,70,631.33,5414.8197,202204
8.57,8.57,8.53,8.55,3192.83,27292.1999,110,751.5,6420.8302,202204
8.55,8.58,8.55,8.56,3392.57,29062.4006,107,1135.75,9731.6754,202204
8.56,8.56,8.54,8.54,888.14,7594.3058,50,253.54,2169.3107,202204
8.55,8.55,8.51,8.52,3069.88,26174.1298,123,993.89,8475.4132,202204
8.52,8.53,8.5,8.5,4349.71,37046.9287,120,1797.55,15316.3224,202204
8.51,8.53,8.51,8.52,2429.87,20701.4603,82,1896.92,16164.0254,202204
8.53,8.54,8.51,8.53,7090.74,60453.7663,180,2886.31,24616.7352,202204
8.54,8.57,8.53,8.56,3456.84,29554.8544,149,2145.65,18348.6827,202204
8.56,8.59,8.56,8.59,3747.48,32140.2812,136,2675.23,22947.7434,202204
8.59,8.62,8.58,8.62,19704.71,169680.5692,346,15967.59,137512.1425,202204
8.62,8.62,8.59,8.62,8369.1,72052.3525,183,3511.52,30243.9389,202204
8.62,8.63,8.61,8.62,2465.45,21248.7931,69,1714.69,14780.6509,202204
8.63,8.65,8.62,8.64,2152.95,18585.4192,156,910.92,7868.1265,202204
8.64,8.68,8.63,8.66,8360.34,72366.8956,408,5084.74,44027.7835,202204
8.66,8.7,8.64,8.67,18186.95,157655.7889,479,8228.58,71380.9565,202204
8.68,8.7,8.65,8.69,4873.9,42277.639,187,2526.07,21923.5856,202204
8.69,8.71,8.68,8.68,28740.15,249885.9074,396,7421.75,64592.809,202204
8.69,8.69,8.64,8.65,7314.7,63316.4548,198,3376.87,29222.7344,202204
8.65,8.67,8.64,8.67,4407.17,38128.9767,108,3452.53,29872.6021,202204
8.67,8.69,8.65,8.68,3474.96,30134.7373,132,2183.07,18937.3291,202204
8.69,8.71,8.68,8.7,4367.84,37998.1355,87,2207.86,19206.8477,202204
8.71,8.72,8.7,8.7,7870.6,68565.001,137,3306.03,28820.7691,202204
8.7,8.71,8.68,8.7,4634.02,40296.6078,74,589.41,5122.7564,202204
8.69,8.7,8.66,8.67,4683.42,40627.2825,71,3315.64,28765.0336,202204
8.67,8.68,8.64,8.64,2421.81,20965.8133,81,987.36,8545.7472,202204
8.65,8.65,8.62,8.64,1501.05,12964.9783,63,271.81,2347.8259,202204
8.64,8.65,8.62,8.63,1591.51,13747.0983,56,766.08,6622.2449,202204
8.63,8.64,8.62,8.63,1683.39,14526.5636,75,162.16,1399.4945,202204
8.63,8.63,8.61,8.62,3787.86,32652.0053,99,889.12,7666.3198,202204
8.62,8.63,8.61,8.61,1456.38,12549.0307,75,180.33,1554.4946,202204
8.62,8.62,8.59,8.59,2255.59,19401.209,118,860.12,7402.2728,202204
8.6,8.61,8.59,8.6,1408.66,12112.5196,63,650.35,5595.62,202204
8.61,8.61,8.58,8.6,1552.31,13341.0134,71,521.5,4486.3555,202204
8.6,8.61,8.59,8.6,2151.45,18509.5109,77,1848.48,15904.4703,202204
8.59,8.62,8.59,8.6,2289.01,19688.2813,61,475.88,4095.2574,202204
8.6,8.61,8.59,8.61,2207.93,18999.7787,55,1592.74,13709.1647,202204
8.61,8.61,8.59,8.61,591.84,5091.8974,35,238.79,2055.765,202204
8.6,8.62,8.6,8.61,1752.63,15083.668,69,1069.12,9205.0004,202204
8.61,8.62,8.6,8.61,1283.51,11051.0752,48,309.19,2663.5601,202204
8.62,8.7,8.61,8.69,23258.46,201573.0418,604,14968.54,129743.0087,202204
8.69,8.71,8.68,8.7,3096.88,26924.8153,122,1504.67,13084.7476,202204
8.71,8.71,8.66,8.66,2345.45,20361.7455,88,549.6,4775.5638,202204
8.67,8.67,8.64,8.66,2222.35,19240.5216,84,942.7,8162.1356,202204
8.65,8.66,8.64,8.64,2287.42,19772.1742,74,208.24,1802.2373,202204
8.64,8.65,8.62,8.63,4204.57,36291.3872,123,2546.48,21981.9147,202204
8.63,8.67,8.63,8.65,3783.13,32693.1878,175,3039.81,26270.7437,202204
8.66,8.69,8.66,8.68,2004.55,17403.5974,133,1379.47,11978.9115,202204
8.69,8.71,8.67,8.71,3776.19,32803.3756,129,3109.79,27018.1961,202204
8.71,8.72,8.69,8.71,7002.81,60983.2603,221,3275.83,28546.734,202204
8.71,8.75,8.71,8.74,3635.54,31750.7262,311,1982.11,17315.2779,202204
8.74,8.75,8.7,8.73,10386.96,90559.1823,378,2821.14,24599.1603,202204
8.72,8.74,8.71,8.71,2326.43,20276.4141,64,279.9,2443.8001,202204
8.71,8.73,8.7,8.72,2096.18,18264.7539,96,963.59,8402.253,202204
8.72,8.73,8.72,8.72,1575.32,13739.3367,69,948.29,8271.6351,202204
8.72,8.73,8.72,8.72,2230.54,19468.4445,67,1867.47,16302.4741,202204
8.72,8.73,8.71,8.71,1227.05,10700.0006,60,633.54,5526.7247,202204
8.71,8.72,8.69,8.69,2092.49,18215.6598,92,227.62,1983.2399,202204
8.7,8.7,8.69,8.7,186.28,1620.0282,19,125.5,1091.85,202204
8.7,8.71,8.68,8.68,2703.18,23512.7934,78,1531.37,13328.8298,202204
8.68,8.69,8.68,8.68,421.87,3662.2548,23,42.32,367.7608,202204
8.68,8.69,8.67,8.69,1179.22,10231.5594,59,285.77,2480.9994,202204
8.69,8.69,8.67,8.69,610.59,5300.9938,33,343.26,2980.9694,202204
8.69,8.69,8.68,8.68,1090.5,9475.0197,64,620.99,5396.4031,202204
8.69,8.69,8.67,8.67,740.38,6427.4085,36,303.91,2640.9779,202204
8.68,8.69,8.66,8.67,1838.22,15941.5848,63,822.13,7135.252,202204
8.66,8.67,8.66,8.67,837.84,7259.5006,35,379.17,3287.4039,202204
8.67,8.68,8.67,8.68,271.6,2354.9008,14,12.88,111.7984,202204
8.68,8.69,8.67,8.68,1286.35,11172.4974,47,1113.87,9675.6474,202204
8.69,8.7,8.68,8.7,309.55,2688.6673,19,168.92,1467.9989,202204
8.69,8.7,8.69,8.69,671.08,5832.4513,24,76.61,666.507,202204
8.7,8.7,8.69,8.69,403.1,3505.6066,17,266.76,2320.812,202204
8.69,8.7,8.68,8.68,2021.18,17546.8028,60,924.55,8027.4423,202204
8.68,8.69,8.67,8.69,2426.89,21064.3149,56,2300.59,19969.2939,202204
8.69,8.7,8.68,8.7,1670.93,14506.9597,70,321.23,2791.5637,202204
8.69,8.71,8.69,8.71,437.15,3803.7146,59,422.69,3677.9309,202204
8.7,8.71,8.7,8.71,138.86,1209.3626,14,128.06,1115.4026,202204
8.71,8.72,8.7,8.72,1559.41,13580.8393,55,1012.08,8816.7221,202204
8.72,8.72,8.7,8.7,387.79,3377.4454,31,273.25,2380.261,202204
8.71,8.72,8.69,8.7,954.5,8310.7885,51,280.54,2443.632,202204
8.71,8.71,8.68,8.69,763.03,6632.7209,51,206.75,1798.629,202204
8.69,8.69,8.67,8.69,534.51,4639.698,37,117.96,1024.1194,202204
8.68,8.69,8.68,8.69,716.33,6219.6503,26,406.13,3527.1143,202204
8.68,8.71,8.66,8.67,3696.12,32100.4315,159,2029.16,17626.621,202204
8.68,8.69,8.67,8.69,4053.52,35206.8697,62,3823.55,33212.9298,202204
8.68,8.69,8.68,8.68,73.3,636.7446,9,50.06,435.0214,202204
8.68,8.69,8.68,8.69,142.86,1240.1379,14,11.31,98.2839,202204
8.68,8.69,8.68,8.69,673.63,5853.8191,29,555.74,4829.3806,202204
8.69,8.73,8.69,8.69,7094.23,61760.9745,221,2483.14,21638.0864,202204
8.69,8.71,8.68,8.7,1282.27,11153.34,96,851.86,7410.0643,202204
8.71,8.72,8.7,8.71,283.37,2468.048,25,250.29,2180.0487,202204
8.71,8.73,8.71,8.73,2328.09,20299.9157,112,1962.03,17111.0469,202204
8.73,8.74,8.72,8.74,1955.8,17078.1278,79,1117.08,9757.2394,202204
8.74,8.75,8.73,8.74,1231.3,10762.3359,44,263.77,2306.1398,202204
8.74,8.75,8.73,8.74,890.44,7782.4582,39,97.7,853.934,202204
8.74,8.78,8.73,8.75,7613.32,66710.2861,352,4019.41,35222.58,202204
8.75,8.75,8.73,8.73,2157.41,18858.3246,102,69.15,604.494,202204
8.74,8.76,8.73,8.75,2138.61,18711.9695,82,1871.84,16379.7895,202204
8.74,8.75,8.74,8.74,2673.69,23371.1107,59,306.01,2677.5875,202204
8.74,8.75,8.73,8.73,807.6,7057.6355,18,12.68,110.95,202204
8.74,8.76,8.74,8.75,1308.74,11449.1266,64,860.9,7532.3977,202204
8.74,8.75,8.73,8.74,725.75,6342.798,34,51.54,450.7237,202204
8.74,8.74,8.72,8.73,1410.65,12315.0395,45,390.85,3412.3632,202204
8.74,8.77,8.73,8.74,7937.98,69481.1784,181,5913.98,51776.669,202204
8.73,8.76,8.73,8.75,1434.34,12549.0612,55,545.17,4770.6085,202204
8.75,8.76,8.75,8.76,3552.2,31087.9145,102,1005.3,8802.5395,202204
8.76,8.77,8.73,8.74,4600.43,40259.8171,135,1022.62,8945.7689,202204
8.74,8.76,8.74,8.75,606.54,5307.1005,34,321.12,2809.8066,202204
8.76,8.79,8.76,8.77,6066.52,53206.8963,347,3622.35,31783.2189,202204
8.78,8.79,8.76,8.78,6942.55,60905.8035,186,1862.87,16360.5678,202204
8.78,8.82,8.77,8.81,12478.38,109871.2229,412,7406.18,65216.4197,202204
8.8,8.8,8.76,8.77,8656.15,75973.7484,230,1782.51,15665.2062,202204
8.78,8.79,8.77,8.78,1946.97,17098.961,67,1365.16,11992.0501,202204
8.78,8.78,8.77,8.77,406.61,3566.3168,27,84.1,737.9041,202204
8.78,8.78,8.76,8.76,2226.89,19533.8886,67,1249.16,10962.5673,202204
8.77,8.78,8.76,8.77,1067.49,9361.2557,48,550.11,4825.0595,202204
8.77,8.77,8.75,8.76,1454.94,12744.303,51,927.35,8123.6786,202204
8.75,8.75,8.73,8.74,6326.39,55332.9773,101,2197.6,19221.4033,202204
8.74,8.76,8.74,8.75,1889.01,16532.2553,67,1341.78,11744.36,202204
8.75,8.76,8.74,8.75,1988.67,17404.9771,64,1214.44,10630.8285,202204
8.75,8.76,8.73,8.74,1529.4,13372.1289,51,582.47,5094.0776,202204
8.73,8.75,8.72,8.73,589.97,5151.9416,37,337.03,2943.3568,202204
8.73,8.73,8.71,8.72,1333.99,11634.3532,54,58.72,512.2585,202204
8.72,8.73,8.71,8.73,1535.0,13383.9673,46,674.0,5883.1165,202204
8.73,8.74,8.73,8.73,896.09,7823.1044,33,626.6,5470.4567,202204
8.72,8.72,8.7,8.7,1147.77,9997.1338,57,125.95,1097.0245,202204
8.71,8.71,8.7,8.7,131.22,1141.7302,10,11.62,101.2102,202204
8.7,8.72,8.69,8.71,4517.63,39322.0198,156,2130.16,18543.4239,202204
8.71,8.71,8.7,8.7,984.33,8571.2927,39,593.35,5168.0785,202204
8.7,8.71,8.7,8.71,368.13,3202.777,30,84.57,735.805,202204
8.71,8.72,8.7,8.72,593.84,5169.9004,36,159.5,1389.294,202204
8.72,8.72,8.7,8.72,1096.96,9557.8213,33,523.18,4560.2739,202204
8.71,8.72,8.71,8.71,1262.37,10996.234,41,99.13,864.4136,202204
8.71,8.73,8.71,8.72,7944.06,69279.2113,102,4721.48,41178.3963,202204
8.71,8.71,8.68,8.69,8432.46,73352.1232,167,2241.3,19486.4306,202204
8.69,8.69,8.66,8.67,8808.33,76371.5247,164,885.35,7687.277,202204
8.68,8.72,8.66,8.72,7732.49,67251.3493,219,6457.77,56173.2964,202204
8.71,8.72,8.71,8.72,1427.4,12433.8288,41,854.28,7441.9536,202204
8.72,8.75,8.72,8.73,12983.37,113364.6914,314,6660.92,58150.7228,202204
8.73,8.73,8.71,8.73,1414.36,12337.0525,53,298.97,2607.8347,202204
8.72,8.73,8.72,8.73,3178.77,27745.422,70,2654.76,23176.0548,202204
8.73,8.75,8.72,8.75,4006.8,34989.1768,113,3926.59,34289.3394,202204
8.75,8.75,8.74,8.74,2686.7,23484.829,55,644.42,5635.3018,202204
8.74,8.74,8.73,8.73,574.09,5013.5576,26,280.94,2454.3581,202204
8.73,8.73,8.72,8.73,1059.92,9251.2535,42,389.01,3396.0573,202204
8.73,8.73,8.7,8.71,4018.99,35013.5032,100,439.57,3833.0687,202204
8.71,8.72,8.69,8.69,2312.2,20115.0092,34,339.75,2960.328,202204
8.7,8.71,8.7,8.71,1522.11,13249.3327,52,936.09,8150.9587,202204
8.7,8.71,8.7,8.71,155.0,1349.2015,16,70.15,611.0065,202204
8.71,8.72,8.71,8.71,1352.35,11782.0007,37,1090.37,9500.1549,202204
8.71,8.71,8.7,8.71,687.6,5985.6523,15,191.41,1667.1811,202204
8.71,8.73,8.69,8.7,7832.61,68253.7309,157,4965.19,43280.5857,202204
8.7,8.71,8.69,8.69,555.13,4828.8972,32,109.86,956.1873,202204
8.7,8.72,8.7,8.7,3002.61,26134.2172,85,1377.21,11990.4447,202204
8.71,8.71,8.7,8.7,508.58,4425.0502,23,40.42,352.0582,202204
8.7,8.72,8.7,8.7,2691.05,23418.0124,49,1363.68,11867.502,202204
8.71,8.73,8.71,8.71,1218.4,10622.9039,47,1156.54,10084.0367,202204
8.72,8.75,8.72,8.74,2532.58,22121.2931,96,2427.78,21206.0399,202204
8.75,8.75,8.74,8.75,215.02,1881.3366,39,206.18,1804.075,202204
8.75,8.75,8.73,8.73,2490.51,21770.1733,61,184.66,1615.4611,202204
8.74,8.75,8.73,8.74,1362.56,11913.8984,72,788.01,6892.6499,202204
8.74,8.76,8.73,8.75,2693.14,23552.9902,58,2293.5,20062.8755,202204
8.74,8.76,8.74,8.74,877.04,7679.0292,33,562.24,4924.8776,202204
8.75,8.76,8.75,8.76,314.2,2749.4312,20,87.65,767.1187,202204
8.76,8.77,8.76,8.77,2469.57,21634.4727,49,1052.09,9217.3479,202204
8.77,8.78,8.76,8.77,1533.41,13452.2128,68,1115.14,9785.1251,202204
8.77,8.77,8.75,8.75,10981.24,96103.2031,95,170.26,1492.6759,202204
8.75,8.76,8.75,8.75,880.38,7703.3541,33,2.91,25.4916,202204
8.76,8.76,8.74,8.75,1829.39,16011.6521,58,949.95,8316.5766,202204
8.75,8.75,8.74,8.74,854.45,7469.3893,40,132.63,1160.5125,202204
8.74,8.75,8.68,8.71,10385.34,90385.9526,282,1950.27,16976.468,202204
8.7,8.71,8.69,8.71,24582.78,213763.9719,310,4452.26,38723.322,202204
8.7,8.73,8.7,8.73,4194.07,36594.8035,87,4139.99,36124.0981,202204
8.73,8.74,8.72,8.72,1473.55,12857.5664,49,691.09,6033.214,202204
8.72,8.72,8.71,8.71,450.86,3929.1241,22,213.35,1860.412,202204
8.72,8.73,8.69,8.71,4022.5,35051.1295,164,1929.71,16826.1725,202204
8.71,8.71,8.68,8.7,3397.39,29521.6244,97,1732.75,15059.9508,202204
8.69,8.7,8.68,8.7,2036.0,17692.5734,67,452.5,3932.9431,202204
8.69,8.7,8.68,8.69,878.93,7637.3959,39,341.11,2964.3151,202204
8.69,8.69,8.68,8.68,1360.28,11808.0152,38,924.14,8021.7416,202204
8.67,8.68,8.65,8.66,2885.8,24998.4345,159,747.18,6474.2493,202204
8.65,8.67,8.65,8.66,3662.41,31749.0695,102,3372.24,29236.387,202204
8.66,8.67,8.64,8.65,7227.96,62558.7363,211,3089.92,26752.6925,202204
8.65,8.66,8.65,8.66,212.77,1842.3508,17,119.18,1032.0988,202204
8.66,8.69,8.66,8.69,4297.02,37274.5744,181,3674.89,31880.9636,202204
8.68,8.7,8.68,8.69,6364.94,55291.1962,185,3787.8,32912.1615,202204
8.69,8.69,8.67,8.68,2668.8,23167.7705,76,876.93,7618.1901,202204
8.68,8.69,8.66,8.68,1294.23,11226.1644,59,511.61,4439.12,202204
8.67,8.68,8.63,8.67,7158.8,61868.5842,235,1645.15,14251.695,202204
8.68,8.71,8.67,8.68,3777.98,32846.1152,123,1616.79,14059.7767,202204
8.68,8.69,8.67,8.69,1398.4,12137.3048,45,561.97,4880.3312,202204
8.69,8.69,8.67,8.67,1059.56,9191.2046,43,114.29,991.6839,202204
8.67,8.67,8.65,8.65,2429.93,21028.4136,75,151.78,1314.4299,202204
8.66,8.68,8.65,8.67,3744.52,32456.8031,111,3189.4,27649.2118,202204
8.67,8.7,8.67,8.69,1731.66,15031.3125,68,866.21,7520.955,202204
8.69,8.71,8.67,8.68,17745.37,154292.1276,238,12103.66,105276.0397,202204
8.68,8.71,8.68,8.7,2601.94,22619.0076,83,1000.88,8706.8155,202204
8.69,8.72,8.69,8.71,14992.47,130622.7004,220,12852.13,111981.6441,202204
8.72,8.72,8.7,8.7,915.43,7971.3316,31,240.31,2093.1437,202204
8.71,8.75,8.71,8.73,7797.91,68061.4525,230,6207.5,54181.1229,202204
8.73,8.75,8.73,8.74,653.22,5713.024,32,440.94,3857.827,202204
8.74,8.75,8.73,8.74,1928.53,16860.5762,87,408.89,3575.4369,202204
8.74,8.75,8.73,8.74,6040.82,52746.3066,80,137.0,1197.1296,202204
8.74,8.78,8.73,8.76,4114.46,36036.534,244,2835.18,24833.7609,202204
8.75,8.76,8.73,8.73,9347.79,81710.6792,207,2797.15,24462.1829,202204
8.74,8.74,8.7,8.72,2666.05,23233.4255,98,1353.43,11795.0395,202204
8.72,8.72,8.7,8.7,902.41,7860.6124,44,589.38,5134.0625,202204
8.7,8.71,8.7,8.7,308.58,2684.8271,20,18.11,157.7381,202204
8.7,8.72,8.69,8.7,1656.07,14413.4833,64,868.38,7561.707,202204
8.7,8.71,8.69,8.71,1419.37,12351.6845,45,719.17,6261.5374,202204
8.71,8.72,8.7,8.71,2018.78,17583.3798,31,1322.52,11519.1635,202204
8.72,8.72,8.7,8.71,1767.14,15392.6303,42,746.49,6505.935,202204
8.7,8.71,8.7,8.7,15.76,137.2235,4,11.15,97.1165,202204
8.71,8.71,8.7,8.71,523.09,4555.4071,28,296.86,2585.6506,202204
8.71,8.72,8.71,8.72,2168.92,18903.5999,67,1650.35,14385.3211,202204
8.73,8.73,8.7,8.72,2346.38,20435.6311,96,426.81,3722.5578,202204
8.71,8.73,8.71,8.72,947.72,8267.8569,31,588.03,5131.3816,202204
8.72,8.73,8.71,8.73,2072.56,18087.824,77,1476.35,12887.7433,202204
8.72,8.74,8.72,8.74,417.36,3643.7596,22,225.35,1967.5719,202204
8.74,8.74,8.7,8.71,3450.88,30067.4746,85,1546.2,13470.0706,202204
8.7,8.71,8.69,8.69,1039.74,9039.7954,50,806.2,7009.2585,202204
8.69,8.72,8.69,8.71,5721.27,49825.2374,91,2366.25,20609.0629,202204
8.72,8.73,8.71,8.73,4892.52,42676.0946,130,898.5,7840.7755,202204
8.73,8.74,8.72,8.74,603.43,5271.889,41,480.06,4194.8918,202204
8.73,8.75,8.72,8.74,1367.33,11940.9152,70,689.39,6022.2016,202204
8.74,8.76,8.72,8.74,5865.41,51247.7252,140,1512.66,13223.1386,202204
8.74,8.74,8.72,8.72,3132.97,27375.5296,50,506.1,4418.253,202204
8.73,8.74,8.72,8.72,1948.57,16995.5365,40,181.5,1584.7514,202204
8.73,8.74,8.72,8.73,429.19,3746.9357,24,251.4,2194.8993,202204
8.72,8.74,8.72,8.73,579.88,5062.2578,25,479.32,4184.6062,202204
8.72,8.74,8.72,8.74,807.58,7052.076,33,584.13,5101.9608,202204
8.73,8.74,8.72,8.74,277.55,2425.232,18,240.04,2097.8497,202204
8.74,8.74,8.73,8.73,194.98,1703.0198,15,84.44,738.0056,202204
8.73,8.74,8.73,8.73,679.86,5938.1978,35,302.0,2639.48,202204
8.73,8.74,8.72,8.74,2229.07,19460.0481,44,2078.11,18142.2789,202204
8.74,8.75,8.73,8.73,1501.8,13116.621,27,419.78,3669.1608,202204
8.72,8.74,8.68,8.68,5914.36,51471.6349,147,1031.44,8985.8275,202204
8.67,8.74,8.67,8.73,7178.1,62374.3598,154,1439.07,12529.5516,202204
8.73,8.74,8.72,8.74,1812.29,15806.8947,68,866.1,7555.6004,202204
8.73,8.75,8.73,8.74,2081.4,18191.3668,52,1821.22,15917.6414,202204
8.74,8.74,8.72,8.74,1318.09,11504.2941,52,203.86,1781.096,202204
8.73,8.73,8.71,8.71,1950.13,16999.1683,85,481.85,4202.844,202204
8.71,8.71,8.7,8.7,635.97,5539.1932,20,25.29,220.2759,202204
8.7,8.71,8.69,8.7,330.2,2871.6731,28,52.45,456.4519,202204
8.71,8.72,8.7,8.7,1825.91,15903.9411,48,883.77,7702.0104,202204
8.7,8.71,8.69,8.69,337.91,2939.2767,17,7.54,65.5466,202204
8.69,8.7,8.68,8.7,1618.74,14071.7381,36,1520.03,13214.0931,202204
8.7,8.7,8.69,8.69,1413.42,12284.0282,28,248.01,2156.6153,202204
8.68,8.7,8.67,8.69,1833.21,15920.6672,56,1269.87,11033.9568,202204
8.7,8.71,8.7,8.71,162.94,1418.7343,16,139.31,1213.1533,202204
8.7,8.7,8.69,8.69,815.73,7094.1643,28,488.38,4248.906,202204
8.69,8.69,8.68,8.68,1621.11,14077.3129,42,1148.26,9969.6051,202204
8.67,8.69,8.67,8.68,1773.25,15391.3612,86,946.3,8220.3931,202204
8.69,8.71,8.68,8.71,2182.82,18974.0944,90,873.0,7595.0418,202204
8.7,8.71,8.69,8.69,634.09,5511.4333,27,52.49,456.7631,202204
8.68,8.68,8.65,8.65,1797.73,15580.4636,111,742.94,6440.1108,202204
8.65,8.65,8.61,8.61,17843.74,153802.2167,392,5106.88,44028.2416,202204
8.62,8.62,8.55,8.59,21964.23,188667.0204,854,12596.92,108240.041,202204
8.6,8.6,8.58,8.59,2433.03,20905.7094,75,1325.15,11386.555,202204
8.59,8.61,8.57,8.6,5280.78,45362.9304,157,3551.32,30521.4598,202204
8.6,8.63,8.6,8.61,2801.7,24123.1656,100,1143.96,9860.5539,202204
8.61,8.61,8.59,8.6,1564.05,13437.888,51,328.0,2819.4221,202204
8.6,8.61,8.59,8.59,944.52,8123.8723,48,427.32,3676.718,202204
8.58,8.59,8.53,8.55,8768.2,75030.015,252,2680.5,22948.5139,202204
8.54,8.58,8.54,8.56,3478.0,29759.0274,157,1749.16,14975.9856,202204
8.56,8.57,8.54,8.54,4055.51,34663.8024,108,1737.84,14857.3323,202204
8.53,8.55,8.51,8.53,6029.55,51448.7972,221,3619.76,30902.1662,202204
8.53,8.54,8.51,8.53,8216.21,70078.796,175,5371.77,45825.8168,202204
8.52,8.57,8.51,8.54,4010.23,34264.9726,247,2108.54,18025.1283,202204
8.54,8.55,8.51,8.52,2630.22,22434.2059,79,1725.52,14718.9785,202204
8.52,8.53,8.48,8.48,7039.81,59812.1875,288,1724.34,14656.3873,202204
8.49,8.49,8.44,8.48,7308.59,61876.2665,341,3312.41,28056.5429,202204
8.47,8.5,8.45,8.46,9413.83,79821.3801,375,2855.82,24224.2012,202204
8.47,8.48,8.44,8.46,4422.39,37413.4436,105,3671.07,31061.6675,202204
8.46,8.46,8.39,8.4,10538.81,88652.4218,357,3876.41,32620.1127,202204
8.4,8.43,8.39,8.4,8568.71,72021.1265,229,6262.73,52638.1658,202204
8.41,8.42,8.39,8.42,5033.02,42310.6327,115,2414.68,20305.4561,202204
8.42,8.42,8.37,8.38,5699.92,47858.1533,255,1791.28,15050.3574,202204
8.38,8.4,8.35,8.36,9224.89,77271.8956,302,6544.01,54839.0412,202204
8.36,8.37,8.33,8.33,8352.53,69679.3987,228,1548.77,12941.593,202204
8.34,8.36,8.34,8.35,3116.87,26021.0235,95,2401.49,20051.6278,202204
8.34,8.34,8.31,8.32,3424.15,28520.3989,144,1660.44,13831.3578,202204
8.33,8.35,8.31,8.32,7545.72,62804.3118,244,3466.72,28860.0145,202204
8.31,8.32,8.28,8.31,10737.36,89222.9041,324,6815.41,56644.3917,202204
8.3,8.38,8.27,8.36,37143.04,309956.3105,867,25824.87,215615.1631,202204
8.37,8.38,8.35,8.36,2590.95,21684.3219,104,1272.16,10650.4776,202204
8.35,8.35,8.29,8.3,4120.84,34278.4391,164,2050.92,17060.4806,202204
8.3,8.35,8.28,8.35,6101.84,50754.051,206,4280.59,35602.8225,202204
8.34,8.35,8.33,8.34,3188.44,26593.9762,84,1777.62,14825.0294,202204
8.33,8.35,8.32,8.33,2238.5,18668.9795,64,1029.81,8590.0656,202204
8.33,8.33,8.29,8.31,2380.18,19766.9105,103,1141.08,9479.7634,202204
8.31,8.33,8.27,8.33,4457.04,36937.6084,162,2755.27,22835.8248,202204
8.32,8.33,8.3,8.32,5876.47,48856.4792,126,1711.26,14235.7973,202204
8.32,8.33,8.3,8.3,3047.34,25361.7322,99,1826.28,15210.9664,202204
8.29,8.3,8.24,8.27,14503.44,119872.4408,470,4007.73,33102.747,202204
8.26,8.3,8.2,8.29,27394.99,225739.821,708,6693.63,55261.7682,202204
8.28,8.32,8.26,8.32,7038.29,58411.0813,246,2774.83,23038.7631,202204
8.32,8.32,8.29,8.3,10907.08,90638.1143,225,6692.75,55647.5322,202204
8.31,8.32,8.27,8.29,4483.28,37175.9719,174,2876.38,23859.4331,202204
8.3,8.36,8.29,8.33,11941.2,99545.867,410,9301.81,77547.5763,202204
8.34,8.35,8.33,8.34,8158.43,68051.9785,186,2120.23,17694.1161,202204
8.34,8.35,8.31,8.32,1401.81,11666.8963,72,529.09,4407.0582,202204
8.32,8.34,8.3,8.3,2847.4,23703.1282,78,1048.82,8736.7587,202204
8.3,8.33,8.3,8.32,1656.69,13781.857,67,730.2,6075.2945,202204
8.32,8.34,8.28,8.28,6366.62,52865.3195,161,949.4,7877.0213,202204
8.29,8.3,8.27,8.28,12004.31,99452.293,302,7313.03,60605.2956,202204
8.29,8.34,8.28,8.33,10112.52,84018.5164,226,6665.55,55390.4221,202204
8.33,8.33,8.27,8.27,5397.3,44744.7246,205,1313.24,10892.4734,202204
8.28,8.28,8.25,8.27,2728.81,22538.9478,99,691.14,5712.1273,202204
8.26,8.27,8.23,8.25,3926.21,32390.8478,118,2097.22,17306.0539,202204
8.25,8.26,8.22,8.24,4381.38,36089.1782,150,2355.22,19405.2288,202204
8.24,8.25,8.2,8.22,18682.0,153560.2853,398,7630.66,62712.7208,202204
8.21,8.25,8.21,8.23,2409.03,19853.7917,152,1325.81,10925.6742,202204
8.24,8.25,8.21,8.24,8313.12,68410.3768,159,4927.41,40550.2519,202204
8.24,8.26,8.22,8.24,7010.34,57735.6082,178,2318.08,19118.5529,202204
8.24,8.27,8.23,8.27,3394.95,28007.8581,104,2683.08,22134.6974,202204
8.26,8.27,8.24,8.25,1714.17,14146.4579,75,692.28,5715.4251,202204
8.25,8.27,8.24,8.25,5296.94,43706.9247,102,2982.28,24615.1973,202204
8.25,8.27,8.25,8.27,895.93,7394.7704,32,520.66,4296.1959,202204
8.27,8.27,8.2,8.21,2275.97,18721.7491,114,726.38,5973.1586,202204
8.21,8.22,8.19,8.21,5224.44,42848.6788,168,1075.98,8830.7835,202204
8.21,8.24,8.21,8.24,546.04,4491.0117,57,517.15,4253.7629,202204
8.23,8.25,8.22,8.24,6549.05,53953.9422,113,3244.18,26754.2809,202204
8.23,8.26,8.23,8.24,1821.7,15014.9497,47,1362.25,11228.7675,202204
8.24,8.26,8.24,8.25,1137.66,9380.462,46,569.08,4694.6684,202204
8.24,8.25,8.23,8.24,1627.37,13399.9454,48,82.53,679.9611,202204
8.24,8.26,8.23,8.23,985.36,8118.2465,54,316.92,2614.1538,202204
8.23,8.23,8.19,8.2,2142.6,17586.3029,104,732.96,6025.1208,202204
8.2,8.22,8.19,8.22,833.47,6839.564,41,601.89,4941.0484,202204
8.21,8.22,8.2,8.22,2819.38,23173.6177,35,2705.24,22236.5991,202204
8.22,8.24,8.22,8.23,2991.28,24624.468,78,2388.18,19660.955,202204
8.24,8.24,8.2,8.2,3227.4,26505.8593,115,464.32,3824.6652,202204
8.21,8.25,8.2,8.24,4942.57,40650.8714,146,4024.8,33114.4718,202204
8.23,8.25,8.22,8.23,1623.35,13375.1701,90,628.18,5179.3081,202204
8.22,8.23,8.14,8.15,8738.78,71405.3732,443,2055.1,16777.9371,202204
8.15,8.18,8.15,8.17,2899.1,23672.9469,131,1239.38,10118.7625,202204
8.16,8.17,8.14,8.15,2842.6,23174.5786,107,1909.36,15568.5921,202204
8.15,8.16,8.03,8.07,36252.82,292991.196,1578,16228.0,131160.0406,202204
8.07,8.14,8.05,8.14,12268.53,99342.1465,420,9464.56,76641.9691,202204
8.14,8.14,8.11,8.14,5072.14,41208.0791,195,3000.21,24380.2458,202204
8.14,8.14,8.11,8.12,6090.24,49456.6697,184,1430.51,11626.6327,202204
8.12,8.18,8.11,8.13,11747.57,95675.9911,489,6862.98,55932.1766,202204
8.13,8.15,8.1,8.12,11010.34,89391.0309,233,6360.21,51641.7594,202204
8.12,8.15,8.08,8.11,10926.14,88685.8451,388,5664.66,46001.372,202204
8.11,8.11,8.05,8.06,6794.88,54840.6447,286,2684.91,21677.0066,202204
8.07,8.07,8.01,8.02,9938.07,79899.7329,418,3598.89,28937.5027,202204
8.02,8.08,8.02,8.08,9850.9,79372.0414,415,7353.0,59254.0561,202204
8.08,8.08,8.06,8.07,1743.24,14064.4627,70,912.71,7366.4353,202204
8.07,8.07,8.01,8.03,6658.07,53449.0042,213,2705.81,21719.1418,202204
8.02,8.05,8.0,8.05,14506.38,116397.6458,472,8050.14,64685.2769,202204
8.04,8.05,8.02,8.05,4884.6,39244.501,167,1999.39,16076.0871,202204
8.05,8.05,8.0,8.02,7902.24,63324.9463,245,2430.59,19493.194,202204
8.01,8.04,8.01,8.04,11268.2,90466.8008,244,10727.91,86135.0266,202204
8.04,8.05,8.01,8.02,3869.0,31066.3932,112,2383.77,19147.3698,202204
8.02,8.08,8.02,8.07,3385.07,27282.7438,143,2399.5,19337.9829,202204
8.07,8.07,8.03,8.05,3427.98,27612.8473,112,717.91,5781.0823,202204
8.05,8.09,8.04,8.09,6542.19,52734.9276,161,3495.92,28207.7814,202204
8.1,8.12,8.09,8.11,5808.74,47111.4452,231,3782.43,30684.7694,202204
8.12,8.13,8.1,8.11,7108.1,57669.6978,162,2943.01,23896.0165,202204
8.1,8.1,8.1,8.1,192.68,1560.708,17,185.93,1506.033,202204
8.1,8.1,8.09,8.1,1353.73,10958.3969,31,672.12,5444.172,202204
8.1,8.1,8.09,8.09,281.16,2277.0715,22,248.71,2014.551,202204
8.1,8.1,8.09,8.09,2125.84,17198.1645,55,427.65,3459.8074,202204
8.09,8.1,8.08,8.1,5981.37,48385.8042,135,5149.36,41663.1485,202204
8.1,8.12,8.1,8.11,1948.99,15804.1762,94,877.77,7120.5658,202204
8.12,8.13,8.11,8.13,1704.82,13845.2548,64,814.91,6620.7505,202204
8.12,8.14,8.12,8.12,495.84,4028.7606,46,194.58,1582.037,202204
8.13,8.13,8.12,8.12,550.66,4472.4967,28,319.71,2597.1827,202204
8.13,8.15,8.12,8.14,2357.22,19176.2045,134,1286.21,10465.913,202204
8.15,8.17,8.14,8.15,1482.66,12089.898,167,441.53,3601.9288,202204
8.15,8.16,8.14,8.14,732.61,5968.1458,43,260.37,2122.7678,202204
8.14,8.14,8.12,8.13,4257.62,34608.3267,153,208.73,1697.1057,202204
8.12,8.13,8.12,8.12,974.67,7916.4832,39,464.51,3773.984,202204
8.13,8.15,8.09,8.1,10277.19,83377.156,199,1369.59,11119.6499,202204
8.1,8.1,8.07,8.09,4784.31,38689.3849,102,2660.86,21523.334,202204
8.09,8.1,8.07,8.08,12813.64,103680.8441,158,7600.37,61521.7055,202204
8.08,8.12,8.08,8.11,9034.94,73275.1943,169,6456.08,52360.3398,202204
8.12,8.15,8.1,8.12,8737.76,71025.4065,191,6971.48,56682.526,202204
8.12,8.13,8.11,8.11,1950.58,15835.661,46,1534.78,12463.523,202204
8.12,8.12,8.09,8.11,2360.35,19133.7763,85,1264.68,10258.3051,202204
8.1,8.11,8.08,8.09,1014.55,8211.1304,43,675.2,5464.1991,202204
8.08,8.09,8.03,8.05,4176.96,33631.3809,168,1817.79,14638.2499,202204
8.04,8.04,7.91,7.91,35081.86,279969.2881,1013,8574.09,68194.2593,202204
7.92,7.97,7.92,7.95,19525.71,155252.9285,653,14427.54,114744.271,202204
7.95,7.96,7.91,7.94,7290.49,57865.0851,210,3586.24,28475.4099,202204
7.94,8.0,7.93,7.98,6329.17,50378.1474,202,4233.36,33697.3085,202204
7.99,8.0,7.96,7.98,2372.53,18931.1812,109,1672.35,13348.1449,202204
7.99,8.0,7.98,8.0,170.75,1363.3216,10,25.24,201.8059,202204
7.99,7.99,7.95,7.98,3948.69,31458.9588,110,895.74,7139.755,202204
7.98,7.99,7.96,7.96,1443.15,11504.9402,62,755.08,6022.5183,202204
7.96,8.01,7.96,8.01,4097.55,32716.0282,150,3390.91,27073.3162,202204
8.01,8.03,7.99,8.03,3441.4,27550.3389,152,1924.17,15413.0281,202204
8.03,8.03,8.01,8.03,3291.63,26416.3334,113,721.53,5790.0971,202204
8.04,8.1,8.03,8.05,33675.14,271908.4791,756,27217.87,219774.2604,202204
8.05,8.09,8.05,8.08,4736.72,38223.2086,123,973.41,7856.8334,202204
8.07,8.08,8.06,8.06,1978.94,15974.3185,56,740.83,5983.0176,202204
8.06,8.11,8.06,8.1,3316.61,26819.3568,146,1818.31,14702.0635,202204
8.1,8.12,8.09,8.09,5638.2,45692.6247,176,3361.21,27245.3115,202204
8.1,8.1,8.07,8.09,6003.0,48585.9611,91,1859.39,15045.2382,202204
8.08,8.08,8.02,8.03,5741.33,46179.8461,159,1703.69,13705.0504,202204
8.02,8.05,7.98,8.03,16663.6,133489.2959,405,6808.47,54485.4047,202204
8.04,8.06,8.03,8.06,7136.56,57358.0704,156,1596.75,12846.9809,202204
8.06,8.07,8.04,8.07,2496.63,20123.6518,98,1712.16,13808.0185,202204
8.06,8.09,8.05,8.08,6523.31,52642.7873,131,4893.26,39484.98,202204
8.08,8.11,8.07,8.09,1543.02,12484.9014,113,836.64,6771.929,202204
8.09,8.1,8.08,8.08,1442.95,11675.5668,54,602.73,4879.4829,202204
8.09,8.12,8.08,8.11,4848.12,39292.7903,193,3169.39,25692.6338,202204
8.11,8.12,8.09,8.09,1908.18,15473.7986,62,363.72,2950.4046,202204
8.09,8.12,8.09,8.11,1319.74,10699.2865,71,699.44,5671.3382,202204
8.11,8.12,8.11,8.11,500.59,4061.8977,39,223.75,1816.7253,202204
8.11,8.15,8.11,8.14,8740.62,71120.5641,218,7450.16,60634.551,202204
8.14,8.15,8.13,8.14,1535.55,12503.8737,66,804.87,6557.3573,202204
8.15,8.15,8.13,8.14,3844.9,31293.2866,102,1268.24,10328.4905,202204
8.13,8.15,8.13,8.14,1051.71,8563.9997,34,366.47,2983.874,202204
8.14,8.15,8.14,8.15,929.07,7570.5579,29,254.28,2072.382,202204
8.16,8.16,8.14,8.16,785.1,6399.9533,41,448.74,3661.2931,202204
8.16,8.16,8.13,8.14,1944.91,15842.7714,65,842.42,6860.2216,202204
8.14,8.17,8.14,8.16,1225.27,9987.874,48,739.36,6032.0982,202204
8.16,8.17,8.14,8.16,2258.01,18406.289,71,744.28,6067.5505,202204
8.15,8.15,8.14,8.15,863.81,7037.1875,27,320.44,2611.586,202204
8.15,8.17,8.15,8.16,1538.88,12554.2449,53,505.53,4123.5489,202204
8.17,8.17,8.15,8.17,1108.16,9044.6697,27,734.5,5998.6842,202204
8.17,8.17,8.16,8.17,1580.29,12910.2107,58,1339.43,10943.1431,202204
8.17,8.19,8.17,8.18,1385.06,11328.79,89,859.09,7027.4295,202204
8.18,8.19,8.18,8.18,499.14,4083.0925,25,47.08,385.2417,202204
8.18,8.18,8.16,8.18,1874.36,15301.1656,127,234.14,1913.4768,202204
8.18,8.18,8.17,8.18,396.56,3242.0091,31,166.24,1359.7368,202204
8.18,8.19,8.17,8.18,974.0,7968.5293,46,479.73,3926.4806,202204
8.17,8.18,8.13,8.16,5191.88,42323.0556,121,1090.47,8890.1046,202204
8.16,8.18,8.15,8.18,1395.9,11395.8748,70,913.79,7461.555,202204
8.18,8.18,8.16,8.16,1299.91,10620.6521,43,1107.85,9052.6369,202204
8.17,8.17,8.16,8.17,378.55,3091.6649,22,269.69,2203.3673,202204
8.16,8.17,8.14,8.15,3704.95,30230.511,62,2644.68,21584.3981,202204
8.15,8.16,8.13,8.15,1483.55,12070.5297,59,124.0,1011.0061,202204
8.16,8.18,8.15,8.16,3650.08,29808.6524,95,2339.92,19112.6938,202204
8.16,8.17,8.15,8.16,2187.09,17839.7114,58,1310.17,10691.4869,202204
8.16,8.18,8.14,8.17,1700.82,13887.4651,91,1010.45,8253.6752,202204
8.17,8.18,8.15,8.16,1634.98,13352.1966,74,633.04,5172.0285,202204
8.15,8.16,8.14,8.16,1130.73,9215.7541,69,225.34,1837.0091,202204
8.16,8.17,8.15,8.16,1928.95,15725.5336,53,1575.74,12846.1491,202204
8.17,8.18,8.16,8.17,602.6,4922.8093,32,354.66,2897.6839,202204
8.17,8.2,8.17,8.19,5988.82,49028.634,197,3904.06,31955.6985,202204
8.18,8.2,8.18,8.19,1113.1,9108.0965,37,788.58,6451.8131,202204
8.18,8.19,8.17,8.18,3359.37,27458.1694,81,1041.78,8523.33,202204
8.18,8.19,8.18,8.19,223.89,1831.921,14,170.52,1395.3544,202204
8.19,8.2,8.18,8.2,1118.6,9154.8659,26,343.6,2815.3659,202204
8.19,8.22,8.19,8.21,5421.38,44465.5982,165,3429.09,28136.9161,202204
8.2,8.21,8.19,8.2,2115.39,17346.2807,136,1212.55,9944.9683,202204
8.2,8.22,8.19,8.21,2269.85,18628.5382,66,1539.18,12636.8149,202204
8.21,8.21,8.18,8.2,3437.8,28164.0784,58,486.26,3991.5003,202204
8.21,8.21,8.2,8.2,978.02,8024.5391,25,477.51,3920.3571,202204
8.21,8.23,8.21,8.23,2205.86,18120.2357,103,1622.8,13331.7649,202204
8.23,8.23,8.22,8.23,1614.45,13284.8617,56,861.02,7086.1946,202204
8.24,8.25,8.23,8.24,1040.01,8573.1404,94,741.86,6118.0364,202204
8.24,8.25,8.23,8.24,1015.45,8363.9862,74,106.41,877.6939,202204
8.24,8.24,8.22,8.22,314.65,2589.0007,31,84.88,698.7304,202204
8.22,8.23,8.22,8.23,159.38,1311.6467,9,154.31,1269.9713,202204
8.23,8.24,8.22,8.23,1858.29,15296.1834,66,772.69,6360.934,202204
8.24,8.26,8.23,8.25,1632.49,13464.6214,88,1173.07,9678.4503,202204
8.24,8.27,8.24,8.27,1161.28,9588.0253,73,624.58,5159.0353,202204
8.26,8.27,8.25,8.26,1011.25,8350.8109,79,456.88,3774.5984,202204
8.25,8.25,8.23,8.23,2018.8,16642.19,61,131.44,1083.9426,202204
8.24,8.24,8.21,8.22,1496.91,12308.4959,60,216.66,1783.7953,202204
8.22,8.22,8.2,8.21,1214.99,9975.2014,58,675.2,5544.9919,202204
8.22,8.23,8.21,8.23,508.87,4183.5318,34,381.41,3137.0852,202204
8.23,8.23,8.21,8.22,538.32,4422.8874,44,201.63,1656.8977,202204
8.22,8.23,8.21,8.22,1407.38,11577.7658,43,763.78,6284.1949,202204
8.22,8.23,8.22,8.23,540.9,4448.2918,26,260.74,2145.3766,202204
8.22,8.24,8.22,8.24,471.61,3881.4237,22,308.49,2538.9722,202204
8.24,8.26,8.23,8.26,3583.64,29564.9988,69,3359.15,27714.6517,202204
8.25,8.26,8.25,8.26,1276.05,10531.0417,52,693.98,5728.9642,202204
8.26,8.26,8.24,8.25,376.96,3109.9099,46,218.12,1799.5206,202204
8.26,8.32,8.25,8.29,31505.29,261104.6991,654,25960.72,215185.193,202204
8.29,8.31,8.28,8.29,4285.8,35571.3041,128,2048.92,17011.4544,202204
8.29,8.31,8.29,8.31,2435.01,20206.4405,59,636.43,5284.2166,202204
8.31,8.32,8.29,8.31,11099.71,92221.1211,204,2086.96,17338.7452,202204
8.31,8.33,8.29,8.32,2828.54,23492.8228,122,591.46,4918.4509,202204
8.32,8.32,8.29,8.29,1714.05,14242.6603,71,655.88,5450.5929,202204
8.3,8.31,8.28,8.29,2244.66,18622.6982,81,643.33,5336.9225,202204
8.29,8.3,8.28,8.3,2515.9,20865.5027,70,2104.04,17451.7406,202204
8.29,8.29,8.26,8.28,4176.29,34536.1459,111,1000.48,8277.3577,202204
8.27,8.29,8.26,8.27,3928.11,32490.348,74,128.51,1064.4285,202204
8.28,8.28,8.26,8.27,4112.32,34019.3595,87,2640.58,21848.1797,202204
8.28,8.29,8.28,8.28,2409.55,19958.6635,52,1245.53,10319.468,202204
8.28,8.29,8.27,8.27,2674.29,22141.4108,96,1759.02,14569.5864,202204
8.28,8.31,8.28,8.31,3507.53,29085.1309,71,3458.57,28678.9157,202204
8.31,8.32,8.3,8.31,2878.91,23920.7825,85,1042.93,8667.6366,202204
8.32,8.33,8.3,8.32,12293.62,102239.474,278,7708.6,64122.4896,202204
8.33,8.33,8.31,8.32,3091.54,25723.7733,76,1237.57,10298.7928,202204
8.32,8.32,8.3,8.31,1426.57,11864.5872,53,1211.25,10074.5694,202204
8.32,8.35,8.32,8.34,5377.9,44818.553,312,1905.19,15881.6938,202204
8.34,8.34,8.32,8.32,1705.84,14212.0754,63,990.85,8259.9745,202204
8.33,8.33,8.29,8.29,1262.64,10486.2359,49,95.8,797.7603,202204
8.29,8.3,8.22,8.23,10645.3,87819.7321,271,4503.5,37148.7966,202204
8.24,8.25,8.23,8.23,4136.14,34084.2857,123,2261.16,18640.7515,202204
8.23,8.26,8.23,8.25,792.48,6535.5684,36,747.01,6160.5798,202204
8.24,8.26,8.21,8.23,4777.44,39390.258,138,3472.42,28646.2023,202204
8.22,8.22,8.19,8.21,7154.29,58717.7463,223,4169.04,34227.5154,202204
8.22,8.26,8.22,8.26,6460.93,53272.0533,217,5807.45,47878.2117,202204
8.26,8.29,8.25,8.28,1606.2,13292.9608,86,762.83,6314.765,202204
8.28,8.29,8.24,8.24,3366.69,27849.8126,110,1365.92,11305.4744,202204
8.24,8.25,8.24,8.25,545.98,4502.1571,27,197.33,1627.6336,202204
8.25,8.27,8.25,8.25,4027.09,33267.5357,83,2915.52,24086.2231,202204
8.26,8.28,8.25,8.27,1905.82,15763.1078,85,1179.54,9754.7084,202204
8.27,8.3,8.27,8.3,1766.17,14648.0567,86,980.87,8134.9816,202204
8.3,8.31,8.29,8.3,869.46,7217.5515,46,574.11,4766.9544,202204
8.29,8.3,8.26,8.28,3513.22,29078.1524,76,593.1,4906.3638,202204
8.28,8.3,8.28,8.3,1145.82,9505.5765,49,670.49,5562.1034,202204
8.3,8.3,8.27,8.29,3837.7,31828.4669,79,1696.17,14066.0072,202204
8.3,8.31,8.29,8.29,807.33,6700.5124,28,362.93,3012.3658,202204
8.3,8.31,8.29,8.3,589.95,4895.966,18,122.59,1017.5571,202204
8.3,8.31,8.29,8.3,375.92,3119.8468,35,111.95,929.5646,202204
8.3,8.31,8.28,8.28,3134.89,25986.5617,57,76.46,635.0904,202204
8.29,8.29,8.28,8.28,1528.51,12668.6192,33,1255.64,10409.2556,202204
8.28,8.29,8.27,8.27,1165.76,9647.4971,57,431.87,3575.9818,202204
8.28,8.3,8.27,8.29,1246.73,10330.4717,50,1002.02,8303.477,202204
8.28,8.3,8.28,8.3,852.99,7070.209,25,568.23,4710.6742,202204
8.29,8.31,8.29,8.31,2963.71,24594.5232,72,1203.54,9990.9795,202204
8.31,8.32,8.31,8.31,2010.81,16719.278,85,1059.59,8812.0682,202204
8.31,8.32,8.3,8.32,1381.18,11480.064,43,564.88,4696.2925,202204
8.31,8.33,8.28,8.29,7011.41,58237.4934,122,3013.54,25040.043,202204
8.28,8.31,8.28,8.31,735.64,6101.3053,27,666.94,5531.8417,202204
8.31,8.32,8.3,8.31,1301.82,10818.0815,45,406.1,3374.911,202204
8.31,8.32,8.29,8.3,1378.38,11445.8489,56,789.07,6550.7928,202204
8.31,8.31,8.24,8.24,5633.23,46533.5529,162,1628.2,13448.1831,202204
8.24,8.25,8.24,8.24,1227.19,10112.2459,56,774.06,6378.4547,202204
8.24,8.25,8.23,8.24,2298.08,18935.8559,103,1288.03,10613.6363,202204
8.23,8.24,8.16,8.2,21494.03,176103.8822,870,15190.1,124462.6162,202204
8.21,8.22,8.19,8.21,5886.85,48245.1742,181,2115.6,17347.7964,202204
8.21,8.28,8.21,8.26,9967.67,82155.6884,270,7588.64,62511.1798,202204
8.27,8.28,8.26,8.27,3094.71,25599.4149,80,1563.07,12932.9332,202204
8.27,8.28,8.25,8.26,3806.2,31468.5216,84,1127.73,9324.2216,202204
8.26,8.27,8.25,8.26,736.74,6089.8792,48,409.95,3389.7898,202204
8.26,8.26,8.24,8.25,704.98,5817.0142,38,429.45,3543.9318,202204
8.24,8.28,8.24,8.25,2450.28,20221.8868,60,767.41,6333.4646,202204
8.25,8.28,8.24,8.27,11502.72,94948.5302,161,8978.28,74117.4463,202204
8.28,8.29,8.27,8.28,861.75,7135.4717,34,473.13,3917.7764,202204
8.28,8.3,8.28,8.29,719.69,5965.9727,47,446.27,3699.5905,202204
8.29,8.29,8.26,8.28,4729.01,39140.2794,173,1411.77,11688.0849,202204
8.28,8.29,8.27,8.29,4909.61,40647.4106,79,932.6,7724.0994,202204
8.3,8.3,8.27,8.28,1243.26,10306.2858,60,694.63,5763.7553,202204
8.29,8.3,8.25,8.25,1771.06,14657.9183,77,526.23,4360.0051,202204
8.26,8.26,8.24,8.25,2781.36,22945.4812,118,1464.04,12081.9705,202204
8.25,8.25,8.23,8.24,993.75,8194.7484,69,567.67,4683.2316,202204
8.23,8.24,8.22,8.22,1703.73,14019.1777,84,246.46,2029.1594,202204
8.21,8.22,8.21,8.22,1080.25,8869.554,66,70.15,576.633,202204
8.21,8.22,8.19,8.2,2516.29,20650.2245,110,1347.26,11058.5899,202204
8.2,8.25,8.2,8.24,4158.7,34219.6827,100,3811.76,31370.4953,202204
8.24,8.24,8.2,8.2,6085.16,50020.5112,106,1063.29,8745.5683,202204
8.21,8.22,8.19,8.19,2425.59,19914.0284,53,1743.1,14316.4421,202204
8.2,8.24,8.2,8.23,2941.06,24175.8107,73,2574.21,21159.1637,202204
8.23,8.25,8.23,8.24,2702.36,22274.9625,55,1777.57,14654.6929,202204
8.25,8.26,8.25,8.25,1555.78,12836.385,39,540.72,4462.14,202204
8.25,8.35,8.25,8.33,24036.87,200006.8182,720,8508.13,70739.0454,202204
8.33,8.4,8.32,8.34,25699.71,214935.8167,918,8972.09,75037.2009,202204
8.35,8.36,8.33,8.35,4737.25,39519.5307,136,2107.47,17581.5295,202204
8.36,8.4,8.36,8.4,12312.04,103250.6826,239,9325.74,78253.6027,202204
8.4,8.41,8.36,8.38,26559.31,222717.7868,393,9575.07,80351.6119,202204
8.37,8.37,8.35,8.36,2080.46,17394.4194,73,1284.65,10741.6668,202204
8.36,8.37,8.24,8.26,30407.94,251758.8518,779,15179.89,125665.6992,202204
8.25,8.28,8.23,8.25,8111.78,66926.4022,286,3909.33,32274.0693,202204
8.25,8.26,8.21,8.21,8488.72,69849.669,305,2957.39,24329.1716,202204
8.21,8.22,8.16,8.21,14065.11,115167.6596,665,7889.59,64625.5724,202204
8.21,8.25,8.2,8.22,4703.62,38705.4096,202,1739.77,14318.873,202204
8.22,8.24,8.18,8.19,8230.99,67653.806,225,2918.35,23993.7288,202204
8.18,8.22,8.16,8.22,7442.66,60846.1619,221,4297.16,35151.6261,202204
8.22,8.25,8.2,8.24,5476.48,45094.8873,163,2712.36,22341.1985,202204
8.24,8.26,8.23,8.25,3521.76,29010.9007,90,1827.18,15056.1162,202204
8.24,8.27,8.23,8.26,2459.13,20299.4839,107,803.82,6636.1671,202204
8.26,8.28,8.23,8.24,17335.11,143159.1113,390,8438.28,69717.017,202204
8.24,8.25,8.24,8.24,1752.45,14452.4386,63,928.81,7662.1762,202204
8.24,8.28,8.24,8.26,4028.36,33282.5496,99,2172.96,17957.195,202204
8.26,8.27,8.24,8.25,2650.62,21878.6577,93,1395.3,11519.6956,202204
8.24,8.27,8.22,8.25,5766.98,47532.5447,178,3140.57,25890.3939,202204
8.25,8.27,8.25,8.26,3392.23,28015.9232,104,2638.23,21789.0755,202204
8.26,8.27,8.24,8.26,1824.18,15056.6979,68,871.67,7198.6796,202204
8.26,8.28,8.25,8.26,5455.54,45044.3555,128,3222.49,26605.9545,202204
8.27,8.32,8.26,8.31,14622.7,121307.2273,491,10633.51,88231.6571,202204
8.3,8.33,8.3,8.32,2939.63,24455.8087,117,1825.17,15186.2184,202204
8.32,8.35,8.31,8.32,5043.69,41995.9301,210,2381.88,19829.1674,202204
8.32,8.32,8.31,8.32,2350.57,19549.1622,62,1539.4,12804.8869,202204
8.32,8.33,8.29,8.3,5173.01,43032.1323,107,3199.57,26631.2227,202204
8.3,8.31,8.28,8.31,2606.81,21637.8574,67,1955.05,16232.217,202204
8.3,8.36,8.3,8.34,8509.95,70909.2919,234,5464.15,45545.6497,202204
8.34,8.36,8.33,8.34,8412.76,70195.3802,167,6859.53,57232.9716,202204
8.33,8.35,8.33,8.34,1567.6,13064.4868,72,599.85,5000.4213,202204
8.34,8.35,8.29,8.3,5238.67,43562.471,161,2443.78,20331.5839,202204
8.3,8.32,8.3,8.31,2904.47,24139.7664,118,1470.8,12222.1484,202204
8.31,8.32,8.3,8.32,1723.44,14332.9658,87,1006.2,8369.109,202204
8.33,8.35,8.32,8.35,2698.24,22494.9622,106,1592.92,13280.7204,202204
8.34,8.35,8.31,8.32,2505.38,20851.6391,101,430.38,3585.0626,202204
8.32,8.33,8.31,8.32,3358.02,27934.6604,51,2422.25,20154.1734,202204
8.32,8.32,8.29,8.3,2359.2,19586.7478,91,761.81,6324.4699,202204
8.29,8.29,8.27,8.28,3082.68,25524.7815,105,966.39,8005.052,202204
8.29,8.29,8.27,8.29,1988.31,16462.7807,57,713.5,5907.8539,202204
8.28,8.29,8.25,8.28,6938.48,57348.6814,215,2762.57,22836.5919,202204
8.27,8.3,8.24,8.26,3286.99,27165.7894,135,864.99,7150.8007,202204
8.26,8.26,8.22,8.23,2710.55,22329.3754,123,445.95,3675.9513,202204
8.23,8.24,8.21,8.22,5809.9,47797.7619,177,3830.49,31523.2052,202204
8.22,8.29,8.22,8.28,7936.13,65599.7122,333,5815.01,48064.2458,202204
8.28,8.3,8.27,8.28,3349.76,27757.7731,146,1913.95,15868.7598,202204
8.29,8.3,8.28,8.29,1154.79,9579.9426,53,961.5,7977.1927,202204
8.29,8.3,8.27,8.28,2695.04,22325.3188,75,578.06,4792.1113,202204
8.28,8.28,8.26,8.27,2054.98,16995.75,61,1113.96,9213.5416,202204
8.28,8.29,8.26,8.28,894.07,7401.8779,48,634.86,5256.6803,202204
8.28,8.29,8.27,8.29,114.2,945.4489,23,38.84,321.7648,202204
8.28,8.29,8.27,8.27,552.31,4571.7115,35,360.88,2988.1586,202204
8.28,8.29,8.26,8.27,1323.79,10951.1548,67,351.92,2913.6384,202204
8.26,8.28,8.26,8.27,469.15,3880.1158,28,291.93,2414.5484,202204
8.27,8.27,8.26,8.27,1028.46,8497.3713,39,217.92,1802.1984,202204
8.26,8.26,8.22,8.24,1554.48,12811.7702,74,545.4,4492.8376,202204
8.23,8.24,8.22,8.23,255.52,2102.93,31,150.23,1236.4133,202204
8.22,8.23,8.22,8.23,1032.11,8486.5655,44,829.23,6818.8919,202204
8.23,8.24,8.23,8.24,131.3,1081.285,22,112.21,924.1743,202204
8.23,8.24,8.21,8.22,2932.72,24091.8192,89,942.06,7738.2114,202204
8.23,8.25,8.22,8.25,4775.91,39333.6104,119,2733.38,22521.82,202204
8.25,8.25,8.22,8.23,1910.26,15737.5025,66,625.45,5158.3334,202204
8.23,8.23,8.22,8.22,418.16,3437.3215,13,170.02,1397.6107,202204
8.22,8.22,8.17,8.19,4624.73,37880.9776,207,2779.61,22770.4935,202204
8.18,8.19,8.17,8.19,1882.45,15408.3195,84,874.8,7161.4624,202204
8.18,8.2,8.17,8.18,1989.31,16285.4897,58,793.79,6500.8943,202204
8.18,8.18,8.16,8.17,2550.71,20841.422,103,1304.15,10658.3817,202204
8.17,8.17,8.14,8.16,4767.58,38851.125,229,2715.05,22127.8831,202204
8.16,8.16,8.12,8.15,9530.09,77705.9619,236,8315.01,67816.9063,202204
8.15,8.17,8.14,8.17,1710.55,13958.1083,177,1033.92,8438.2453,202204
8.16,8.17,8.15,8.17,1709.88,13958.2952,36,1311.3,10709.7102,202204
8.16,8.16,8.14,8.16,415.36,3385.3584,21,251.98,2053.8995,202204
8.16,8.2,8.16,8.19,2676.39,21891.6607,111,1695.56,13869.6894,202204
8.18,8.2,8.17,8.17,7606.79,62184.1734,126,1473.92,12062.8391,202204
8.16,8.17,8.15,8.15,3251.94,26515.1921,73,1234.26,10065.7866,202204
8.16,8.17,8.15,8.16,744.96,6081.8559,31,492.58,4022.6491,202204
8.16,8.17,8.15,8.16,743.12,6060.5242,40,137.43,1121.3921,202204
8.16,8.22,8.16,8.18,17038.32,139619.6496,238,10990.66,90075.3665,202204
8.18,8.2,8.17,8.17,1407.78,11526.4036,61,623.58,5106.507,202204
8.18,8.21,8.18,8.19,4328.67,35462.7172,92,3363.39,27554.0674,202204
8.19,8.21,8.18,8.21,1531.68,12559.4681,72,783.01,6424.2347,202204
8.21,8.22,8.19,8.2,3677.09,30149.1317,83,675.69,5545.6309,202204
8.2,8.21,8.19,8.19,1396.83,11445.0911,46,662.65,5431.7498,202204
8.18,8.21,8.17,8.2,1064.18,8718.1347,56,246.95,2024.0871,202204
8.19,8.2,8.18,8.18,2611.96,21394.6018,54,843.78,6911.1413,202204
8.18,8.2,8.18,8.18,1797.52,14707.4974,54,586.06,4796.3063,202204
8.19,8.19,8.16,8.18,12005.42,98137.7418,130,6641.25,54308.7339,202204
8.17,8.19,8.17,8.19,3070.75,25134.6335,79,2624.45,21479.6147,202204
8.19,8.2,8.19,8.2,29.0,237.613,11,26.39,216.2371,202204
8.2,8.21,8.19,8.21,681.46,5587.6911,30,545.02,4469.2095,202204
8.2,8.21,8.19,8.19,739.6,6064.4052,23,234.54,1925.5734,202204
8.19,8.2,8.19,8.19,213.95,1752.6097,15,35.92,294.544,202204
8.19,8.19,8.17,8.17,4815.31,39373.519,87,211.29,1726.4401,202204
8.18,8.2,8.18,8.2,2597.17,21269.7933,74,2252.81,18452.4974,202204
8.19,8.21,8.18,8.21,735.47,6031.4494,40,646.08,5299.4826,202204
8.2,8.21,8.2,8.21,148.15,1215.8733,23,73.32,601.9572,202204
8.22,8.24,8.21,8.23,1563.2,12855.3337,93,655.88,5395.2477,202204
8.23,8.23,8.21,8.21,223.1,1833.2304,40,121.31,997.2531,202204
8.22,8.22,8.21,8.22,38.89,319.4795,8,19.26,158.3172,202204
8.22,8.22,8.21,8.21,413.26,3393.8264,27,96.18,790.5996,202204
8.21,8.22,8.2,8.21,1044.3,8574.8938,47,921.56,7567.6384,202204
8.21,8.22,8.21,8.22,910.83,7481.1583,53,512.18,4208.2418,202204
8.22,8.22,8.21,8.21,17.3,142.133,7,10.0,82.2,202204
8.21,8.21,8.19,8.19,1978.36,16212.6999,59,174.89,1433.113,202204
8.19,8.21,8.19,8.2,807.0,6617.085,46,439.89,3607.1101,202204
8.2,8.2,8.19,8.19,348.14,2852.6109,25,209.72,1718.8923,202204
8.19,8.2,8.19,8.19,250.76,2054.113,23,38.86,318.652,202204
8.2,8.2,8.16,8.18,5460.58,44631.7977,159,2332.74,19063.8892,202204
8.17,8.17,8.16,8.16,2109.8,17226.0381,64,540.75,4412.6227,202204
8.16,8.17,8.16,8.17,1093.96,8932.6201,38,904.23,7384.2383,202204
8.17,8.17,8.16,8.17,691.56,5646.6528,26,426.66,3485.0688,202204
8.17,8.17,8.15,8.16,558.15,4555.6884,32,217.54,1776.5608,202204
8.16,8.17,8.15,8.16,644.14,5255.6689,41,454.43,3708.2271,202204
8.16,8.17,8.15,8.16,2847.72,23230.9254,85,1375.09,11224.2295,202204
8.15,8.17,8.15,8.17,852.87,6963.187,44,840.75,6864.409,202204
8.16,8.19,8.16,8.17,4321.18,35322.0617,82,1336.04,10914.5834,202204
8.17,8.19,8.17,8.19,1477.84,12092.5241,44,1356.69,11102.7286,202204
8.19,8.21,8.19,8.2,3694.52,30270.7218,151,2057.67,16857.1049,202204
8.19,8.22,8.19,8.21,7282.64,59752.3531,211,3737.54,30677.647,202204
8.2,8.22,8.2,8.21,1123.67,9224.1298,63,660.62,5426.8729,202204
8.21,8.22,8.2,8.21,2049.84,16830.1292,46,1699.14,13950.8966,202204
8.21,8.22,8.2,8.22,1875.07,15406.9337,59,1673.22,13749.7767,202204
8.21,8.22,8.21,8.22,888.51,7295.8671,20,854.58,7017.3018,202204
8.22,8.24,8.21,8.23,2298.49,18908.7377,60,2205.92,18147.4744,202204
8.23,8.24,8.2,8.21,8380.59,68889.445,205,5150.96,42353.3059,202204
8.21,8.21,8.15,8.18,27736.21,226523.0052,465,7838.33,63997.8642,202204
8.17,8.21,8.17,8.2,11400.31,93313.8573,212,2842.07,23278.1906,202204
8.19,8.2,8.18,8.18,4737.95,38787.5034,173,2940.54,24077.873,202204
8.18,8.18,8.16,8.17,4573.08,37365.0406,136,1528.93,12486.0838,202204
8.17,8.19,8.16,8.19,4732.54,38714.7957,88,3871.99,31671.529,202204
8.19,8.22,8.18,8.21,3598.07,29487.3353,100,2920.25,23938.6735,202204
8.21,8.23,8.21,8.22,3375.85,27749.2462,89,2073.41,17048.1045,202204
8.23,8.23,8.21,8.22,296.17,2434.5341,18,179.53,1475.8372,202204
8.22,8.24,8.21,8.21,3709.33,30483.9884,100,1240.84,10204.2541,202204
8.21,8.22,8.2,8.21,1492.04,12243.9296,58,344.88,2833.4518,202204
8.21,8.22,8.2,8.21,679.87,5581.6553,24,503.27,4132.3569,202204
8.21,8.22,8.19,8.21,2548.17,20893.422,91,1097.52,9004.7172,202204
8.21,8.26,8.21,8.25,5718.21,47110.5654,211,3089.89,25450.4736,202204
8.25,8.27,8.25,8.25,15502.8,128089.5672,296,7981.15,65956.7988,202204
8.25,8.26,8.2,8.21,4183.41,34380.2363,128,1415.19,11626.8302,202204
8.22,8.23,8.21,8.23,742.02,6100.8791,40,574.73,4724.1404,202204
8.23,8.23,8.22,8.23,1059.13,8716.6267,33,1018.85,8385.1355,202204
8.22,8.23,8.21,8.21,2375.77,19513.8551,67,1391.88,11434.8152,202204
8.22,8.22,8.2,8.21,227.68,1870.2443,13,129.8,1066.7727,202204
8.21,8.21,8.2,8.21,561.5,4607.1355,21,283.55,2327.9455,202204
8.2,8.2,8.19,8.19,8002.54,65602.0886,134,441.83,3620.6456,202204
8.19,8.2,8.15,8.15,4723.64,38574.5158,163,2760.36,22556.3323,202204
8.15,8.17,8.15,8.17,2661.89,21720.1164,100,1562.73,12756.0406,202204
8.16,8.17,8.15,8.16,2492.29,20326.2943,97,1151.01,9389.0532,202204
8.16,8.18,8.16,8.18,1384.53,11304.7279,45,1212.97,9903.8079,202204
8.17,8.18,8.17,8.17,744.99,6093.9456,34,484.1,3959.938,202204
8.19,8.2,8.18,8.2,6690.35,54813.8652,160,6080.84,49821.4737,202204
8.2,8.21,8.19,8.21,744.88,6105.5184,32,373.46,3063.4877,202204
8.21,8.26,8.21,8.26,32530.83,267944.0508,447,29817.77,245589.4539,202204
8.26,8.28,8.24,8.24,9309.44,76852.6742,249,1660.07,13714.8752,202204
8.24,8.25,8.23,8.24,2085.28,17175.9221,77,151.79,1251.6164,202204
8.24,8.25,8.24,8.25,2477.15,20429.3324,58,747.67,6168.2775,202204
8.26,8.28,8.24,8.26,3491.08,28853.5656,83,2455.39,20305.1827,202204
8.25,8.27,8.25,8.27,500.57,4135.6753,33,381.57,3153.1377,202204
8.27,8.27,8.26,8.26,420.04,3469.6513,17,12.09,99.9843,202204
8.27,8.27,8.23,8.24,1026.58,8474.4999,57,458.53,3787.975,202204
8.25,8.27,8.24,8.25,3081.3,25439.9867,99,2031.2,16769.6649,202204
8.25,8.28,8.25,8.28,1502.9,12418.0921,54,415.5,3435.3403,202204
8.27,8.27,8.24,8.25,5240.02,43249.0139,101,568.23,4688.1152,202204
8.26,8.27,8.25,8.25,317.51,2621.0292,34,78.19,645.8758,202204
8.24,8.25,8.24,8.25,2592.77,21366.193,36,176.82,1458.765,202204
8.25,8.26,8.24,8.25,800.02,6602.8172,45,486.93,4020.0831,202204
8.25,8.26,8.24,8.24,421.71,3478.4462,27,46.65,384.8875,202204
8.25,8.25,8.24,8.25,382.87,3155.4998,22,65.1,537.075,202204
8.25,8.26,8.24,8.26,4155.32,34293.8519,84,2953.29,24367.6259,202204
8.25,8.25,8.22,8.23,1551.44,12776.6515,52,431.85,3554.5718,202204
8.23,8.24,8.22,8.23,755.98,6221.1842,30,70.02,576.4797,202204
8.23,8.25,8.22,8.23,1448.48,11932.315,57,925.23,7625.213,202204
8.23,8.24,8.22,8.23,884.11,7270.2282,57,93.71,771.2718,202204
8.23,8.27,8.23,8.26,2620.77,21614.7838,127,1859.55,15346.1726,202204
8.26,8.26,8.24,8.26,4322.79,35696.4639,60,823.34,6800.7011,202204
8.25,8.26,8.23,8.24,5205.33,42891.5913,85,194.82,1605.3772,202204
8.23,8.24,8.22,8.23,1378.31,11340.8839,37,623.65,5132.7919,202204
8.24,8.24,8.23,8.23,766.6,6315.0489,30,556.76,4587.7024,202204
8.23,8.23,8.22,8.23,151.39,1245.8555,14,10.0,82.3,202204
8.23,8.24,8.23,8.23,485.21,3995.243,26,445.05,3664.7262,202204
8.23,8.24,8.22,8.24,1058.6,8711.9174,34,632.98,5210.0448,202204
8.24,8.24,8.23,8.24,1455.31,11991.3898,24,1420.31,11703.3128,202204
8.24,8.27,8.24,8.27,2160.6,17827.6912,87,2037.71,16814.9884,202204
8.27,8.28,8.25,8.26,2957.99,24449.72,84,709.46,5868.2925,202204
8.25,8.25,8.24,8.24,615.37,5076.5327,18,416.68,3437.61,202204
8.24,8.25,8.24,8.25,251.6,2075.4386,15,187.46,1546.545,202204
8.24,8.26,8.24,8.25,283.66,2340.01,21,89.5,738.5759,202204
8.24,8.24,8.22,8.24,1438.99,11844.8698,52,440.87,3628.8957,202204
8.23,8.23,8.21,8.21,1382.49,11372.6572,39,151.54,1245.6956,202204
8.21,8.21,8.17,8.17,23842.26,195035.1422,356,865.29,7085.8915,202204
8.17,8.18,8.17,8.17,3415.14,27904.1115,82,613.43,5014.1408,202204
8.17,8.18,8.15,8.16,4141.75,33808.7444,113,2387.66,19495.1239,202204
8.17,8.19,8.16,8.18,3974.98,32487.2888,115,3445.45,28158.3497,202204
8.18,8.18,8.17,8.18,1867.23,15260.3719,53,444.78,3638.3004,202204
8.18,8.2,8.18,8.19,1270.55,10404.2831,62,824.91,6754.4915,202204
8.18,8.2,8.18,8.19,1024.2,8384.3093,61,449.87,3685.0745,202204
8.19,8.19,8.18,8.18,1047.28,8568.6111,50,243.03,1989.8461,202204
8.18,8.19,8.18,8.18,301.71,2469.2381,23,198.68,1626.4527,202204
8.19,8.21,8.19,8.21,4107.37,33673.0693,92,3879.61,31806.269,202204
8.21,8.24,8.21,8.23,5160.69,42449.6121,184,3507.33,28846.7248,202204
8.22,8.24,8.22,8.22,2506.72,20636.7966,131,1819.58,14981.9116,202204
8.23,8.24,8.21,8.22,7682.98,63207.7509,108,1414.95,11640.7112,202204
8.22,8.24,8.21,8.23,3040.76,25013.9599,89,1352.96,11136.6661,202204
8.23,8.23,8.21,8.23,881.21,7243.2327,51,289.44,2379.5429,202204
8.23,8.24,8.21,8.22,2210.16,18173.5326,89,1622.34,13340.4858,202204
8.23,8.23,8.2,8.22,2171.85,17835.6059,85,442.81,3638.1141,202204
8.21,8.21,8.2,8.21,449.37,3686.8901,28,17.46,143.3466,202204
8.21,8.22,8.2,8.22,3166.78,25997.6815,96,2435.97,19999.8668,202204
8.21,8.23,8.2,8.22,1349.77,11088.7992,80,814.65,6693.9826,202204
8.21,8.25,8.21,8.24,4881.69,40240.3625,146,3916.2,32290.1307,202204
8.24,8.26,8.24,8.25,2149.9,17729.7783,124,1432.6,11817.3153,202204
8.25,8.27,8.25,8.26,4551.17,37585.285,124,3658.0,30215.7966,202204
8.26,8.27,8.24,8.25,1572.35,12984.5852,86,789.36,6520.4005,202204
8.26,8.27,8.24,8.24,4196.91,34639.8184,143,1470.7,12136.3159,202204
8.25,8.27,8.25,8.26,1460.74,12059.9832,57,1381.28,11403.8388,202204
8.25,8.27,8.25,8.26,409.1,3378.6144,47,314.65,2599.3682,202204
8.27,8.3,8.25,8.27,30857.6,255554.1369,533,26990.81,223533.8725,202204
8.26,8.28,8.26,8.27,8281.62,68540.3758,146,2425.68,20074.5517,202204
8.27,8.27,8.25,8.26,292.45,2415.5567,19,173.3,1431.4706,202204
8.26,8.27,8.22,8.22,9305.5,76761.5979,249,6008.15,49572.3391,202204
8.22,8.25,8.22,8.25,4195.53,34540.2689,190,2025.0,16671.3151,202204
8.25,8.28,8.24,8.28,1884.83,15559.3278,127,1020.15,8426.801,202204
8.28,8.3,8.27,8.27,9753.3,80744.529,217,2236.7,18530.5865,202204
8.27,8.3,8.26,8.29,3499.72,28992.7024,127,3094.56,25638.7051,202204
8.29,8.31,8.28,8.31,2637.61,21886.583,153,1774.96,14730.725,202204
8.31,8.34,8.3,8.33,11160.74,92862.5721,453,5191.42,43191.1859,202204
8.34,8.34,8.32,8.32,2965.16,24700.8137,139,1460.08,12169.8124,202204
8.32,8.33,8.32,8.32,1487.77,12378.4414,58,473.0,3935.555,202204
8.32,8.34,8.3,8.32,5520.64,45909.2366,212,2079.01,17299.9773,202204
8.31,8.32,8.3,8.31,1587.96,13190.2646,68,452.92,3764.4544,202204
8.31,8.34,8.29,8.31,7148.11,59461.9783,200,4786.71,39834.1481,202204
8.31,8.34,8.3,8.32,5554.07,46226.3981,220,3518.82,29297.7935,202204
8.32,8.36,8.32,8.34,4757.13,39637.8162,226,2875.34,23970.8457,202204
8.35,8.36,8.34,8.35,3446.95,28781.1885,103,2068.68,17273.5112,202204
8.35,8.36,8.32,8.33,14291.57,119140.3233,281,2594.63,21631.8504,202204
8.34,8.34,8.31,8.32,10534.53,87579.2775,151,7698.21,63988.8035,202204
8.31,8.32,8.3,8.32,1219.82,10136.4791,67,562.58,4676.3347,202204
8.32,8.33,8.32,8.33,1150.71,9582.6739,50,954.09,7945.2689,202204
8.33,8.34,8.32,8.32,1046.95,8717.7664,39,350.5,2919.6863,202204
8.33,8.33,8.32,8.32,1864.83,15528.8844,65,644.4,5367.852,202204
8.32,8.35,8.31,8.34,3999.92,33342.0311,118,3113.71,25960.4067,202204
8.34,8.34,8.32,8.33,2246.55,18709.0826,56,1431.57,11925.183,202204
8.33,8.34,8.33,8.34,1373.43,11441.0842,52,739.49,6160.364,202204
8.34,8.35,8.32,8.33,2427.73,20242.5993,88,1411.86,11779.4434,202204
8.33,8.34,8.33,8.34,2080.5,17333.3175,40,1569.14,13073.6887,202204
8.33,8.33,8.31,8.31,3821.38,31792.4496,81,1130.36,9405.6406,202204
8.31,8.31,8.27,8.28,8330.28,69073.7403,307,3130.61,25952.5922,202204
8.29,8.31,8.28,8.31,579.78,4807.2239,37,480.01,3980.8911,202204
8.3,8.31,8.29,8.3,4894.68,40617.3546,126,1447.54,12014.612,202204
8.3,8.32,8.29,8.31,1797.34,14935.8109,100,1415.76,11767.0132,202204
8.31,8.31,8.29,8.29,1240.33,10291.4493,39,11.37,94.3831,202204
8.29,8.3,8.28,8.29,1639.37,13589.1879,65,248.32,2059.1211,202204
8.29,8.3,8.29,8.3,433.27,3592.0222,13,21.39,177.537,202204
8.3,8.3,8.29,8.29,363.58,3014.0988,13,2.06,17.098,202204
8.29,8.31,8.29,8.3,2664.41,22122.3371,74,2195.46,18230.2714,202204
8.3,8.3,8.29,8.29,2401.79,19911.0377,62,19.86,164.838,202204
8.3,8.3,8.29,8.29,811.74,6730.7015,30,137.69,1142.827,202204
8.29,8.3,8.29,8.3,503.81,4177.8243,16,123.94,1028.702,202204
8.3,8.31,8.29,8.3,2386.22,19806.0558,52,533.44,4428.1796,202204
8.29,8.29,8.26,8.28,6068.85,50223.5677,177,652.11,5396.1567,202204
8.28,8.29,8.27,8.29,1125.3,9320.8788,35,1108.78,9184.2584,202204
8.29,8.3,8.28,8.29,1335.48,11072.5018,52,790.22,6552.7919,202204
8.3,8.3,8.29,8.3,331.73,2751.3784,21,133.67,1109.461,202204
8.29,8.3,8.29,8.29,1700.33,14099.8279,50,409.22,3396.526,202204
8.29,8.31,8.29,8.31,998.18,8282.8176,47,458.43,3808.2401,202204
8.31,8.32,8.3,8.31,1375.19,11427.559,41,378.3,3143.7384,202204
8.3,8.31,8.3,8.3,1454.16,12073.708,30,409.24,3400.7844,202204
8.3,8.31,8.29,8.3,2872.25,23839.507,108,1290.63,10712.5046,202204
8.29,8.31,8.29,8.3,1760.93,14618.6705,69,957.18,7948.0363,202204
8.31,8.31,8.27,8.27,8190.85,67875.9287,166,813.45,6740.1013,202204
8.26,8.27,8.24,8.27,5189.24,42863.0676,168,1562.55,12903.1003,202204
8.27,8.28,8.26,8.28,5889.82,48718.1606,182,1629.92,13484.7392,202204
8.28,8.28,8.27,8.27,2616.76,21651.3408,106,1112.97,9208.9642,202204
8.27,8.29,8.25,8.28,7154.83,59191.1234,198,4535.05,37526.666,202204
8.28,8.28,8.25,8.28,3081.14,25443.62,83,164.34,1358.0117,202204
8.27,8.28,8.26,8.28,1635.71,13535.1063,52,432.84,3582.3424,202204
8.28,8.28,8.26,8.27,1918.1,15872.9207,54,841.27,6965.6305,202204
8.26,8.26,8.2,8.22,14394.57,118491.7073,407,4788.9,39391.4117,202204
8.21,8.22,8.19,8.2,3930.85,32250.0202,178,1975.16,16210.9395,202204
8.2,8.21,8.18,8.18,6382.68,52280.5854,244,3986.89,32662.6375,202204
8.19,8.2,8.19,8.2,1187.04,9722.1355,32,757.77,6206.4142,202204
8.2,8.2,8.16,8.17,7453.07,60906.3629,219,5399.51,44121.8487,202204
8.18,8.19,8.14,8.14,5128.44,41850.7179,172,1601.63,13071.6343,202204
8.14,8.17,8.14,8.17,8548.17,69630.9693,154,2247.24,18318.8706,202204
8.16,8.2,8.16,8.18,3651.16,29882.6057,262,2427.94,19871.1428,202204
8.19,8.21,8.14,8.16,8214.78,67165.9407,265,4278.42,34978.3746,202204
8.15,8.18,8.14,8.17,18268.78,149127.3162,370,11445.45,93447.6145,202204
8.16,8.19,8.12,8.12,8624.43,70444.2076,230,4357.95,35637.8711,202204
8.13,8.15,8.07,8.07,18726.39,151814.5056,612,7684.17,62363.3098,202204
8.08,8.1,8.07,8.1,2423.7,19598.8647,128,1038.21,8397.3668,202204
8.1,8.11,8.09,8.11,9221.87,74676.1156,88,6991.22,56629.3795,202204
8.11,8.11,8.03,8.04,22010.05,177761.2584,431,4491.1,36234.3931,202204
8.04,8.08,8.03,8.07,6955.91,56033.7219,362,3451.62,27817.8609,202204
8.06,8.09,8.06,8.08,5565.55,44890.1157,211,1866.26,15059.7011,202204
8.07,8.1,8.05,8.1,4500.92,36369.9496,170,2272.16,18362.789,202204
8.1,8.1,8.08,8.09,5085.1,41162.5084,111,2748.85,22256.2305,202204
8.09,8.09,8.05,8.06,5416.65,43701.499,167,2521.66,20341.4256,202204
8.06,8.07,8.05,8.06,3388.14,27292.9778,112,892.39,7188.673,202204
8.05,8.07,8.05,8.06,3182.45,25654.6148,89,1633.78,13172.0409,202204
8.06,8.07,8.05,8.07,2660.35,21443.573,77,1029.24,8299.9209,202204
8.07,8.1,8.07,8.08,6078.47,49142.0887,128,2653.42,21455.6533,202204
8.09,8.09,8.07,8.08,4017.32,32447.9777,137,659.97,5333.6645,202204
8.09,8.13,8.09,8.1,17449.85,141459.5377,289,15656.81,126916.1983,202204
8.1,8.16,8.1,8.15,10072.68,81940.675,352,6260.77,50928.3482,202204
8.15,8.26,8.14,8.26,51279.22,421020.0124,1281,15789.82,129788.4783,202204
8.26,8.27,8.24,8.26,12750.46,105274.9737,320,4340.27,35841.6519,202204
8.27,8.27,8.17,8.19,18583.51,152409.4141,452,8348.44,68450.2425,202204
8.19,8.19,8.14,8.14,14667.95,119597.1457,379,6456.65,52654.2787,202204
8.15,8.18,8.14,8.15,7825.29,63884.7843,176,5119.42,41808.9817,202204
8.15,8.18,8.1,8.12,26943.3,218859.0946,441,12091.87,98307.5465,202204
8.12,8.15,8.11,8.11,13160.63,106932.3326,265,7234.88,58818.8628,202204
8.11,8.12,8.1,8.1,6161.65,49995.3872,117,2355.13,19108.3572,202204
8.1,8.11,8.04,8.06,15871.05,127993.3963,508,7389.33,59585.9409,202204
8.06,8.14,8.06,8.1,22197.64,179315.2295,387,15817.38,127784.3228,202204
8.11,8.12,8.08,8.09,5002.61,40520.4669,138,2907.16,23553.0609,202204
8.09,8.1,8.07,8.09,6049.65,48923.821,157,3113.42,25181.7441,202204
8.08,8.08,8.04,8.05,5255.59,42347.0689,171,2921.35,23533.8748,202204
8.05,8.08,8.02,8.08,8139.91,65532.6592,262,5442.91,43819.8509,202204
8.08,8.1,8.06,8.09,6417.12,51799.5358,146,5319.97,42941.9997,202204
8.09,8.13,8.08,8.12,3783.83,30693.5373,116,1837.09,14904.7035,202204
8.11,8.13,8.11,8.12,4806.32,39063.8681,136,3703.2,30104.9263,202204
8.13,8.13,8.11,8.12,2687.85,21818.4945,84,1216.13,9876.6007,202204
8.12,8.13,8.11,8.12,4778.51,38799.5427,117,2044.54,16610.0229,202204
8.12,8.16,8.11,8.16,21486.01,175195.9867,308,18039.55,147137.5706,202204
8.16,8.17,8.14,8.17,14818.44,120904.0532,344,10508.65,85763.6749,202204
8.17,8.18,8.16,8.18,5901.53,48192.0246,229,4601.32,37575.0403,202204
8.18,8.19,8.16,8.17,5738.29,46894.9826,147,958.43,7839.7021,202204
8.17,8.19,8.15,8.16,5773.0,47150.5397,207,3364.92,27493.6229,202204
8.16,8.19,8.16,8.18,8553.25,69837.3192,114,5811.44,47440.6592,202204
8.19,8.2,8.17,8.18,7275.8,59523.3631,187,4239.77,34694.1842,202204
8.18,8.18,8.14,8.14,5484.86,44699.43,136,1852.34,15100.9324,202204
8.14,8.19,8.13,8.19,8017.49,65384.1962,212,6950.2,56684.5447,202204
8.18,8.23,8.17,8.22,8504.63,69768.8293,228,3958.53,32468.5602,202204
8.22,8.23,8.21,8.22,4440.65,36491.8595,135,2094.58,17215.7297,202204
8.23,8.24,8.22,8.23,3357.84,27626.2047,101,2530.99,20827.6968,202204
8.23,8.24,8.2,8.22,5218.1,42849.7096,194,1332.36,10943.0658,202204
8.22,8.22,8.21,8.22,780.44,6410.1859,30,413.56,3397.782,202204
8.23,8.24,8.22,8.23,5489.74,45202.58,175,3928.12,32348.0851,202204
8.22,8.25,8.21,8.24,5570.25,45836.5473,212,2510.56,20681.1897,202204
8.25,8.27,8.23,8.26,19721.14,162819.5599,381,18410.75,152006.544,202204
8.27,8.29,8.24,8.25,14808.27,122613.6862,379,13151.43,108920.8063,202204
8.25,8.27,8.24,8.26,1927.63,15908.7224,64,1045.89,8635.5815,202204
8.26,8.3,8.25,8.27,13003.34,107593.8891,333,5936.23,49138.8176,202204
8.28,8.29,8.27,8.28,4642.6,38440.3701,122,2299.34,19040.6706,202204
8.29,8.29,8.28,8.29,3897.85,32279.5424,64,1388.8,11504.4156,202204
8.29,8.29,8.27,8.28,2361.63,19552.1115,68,799.25,6619.5831,202204
8.27,8.28,8.27,8.27,855.01,7073.0264,38,247.73,2050.5008,202204
8.28,8.29,8.26,8.28,2125.28,17587.2173,71,1092.4,9044.2989,202204
8.28,8.28,8.26,8.27,161.13,1332.8293,27,48.95,405.1829,202204
8.26,8.28,8.25,8.25,388.85,3212.3564,24,66.65,551.2557,202204
8.26,8.27,8.25,8.25,6331.52,52250.9983,71,331.8,2740.7286,202204
8.26,8.3,8.24,8.27,10148.97,83912.1525,211,5530.94,45752.3256,202204
8.27,8.31,8.27,8.31,2435.85,20206.5037,143,1939.65,16091.1459,202204
8.31,8.32,8.3,8.31,1762.53,14641.071,112,603.99,5020.9443,202204
8.3,8.31,8.27,8.27,3687.03,30566.8552,93,535.54,4442.1322,202204
8.28,8.3,8.27,8.3,2538.0,21038.1084,59,2144.77,17781.6421,202204
8.29,8.3,8.28,8.29,973.2,8067.7467,31,522.84,4334.6513,202204
8.29,8.29,8.28,8.29,310.84,2575.6638,20,190.86,1582.2294,202204
8.28,8.29,8.26,8.27,1739.45,14398.7385,67,723.29,5992.5985,202204
8.28,8.28,8.25,8.26,1998.43,16511.0441,87,915.92,7568.8476,202204
8.26,8.26,8.23,8.24,2308.41,19041.746,76,1010.3,8335.5795,202204
8.23,8.24,8.22,8.24,1446.09,11901.6339,40,557.76,4590.8157,202204
8.23,8.24,8.23,8.24,258.38,2127.0996,16,63.22,520.9328,202204
8.24,8.24,8.18,8.19,6481.91,53197.6333,222,2882.47,23641.5752,202204
8.19,8.2,8.17,8.18,2350.61,19228.2904,84,685.03,5612.2888,202204
8.18,8.18,8.16,8.18,6056.77,49492.8942,128,748.71,6120.6626,202204
8.17,8.2,8.17,8.2,3080.92,25218.1222,80,1386.11,11347.8559,202204
8.2,8.2,8.18,8.19,8843.94,72444.1634,148,4983.64,40849.0097,202204
8.2,8.22,8.2,8.22,5810.78,47729.8144,238,4139.05,34003.0908,202204
8.22,8.26,8.22,8.25,5540.79,45643.7822,165,2657.26,21894.5075,202204
8.25,8.26,8.23,8.25,1352.3,11152.6279,57,846.13,6979.7615,202204
8.25,8.25,8.24,8.24,787.18,6489.2976,28,86.6,713.7769,202204
8.24,8.24,8.21,8.22,1574.05,12947.8162,71,586.84,4827.0399,202204
8.22,8.22,8.21,8.22,371.35,3052.4354,14,21.38,175.7436,202204
8.22,8.23,8.21,8.21,788.39,6479.673,48,394.12,3241.4159,202204
8.2,8.22,8.2,8.22,631.45,5184.1423,30,422.56,3469.3004,202204
8.22,8.24,8.22,8.22,1380.28,11360.2421,51,703.52,5790.8704,202204
8.22,8.23,8.21,8.21,1211.67,9951.5152,24,61.04,502.2194,202204
8.21,8.22,8.21,8.21,51.5,422.8563,4,4.13,33.9486,202204
8.21,8.23,8.21,8.21,1036.58,8513.3612,40,681.03,5593.9053,202204
8.2,8.2,8.17,8.18,4431.83,36267.4288,145,2325.1,19022.6912,202204
8.17,8.18,8.17,8.17,23.13,189.0574,5,8.53,69.7754,202204
8.17,8.17,8.14,8.15,5556.49,45304.6877,161,3943.06,32154.2627,202204
8.15,8.15,8.11,8.12,2413.58,19619.231,177,1763.25,14337.3223,202204
8.12,8.14,8.12,8.12,279.44,2270.3954,51,164.46,1336.6529,202204
8.13,8.14,8.12,8.14,794.58,6462.3189,38,613.9,4994.8528,202204
8.14,8.16,8.14,8.16,671.59,5475.4343,144,571.91,4663.4859,202204
8.15,8.16,8.14,8.15,563.81,4594.1664,28,70.24,572.416,202204
8.16,8.16,8.12,8.13,3911.43,31813.8275,134,837.25,6819.567,202204
8.13,8.13,8.11,8.11,4895.03,39770.0834,105,2539.09,20641.5136,202204
8.12,8.13,8.11,8.13,7936.79,64493.4578,122,6108.0,49647.3476,202204
8.12,8.13,8.12,8.12,2781.84,22588.8408,29,1897.31,15406.4572,202204
8.12,8.12,8.09,8.11,7875.63,63801.9575,261,3991.67,32341.0862,202204
8.11,8.13,8.11,8.12,1404.05,11399.7367,38,773.86,6283.3149,202204
8.12,8.12,8.11,8.12,4262.74,34592.79,63,122.18,992.1016,202204
8.13,8.13,8.11,8.12,203.81,1654.52,22,172.41,1399.7191,202204
8.12,8.14,8.12,8.14,2452.3,19947.3897,111,1577.51,12828.014,202204
8.13,8.14,8.12,8.12,4159.23,33793.005,90,1076.08,8750.6411,202204
8.13,8.13,8.12,8.13,676.52,5494.839,27,143.57,1167.2241,202204
8.13,8.14,8.1,8.1,1699.2,13795.3653,95,1005.68,8167.5087,202204
8.11,8.16,8.1,8.16,9836.81,80021.5903,275,8099.56,65908.251,202204
8.16,8.19,8.16,8.17,3512.37,28708.9156,120,2036.55,16663.2506,202204
8.17,8.18,8.17,8.18,512.15,4187.8762,20,359.72,2942.5096,202204
8.17,8.18,8.16,8.17,1364.15,11136.2398,51,396.48,3239.4274,202204
8.17,8.18,8.17,8.17,223.59,1827.3394,17,127.42,1041.6305,202204
8.17,8.19,8.16,8.16,1697.77,13882.875,45,548.54,4486.3447,202204
8.16,8.17,8.16,8.17,1417.86,11575.9067,44,1289.73,10530.3659,202204
8.16,8.17,8.14,8.15,633.64,5168.3899,40,323.36,2638.7504,202204
8.15,8.17,8.15,8.15,1103.27,9004.6227,38,470.28,3840.7331,202204
8.16,8.17,8.15,8.17,253.58,2069.5368,15,103.01,841.1017,202204
8.16,8.18,8.16,8.16,456.88,3731.3346,23,211.51,1728.0674,202204
8.17,8.2,8.16,8.19,5571.45,45558.2816,130,2038.93,16683.6552,202204
8.19,8.21,8.18,8.19,11235.63,92118.9102,265,6838.39,56069.9913,202204
8.19,8.22,8.19,8.21,3887.4,31900.02,130,1692.47,13898.8316,202204
8.21,8.22,8.2,8.21,3057.2,25103.2987,72,402.26,3306.272,202204
8.22,8.22,8.2,8.2,554.6,4548.3598,24,16.72,137.3338,202204
8.2,8.2,8.19,8.19,710.59,5821.0687,38,84.72,694.6832,202204
8.19,8.2,8.18,8.2,1759.16,14399.8827,46,384.23,3150.1891,202204
8.19,8.2,8.18,8.2,1709.29,14000.416,38,1635.94,13399.7954,202204
8.19,8.19,8.17,8.17,482.43,3944.6252,27,81.44,666.3013,202204
8.17,8.17,8.15,8.17,2487.65,20301.7378,88,1408.12,11495.7311,202204
8.17,8.21,8.17,8.19,2328.74,19058.772,78,1661.16,13592.7317,202204
8.2,8.22,8.2,8.22,2680.7,22015.096,69,2277.74,18707.6899,202204
8.21,8.23,8.21,8.22,2845.83,23398.5005,73,2765.43,22737.9576,202204
8.21,8.22,8.21,8.22,825.11,6774.1786,23,544.93,4473.9008,202204
8.21,8.22,8.21,8.22,245.63,2018.7208,13,209.85,1724.967,202204
8.21,8.23,8.2,8.22,4183.26,34351.0609,76,586.91,4822.6606,202204
8.22,8.23,8.19,8.19,3635.27,29803.2779,92,765.76,6286.1852,202204
8.19,8.21,8.18,8.2,7207.27,59045.8454,120,5072.68,41576.3126,202204
8.2,8.2,8.18,8.18,6041.72,49466.0914,100,600.61,4919.0097,202204
8.18,8.2,8.18,8.19,345.88,2832.5076,43,179.31,1468.5493,202204
8.18,8.19,8.16,8.17,8058.48,65815.4982,213,1467.98,11989.2293,202204
8.17,8.17,8.16,8.17,467.42,3818.5224,18,437.52,3574.5384,202204
8.16,8.17,8.14,8.14,2979.02,24273.4414,93,979.04,7975.1713,202204
8.15,8.19,8.15,8.19,4710.79,38461.4635,110,4509.78,36821.8979,202204
8.18,8.18,8.16,8.16,822.59,6721.1344,155,112.22,917.0753,202204
8.17,8.19,8.16,8.18,5008.29,40952.1155,107,4825.53,39459.5305,202204
8.19,8.19,8.15,8.15,1855.94,15170.4581,57,935.38,7659.715,202204
8.15,8.16,8.14,8.15,1689.68,13770.787,51,1569.44,12791.744,202204
8.14,8.14,8.11,8.13,2592.26,21065.0016,95,756.41,6147.9819,202204
8.12,8.12,8.11,8.12,1505.46,12213.9973,47,509.15,4133.3219,202204
8.11,8.13,8.11,8.12,2232.16,18121.2167,72,1096.37,8902.2639,202204
8.12,8.12,8.11,8.12,1504.96,12217.2231,38,1314.36,10671.4571,202204
8.11,8.13,8.11,8.13,4741.01,38470.7251,73,1423.66,11564.6077,202204
8.13,8.13,8.12,8.13,87.76,713.4572,12,76.0,617.88,202204
8.12,8.12,8.09,8.1,2560.93,20760.3966,77,983.92,7970.752,202204
8.11,8.11,8.04,8.09,13104.97,105738.5046,626,6900.26,55687.5457,202204
8.09,8.1,8.07,8.09,3881.24,31367.2776,106,467.85,3783.2919,202204
8.08,8.1,8.07,8.07,4670.78,37710.5989,84,354.41,2865.0082,202204
8.07,8.09,8.04,8.06,6292.12,50710.2047,126,4866.13,39212.1535,202204
8.07,8.08,8.06,8.08,2517.24,20312.0567,52,1916.02,15464.4661,202204
8.08,8.09,8.07,8.09,1391.53,11249.6269,37,1112.41,8992.6069,202204
8.08,8.09,8.08,8.08,2974.08,24060.2113,34,2920.93,23630.3237,202204
8.08,8.09,8.07,8.08,3144.71,25392.7818,51,787.05,6352.3396,202204
8.07,8.09,8.05,8.09,5162.53,41687.7774,124,4033.54,32582.4082,202204
8.09,8.11,8.09,8.1,2381.4,19286.2691,72,1180.88,9571.7028,202204
8.1,8.11,8.09,8.11,337.03,2730.5253,25,321.03,2601.072,202204
8.11,8.12,8.09,8.1,5793.81,46949.7021,85,859.43,6965.0439,202204
8.1,8.1,8.08,8.09,3455.06,27976.0715,85,2569.77,20814.8797,202204
8.09,8.13,8.08,8.09,23464.19,190356.7257,325,20006.02,162347.2756,202204
8.08,8.09,8.05,8.07,3686.01,29754.575,127,1929.89,15585.8667,202204
8.08,8.12,8.07,8.1,11984.15,97119.8655,422,9517.12,77128.2571,202204
8.11,8.13,8.1,8.12,5923.3,48081.2678,87,3712.45,30142.6245,202204
8.11,8.12,8.1,8.1,11068.02,89732.6733,206,3739.34,30330.9739,202204
8.11,8.15,8.11,8.13,9338.4,75967.4249,302,7943.99,64614.8991,202204
8.14,8.15,8.12,8.13,1969.99,16027.622,52,1196.84,9737.0959,202204
8.13,8.14,8.12,8.14,1161.95,9448.9772,42,536.56,4366.0865,202204
8.14,8.16,8.14,8.15,1812.42,14771.3145,107,670.94,5468.2525,202204
8.16,8.18,8.16,8.17,1639.93,13390.7811,97,1236.22,10095.2493,202204
8.17,8.17,8.16,8.17,693.55,5664.9373,95,362.31,2960.0727,202204
8.17,8.18,8.16,8.16,1217.24,9944.5128,50,288.73,2359.0162,202204
8.17,8.18,8.17,8.18,1091.24,8920.2687,46,824.82,6743.6173,202204
8.18,8.19,8.18,8.19,1962.6,16064.7512,86,1700.58,13921.4276,202204
8.19,8.19,8.18,8.19,2706.77,22142.4256,60,1031.36,8437.5718,202204
8.18,8.2,8.18,8.2,592.45,4852.6794,56,445.3,3647.5431,202204
8.2,8.21,8.19,8.2,7612.44,62390.211,291,2929.64,24021.7183,202204
8.21,8.21,8.19,8.19,9148.15,74988.3261,65,2871.25,23572.9625,202204
8.2,8.2,8.17,8.17,2619.6,21454.6676,82,118.65,971.6845,202204
8.17,8.19,8.17,8.17,5774.42,47227.7855,102,1271.89,10407.4013,202204
8.18,8.18,8.17,8.17,924.4,7552.4371,24,8.91,72.8838,202204
8.18,8.18,8.14,8.14,2162.35,17623.5929,60,557.2,4541.5708,202204
8.15,8.15,8.14,8.14,203.26,1655.2473,37,71.09,579.3835,202204
8.14,8.14,8.13,8.14,3278.27,26679.0078,108,622.4,5066.336,202204
8.14,8.15,8.13,8.15,2787.08,22689.8961,79,2065.54,16816.7538,202204
8.15,8.16,8.14,8.14,1020.91,8317.6938,41,525.73,4285.8521,202204
8.13,8.13,8.1,8.12,9202.17,74635.3845,225,2161.69,17537.2971,202204
8.12,8.13,8.11,8.13,2761.96,22435.1054,69,1748.49,14204.6306,202204
8.13,8.13,8.12,8.12,424.46,3450.1072,27,78.33,636.8229,202204
8.12,8.16,8.12,8.15,7010.2,57019.6445,106,6403.33,52076.5605,202204
8.15,8.16,8.14,8.16,2304.13,18761.7805,57,650.77,5303.0717,202204
8.16,8.18,8.16,8.18,1045.61,8541.6681,45,891.59,7283.8975,202204
8.18,8.19,8.17,8.19,1823.81,14914.1071,95,1339.77,10959.4821,202204
8.18,8.18,8.17,8.18,839.5,6866.6247,40,355.16,2905.2088,202204
8.18,8.18,8.16,8.17,1290.45,10546.9687,47,500.09,4089.781,202204
8.17,8.19,8.17,8.18,1175.35,9608.2945,50,303.03,2478.9854,202204
8.18,8.19,8.17,8.18,702.05,5743.998,33,276.68,2264.6566,202204
8.18,8.19,8.17,8.19,1341.78,10973.0857,58,1126.82,9215.4769,202204
8.19,8.19,8.18,8.19,499.28,4085.4671,31,135.67,1111.1373,202204
8.19,8.19,8.18,8.18,65.62,536.8086,10,3.7,30.303,202204
8.18,8.19,8.17,8.19,10041.84,82141.132,120,237.61,1945.8306,202204
8.18,8.18,8.17,8.17,1280.88,10476.9929,33,1130.27,9245.6086,202204
8.17,8.18,8.16,8.17,7336.37,59887.7895,110,628.11,5133.005,202204
8.17,8.19,8.17,8.17,740.69,6058.1272,28,236.81,1937.3158,202204
8.17,8.18,8.16,8.17,151.16,1234.7978,16,9.86,80.5928,202204
8.17,8.17,8.16,8.17,1299.6,10617.6468,28,1282.85,10480.8845,202204
8.16,8.17,8.16,8.16,1615.38,13184.0451,46,581.08,4742.1714,202204
8.16,8.16,8.15,8.16,1511.87,12336.7844,31,1352.53,11036.6448,202204
8.17,8.17,8.16,8.16,764.74,6243.0444,20,276.6,2259.822,202204
8.16,8.18,8.16,8.17,1117.62,9130.8379,50,411.62,3363.2,202204
8.17,8.17,8.16,8.17,224.77,1835.4947,17,64.56,527.4552,202204
8.17,8.18,8.15,8.16,866.64,7078.9509,45,424.08,3467.6685,202204
8.15,8.16,8.14,8.16,1237.14,10082.9552,41,352.31,2871.6322,202204
8.15,8.15,8.14,8.14,29.89,243.5877,11,11.53,93.9695,202204
8.15,8.16,8.11,8.11,8386.6,68276.7815,185,4241.07,34569.6189,202204
8.12,8.14,8.12,8.13,3731.71,30330.8084,87,3531.16,28701.7244,202204
8.13,8.13,8.11,8.11,1111.62,9032.8226,25,718.62,5842.3806,202204
8.11,8.13,8.11,8.12,1805.27,14656.8353,79,1159.14,9416.2218,202204
8.12,8.12,8.11,8.12,635.6,5159.0202,18,415.13,3370.8556,202204
8.12,8.12,8.07,8.09,4979.92,40284.7414,231,1479.36,11964.7226,202204
8.09,8.09,8.04,8.06,9125.37,73535.447,347,2866.69,23102.6509,202204
8.06,8.06,8.03,8.06,12575.46,101208.2835,310,10284.2,82780.3513,202204
8.06,8.08,8.05,8.07,10472.96,84569.4029,259,9810.28,79226.5007,202204
8.07,8.09,8.03,8.09,7304.62,58866.685,247,3811.18,30726.7348,202204
8.09,8.1,8.07,8.08,2886.21,23349.5174,113,1845.86,14939.2663,202204
8.08,8.08,8.07,8.08,239.07,1931.6295,26,71.56,578.2048,202204
8.09,8.1,8.07,8.08,1774.88,14328.5383,71,326.55,2637.575,202204
8.07,8.11,8.06,8.08,5766.06,46642.5923,172,3390.71,27449.5089,202204
8.08,8.08,8.07,8.08,2011.31,16238.5847,47,32.52,262.6987,202204
8.07,8.07,8.04,8.06,3345.11,26937.311,98,1613.74,13002.1574,202204
8.06,8.06,8.03,8.04,3907.84,31433.837,91,484.81,3902.3907,202204
8.03,8.05,8.02,8.04,4758.61,38227.6533,145,3073.41,24696.0798,202204
8.03,8.04,8.01,8.03,5348.83,42923.361,165,2967.54,23828.8408,202204
8.02,8.05,8.02,8.05,4248.74,34102.2887,83,1216.0,9779.5445,202204
8.05,8.05,8.03,8.04,5611.85,45125.9489,125,2170.57,17458.7855,202204
8.03,8.07,8.02,8.06,6084.85,49023.3182,167,3373.53,27189.714,202204
8.06,8.06,8.05,8.05,911.54,7337.9228,30,251.76,2026.6938,202204
8.04,8.06,8.01,8.02,8812.42,70698.8783,210,2638.48,21166.1557,202204
8.02,8.03,8.02,8.02,1893.01,15182.0632,47,84.45,677.412,202204
8.02,8.03,8.01,8.02,1741.42,13973.0893,75,410.02,3289.9162,202204
8.02,8.02,7.95,7.95,13773.06,109979.49,704,5221.55,41679.4966,202204
7.95,7.97,7.82,7.85,40474.55,318495.0764,1541,21028.91,165427.6189,202204
7.86,7.91,7.85,7.9,10637.85,83929.95,319,6478.83,51155.4017,202204
7.91,7.92,7.89,7.9,5125.99,40511.8231,136,1617.1,12779.8547,202204
7.9,7.91,7.88,7.9,4634.74,36605.4363,159,2724.07,21524.981,202204
7.9,7.91,7.88,7.91,7426.61,58634.0998,197,4494.04,35482.5633,202204
7.91,7.91,7.87,7.87,2721.4,21469.6716,98,992.41,7834.6084,202204
7.87,7.88,7.86,7.87,4682.86,36863.6258,136,2557.36,20146.183,202204
7.88,7.88,7.85,7.88,2921.05,22987.053,111,2006.43,15792.1007,202204
7.88,7.88,7.86,7.87,3389.89,26668.4276,82,2578.66,20291.2544,202204
7.87,7.89,7.85,7.86,3681.24,28962.4112,109,1470.2,11577.4035,202204
7.86,7.87,7.83,7.84,4970.07,39014.6575,162,1553.92,12199.2397,202204
7.83,7.87,7.81,7.85,12005.29,94172.2542,344,7667.95,60173.5423,202204
7.86,7.9,7.85,7.88,9796.0,77289.5944,187,9008.01,71079.5552,202204
7.89,7.89,7.86,7.86,2030.63,15981.8183,72,205.16,1615.6582,202204
7.87,7.88,7.86,7.88,1755.71,13818.3487,47,1622.45,12769.8373,202204
7.88,7.88,7.85,7.86,1361.05,10704.2082,65,629.26,4952.4328,202204
7.87,7.89,7.85,7.88,3947.87,31068.918,131,1826.0,14368.1916,202204
7.89,7.92,7.89,7.91,2393.01,18918.45,113,1650.66,13048.216,202204
7.92,7.93,7.91,7.91,1581.4,12519.2067,141,511.5,4052.2207,202204
7.93,7.94,7.92,7.93,4006.93,31770.8444,141,2712.38,21516.6649,202204
7.94,7.96,7.93,7.94,12892.91,102425.9269,381,9292.01,73837.7232,202204
7.94,7.96,7.92,7.95,9997.48,79346.0148,226,2673.9,21229.5612,202204
7.95,7.96,7.94,7.95,3128.05,24861.1172,85,1762.64,14014.0736,202204
7.95,7.99,7.95,7.98,2757.08,21973.9183,202,1605.1,12787.766,202204
7.98,8.02,7.97,7.97,20127.11,160882.9521,491,10580.93,84631.6166,202204
7.97,7.98,7.95,7.95,3859.42,30749.044,87,3283.24,26161.9075,202204
7.95,7.95,7.94,7.95,2022.68,16072.6394,69,269.29,2140.8555,202204
7.95,7.97,7.94,7.97,4287.78,34092.8167,125,2219.82,17660.6445,202204
7.96,7.97,7.93,7.93,1545.93,12292.8757,62,272.21,2165.3692,202204
7.93,7.95,7.92,7.95,5357.52,42477.9721,119,1905.38,15106.9913,202204
7.95,7.98,7.94,7.98,3066.79,24421.0453,115,2053.68,16358.5785,202204
7.98,8.0,7.98,7.98,4595.17,36719.3209,134,2617.21,20917.9824,202204
7.99,7.99,7.97,7.98,2689.85,21457.4307,81,752.0,5996.3175,202204
7.97,8.02,7.95,8.01,9071.78,72544.8486,240,6458.85,51670.1533,202204
8.01,8.01,7.98,7.99,3082.06,24646.4211,117,895.95,7165.62,202204
7.99,8.0,7.94,7.95,7356.24,58626.3067,177,3068.3,24488.367,202204
7.95,7.97,7.94,7.97,6754.7,53729.4344,153,4873.08,38770.6676,202204
7.97,7.98,7.96,7.97,1461.6,11648.9648,50,1208.7,9633.7149,202204
7.98,8.02,7.98,7.99,3106.05,24835.2962,109,1182.07,9456.4349,202204
7.99,8.02,7.97,8.01,3295.67,26352.6709,124,1783.47,14265.0478,202204
8.01,8.01,7.98,7.99,1160.0,9274.8527,42,517.0,4135.6673,202204
7.99,8.0,7.97,7.99,5554.12,44360.1168,135,3340.07,26689.6382,202204
8.0,8.0,7.94,7.95,6159.2,49056.7584,181,2153.93,17164.8549,202204
7.95,7.95,7.9,7.9,5954.21,47200.2742,187,2146.01,17028.0677,202204
7.91,7.91,7.89,7.9,8194.77,64731.3878,201,2807.14,22176.0583,202204
7.9,7.91,7.87,7.89,3751.74,29581.0941,207,1933.31,15250.9433,202204
7.89,7.9,7.87,7.9,7221.78,56980.0751,187,3437.83,27123.8963,202204
7.89,7.9,7.88,7.9,2281.61,18008.211,64,1048.27,8273.7362,202204
7.89,7.9,7.87,7.88,1168.09,9208.9228,35,601.34,4739.9575,202204
7.88,7.89,7.87,7.89,2057.29,16206.8966,80,1326.3,10452.1406,202204
7.89,7.93,7.89,7.92,6987.05,55270.014,235,5641.1,44625.3953,202204
7.93,7.93,7.9,7.9,2538.4,20098.1518,116,1197.77,9486.8152,202204
7.91,7.94,7.89,7.89,2562.79,20268.5026,124,1380.76,10924.2134,202204
7.88,7.89,7.87,7.88,1712.23,13482.2476,95,856.23,6742.5156,202204
7.88,7.9,7.87,7.89,2008.53,15842.1765,169,670.52,5290.546,202204
7.89,7.89,7.87,7.88,3704.44,29190.503,196,466.48,3677.6526,202204
7.88,7.89,7.85,7.85,3235.93,25442.9577,269,1096.57,8623.5577,202204
7.85,7.91,7.85,7.88,5744.63,45295.2774,314,2668.18,21029.7286,202204
7.88,7.9,7.87,7.88,5309.11,41858.0651,264,2511.92,19815.3304,202204
7.87,7.91,7.87,7.89,4435.77,35003.9367,217,2758.18,21768.4865,202204
7.89,7.91,7.89,7.89,2884.06,22784.1287,190,798.36,6314.2765,202204
7.9,7.9,7.87,7.89,2762.78,21786.9189,195,692.3,5463.2007,202204
7.89,7.9,7.87,7.88,4577.88,36076.2967,238,2086.56,16444.2014,202204
7.89,7.89,7.84,7.84,4379.33,34445.6241,279,972.55,7653.417,202204
7.84,7.87,7.84,7.86,4100.95,32213.5211,217,2046.74,16078.4863,202204
7.86,7.89,7.85,7.87,7649.47,60210.4695,271,2601.12,20485.8052,202204
7.87,7.89,7.86,7.87,3910.69,30809.1617,210,2358.33,18588.4704,202204
7.87,7.89,7.85,7.89,6080.85,47836.3185,263,2613.47,20569.4247,202204
7.89,7.91,7.87,7.89,3576.69,28215.7209,199,2062.76,16280.6892,202204
7.89,7.91,7.87,7.9,4242.05,33477.2234,165,2897.3,22874.2277,202204
7.9,7.9,7.83,7.83,6688.05,52607.3627,220,2601.91,20485.2361,202204
7.84,7.85,7.77,7.78,18154.6,141566.9833,715,7909.42,61659.9177,202204
7.78,7.81,7.77,7.8,21614.39,168297.7502,565,10230.57,79676.9673,202204
7.8,7.82,7.78,7.79,6047.93,47205.498,231,3533.82,27595.0385,202204
7.79,7.8,7.75,7.8,31624.6,245963.0859,575,22395.7,174248.8651,202204
7.81,7.88,7.81,7.88,25277.12,198132.8253,618,21138.07,165663.7269,202204
7.87,7.87,7.84,7.84,3775.49,29658.8593,75,842.73,6619.0086,202204
7.85,7.86,7.83,7.86,2979.76,23381.4593,93,1572.75,12342.0214,202204
7.86,7.87,7.85,7.86,6565.68,51611.044,119,1196.13,9404.097,202204
7.86,7.87,7.85,7.87,1518.0,11930.1323,65,436.48,3430.2208,202204
7.86,7.89,7.86,7.88,2336.28,18407.503,98,1412.2,11128.4335,202204
7.88,7.9,7.88,7.89,1065.59,8399.5599,49,205.72,1623.021,202204
7.89,7.9,7.88,7.89,3936.29,31035.7056,126,1067.76,8423.3151,202204
7.9,7.9,7.88,7.9,2640.9,20837.3636,67,1420.78,11211.4495,202204
7.89,7.9,7.82,7.84,13281.01,104394.8305,245,1614.44,12668.5922,202204
7.84,7.88,7.83,7.86,9160.92,71926.8975,186,3850.02,30223.8343,202204
7.85,7.85,7.84,7.84,4337.09,34010.7613,66,488.55,3834.5603,202204
7.85,7.85,7.81,7.83,4374.11,34253.0098,140,2124.15,16645.1628,202204
7.84,7.85,7.77,7.78,87720.0,684268.2848,899,26482.0,206313.5904,202204
7.78,7.78,7.76,7.78,6390.22,49659.8161,190,3526.98,27411.4904,202204
7.78,7.8,7.76,7.77,9228.46,71784.5677,260,5483.94,42667.0742,202204
7.77,7.77,7.73,7.75,6074.32,47067.2388,242,1956.49,15175.5587,202204
7.75,7.78,7.74,7.78,7678.92,59601.8071,235,6725.07,52197.5417,202204
7.78,7.81,7.78,7.81,3624.45,28263.4437,130,2815.14,21953.8393,202204
7.81,7.81,7.78,7.78,2990.12,23300.8705,61,151.99,1183.8071,202204
7.78,7.79,7.73,7.75,3184.67,24712.2807,112,1840.04,14279.6957,202204
7.76,7.76,7.7,7.72,7813.44,60320.7911,306,2776.55,21442.8,202204
7.72,7.74,7.7,7.7,9775.51,75421.7764,232,3446.75,26608.5024,202204
7.71,7.76,7.71,7.75,7023.06,54284.8922,141,4519.42,34924.2866,202204
7.74,7.76,7.72,7.75,4328.34,33526.5965,116,2675.46,20727.838,202204
7.75,7.76,7.71,7.72,9866.68,76316.1886,154,6445.65,49883.7844,202204
7.72,7.72,7.7,7.7,7572.87,58353.8065,132,3561.13,27452.6525,202204
7.71,7.74,7.7,7.74,4647.27,35878.8392,81,4171.68,32208.0379,202204
7.73,7.75,7.71,7.71,9105.66,70361.951,172,7151.08,55268.4585,202204
7.7,7.73,7.65,7.66,25255.05,194169.2206,568,9704.56,74595.7917,202204
7.65,7.66,7.63,7.64,13709.88,104841.9353,367,10071.4,77028.2837,202204
7.64,7.67,7.63,7.66,6752.34,51630.6544,229,5459.58,41748.2698,202204
7.66,7.66,7.64,7.64,3678.79,28151.346,93,2379.63,18209.9015,202204
7.65,7.65,7.58,7.61,32560.73,247715.3701,629,15494.99,117900.8159,202204
7.6,7.61,7.51,7.53,67072.54,506426.5681,1849,38746.52,292485.1755,202204
7.53,7.59,7.53,7.58,11070.82,83637.2988,342,6973.28,52673.4582,202204
7.58,7.62,7.57,7.6,12927.53,98074.4493,299,6299.9,47822.9105,202204
7.6,7.62,7.54,7.56,84205.33,637625.5207,944,17342.61,131209.3009,202204
7.55,7.56,7.53,7.56,7447.87,56201.848,191,3773.01,28478.8596,202204
7.57,7.59,7.54,7.58,7571.78,57258.1424,182,6073.83,45946.065,202204
7.59,7.61,7.58,7.61,6321.73,48049.2982,164,3946.4,30017.8085,202204
7.61,7.62,7.58,7.58,14668.5,111469.4777,230,5727.07,43520.1732,202204
7.58,7.59,7.55,7.56,5556.07,42068.2856,141,3127.75,23689.4967,202204
7.57,7.57,7.55,7.57,2453.14,18543.9948,71,1726.33,13053.8585,202204
7.57,7.58,7.55,7.56,3584.73,27124.23,94,1580.23,11961.4803,202204
7.56,7.58,7.56,7.57,1171.3,8862.446,40,311.44,2357.6419,202204
7.56,7.57,7.56,7.57,479.2,3626.8082,27,405.62,3070.5434,202204
7.58,7.58,7.56,7.57,1444.15,10937.493,45,699.95,5304.1273,202204
7.57,7.58,7.56,7.56,3350.75,25371.2795,100,1919.3,14536.034,202204
7.57,7.61,7.56,7.59,6916.27,52468.3228,332,5541.87,42039.9276,202204
7.59,7.62,7.59,7.61,3192.63,24272.3947,107,2441.14,18559.3424,202204
7.6,7.61,7.6,7.61,947.38,7209.173,27,908.5,6913.685,202204
7.61,7.61,7.6,7.6,2145.47,16306.8684,78,639.9,4864.5364,202204
7.6,7.61,7.59,7.61,2263.8,17211.6169,83,1797.91,13671.5955,202204
7.61,7.62,7.6,7.62,2886.01,21965.1958,71,1581.11,12036.1644,202204
7.63,7.63,7.62,7.62,5082.81,38774.035,138,2036.7,15540.021,202204
7.63,7.63,7.61,7.62,568.54,4330.8766,48,142.78,1088.0135,202204
7.62,7.62,7.6,7.61,1579.15,12017.741,35,85.68,652.7859,202204
7.6,7.6,7.58,7.58,742.58,5635.1007,37,81.28,616.9152,202204
7.59,7.6,7.58,7.6,4870.41,36961.4523,92,3777.64,28675.3163,202204
7.6,7.6,7.55,7.58,28603.48,216255.1607,283,1761.07,13323.1213,202204
7.57,7.57,7.55,7.55,1992.01,15064.4876,81,981.22,7422.6235,202204
7.56,7.56,7.53,7.54,2295.83,17321.5683,76,798.86,6030.0582,202204
7.54,7.55,7.51,7.55,11105.94,83582.3264,239,9418.87,70896.4691,202204
7.55,7.61,7.55,7.6,11552.66,87782.3555,225,10106.98,76802.7264,202204
7.6,7.61,7.59,7.6,1122.85,8533.6477,55,944.54,7178.5896,202204
7.6,7.63,7.6,7.61,10765.07,81980.9219,195,6320.85,48146.5917,202204
7.61,7.61,7.59,7.59,1317.23,10006.6226,45,68.9,523.9828,202204
7.59,7.6,7.59,7.6,1350.51,10251.0287,32,367.87,2792.7911,202204
7.6,7.62,7.6,7.62,3672.56,27931.9898,74,1161.88,8839.7077,202204
7.62,7.63,7.61,7.63,1956.51,14909.2246,79,430.81,3283.5926,202204
7.62,7.63,7.61,7.61,652.98,4975.3148,40,29.98,228.5223,202204
7.62,7.62,7.61,7.62,808.82,6156.0219,34,171.12,1303.1249,202204
7.62,7.64,7.62,7.64,867.76,6622.2008,85,764.59,5835.0137,202204
7.64,7.64,7.63,7.63,2426.01,18515.1189,61,1475.92,11265.9322,202204
7.64,7.64,7.63,7.63,813.7,6209.0168,28,124.45,950.0393,202204
7.62,7.62,7.6,7.62,3134.13,23856.7141,104,1284.39,9778.2918,202204
7.62,7.62,7.59,7.59,1618.88,12306.985,54,389.69,2964.2278,202204
7.59,7.62,7.58,7.62,3238.63,24615.9542,126,2281.18,17347.6026,202204
7.61,7.63,7.61,7.62,4765.53,36314.2493,64,1847.45,14080.3385,202204
7.62,7.65,7.61,7.64,4848.35,36992.265,122,2475.42,18896.2126,202204
7.65,7.65,7.61,7.62,6146.63,46929.3625,189,1653.34,12634.0759,202204
7.62,7.62,7.61,7.61,2577.71,19619.358,83,662.04,5039.3469,202204
7.62,7.62,7.61,7.61,1506.4,11478.7262,48,778.06,5928.8172,202204
7.62,7.64,7.6,7.64,6784.08,51682.7651,165,4451.07,33902.9031,202204
7.63,7.65,7.63,7.64,3099.16,23664.1678,95,1657.59,12662.8932,202204
7.64,7.64,7.62,7.63,457.26,3489.2939,25,207.01,1579.9046,202204
7.63,7.67,7.62,7.67,6699.43,51260.8216,256,4076.07,31177.6745,202204
7.67,7.69,7.66,7.69,3842.66,29518.0828,144,2452.22,18842.7445,202204
7.69,7.7,7.67,7.69,3837.7,29499.4785,109,1193.77,9177.3218,202204
7.69,7.7,7.66,7.68,11760.3,90374.6834,197,8901.28,68436.2315,202204
7.68,7.69,7.65,7.66,6130.54,47008.4382,124,2763.86,21202.395,202204
7.66,7.67,7.66,7.66,567.06,4347.359,30,367.94,2822.0998,202204
7.67,7.67,7.66,7.67,833.67,6392.838,27,692.58,5312.0886,202204
7.67,7.68,7.67,7.67,2053.33,15757.2705,32,822.94,6320.1792,202204
7.68,7.7,7.67,7.69,9552.64,73422.9063,145,8904.05,68435.5603,202204
7.69,7.72,7.69,7.7,4102.65,31605.238,189,2200.35,16945.2993,202204
7.71,7.72,7.7,7.7,1945.92,14995.3462,91,651.12,5020.3886,202204
7.71,7.71,7.7,7.71,600.57,4626.7,21,231.1,1781.781,202204
7.71,7.71,7.68,7.69,1887.0,14522.4082,68,994.94,7658.6665,202204
7.7,7.7,7.68,7.68,1069.39,8223.6878,49,356.6,2743.6202,202204
7.68,7.71,7.68,7.71,2806.49,21580.704,79,1533.11,11792.5972,202204
7.71,7.73,7.71,7.72,4700.97,36290.7123,136,2100.73,16221.1602,202204
7.72,7.72,7.7,7.72,1553.73,11985.2703,78,686.44,5295.1533,202204
7.73,7.73,7.72,7.73,1275.8,9856.2225,116,704.65,5446.9445,202204
7.73,7.74,7.72,7.72,1857.03,14356.0917,88,855.46,6614.3731,202204
7.73,7.74,7.73,7.74,762.22,5896.8591,42,758.73,5869.8814,202204
7.74,7.74,7.73,7.74,1603.53,12398.0495,47,820.36,6344.1454,202204
7.74,7.76,7.73,7.75,10317.4,79923.7518,271,3786.96,29353.3074,202204
7.76,7.78,7.75,7.77,4968.31,38599.3636,186,4114.51,31967.587,202204
7.78,7.78,7.75,7.75,2942.94,22848.5344,80,117.52,912.8742,202204
7.75,7.76,7.74,7.75,2001.28,15505.3583,48,421.12,3263.7762,202204
7.75,7.76,7.75,7.76,1540.77,11944.7899,32,674.64,5232.2824,202204
7.75,7.76,7.74,7.75,547.41,4241.0162,25,239.38,1855.2594,202204
7.76,7.77,7.72,7.73,3514.65,27198.8608,85,585.85,4530.1926,202204
7.73,7.74,7.72,7.73,2063.33,15950.069,50,1009.95,7808.0658,202204
7.74,7.74,7.7,7.71,2114.29,16337.053,67,356.33,2749.7055,202204
7.72,7.72,7.69,7.7,3137.04,24187.4872,98,1081.21,8340.5575,202204
7.7,7.71,7.7,7.71,790.09,6083.9759,18,28.29,218.1159,202204
7.71,7.71,7.7,7.71,326.07,2511.3082,11,56.92,438.8532,202204
7.71,7.71,7.68,7.69,2398.6,18452.8025,66,1250.23,9618.0492,202204
7.7,7.7,7.69,7.69,1707.28,13145.4151,26,1186.47,9135.819,202204
7.7,7.7,7.68,7.69,3741.05,28769.6804,96,2273.43,17488.2563,202204
7.69,7.69,7.66,7.69,4165.42,31981.1209,134,2504.32,19230.1425,202204
7.68,7.7,7.68,7.69,6623.99,50932.726,159,4894.72,37643.1921,202204
7.69,7.7,7.68,7.69,8081.68,62212.3491,100,7190.07,55357.1216,202204
7.69,7.69,7.68,7.69,1573.18,12092.5384,45,26.91,206.9379,202204
7.69,7.7,7.69,7.69,1245.09,9576.8435,51,969.6,7458.3254,202204
7.7,7.71,7.69,7.7,1803.13,13898.6863,46,998.18,7693.7183,202204
7.7,7.74,7.7,7.73,3280.68,25345.7874,99,1604.58,12395.7579,202204
7.73,7.74,7.73,7.74,267.53,2068.2281,11,22.12,171.2088,202204
7.74,7.75,7.72,7.73,3870.16,29936.7773,93,1726.27,13359.3062,202204
7.72,7.75,7.72,7.75,382.85,2962.8576,29,342.44,2650.8162,202204
7.75,7.76,7.74,7.75,3304.49,25611.3102,55,1356.47,10514.6552,202204
7.74,7.75,7.74,7.74,422.73,3272.1802,9,25.0,193.75,202204
7.74,7.74,7.72,7.72,1786.36,13801.2336,60,626.53,4841.7363,202204
7.72,7.74,7.72,7.74,665.37,5145.8503,17,617.53,4776.1253,202204
7.74,7.74,7.73,7.74,101.41,784.3728,13,47.35,366.489,202204
7.73,7.74,7.71,7.71,1939.66,14988.1458,51,777.43,6015.5298,202204
7.72,7.74,7.72,7.74,665.93,5145.4481,35,640.57,4949.5042,202204
7.74,7.76,7.73,7.74,8248.95,63868.0643,143,1436.81,11131.9486,202204
7.74,7.75,7.73,7.74,2089.52,16176.9213,79,500.07,3874.858,202204
7.74,7.74,7.73,7.74,2413.75,18682.2423,34,2395.48,18541.0152,202204
7.74,7.75,7.73,7.75,563.28,4363.913,21,517.0,4005.72,202204
7.75,7.76,7.73,7.75,2481.24,19233.1497,63,1226.08,9509.339,202204
7.76,7.76,7.74,7.75,3574.61,27705.8299,77,724.61,5619.825,202204
7.74,7.75,7.73,7.73,1633.47,12656.2335,19,1335.02,10346.405,202204
7.74,7.75,7.73,7.74,697.99,5401.6022,31,280.13,2168.3062,202204
7.74,7.76,7.74,7.75,3279.81,25417.2301,40,1362.39,10557.2251,202204
7.75,7.75,7.74,7.75,3764.32,29170.0969,40,31.68,245.52,202204
7.75,7.75,7.73,7.73,354.08,2740.5364,22,148.6,1150.3059,202204
7.73,7.74,7.73,7.73,27.95,216.1504,5,9.69,75.0006,202204
7.74,7.76,7.73,7.76,4683.83,36256.2749,76,2564.01,19869.6713,202204
7.76,7.78,7.75,7.77,10968.7,85190.0534,207,8944.22,69471.3782,202204
7.77,7.78,7.76,7.78,1680.27,13065.7692,44,1433.3,11144.4342,202204
7.78,7.79,7.77,7.79,3143.17,24464.6829,104,2119.03,16504.0318,202204
7.78,7.79,7.78,7.79,1915.62,14913.7521,62,431.61,3360.5176,202204
7.79,7.79,7.75,7.75,2334.62,18110.045,114,1183.98,9177.1094,202204
7.76,7.76,7.75,7.76,922.55,7156.271,24,644.63,5002.3288,202204
7.75,7.75,7.74,7.74,226.23,1753.1104,26,133.09,1031.4475,202204
7.75,7.75,7.74,7.74,31.9,247.0634,4,15.74,121.985,202204
7.74,7.75,7.73,7.74,1338.76,10361.0567,41,842.37,6519.9981,202204
7.74,7.75,7.73,7.74,7433.75,57493.1166,80,907.8,7026.8434,202204
7.74,7.75,7.73,7.74,600.63,4648.8578,34,216.62,1676.7357,202204
7.73,7.76,7.73,7.76,1156.04,8962.4873,28,1124.85,8720.965,202204
7.76,7.76,7.74,7.75,997.81,7736.9188,53,733.85,5691.3775,202204
7.74,7.74,7.73,7.73,2319.77,17944.5423,60,1644.54,12720.2269,202204
7.73,7.75,7.73,7.75,622.11,4814.1698,31,504.91,3908.2138,202204
7.75,7.77,7.75,7.76,2108.19,16353.9326,89,990.07,7683.3701,202204
7.76,7.76,7.75,7.76,1908.95,14804.5949,39,1383.99,10736.1549,202204
7.75,7.75,7.73,7.74,2329.9,18028.8067,60,803.09,6210.3938,202204
7.74,7.75,7.72,7.72,1164.08,9002.0291,61,93.51,723.5907,202204
7.73,7.73,7.72,7.73,1323.55,10225.185,36,710.73,5493.9429,202204
7.74,7.74,7.72,7.73,1610.58,12437.9879,48,1232.04,9515.495,202204
7.72,7.72,7.71,7.71,1115.84,8608.1761,32,72.48,559.5456,202204
7.71,7.72,7.71,7.72,223.29,1722.7089,11,9.3,71.796,202204
7.73,7.74,7.69,7.71,8020.56,61935.9294,159,2253.07,17403.5929,202204
7.71,7.72,7.69,7.7,1399.53,10769.2393,66,299.78,2308.5212,202204
7.69,7.7,7.69,7.7,315.76,2428.5231,11,32.87,253.099,202204
7.7,7.7,7.69,7.7,331.98,2555.0584,18,205.54,1582.658,202204
7.71,7.71,7.68,7.7,7194.34,55346.3514,164,4503.52,34650.842,202204
7.69,7.71,7.69,7.69,784.57,6040.5613,44,252.42,1944.4361,202204
7.7,7.72,7.7,7.72,384.8,2967.6466,47,201.13,1551.9369,202204
7.72,7.72,7.7,7.7,1299.24,10018.0887,38,447.46,3452.9757,202204
7.69,7.69,7.65,7.66,4513.69,34628.3095,190,1745.49,13395.7332,202204
7.65,7.67,7.63,7.65,7670.59,58716.4568,335,4975.65,38104.0114,202204
7.64,7.66,7.61,7.61,8206.08,62561.7358,288,2451.36,18703.1358,202204
7.62,7.67,7.61,7.66,2887.04,22077.0155,126,2382.55,18218.8042,202204
7.66,7.68,7.66,7.67,2088.28,16015.9996,87,922.11,7074.9832,202204
7.66,7.68,7.66,7.66,312.76,2399.1585,25,168.76,1295.9686,202204
7.67,7.68,7.65,7.68,2775.31,21246.942,66,262.24,2011.7517,202204
7.69,7.69,7.67,7.67,2366.24,18172.118,98,1314.53,10101.0348,202204
7.67,7.68,7.64,7.65,3499.17,26814.8936,102,1025.56,7859.3327,202204
7.66,7.68,7.66,7.68,1308.25,10038.4467,44,582.55,4471.5436,202204
7.68,7.68,7.67,7.67,427.18,3277.0464,14,57.58,442.2144,202204
7.67,7.69,7.66,7.67,2408.59,18497.7439,80,1527.26,11736.0771,202204
7.66,7.67,7.64,7.64,3586.38,27452.8888,114,704.45,5393.0771,202204
7.65,7.67,7.64,7.67,1338.76,10254.5381,56,652.26,4995.0445,202204
7.67,7.69,7.66,7.69,3433.96,26326.4117,91,1377.73,10575.5899,202204
7.68,7.68,7.66,7.66,2619.98,20100.9709,52,160.96,1234.8029,202204
7.67,7.67,7.65,7.65,1032.0,7904.7042,25,125.44,961.3958,202204
7.64,7.67,7.64,7.67,3300.42,25271.4255,73,2652.53,20311.6571,202204
7.67,7.68,7.66,7.67,2078.25,15942.1165,45,1612.66,12371.6917,202204
7.68,7.69,7.67,7.68,1096.04,8425.2007,64,868.19,6675.5201,202204
7.69,7.69,7.66,7.66,1547.32,11872.6139,45,556.3,4271.4229,202204
7.66,7.67,7.66,7.67,72.38,555.1351,7,70.43,540.1981,202204
7.66,7.67,7.65,7.66,3134.87,24013.5728,62,524.31,4017.9938,202204
7.66,7.66,7.65,7.66,571.58,4377.6883,16,504.5,3864.47,202204
7.66,7.66,7.65,7.66,266.26,2037.1134,15,22.44,171.8904,202204
7.66,7.69,7.66,7.69,2460.37,18865.2585,34,2450.75,18791.2807,202204
7.7,7.73,7.69,7.7,6907.68,53237.5888,180,2477.12,19095.0401,202204
7.7,7.7,7.62,7.65,61843.15,474168.5573,529,4803.37,36933.8271,202204
7.65,7.67,7.65,7.66,5208.3,39907.9443,57,3701.11,28373.6703,202204
7.67,7.68,7.66,7.67,10063.44,77185.3595,90,9564.97,73364.3182,202204
7.67,7.67,7.65,7.65,1065.16,8159.4391,40,287.77,2205.3235,202204
7.65,7.66,7.65,7.66,591.42,4529.8459,19,334.09,2559.1294,202204
7.66,7.69,7.66,7.69,1668.31,12810.1496,56,1665.61,12789.4406,202204
7.69,7.71,7.69,7.7,1701.55,13101.9624,43,967.32,7448.9117,202204
7.69,7.71,7.69,7.69,1933.23,14883.4927,39,74.42,573.1852,202204
7.69,7.7,7.69,7.7,207.45,1596.0495,18,75.9,584.43,202204
7.69,7.71,7.68,7.71,5126.5,39489.3638,98,3687.46,28405.8465,202204
7.71,7.71,7.7,7.71,738.38,5687.0189,23,559.23,4307.3417,202204
7.71,7.72,7.71,7.72,1948.67,15024.4565,35,1144.37,8823.3035,202204
7.72,7.72,7.67,7.68,1120.91,8622.1598,40,265.61,2042.1,202204
7.69,7.7,7.69,7.7,595.44,4579.1075,18,554.78,4266.4321,202204
7.7,7.71,7.7,7.7,910.0,7007.4947,38,585.81,4511.2317,202204
7.7,7.72,7.69,7.71,2192.91,16895.4592,57,1716.63,13223.4764,202204
7.71,7.71,7.69,7.69,995.72,7673.7437,36,259.68,2002.0933,202204
7.69,7.71,7.69,7.71,3139.87,24204.7721,55,3070.09,23668.0935,202204
7.71,7.71,7.7,7.7,7226.88,55713.367,222,6645.55,51237.126,202204
7.7,7.7,7.69,7.7,773.63,5949.3841,45,513.21,3946.7543,202204
7.7,7.7,7.68,7.68,157.44,1210.5014,18,75.5,580.7678,202204
7.68,7.71,7.68,7.7,2504.33,19259.7488,43,2384.78,18340.5402,202204
7.71,7.73,7.7,7.73,9243.14,71294.0221,316,3220.55,24875.1068,202204
7.72,7.74,7.72,7.72,2034.53,15717.6495,100,481.72,3725.9517,202204
7.71,7.72,7.7,7.72,1754.58,13532.8476,43,1212.16,9351.174,202204
7.71,7.71,7.69,7.69,669.78,5158.6844,33,118.16,909.8591,202204
7.7,7.71,7.69,7.7,696.0,5359.651,33,181.02,1394.5883,202204
7.69,7.7,7.69,7.69,72.81,559.9218,6,1.29,9.933,202204
7.69,7.71,7.68,7.68,999.65,7688.8023,36,773.06,5946.6449,202204
7.68,7.69,7.66,7.67,3493.16,26793.1643,101,1039.38,7980.185,202204
7.67,7.7,7.67,7.69,2985.06,22947.8824,68,1773.45,13622.8263,202204
7.7,7.71,7.68,7.7,3285.21,25288.5231,76,1445.12,11123.5781,202204
7.71,7.72,7.71,7.72,1795.99,13848.8522,41,1087.5,8386.3718,202204
7.73,7.74,7.71,7.71,4759.32,36731.3425,74,601.35,4649.3245,202204
7.71,7.71,7.7,7.7,1512.89,11654.6864,30,562.72,4333.8082,202204
7.7,7.72,7.66,7.66,6689.91,51467.9582,141,2548.01,19614.6639,202204
7.66,7.68,7.63,7.63,7320.73,55980.8824,192,3503.99,26815.6829,202204
7.63,7.64,7.6,7.62,5518.03,42056.216,207,2360.79,17990.9809,202204
7.61,7.63,7.6,7.6,5994.87,45627.8225,152,2487.16,18944.3529,202204
7.6,7.65,7.6,7.64,14202.13,108360.3709,248,12468.59,95137.6359,202204
7.65,7.66,7.63,7.64,2145.66,16405.7738,85,1100.06,8417.3069,202204
7.65,7.66,7.59,7.63,6269.81,47780.8264,190,2907.89,22160.6018,202204
7.63,7.68,7.63,7.65,10020.1,76740.9207,192,4218.59,32304.4985,202204
7.65,7.66,7.64,7.65,421.81,3227.1347,25,201.6,1542.5962,202204
7.64,7.64,7.6,7.6,6210.21,47275.1518,115,3939.71,29987.2443,202204
7.6,7.61,7.58,7.6,5896.49,44780.0023,200,3545.45,26927.6144,202204
7.6,7.63,7.59,7.61,10740.13,81733.5708,212,7593.13,57765.0633,202204
7.62,7.63,7.6,7.61,1331.17,10137.976,74,538.34,4104.2912,202204
7.61,7.61,7.57,7.59,6488.05,49230.8314,198,4337.62,32917.1689,202204
7.59,7.59,7.58,7.59,6608.88,50128.8579,84,2573.08,19528.5854,202204
7.59,7.6,7.55,7.55,7605.82,57580.7456,195,3394.62,25702.3302,202204
7.56,7.56,7.51,7.53,12052.35,90726.3318,462,5168.82,38924.9243,202204
7.53,7.55,7.47,7.48,24679.32,185056.0455,730,9261.04,69475.9126,202204
7.49,7.51,7.43,7.46,15714.55,117255.0494,632,7716.13,57602.3862,202204
7.46,7.51,7.45,7.51,7198.82,53978.1319,240,3175.32,23805.5264,202204
7.52,7.55,7.52,7.52,4653.92,35061.0418,155,2610.48,19665.18,202204
7.53,7.54,7.5,7.52,12112.82,91203.9794,171,6875.17,51795.9768,202204
7.52,7.53,7.51,7.52,3784.88,28466.94,107,1589.15,11955.6306,202204
7.53,7.58,7.52,7.57,5476.62,41350.7562,215,3087.39,23297.8343,202204
7.58,7.6,7.56,7.58,3903.42,29596.6456,197,1846.63,14004.4868,202204
7.58,7.59,7.55,7.55,2197.06,16623.6242,67,818.46,6197.7922,202204
7.56,7.57,7.55,7.56,2408.89,18202.43,75,1041.78,7872.5044,202204
7.57,7.57,7.54,7.56,1252.06,9462.9899,46,605.25,4578.1115,202204
7.55,7.59,7.55,7.59,2774.46,21015.5709,44,2423.18,18363.1705,202204
7.59,7.6,7.55,7.56,7834.31,59246.8959,146,1969.42,14915.3215,202204
7.56,7.57,7.53,7.53,5589.85,42213.8549,136,2162.77,16346.8646,202204
7.54,7.57,7.54,7.56,3474.27,26255.3042,95,2368.9,17907.6703,202204
7.56,7.57,7.55,7.55,874.88,6613.2287,36,233.22,1764.45,202204
7.56,7.57,7.54,7.55,1801.11,13596.0743,87,933.0,7045.0187,202204
7.56,7.59,7.55,7.59,2154.69,16298.6263,68,812.69,6156.6647,202204
7.58,7.6,7.57,7.58,2702.23,20491.5839,101,595.38,4518.8085,202204
7.59,7.6,7.58,7.58,902.44,6847.5759,35,678.69,5151.3097,202204
7.59,7.59,7.56,7.56,6454.57,48823.2242,110,4441.86,33596.9649,202204
7.56,7.56,7.54,7.54,2240.67,16924.8505,79,639.43,4833.1456,202204
7.55,7.56,7.54,7.56,1556.23,11749.9836,57,1154.27,8715.1876,202204
7.55,7.56,7.54,7.55,527.86,3985.9316,40,201.99,1526.1453,202204
7.55,7.55,7.5,7.51,5744.12,43154.3832,153,1948.22,14649.8421,202204
7.5,7.5,7.46,7.48,8193.97,61278.2118,278,4198.1,31400.7916,202204
7.48,7.5,7.48,7.48,2676.65,20025.0615,83,1290.48,9654.3146,202204
7.48,7.48,7.45,7.46,4291.93,32065.7618,106,1796.54,13422.8528,202204
7.45,7.46,7.42,7.44,13715.1,102026.8774,383,6387.29,47527.8419,202204
7.43,7.45,7.42,7.44,6709.99,49878.3718,134,4938.11,36717.418,202204
7.43,7.43,7.41,7.42,17273.79,128113.8102,255,4472.83,33221.5948,202204
7.42,7.44,7.39,7.41,13713.57,101641.4036,328,5999.67,44490.4761,202204
7.41,7.46,7.41,7.42,8461.74,62908.2199,268,4028.34,29954.2983,202204
7.43,7.43,7.4,7.41,2296.67,17020.4602,85,1744.41,12928.5378,202204
7.41,7.43,7.4,7.4,3319.22,24584.0308,78,1843.63,13652.4809,202204
7.39,7.4,7.32,7.34,18751.06,137929.585997,761,9021.14,66405.6142,202204
7.34,7.37,7.33,7.35,5026.02,36943.0346,219,3941.22,28979.5834,202204
7.36,7.38,7.34,7.38,4084.39,30059.5077,142,2636.66,19412.6396,202204
7.38,7.4,7.37,7.39,3138.77,23183.5969,77,1973.0,14568.7884,202204
7.38,7.38,7.35,7.37,8327.28,61324.1415,151,4414.46,32519.6463,202204
7.36,7.4,7.36,7.37,5797.86,42772.9726,118,3069.32,22641.1415,202204
7.37,7.37,7.35,7.35,1853.69,13634.3692,66,801.55,5895.7336,202204
7.35,7.38,7.35,7.38,5829.07,42920.3652,122,3984.78,29353.0507,202204
7.38,7.38,7.34,7.34,8046.26,59273.511,149,3267.55,24091.5585,202204
7.34,7.37,7.33,7.37,5489.08,40320.7666,147,3378.79,24821.1745,202204
7.37,7.38,7.35,7.36,2835.25,20890.6495,57,2058.89,15173.5206,202204
7.35,7.38,7.34,7.34,4045.41,29775.8182,113,923.87,6800.0874,202204
7.33,7.36,7.32,7.35,5318.4,39027.0718,132,3574.56,26220.6868,202204
7.36,7.39,7.36,7.38,4941.06,36447.1926,122,3492.5,25764.2935,202204
7.38,7.39,7.38,7.39,1334.67,9850.6267,31,1093.17,8068.3567,202204
7.38,7.4,7.38,7.39,3131.97,23160.1455,87,1966.84,14550.4236,202204
7.39,7.4,7.38,7.38,13129.29,97009.7861,171,8300.62,61340.1899,202204
7.39,7.39,7.37,7.38,2483.36,18325.8752,109,1285.72,9488.0216,202204
7.39,7.39,7.36,7.36,1492.93,11001.5058,59,840.34,6193.5362,202204
7.37,7.39,7.37,7.39,2107.89,15555.2155,86,1640.12,12101.9706,202204
7.39,7.4,7.38,7.39,4481.66,33117.838,68,1153.73,8526.0923,202204
7.39,7.4,7.38,7.38,764.39,5642.7259,24,124.68,921.0398,202204
7.38,7.4,7.38,7.39,1960.5,14482.4857,47,935.27,6911.659,202204
7.39,7.43,7.37,7.42,6760.55,50001.0439,179,4020.5,29749.0468,202204
7.42,7.47,7.42,7.47,7706.45,57397.9547,356,3292.28,24532.4276,202204
7.46,7.46,7.44,7.45,3557.89,26501.388,66,1132.28,8431.9973,202204
7.45,7.47,7.44,7.46,3687.93,27488.4318,111,2142.09,15964.1568,202204
7.46,7.47,7.46,7.46,457.49,3415.6771,24,345.88,2583.0665,202204
7.46,7.46,7.43,7.44,5684.09,42309.134,99,2262.86,16845.6056,202204
7.44,7.45,7.43,7.44,3376.16,25131.8337,65,2845.16,21178.3638,202204
7.45,7.46,7.41,7.41,2195.74,16308.1482,105,481.08,3573.6912,202204
7.42,7.42,7.41,7.41,373.33,2768.6688,15,229.35,1701.777,202204
7.41,7.43,7.4,7.42,6990.98,51866.2837,111,5616.75,41673.6756,202204
7.41,7.43,7.4,7.42,2685.49,19924.0294,53,2477.15,18378.4119,202204
7.42,7.43,7.41,7.41,1124.38,8342.4237,55,394.73,2928.9341,202204
7.42,7.43,7.41,7.42,5692.14,42243.2432,94,3807.39,28258.4382,202204
7.42,7.43,7.4,7.41,9973.85,74003.5221,142,8364.45,62076.4751,202204
7.42,7.44,7.41,7.43,13752.09,102203.7038,176,10242.0,76129.2447,202204
7.43,7.47,7.42,7.46,11244.4,83780.2706,165,8199.36,61115.8506,202204
7.46,7.5,7.45,7.49,56350.67,421319.9772,642,50055.09,374220.5683,202204
7.49,7.54,7.49,7.51,44336.88,333174.1755,749,31154.84,234234.0736,202204
7.51,7.54,7.5,7.53,17535.71,131872.8497,214,17154.1,129008.89,202204
7.52,7.57,7.52,7.55,25820.81,195023.5024,437,21416.32,161757.5864,202204
7.55,7.57,7.54,7.56,10253.69,77507.0479,199,5704.59,43140.5097,202204
7.56,7.57,7.53,7.57,41778.51,315854.7439,672,23121.83,174828.2415,202204
7.57,7.58,7.55,7.57,12034.22,90987.2933,193,7274.33,55026.9642,202204
7.56,7.59,7.55,7.59,7845.82,59395.6786,172,6560.61,49672.4302,202204
7.59,7.62,7.58,7.58,34675.66,263466.675,549,21041.16,159978.9016,202204
7.59,7.59,7.55,7.55,7225.47,54621.849,175,531.76,4016.2377,202204
7.55,7.55,7.52,7.53,4797.65,36131.4294,147,430.3,3242.2422,202204
7.52,7.53,7.42,7.43,17764.9,132711.6396,771,10341.42,77261.2635,202204
7.44,7.44,7.4,7.44,10866.3,80630.2592,336,8291.71,61523.055,202204
7.44,7.45,7.41,7.45,10442.75,77623.7962,207,4065.33,30241.592,202204
7.46,7.46,7.44,7.45,5503.31,40998.455,114,2376.85,17710.1588,202204
7.44,7.44,7.4,7.42,21206.84,157398.0713,247,1926.38,14282.9589,202204
7.43,7.48,7.43,7.48,4556.95,33943.7997,118,1736.41,12946.2374,202204
7.47,7.48,7.45,7.46,2662.22,19867.6367,78,1319.36,9845.6813,202204
7.45,7.45,7.4,7.43,8642.92,64113.6394,236,3844.2,28504.3331,202204
7.44,7.46,7.41,7.46,6886.37,51148.2904,169,4184.15,31082.8645,202204
7.45,7.46,7.42,7.43,3581.78,26643.4837,101,886.97,6602.0381,202204
7.42,7.43,7.41,7.42,6817.16,50597.0392,158,4129.92,30655.9417,202204
7.41,7.41,7.33,7.34,29559.86,217551.9398,748,13168.22,96988.412,202204
7.34,7.38,7.17,7.17,69853.69,507710.8327,2091,31447.31,228661.8749,202204
7.17,7.18,6.54,6.55,378844.518,2597955.2508,9680,155457.94,1066574.6941,202204
6.56,6.71,6.35,6.67,366304.39,2374333.8887,7980,163770.78,1067722.5151,202204
6.67,6.73,6.63,6.67,69159.57,462695.4483,2417,30803.88,206137.2377,202204
6.67,6.72,6.62,6.69,55591.34,371114.4264,1337,35654.32,238190.7835,202204
6.68,6.71,6.65,6.69,38654.62,258212.0753,1072,21985.0,146860.6489,202204
6.7,6.78,6.67,6.69,50360.58,338774.5816,1280,21085.91,141711.6122,202204
6.69,6.76,6.69,6.75,29152.68,195879.9619,744,19232.01,129221.5999,202204
6.75,6.79,6.73,6.77,27302.64,184582.5669,742,11746.53,79436.4462,202204
6.77,6.82,6.76,6.77,28400.56,192949.0956,778,14447.01,98223.7243,202204
6.77,6.85,6.74,6.78,90188.09,613596.4029,1681,26118.04,177546.159,202204
6.78,6.78,6.73,6.75,24032.75,162368.5338,558,13673.89,92408.401,202204
