OPEN,HIGH,LOW,CLOSE,VOLUME,QUOTE_ASSET_VOLUME,NUMBER_OF_TRADES,TAKER_BUY_BASE_ASSET_VOLUME,TAKER_BUY_QUOTE_ASSET_VOLUME,YEAR_AND_MONTH
0.9997,0.9997,0.9993,0.9994,12145.69,12138.837002,32,1705.74,1705.0543,201912
0.9994,0.9997,0.9993,0.9994,7111.98,7107.934914,19,658.02,657.728296,201912
0.9994,0.9997,0.9988,0.9993,16002.59,15989.822849,46,2954.12,2952.541206,201912
0.9988,0.9991,0.9988,0.999,1582.74,1581.199741,6,1552.47,1550.966065,201912
0.999,0.9993,0.999,0.9993,3141.26,3138.816654,10,2671.51,2669.489429,201912
0.9993,0.9993,0.9993,0.9993,8336.67,8330.834331,16,8336.67,8330.834331,201912
0.9993,0.9993,0.9992,0.9993,8251.54,8245.569296,11,7869.45,7863.784968,201912
0.9992,0.9993,0.9992,0.9992,2645.18,2643.209167,4,0.0,0.0,201912
0.9992,0.9994,0.9991,0.9994,4924.69,4920.891618,8,1221.5,1220.667551,201912
0.9994,0.9996,0.9994,0.9994,1571.4,1570.606152,12,1383.88,1383.198664,201912
0.9995,0.9996,0.9992,0.9996,5729.74,5726.355168,21,1597.49,1596.783601,201912
0.9996,0.9996,0.9992,0.9995,5759.22,5755.985346,18,2930.88,2929.502582,201912
0.9996,0.9996,0.9995,0.9996,1915.56,1914.756658,9,1915.56,1914.756658,201912
0.9994,0.9996,0.9992,0.9993,7368.35,7364.433525,39,5857.0,5854.195802,201912
0.9996,0.9996,0.9992,0.9996,9075.89,9069.836229,47,3694.61,3692.512156,201912
0.9996,0.9996,0.9993,0.9995,11313.94,11309.148499,20,9917.6,9913.63296,201912
0.9996,0.9996,0.9993,0.9996,34748.16,34729.901596,66,18936.71,18928.411311,201912
0.9994,0.9996,0.9993,0.9993,9411.24,9405.088687,21,1898.95,1897.924579,201912
0.9994,0.9997,0.9993,0.9997,12730.61,12723.866862,31,6776.75,6773.881705,201912
0.9997,1.0,0.9997,1.0,8863.67,8862.020253,19,8863.67,8862.020253,201912
1.0,1.0003,1.0,1.0002,7472.29,7472.776633,31,1711.88,1712.166633,201912
1.0,1.0002,0.9999,1.0,7248.69,7248.711807,19,1641.04,1641.132097,201912
0.9999,0.9999,0.9996,0.9999,7507.76,7505.791787,16,181.19,181.163285,201912
0.9996,0.9998,0.9995,0.9997,7923.89,7920.849099,12,2442.08,2441.261304,201912
0.9995,0.9996,0.9992,0.9994,16291.07,16280.940982,47,6042.46,6038.584013,201912
0.9994,0.9994,0.9992,0.9992,5214.75,5210.997197,16,2633.31,2631.622349,201912
0.9993,0.9996,0.9993,0.9994,5632.66,5629.472701,13,4325.55,4323.146967,201912
0.9995,0.9996,0.9994,0.9995,10003.48,9999.118274,16,9618.46,9614.329286,201912
0.9996,0.9999,0.9995,0.9999,15200.23,15195.087862,24,15200.23,15195.087862,201912
1.0,1.0002,0.9997,1.0001,10424.15,10424.529051,35,6004.08,6004.285437,201912
1.0002,1.0002,0.9998,1.0,5160.58,5160.5817,9,1656.4,1656.444286,201912
1.0001,1.0001,1.0,1.0001,1502.77,1502.846615,6,1502.77,1502.846615,201912
1.0001,1.0001,0.9995,0.9995,5387.31,5386.268951,14,3186.56,3186.157188,201912
0.9996,0.9998,0.9988,0.9991,23564.88,23549.246961,45,8807.55,8803.232343,201912
0.9992,0.9994,0.9991,0.9994,5176.94,5172.79137,26,2869.49,2867.387258,201912
0.9994,0.9996,0.9992,0.9996,19338.66,19327.326679,48,13135.74,13129.073639,201912
0.9996,1.0002,0.9996,1.0002,3707.26,3707.081357,16,2908.97,2908.798673,201912
0.9998,1.0004,0.9995,1.0003,22865.85,22862.842054,52,10925.54,10924.868265,201912
1.0,1.0004,0.9997,1.0004,6799.24,6798.824993,26,2036.94,2037.428009,201912
1.0004,1.0004,1.0004,1.0004,458.29,458.473316,3,458.29,458.473316,201912
1.0003,1.0003,0.9996,0.9999,6025.06,6022.936803,14,203.51,203.497205,201912
0.9997,0.9997,0.9993,0.9995,16343.91,16335.418356,25,3835.5,3833.969016,201912
0.9993,0.9995,0.9992,0.9992,6275.76,6272.242619,28,5333.33,5330.503319,201912
0.9994,0.9995,0.9991,0.9991,10270.57,10262.565975,24,3225.54,3223.237969,201912
0.999,0.9994,0.9987,0.9987,7721.49,7715.666812,23,7228.37,7223.061022,201912
0.9991,0.9991,0.9988,0.999,20892.33,20872.780687,25,16466.35,16451.449663,201912
0.9991,0.9996,0.999,0.9996,8213.57,8209.465226,11,7771.67,7768.007126,201912
0.9998,0.9999,0.9995,0.9999,3389.04,3388.212239,15,2653.97,2653.43788,201912
0.9998,0.9998,0.9993,0.9997,11641.44,11636.711033,24,4066.02,4064.476141,201912
0.9998,0.9998,0.9994,0.9994,9453.06,9448.532395,14,1589.41,1588.876115,201912
0.9994,0.9997,0.9993,0.9995,10706.24,10699.541712,23,1364.3,1363.68592,201912
0.9994,0.9996,0.9993,0.9993,13152.25,13145.237606,17,11820.47,11814.389852,201912
0.9994,0.9996,0.9993,0.9995,6950.02,6946.121182,10,6082.52,6079.228432,201912
0.9994,0.9996,0.9993,0.9996,4176.3,4174.177826,9,3589.42,3587.701815,201912
0.9993,0.9996,0.9993,0.9994,3059.36,3057.542729,13,1629.3,1628.392608,201912
0.9994,0.9996,0.9994,0.9996,10173.47,10169.055221,24,9059.49,9055.743609,201912
0.9996,0.9997,0.9994,0.9996,5857.55,5855.4996,12,5198.57,5196.858816,201912
0.9998,0.9998,0.9996,0.9998,5997.3,5995.873349,20,5997.3,5995.873349,201912
0.9995,0.9998,0.9995,0.9996,5225.59,5223.572299,18,5171.43,5169.439379,201912
0.9996,0.9996,0.9995,0.9995,1188.69,1188.208325,9,1126.7,1126.24932,201912
0.9995,0.9995,0.9994,0.9995,6175.2,6172.082401,8,0.0,0.0,201912
0.9996,0.9996,0.9996,0.9996,1822.03,1821.301188,5,1822.03,1821.301188,201912
0.9995,0.9995,0.9993,0.9995,7105.64,7101.97898,16,2682.78,2681.33321,201912
0.9996,0.9996,0.9992,0.9993,4336.53,4333.908193,12,1681.29,1680.432733,201912
0.9993,0.9995,0.9993,0.9995,395.06,394.821668,4,361.63,361.415069,201912
0.9993,0.9995,0.9993,0.9995,7022.21,7018.170102,14,4816.44,4813.944141,201912
0.9993,0.9995,0.9993,0.9993,3321.32,3319.200929,6,1375.68,1374.922877,201912
0.9992,0.9996,0.9992,0.9995,21896.72,21884.359323,37,16995.74,16987.081697,201912
0.9996,0.9996,0.9993,0.9994,5194.65,5192.087399,14,5162.49,5159.948511,201912
0.9994,0.9996,0.9994,0.9996,1536.48,1535.776907,5,1378.1,1377.491935,201912
0.9993,0.9996,0.9993,0.9993,4108.9,4106.530874,15,1678.89,1678.097064,201912
0.9993,0.9995,0.9992,0.9994,2755.07,2753.261602,11,1268.68,1267.948527,201912
0.9995,0.9995,0.9993,0.9993,2341.28,2339.984397,6,1888.38,1887.369327,201912
0.9994,0.9995,0.9992,0.9993,861.94,861.410935,5,848.94,848.421335,201912
0.9994,0.9994,0.9992,0.9992,1649.15,1647.962314,4,755.83,755.35697,201912
0.9991,0.9993,0.9991,0.9992,4313.17,4309.38125,6,266.72,266.533296,201912
0.9991,0.9994,0.999,0.999,14492.77,14479.403925,18,982.8,982.125741,201912
0.999,0.9994,0.999,0.999,5532.68,5528.712494,15,5323.56,5319.801614,201912
0.999,0.9992,0.999,0.9992,2038.56,2036.641416,10,599.88,599.400096,201912
0.9993,0.9993,0.999,0.999,5898.07,5893.527052,9,4629.43,4626.155692,201912
0.9993,0.9993,0.9992,0.9993,559.56,559.164212,9,518.6,518.23698,201912
0.9992,0.9993,0.999,0.999,5486.14,5481.606763,13,2884.35,2882.186134,201912
0.9992,0.9993,0.999,0.999,2186.35,2184.404411,10,1711.3,1709.829461,201912
0.9992,0.9992,0.999,0.999,1986.47,1984.783954,9,1804.24,1802.736184,201912
0.9993,0.9993,0.999,0.9992,3964.78,3961.54621,15,3129.9,3127.45565,201912
0.9993,0.9994,0.999,0.9994,11009.98,11002.518541,26,10320.02,10313.209501,201912
0.9994,0.9996,0.9993,0.9996,7169.89,7165.606069,21,3914.18,3912.154687,201912
0.9995,0.9996,0.9991,0.9993,13394.2,13383.71292,20,3410.17,3408.158532,201912
0.9991,0.9993,0.9991,0.9992,8695.67,8688.228667,12,3455.27,3452.545027,201912
0.9993,0.9993,0.9989,0.9989,2638.68,2636.356538,8,1547.28,1546.047316,201912
0.9989,0.9993,0.9989,0.9993,3676.25,3672.83889,7,1779.64,1778.221814,201912
0.9992,0.9993,0.9992,0.9993,2992.44,2990.144607,9,2992.44,2990.144607,201912
0.9993,0.9993,0.9988,0.9988,21074.46,21053.030938,40,2085.77,2084.279883,201912
0.9988,0.9992,0.9987,0.999,46103.73,46045.671951,45,6698.6,6691.707118,201912
0.9988,0.9993,0.9988,0.999,3591.11,3587.461135,34,2213.28,2211.184209,201912
0.999,0.9993,0.999,0.9991,7278.12,7272.90525,19,6657.51,6652.805206,201912
0.9991,0.9993,0.999,0.9993,9022.78,9016.18454,16,8339.39,8333.424676,201912
0.9993,0.9996,0.9993,0.9994,4941.65,4938.838019,20,4531.04,4528.515446,201912
0.9995,0.9996,0.9993,0.9993,4356.21,4354.029382,24,3488.81,3487.170837,201912
0.9996,0.9996,0.9993,0.9993,8101.23,8097.13454,30,5663.93,5661.417614,201912
0.9995,0.9996,0.9993,0.9993,9186.76,9180.901471,27,2544.9,2543.665058,201912
0.9993,0.9996,0.9993,0.9996,2433.67,2432.32939,12,2031.14,2030.081161,201912
0.9993,0.9996,0.9992,0.9993,10333.53,10325.794296,29,2132.08,2130.745107,201912
0.9992,0.9993,0.9991,0.9993,2622.39,2620.344314,23,1416.03,1414.998669,201912
0.9993,0.9993,0.9991,0.9991,3970.75,3967.433145,28,1739.38,1738.071378,201912
0.9993,0.9993,0.9991,0.9991,2758.98,2756.836369,24,1884.69,1883.33323,201912
0.9991,0.9993,0.9991,0.9991,1725.17,1723.731289,18,764.33,763.756045,201912
0.9991,0.9993,0.999,0.999,2641.35,2639.118177,18,1293.38,1292.369369,201912
0.999,0.9993,0.999,0.9993,9008.8,9001.961277,37,7794.32,7788.685057,201912
0.999,0.9993,0.999,0.999,3120.81,3118.156213,16,2316.22,2314.326356,201912
0.9991,0.9993,0.999,0.999,3827.98,3824.883436,13,2284.2,2282.521004,201912
0.999,0.9993,0.999,0.9991,2575.78,2573.746861,13,1997.94,1996.46818,201912
0.9992,0.9995,0.9991,0.9992,6883.75,6878.922289,22,2669.24,2667.72781,201912
0.9992,0.9995,0.9992,0.9992,1167.02,1166.272704,11,718.59,718.201448,201912
0.9992,0.9996,0.9992,0.9992,868.51,867.955076,10,449.61,449.390196,201912
0.9994,0.9995,0.9993,0.9993,1565.81,1564.995621,9,1522.33,1521.546057,201912
0.9993,0.9995,0.9993,0.9994,6093.05,6089.50158,39,1666.46,1665.592191,201912
0.9994,0.9996,0.9992,0.9996,12508.87,12502.677046,49,9787.67,9783.463303,201912
0.9996,0.9997,0.9993,0.9994,9930.25,9925.74203,42,6844.04,6841.370151,201912
0.9994,0.9994,0.9991,0.9991,8709.06,8703.502462,25,4449.66,4446.943981,201912
0.9991,0.9995,0.9991,0.9995,5310.24,5306.511495,26,2050.76,2049.544963,201912
0.9995,0.9996,0.9993,0.9994,3833.06,3830.927976,22,1218.68,1218.094889,201912
0.9994,0.9996,0.9993,0.9996,6463.58,6459.956225,20,948.46,948.080616,201912
0.9997,0.9997,0.9994,0.9996,7525.03,7521.942734,17,6059.29,6056.953748,201912
0.9994,0.9997,0.9994,0.9997,2640.18,2639.011514,17,1587.98,1587.34498,201912
0.9997,0.9998,0.9994,0.9998,8480.6,8478.05115,23,7556.15,7553.996028,201912
0.9998,0.9998,0.9996,0.9996,4218.21,4217.047249,22,1969.92,1969.524958,201912
0.9996,0.9999,0.9996,0.9996,4882.93,4881.431723,20,1683.43,1683.103279,201912
0.9998,0.9999,0.9996,0.9997,12040.06,12036.252168,24,2644.16,2643.710794,201912
0.9994,0.9998,0.9994,0.9995,4540.41,4538.661868,14,2086.35,2085.737674,201912
0.9997,0.9997,0.9995,0.9995,2395.27,2394.397991,10,1032.14,1031.830358,201912
0.9995,0.9998,0.9995,0.9998,7239.87,7238.088631,19,6293.67,6292.281303,201912
0.9996,0.9998,0.9994,0.9994,8603.17,8599.522469,24,2553.94,2553.241309,201912
0.9994,0.9995,0.9994,0.9994,1000.44,999.862338,6,0.0,0.0,201912
0.9995,0.9999,0.9995,0.9997,11198.14,11195.182325,28,7686.81,7685.244327,201912
0.9997,0.9999,0.9997,0.9998,2511.91,2511.518053,12,1339.73,1339.596027,201912
0.9999,0.9999,0.9996,0.9996,2443.38,2442.953265,12,1835.38,1835.196462,201912
0.9998,0.9998,0.9996,0.9998,2989.9,2989.038597,14,977.57,977.374486,201912
0.9998,0.9999,0.9996,0.9997,26611.02,26605.943982,22,22400.22,22396.756258,201912
0.9996,0.9998,0.9995,0.9997,9803.72,9799.54469,24,1281.15,1280.877933,201912
0.9996,0.9997,0.9993,0.9993,9855.68,9850.089866,12,3626.43,3624.832163,201912
0.9994,0.9994,0.9994,0.9994,3092.56,3090.704464,12,1529.42,1528.502348,201912
0.9994,0.9994,0.9992,0.9994,4439.0,4436.050637,12,1992.61,1991.414434,201912
0.9994,0.9994,0.9992,0.9994,5221.6,5218.339583,15,3980.16,3977.771904,201912
0.9993,0.9996,0.9993,0.9995,8429.47,8424.89365,15,7082.47,7078.752134,201912
0.9995,0.9997,0.9994,0.9996,2658.83,2657.470667,13,504.72,504.530425,201912
0.9995,0.9997,0.9994,0.9995,3787.32,3785.726552,13,1856.68,1856.060279,201912
0.9997,0.9997,0.9995,0.9995,4392.62,4391.059577,9,2318.74,2318.044378,201912
0.9996,0.9996,0.9995,0.9995,4352.21,4350.210352,13,1764.57,1763.864172,201912
0.9995,0.9995,0.9995,0.9995,2031.23,2030.214385,8,0.0,0.0,201912
0.9996,0.9999,0.9996,0.9999,4589.65,4588.736812,17,4495.35,4494.474532,201912
0.9999,0.9999,0.9997,0.9997,5849.38,5848.146021,21,2213.89,2213.668611,201912
0.9997,0.9999,0.9997,0.9999,1457.57,1457.270654,8,111.82,111.808818,201912
0.9999,0.9999,0.9997,0.9999,877.49,877.378304,14,672.08,672.012792,201912
0.9998,1.0,0.9998,0.9999,4162.85,4162.546921,12,3488.93,3488.73116,201912
0.9999,1.0,0.9998,0.9998,1691.37,1691.134955,7,23.34,23.34,201912
0.9999,1.0,0.9998,1.0,4900.11,4899.98226,14,4430.81,4430.764834,201912
1.0,1.0004,0.9999,1.0,88339.04,88351.86519,38,81303.39,81316.124629,201912
1.0002,1.0003,1.0,1.0,3349.77,3350.105926,8,1478.06,1478.393902,201912
1.0003,1.0003,0.9999,1.0,7189.39,7189.672104,17,1492.73,1493.056546,201912
1.0,1.0002,0.9995,0.9999,4534.26,4534.545885,14,1873.15,1873.389387,201912
0.9999,0.9999,0.9997,0.9998,19352.97,19350.391659,15,17184.15,17182.222305,201912
0.9998,1.0002,0.9998,1.0002,6876.7,6876.563006,27,3330.53,3330.800626,201912
1.0002,1.0005,1.0001,1.0001,21541.58,21548.555249,28,16223.09,16229.501301,201912
1.0,1.0001,0.9998,0.9998,10054.93,10054.371232,38,6875.99,6875.914471,201912
1.0001,1.0002,0.9998,1.0002,4441.64,4441.415407,22,2327.93,2328.120588,201912
1.0002,1.0004,0.9999,1.0,28330.01,28331.752892,46,9832.9,9834.63109,201912
1.0,1.0001,0.9997,0.9999,33774.53,33775.342461,37,22722.04,22723.755343,201912
1.0001,1.0001,0.9999,0.9999,10859.06,10859.090055,47,6084.62,6085.127499,201912
0.9999,1.0,0.9996,0.9996,30057.19,30048.884702,43,5117.53,5116.613996,201912
0.9997,1.0,0.9995,1.0,22071.85,22066.287188,40,9493.25,9492.223009,201912
0.9995,0.9998,0.9995,0.9996,8971.53,8967.738619,11,4980.71,4978.914029,201912
0.9994,0.9998,0.9994,0.9995,11344.5,11340.437705,14,6566.31,6564.470166,201912
0.9995,0.9998,0.9995,0.9998,7955.5,7952.135166,21,3965.35,3963.980241,201912
0.9996,0.9998,0.9992,0.9992,24521.8,24507.290215,28,8400.21,8396.171893,201912
0.9995,0.9997,0.999,0.9997,31287.99,31261.554581,32,5826.68,5823.260763,201912
0.9997,0.9997,0.9993,0.9997,5607.14,5604.552503,7,1978.59,1977.913366,201912
0.9996,0.9996,0.9993,0.9993,3715.23,3713.138793,7,1698.18,1697.500728,201912
0.9995,0.9995,0.9993,0.9995,2955.18,2953.349646,5,1355.83,1355.119191,201912
0.9996,1.0002,0.9994,0.9995,55134.77,55127.720181,18,51610.21,51605.042461,201912
1.0,1.0,0.9997,0.9999,925.84,925.798321,4,910.91,910.8728,201912
0.9997,1.0,0.9992,0.9999,30257.15,30245.155269,44,3619.33,3618.658973,201912
0.9993,0.9997,0.9993,0.9994,9199.5,9193.788869,22,1698.77,1698.133528,201912
0.9996,0.9999,0.9994,0.9994,9760.53,9756.828044,27,6067.86,6065.944024,201912
0.9997,0.9998,0.9997,0.9997,3546.54,3545.589498,12,3546.54,3545.589498,201912
0.9998,0.9999,0.9996,0.9996,6625.74,6624.178077,24,5730.5,5729.240908,201912
0.9996,0.9999,0.9996,0.9998,3690.11,3689.476302,12,3653.24,3652.62105,201912
0.9998,0.9999,0.9995,0.9995,12486.24,12481.44566,35,2927.0,2926.415921,201912
0.9995,0.9997,0.9994,0.9994,4242.2,4240.507983,28,1294.73,1294.341581,201912
0.9997,0.9997,0.9993,0.9994,3783.09,3781.470868,16,1775.27,1774.703309,201912
0.9996,0.9998,0.9994,0.9997,28642.35,28630.090475,30,20126.57,20118.25176,201912
0.9995,0.9996,0.9991,0.9996,68223.42,68167.728195,90,2690.84,2689.7207,201912
0.9994,0.9997,0.9992,0.9997,16586.91,16580.31206,31,12306.91,12302.761681,201912
0.9997,0.9997,0.9994,0.9996,8019.19,8016.629621,27,6566.85,6564.879945,201912
0.9996,1.0,0.9996,0.9997,8095.47,8093.438151,14,2555.55,2555.312185,201912
0.9999,0.9999,0.9996,0.9999,4524.47,4523.612512,16,2639.57,2639.306043,201912
0.9999,0.9999,0.9996,0.9999,3382.84,3381.887747,13,1085.92,1085.811408,201912
0.9996,0.9999,0.9996,0.9998,2012.43,2011.942254,8,108.36,108.344152,201912
0.9998,0.9998,0.9996,0.9998,2993.17,2992.277168,19,1097.75,1097.53045,201912
0.9996,0.9996,0.9993,0.9996,16993.79,16986.713743,27,15601.86,15595.582598,201912
0.9996,0.9999,0.9996,0.9997,4785.67,4784.69884,14,3743.54,3742.960341,201912
0.9997,0.9999,0.9997,0.9999,2145.49,2145.067677,16,805.96,805.879404,201912
1.0,1.0,0.9997,0.9997,9767.96,9766.347727,20,2401.01,2401.004941,201912
0.9997,0.9999,0.9997,0.9999,2195.82,2195.36301,11,587.36,587.278854,201912
0.9999,1.0,0.9997,0.9997,5570.34,5569.429829,15,2802.57,2802.439408,201912
0.9997,1.0,0.9997,1.0,2951.17,2950.414499,14,28.85,28.85,201912
0.9997,1.0,0.9991,0.9991,27002.51,26991.669175,30,2139.44,2139.32,201912
1.0,1.0,0.9997,0.9997,1510.09,1509.779979,13,448.13,448.13,201912
0.9998,0.9998,0.9992,0.9994,2900.86,2899.820281,13,1567.99,1567.51978,201912
0.9996,0.9996,0.9993,0.9994,2634.76,2633.531161,11,1842.35,1841.61306,201912
0.9995,0.9996,0.9994,0.9995,1546.09,1545.307594,7,1058.8,1058.274569,201912
0.9995,0.9995,0.9994,0.9994,2306.1,2304.863209,14,985.33,984.837335,201912
0.9994,0.9996,0.9994,0.9996,1050.77,1050.228074,8,186.71,186.635316,201912
0.9994,0.9996,0.9993,0.9994,5411.36,5408.6639,26,2819.11,2817.95088,201912
0.9996,0.9996,0.9993,0.9996,6542.08,6537.958205,15,1583.28,1582.581672,201912
0.9996,0.9996,0.9993,0.9996,1588.74,1588.007922,12,1142.76,1142.302896,201912
0.9996,0.9998,0.9993,0.9998,18551.46,18544.132967,17,17202.25,17195.528262,201912
0.9995,0.9998,0.9995,0.9995,1244.78,1244.17318,3,51.9,51.88962,201912
0.9997,0.9997,0.9995,0.9997,1129.51,1129.088507,7,522.42,522.263274,201912
0.9995,0.9996,0.9993,0.9993,6474.27,6470.820381,20,858.73,858.386508,201912
0.9995,0.9996,0.9993,0.9994,3261.13,3259.306128,9,1086.09,1085.585218,201912
0.9993,0.9997,0.9993,0.9993,2884.66,2883.336043,9,2244.55,2243.658034,201912
0.9996,0.9996,0.9993,0.9993,3404.85,3402.968649,6,1493.33,1492.732668,201912
0.9993,0.9995,0.9991,0.9991,2736.44,2734.609222,12,1077.34,1076.71647,201912
0.9994,0.9994,0.9991,0.9992,3654.14,3651.321514,12,1492.41,1491.484884,201912
0.9994,0.9994,0.9991,0.9992,328.86,328.611197,4,108.94,108.874636,201912
0.9991,0.9992,0.9991,0.9991,1759.78,1758.205316,11,0.0,0.0,201912
0.9994,0.9995,0.9991,0.9992,2926.59,2924.775046,12,2651.88,2650.290364,201912
0.9993,0.9997,0.9992,0.9996,12796.09,12789.063497,32,9033.66,9029.553446,201912
0.9996,0.9998,0.9996,0.9997,2415.56,2414.834318,7,844.0,843.8312,201912
0.9998,1.0,0.9998,0.9999,9060.27,9059.107959,25,3117.67,3117.055141,201912
1.0,1.0,0.9999,0.9999,470.67,470.659876,2,369.43,369.43,201912
1.0,1.0,0.9998,0.9998,524.58,524.528748,2,268.32,268.32,201912
0.9998,0.9999,0.9997,0.9997,4107.95,4107.359125,12,2054.14,2053.934586,201912
1.0,1.0,0.9998,1.0,4268.84,4268.694742,10,3879.82,3879.752546,201912
1.0,1.0,0.9999,1.0,1495.54,1495.48763,8,971.84,971.84,201912
0.9998,0.9999,0.9998,0.9998,2166.95,2166.68068,7,1282.43,1282.290127,201912
0.9998,1.0001,0.9998,0.9999,6123.95,6123.614045,13,2862.1,2862.09023,201912
1.0002,1.0002,0.9997,0.9997,7875.18,7873.957373,21,2768.15,2767.883121,201912
0.9999,1.0001,0.9998,1.0001,3461.97,3461.703966,14,2813.38,2813.226132,201912
1.0001,1.0004,1.0001,1.0004,1808.64,1808.924664,7,1808.64,1808.924664,201912
1.0001,1.0002,1.0001,1.0002,600.32,600.385562,5,55.3,55.31106,201912
1.0001,1.0002,1.0001,1.0001,2751.61,2752.013326,10,1386.62,1386.886827,201912
1.0001,1.0001,1.0001,1.0001,181.93,181.948193,1,181.93,181.948193,201912
1.0001,1.0001,1.0001,1.0001,0.0,0.0,0,0.0,0.0,201912
1.0001,1.0002,1.0001,1.0002,1932.9,1933.115393,8,1466.83,1466.998786,201912
1.0002,1.0002,0.9997,0.9998,11215.82,11213.104143,22,671.93,671.870192,201912
0.9999,1.0,0.9999,1.0,374.51,374.47557,4,374.51,374.47557,201912
0.9998,0.9999,0.9998,0.9999,1934.96,1934.681392,7,0.0,0.0,201912
0.9999,0.9999,0.9999,0.9999,111.88,111.868812,2,111.88,111.868812,201912
0.9999,0.9999,0.9998,0.9998,875.37,875.261902,5,669.76,669.693024,201912
0.9998,0.9998,0.9997,0.9998,1196.77,1196.475262,5,0.0,0.0,201912
0.9997,0.9999,0.9996,0.9996,3054.99,3054.291395,18,1044.44,1044.335556,201912
0.9996,0.9998,0.9996,0.9997,4879.04,4877.256809,4,768.99,768.836202,201912
0.9997,0.9997,0.9997,0.9997,0.01,0.009997,1,0.0,0.0,201912
0.9996,1.0003,0.9994,0.9999,32100.71,32096.719035,54,27251.05,27248.369179,201912
0.9999,1.0002,0.9999,1.0001,13373.8,13374.307361,21,1997.89,1998.258253,201912
1.0001,1.0001,1.0001,1.0001,0.0,0.0,0,0.0,0.0,201912
1.0001,1.0001,1.0001,1.0001,174.5,174.51745,1,0.0,0.0,201912
1.0001,1.0002,1.0001,1.0001,6464.86,6465.637186,16,4387.86,4388.298786,201912
1.0,1.0,0.9991,0.9991,40523.76,40494.126414,46,2400.0,2398.68,201912
0.9991,0.9997,0.9991,0.9994,23353.62,23339.887597,48,9480.96,9475.532181,201912
0.9994,0.9999,0.9994,0.9997,35481.72,35471.44501,37,22996.48,22991.653752,201912
1.0,1.0001,0.9993,0.9994,17731.55,17721.117468,32,743.34,743.414334,201912
0.9997,0.9997,0.9993,0.9993,4747.88,4746.029687,7,4702.56,4700.741411,201912
0.9999,0.9999,0.9993,0.9993,12819.4,12811.835959,25,3663.46,3662.163717,201912
0.9993,0.9994,0.9991,0.9994,13247.43,13237.874412,21,5845.14,5841.505064,201912
0.9993,0.9994,0.9991,0.9994,7146.02,7140.984096,16,4974.33,4971.080323,201912
0.9994,0.9996,0.9993,0.9995,7759.07,7754.77434,14,7759.07,7754.77434,201912
0.9995,0.9995,0.9992,0.9995,7097.65,7093.27112,12,4530.44,4528.114888,201912
0.9992,0.9995,0.9992,0.9994,4113.15,4110.742277,13,2529.51,2528.096565,201912
0.9994,0.9994,0.9994,0.9994,1080.5,1079.8517,1,0.0,0.0,201912
0.9995,0.9997,0.9995,0.9997,1975.15,1974.171119,4,1975.15,1974.171119,201912
0.9994,0.9996,0.9994,0.9996,1795.68,1794.79999,5,0.0,0.0,201912
0.9996,0.9997,0.9994,0.9994,3070.15,3068.727276,10,2621.91,2620.75622,201912
0.9994,0.9997,0.9994,0.9995,1578.78,1577.867143,7,45.37,45.356389,201912
0.9997,0.9997,0.9994,0.9994,1160.23,1159.616582,7,618.86,618.571404,201912
0.9994,0.9994,0.9994,0.9994,1115.87,1115.200478,5,0.0,0.0,201912
0.9994,0.9995,0.9993,0.9995,2152.32,2151.035224,8,93.25,93.203375,201912
0.9994,0.9994,0.9993,0.9994,6395.26,6391.139823,17,237.5,237.35077,201912
0.9992,0.9993,0.9991,0.9991,1152.25,1151.329456,4,562.08,561.651609,201912
0.9994,0.9994,0.9991,0.9994,3486.49,3483.593938,13,1035.84,1035.149523,201912
0.9991,0.9993,0.9991,0.9991,12637.9,12626.56458,15,193.45,193.314585,201912
0.9991,0.9991,0.9991,0.9991,750.53,749.854523,3,0.0,0.0,201912
0.9992,0.9992,0.9991,0.9991,1150.2,1149.23353,6,0.0,0.0,201912
0.9991,0.9992,0.9991,0.9992,2410.36,2408.398047,4,2073.71,2072.051032,201912
0.9991,0.9993,0.9991,0.9993,2693.74,2691.502238,8,933.02,932.366886,201912
0.9991,0.9992,0.9991,0.9992,1318.61,1317.484836,2,0.0,0.0,201912
0.9993,0.9993,0.9992,0.9992,1579.26,1578.009441,3,366.38,366.099745,201912
0.9991,0.9991,0.9991,0.9991,740.15,739.483865,7,0.0,0.0,201912
0.9993,0.9993,0.9993,0.9993,354.69,354.441717,10,354.69,354.441717,201912
0.9992,0.9992,0.9991,0.9991,860.26,859.556697,2,0.0,0.0,201912
0.9991,0.9994,0.9991,0.9991,8001.76,7995.17163,18,2074.34,2072.966308,201912
0.9994,0.9994,0.9991,0.9991,1521.62,1520.296922,6,154.6,154.50724,201912
0.9991,0.9993,0.9991,0.9993,8956.74,8950.32632,10,8936.84,8930.44423,201912
0.9993,0.9993,0.9992,0.9992,3115.1,3112.863572,3,3115.1,3112.863572,201912
0.9993,0.9993,0.9992,0.9992,2973.53,2971.271147,6,1199.71,1198.870203,201912
0.9993,0.9993,0.9993,0.9993,158.86,158.748798,4,158.86,158.748798,201912
0.9993,0.9993,0.9993,0.9993,830.37,829.788741,2,830.37,829.788741,201912
0.9993,0.9993,0.9992,0.9993,1651.77,1650.60988,7,1612.96,1611.830928,201912
0.9993,0.9994,0.9993,0.9994,3557.19,3554.94473,9,3557.19,3554.94473,201912
0.9994,0.9995,0.9993,0.9995,1122.34,1121.64351,4,651.82,651.452874,201912
0.9995,0.9995,0.9993,0.9994,1084.17,1083.499282,4,247.4,247.2763,201912
0.9995,0.9996,0.9994,0.9996,1095.23,1094.697324,6,1095.23,1094.697324,201912
0.9997,0.9997,0.9994,0.9994,855.82,855.556924,4,834.72,834.469584,201912
0.9994,0.9997,0.9994,0.9995,2957.98,2956.424071,11,50.95,50.934715,201912
0.9995,0.9998,0.9995,0.9998,1218.84,1218.380263,7,963.77,963.437798,201912
1.0001,1.0001,0.9997,0.9998,9470.27,9468.771592,9,4103.18,4103.254959,201912
0.9999,0.9999,0.9994,0.9994,1300.18,1299.67611,4,352.43,352.394757,201912
0.9997,0.9999,0.9997,0.9999,239.71,239.654159,4,80.36,80.351964,201912
0.9994,0.9997,0.9994,0.9994,4465.53,4463.060595,7,1021.63,1021.226935,201912
0.9994,0.9995,0.9994,0.9995,2604.82,2603.351369,7,942.61,942.138695,201912
0.9994,1.0001,0.9994,1.0001,2852.66,2851.371243,10,651.73,651.542789,201912
0.9995,0.9999,0.9995,0.9996,6164.38,6162.625607,21,4245.75,4244.94496,201912
0.9995,0.9995,0.9995,0.9995,1559.01,1558.230495,3,0.0,0.0,201912
0.9995,0.9998,0.9994,0.9998,5538.85,5536.142492,16,359.91,359.809756,201912
0.9994,0.9998,0.9994,0.9995,1575.67,1574.880355,15,662.92,662.66624,201912
0.9995,0.9998,0.9995,0.9995,1563.55,1563.107066,19,1129.47,1129.244106,201912
0.9995,0.9995,0.9994,0.9994,2887.2,2885.576324,7,0.0,0.0,201912
0.9995,0.9995,0.9995,0.9995,1576.88,1576.09156,1,0.0,0.0,201912
0.9995,0.9997,0.9995,0.9997,2258.28,2257.513261,5,2088.22,2087.538291,201912
0.9995,0.9997,0.9995,0.9997,2789.75,2788.505255,13,750.65,750.424805,201912
0.9997,0.9997,0.9995,0.9997,1827.65,1826.918343,7,1214.48,1214.054928,201912
0.9995,0.9996,0.9993,0.9996,2822.34,2820.722156,8,777.34,777.029064,201912
0.9996,0.9996,0.9994,0.9996,4975.35,4973.293278,9,4642.44,4640.583024,201912
0.9995,0.9996,0.9991,0.9992,9106.73,9100.470351,21,89.81,89.766274,201912
0.9992,0.9995,0.9992,0.9995,694.34,693.988699,2,0.0,0.0,201912
0.9995,0.9995,0.9994,0.9994,676.56,676.18438,6,0.0,0.0,201912
0.9994,0.9996,0.9992,0.9993,3318.65,3316.272497,21,716.38,715.989024,201912
0.9992,0.9993,0.9992,0.9992,857.53,856.885729,4,0.0,0.0,201912
0.9993,0.9993,0.9992,0.9992,964.02,963.252084,3,0.0,0.0,201912
0.9992,0.9996,0.9992,0.9995,1985.16,1983.875756,20,646.96,646.646033,201912
0.9993,0.9996,0.9993,0.9993,1562.27,1561.445093,10,732.28,731.987088,201912
0.9992,0.9993,0.9992,0.9992,4029.16,4026.092585,9,1559.13,1558.038609,201912
0.9993,0.9993,0.9992,0.9992,1103.38,1102.513823,5,165.27,165.154311,201912
0.9992,0.9992,0.9992,0.9992,0.0,0.0,0,0.0,0.0,201912
0.9992,0.9992,0.9992,0.9992,0.0,0.0,0,0.0,0.0,201912
0.9992,0.9992,0.9991,0.9992,401.98,401.657205,4,0.0,0.0,201912
0.9993,0.9993,0.9993,0.9993,281.92,281.722656,2,281.92,281.722656,201912
0.9993,0.9993,0.9992,0.9992,2264.71,2263.113719,9,2154.87,2153.361591,201912
0.9993,0.9993,0.9992,0.9992,4007.55,4004.701583,8,3576.23,3573.726639,201912
0.9992,0.9993,0.9991,0.9993,3174.73,3172.357846,6,2054.19,2052.752067,201912
0.9993,0.9993,0.999,0.9993,1429.34,1428.089794,13,455.13,454.811409,201912
0.9993,0.9993,0.999,0.9993,3767.4,3764.616003,19,3178.01,3175.785393,201912
0.999,0.9993,0.999,0.9992,958.32,957.470082,9,479.9,479.528502,201912
0.9993,0.9993,0.999,0.9992,1931.42,1929.720945,9,1077.06,1076.215305,201912
0.9992,0.9992,0.9991,0.9991,296.41,296.144732,2,0.0,0.0,201912
0.9991,0.9993,0.999,0.9992,29467.1,29443.45094,32,18878.98,18865.697839,201912
0.9992,0.9993,0.9992,0.9992,910.2,909.481168,9,93.28,93.214704,201912
0.9993,0.9993,0.9993,0.9993,48.04,48.006372,1,48.04,48.006372,201912
0.9993,0.9993,0.9993,0.9993,4097.45,4094.581785,7,4097.45,4094.581785,201912
0.9992,0.9993,0.9991,0.9993,5836.09,5831.650986,17,2940.41,2938.351713,201912
0.9993,0.9993,0.9991,0.9993,3069.01,3066.614492,10,1295.3,1294.39329,201912
0.9992,0.9994,0.9992,0.9994,11971.58,11963.130733,30,10325.78,10318.647373,201912
0.9992,0.9995,0.9992,0.9994,7709.26,7704.323812,16,4239.39,4237.193928,201912
0.9995,1.0002,0.9993,0.9997,34015.31,34003.371231,45,30144.46,30134.732122,201912
0.9995,1.0001,0.9995,0.9997,13317.88,13316.941559,18,10284.41,10284.695682,201912
1.0,1.0001,0.9997,0.9997,5383.94,5382.875966,15,2826.59,2826.254173,201912
1.0,1.0,0.9996,0.9997,10711.65,10709.267026,18,3203.28,3203.28,201912
0.9997,1.0,0.9996,1.0,3496.73,3495.352671,7,11.95,11.95,201912
0.9998,1.0001,0.9994,0.9998,9721.29,9718.266954,25,5191.62,5190.762972,201912
0.9995,1.0007,0.9994,1.0002,94883.55,94894.439713,82,58802.48,58826.630424,201912
0.9994,1.0002,0.9994,0.9997,3665.57,3664.125623,13,708.55,708.60859,201912
0.9998,0.9999,0.9996,0.9998,3544.88,3543.955896,23,1827.52,1827.170141,201912
0.9998,1.0002,0.9998,1.0,24786.55,24782.685178,42,21907.84,21904.538666,201912
1.0,1.0,0.9998,0.9998,5938.51,5938.409872,14,0.0,0.0,201912
0.9999,1.0,0.9999,0.9999,2361.59,2361.356884,3,2361.59,2361.356884,201912
1.0,1.0,0.9999,1.0,3771.13,3771.069709,13,3771.13,3771.069709,201912
0.9999,1.0002,0.9998,1.0,4744.64,4744.411825,11,4065.3,4065.173622,201912
1.0001,1.0008,1.0,1.0004,50777.34,50806.884401,39,49080.91,49110.454401,201912
1.0,1.0,0.9998,0.9998,13997.44,13996.877926,10,0.0,0.0,201912
0.9998,0.9998,0.9997,0.9998,2061.29,2060.754101,4,0.0,0.0,201912
0.9998,1.0001,0.9996,0.9998,6833.04,6831.642197,11,714.16,714.161956,201912
0.9997,1.0001,0.9997,0.9997,2332.72,2332.024972,4,11.97,11.971197,201912
0.9997,0.9999,0.9997,0.9999,1049.62,1049.51279,2,1038.38,1038.276162,201912
0.9997,0.9997,0.9997,0.9997,1234.31,1233.939707,4,0.0,0.0,201912
0.9998,0.9999,0.9998,0.9998,1713.11,1712.804714,7,373.36,373.322664,201912
0.9999,1.0004,0.9999,1.0003,26703.74,26704.161862,21,25289.72,25290.163264,201912
1.0,1.0,0.9999,0.9999,3120.41,3120.40455,8,0.0,0.0,201912
0.9999,1.0001,0.9999,1.0,705.91,705.965415,3,569.32,569.376932,201912
1.0001,1.0005,1.0001,1.0001,6665.24,6666.038191,7,1667.75,1668.048442,201912
1.0002,1.0002,1.0,1.0,1410.48,1410.756497,3,0.0,0.0,201912
1.0002,1.0007,1.0002,1.0007,3580.0,3581.354245,9,3580.0,3581.354245,201912
1.0003,1.0003,1.0,1.0001,12172.52,12174.907683,17,646.28,646.473884,201912
1.0001,1.0001,0.9998,0.9998,1995.83,1995.630426,9,0.0,0.0,201912
0.9998,0.9998,0.9998,0.9998,0.0,0.0,0,0.0,0.0,201912
0.9998,0.9998,0.9997,0.9997,3576.42,3575.347081,3,0.0,0.0,201912
0.9999,1.0,0.9998,1.0,2673.69,2673.476646,10,1193.25,1193.247048,201912
1.0,1.0,1.0,1.0,3833.78,3833.78,3,3833.78,3833.78,201912
0.9999,1.0,0.9999,0.9999,231.9,231.884408,3,75.98,75.98,201912
0.9999,0.9999,0.9999,0.9999,1258.54,1258.414146,5,0.0,0.0,201912
0.9999,1.0001,0.9999,1.0001,5677.78,5677.309248,11,3916.95,3916.616802,201912
1.0001,1.0006,1.0,1.0006,8824.73,8827.128499,14,2927.72,2929.476632,201912
1.0006,1.0006,1.0001,1.0001,5293.06,5293.74353,7,301.55,301.73093,201912
0.9999,1.0006,0.9999,1.0001,10839.54,10843.719221,18,6132.32,6135.84819,201912
1.0001,1.0004,1.0001,1.0001,2907.59,2908.110486,7,1097.28,1097.619455,201912
1.0004,1.0006,1.0004,1.0005,8497.23,8501.636148,9,6642.31,6645.97418,201912
1.0002,1.0005,1.0002,1.0005,12155.25,12161.177219,8,12155.25,12161.177219,201912
1.0005,1.0005,1.0005,1.0005,0.0,0.0,0,0.0,0.0,201912
1.0004,1.0007,0.9999,1.0,41187.45,41206.2196,60,26465.78,26483.122048,201912
1.0001,1.0005,1.0001,1.0002,16587.44,16591.66222,35,10710.49,10713.539227,201912
1.0002,1.0002,1.0002,1.0002,425.13,425.215026,2,425.13,425.215026,201912
1.0002,1.0002,0.9997,0.9998,2142.09,2141.911642,13,628.83,628.955766,201912
0.9998,1.0002,0.9998,0.9998,5927.57,5927.970132,25,5154.79,5155.344688,201912
0.9998,1.0001,0.9998,1.0001,6080.7,6081.065222,8,4897.21,4897.699721,201912
1.0,1.0,0.9998,0.9998,1223.75,1223.61337,8,956.2,956.10438,201912
1.0,1.0001,0.9998,1.0001,3112.54,3112.117081,9,248.63,248.654863,201912
1.0,1.0,1.0,1.0,2824.39,2824.39,2,2824.39,2824.39,201912
0.9998,1.0002,0.9998,1.0002,3546.87,3547.068116,14,2751.84,2752.197122,201912
1.0002,1.0002,0.9999,1.0002,5283.05,5283.813746,16,3023.59,3024.149593,201912
1.0,1.0,0.9998,0.9998,4055.52,4054.874085,11,250.22,250.22,201912
0.9999,1.0001,0.9999,1.0,9953.72,9953.477991,29,2121.95,2122.162195,201912
1.0,1.0001,1.0,1.0,1483.45,1483.512556,7,625.56,625.622556,201912
1.0,1.0001,1.0,1.0,3059.98,3060.034867,8,548.67,548.724867,201912
1.0,1.0,0.9997,0.9999,2538.85,2538.651643,8,580.95,580.891905,201912
1.0,1.0,0.9998,0.9998,2096.16,2095.858332,11,855.47,855.41647,201912
0.9998,0.9999,0.9998,0.9999,536.27,536.214901,3,521.55,521.497845,201912
0.9998,0.9999,0.9998,0.9998,3754.04,3753.295749,13,65.57,65.563443,201912
0.9998,0.9998,0.9995,0.9997,8924.92,8921.426253,17,1342.95,1342.591792,201912
0.9998,0.9999,0.9998,0.9998,1037.47,1037.291656,4,1037.47,1037.291656,201912
0.9997,0.9999,0.9994,0.9998,15532.1,15526.268223,24,4076.3,4075.495074,201912
0.9998,0.9998,0.9994,0.9998,6997.06,6995.566124,18,6839.91,6838.506072,201912
0.9998,1.0,0.9997,0.9999,2586.37,2585.928615,6,2564.6,2564.165146,201912
0.9999,1.0,0.9998,0.9999,2716.6,2716.511915,10,2545.41,2545.356153,201912
0.9997,0.9999,0.9997,0.9999,1662.24,1661.876179,8,542.68,542.572678,201912
0.9998,0.9998,0.9998,0.9998,251.33,251.279734,3,0.0,0.0,201912
0.9999,1.0,0.9999,1.0,397.88,397.879207,2,397.88,397.879207,201912
0.9999,1.0001,0.9997,0.9997,2075.3,2074.94526,9,324.18,324.180939,201912
0.9997,1.0,0.9997,1.0,749.69,749.588704,5,735.06,734.963093,201912
1.0,1.0,0.9998,1.0,2426.44,2426.299568,15,2341.09,2340.966638,201912
1.0,1.0,0.9999,1.0,750.98,750.939881,3,750.98,750.939881,201912
0.9999,0.9999,0.9999,0.9999,309.77,309.739023,4,309.77,309.739023,201912
0.9998,1.0,0.9997,0.9997,4438.21,4437.462619,16,2272.78,2272.56635,201912
0.9997,0.9999,0.9997,0.9997,2280.6,2279.982965,8,430.72,430.657929,201912
0.9997,0.9997,0.9996,0.9996,3274.62,3273.607614,9,0.0,0.0,201912
0.9998,0.9999,0.9996,0.9999,12912.37,12910.588999,36,11309.3,11308.016213,201912
0.9999,1.0,0.9998,1.0,8542.52,8542.249977,9,8106.67,8106.443562,201912
1.0001,1.0002,1.0,1.0,8410.54,8411.799474,7,7840.42,7841.623808,201912
1.0001,1.0007,1.0,1.0004,8950.78,8953.503287,24,8423.04,8425.759159,201912
1.0004,1.0007,1.0001,1.0003,17354.06,17365.192062,46,15031.72,15042.021526,201912
1.0003,1.0007,1.0001,1.0001,8713.63,8717.219051,20,3907.98,3910.27926,201912
1.0001,1.0004,1.0001,1.0002,12275.91,12277.569137,18,3871.62,3872.438708,201912
1.0002,1.0002,1.0001,1.0001,2080.87,2081.203056,10,1249.69,1249.939938,201912
1.0002,1.0002,1.0002,1.0002,52.31,52.320462,1,52.31,52.320462,201912
1.0002,1.0007,1.0,1.0001,63008.03,63044.11866,75,19667.87,19679.500405,201912
1.0001,1.0005,1.0,1.0001,15856.27,15860.682246,26,7170.45,7173.817404,201912
1.0004,1.0005,1.0001,1.0001,6365.08,6366.67001,13,3056.26,3057.224966,201912
1.0001,1.0004,1.0001,1.0001,3238.01,3238.677341,14,1914.74,1915.275014,201912
1.0001,1.0004,1.0,1.0001,11634.65,11635.061321,14,340.01,340.146004,201912
1.0,1.0003,0.9999,1.0,4884.32,4884.31458,6,4494.32,4494.353579,201912
1.0,1.0,0.9996,0.9996,1473.62,1473.197512,15,408.59,408.497517,201912
0.9995,0.9995,0.9995,0.9995,389.99,389.795005,2,0.0,0.0,201912
0.9995,0.9995,0.9995,0.9995,0.0,0.0,0,0.0,0.0,201912
0.9995,0.9995,0.9995,0.9995,1285.47,1284.827265,6,1285.46,1284.81727,201912
0.9995,0.9995,0.9993,0.9993,2406.3,2404.916738,10,1966.3,1965.185738,201912
0.9993,0.9995,0.9993,0.9994,1147.49,1146.832783,4,912.92,912.418668,201912
0.9995,1.0,0.9993,0.9995,4439.92,4437.381092,16,2260.25,2259.119861,201912
0.9997,1.0,0.9993,0.9999,22057.72,22048.63293,30,21265.72,21257.14713,201912
1.0,1.0,0.9996,0.9996,11117.27,11116.575201,27,9860.61,9860.362869,201912
0.9996,1.0,0.9996,0.9997,7779.55,7777.381237,17,4559.13,4558.148759,201912
0.9998,1.0,0.9998,1.0,10013.51,10013.029562,14,9579.14,9578.702999,201912
0.9999,0.9999,0.9992,0.9993,19289.22,19281.178869,29,1645.35,1645.060722,201912
0.9998,0.9998,0.9996,0.9996,2196.05,2195.319123,3,2196.05,2195.319123,201912
0.9995,0.9996,0.9993,0.9996,6627.76,6624.445236,20,977.56,977.122278,201912
0.9995,0.9996,0.9993,0.9996,9132.94,9128.212254,13,5504.94,5502.62506,201912
0.9996,0.9997,0.9993,0.9994,15766.29,15758.524953,15,10995.29,10990.688115,201912
0.9994,0.9997,0.9994,0.9996,5757.12,5754.977858,14,5572.92,5570.888378,201912
0.9997,0.9999,0.9994,0.9998,16743.87,16736.881396,28,10202.93,10199.842403,201912
0.9995,1.0001,0.9995,1.0,13132.41,13130.917348,31,10473.58,10472.615631,201912
1.0001,1.0001,0.9999,1.0,7816.42,7816.745522,13,6363.68,6364.150796,201912
1.0001,1.0001,0.9999,0.9999,1533.26,1533.256679,4,926.37,926.427368,201912
1.0,1.0001,0.9994,0.9997,7957.42,7955.281082,17,3206.14,3205.897721,201912
0.9997,0.9998,0.9996,0.9996,3073.33,3072.337951,7,607.68,607.558464,201912
0.9998,0.9998,0.9996,0.9997,2889.72,2888.871786,8,1690.16,1689.736817,201912
0.9995,0.9999,0.9995,0.9998,1308.25,1307.933644,7,1281.5,1281.197019,201912
0.9997,0.9997,0.9996,0.9997,2740.32,2739.303426,5,2258.85,2257.977867,201912
0.9998,0.9999,0.9998,0.9999,5298.94,5298.381078,7,5298.94,5298.381078,201912
0.9998,0.9999,0.9997,0.9998,5525.09,5524.30571,17,4752.13,4751.577598,201912
0.9999,1.0001,0.9999,1.0001,803.13,803.103784,4,630.87,630.86101,201912
0.9999,1.0,0.9999,1.0,699.64,699.607504,3,374.68,374.68,201912
1.0001,1.0003,1.0001,1.0003,720.73,720.848073,5,720.73,720.848073,201912
1.0002,1.0002,0.9997,0.9998,1293.92,1293.760544,7,1165.5,1165.37607,201912
0.9997,1.0001,0.9997,1.0,2779.61,2778.938645,11,461.52,461.505072,201912
1.0,1.0,0.9997,0.9999,822.2,822.082517,6,781.63,781.516627,201912
0.9999,1.0,0.9998,1.0,751.93,751.837048,3,751.93,751.837048,201912
0.9997,1.0,0.9997,1.0,10333.12,10332.085495,10,7416.85,7416.672791,201912
0.9998,0.9999,0.9997,0.9998,3093.37,3092.747194,9,1823.64,1823.359736,201912
0.9999,0.9999,0.9997,0.9999,1779.91,1779.484413,6,541.93,541.875807,201912
0.9997,1.0001,0.9997,1.0001,3223.61,3223.125532,12,1994.2,1994.084355,201912
0.9998,1.0002,0.9997,1.0002,20907.27,20907.566615,23,9857.42,9857.49979,201912
1.0002,1.0003,1.0,1.0,4815.75,4816.674314,47,388.54,388.656562,201912
1.0,1.0002,1.0,1.0001,6000.36,6000.690044,16,1278.45,1278.643576,201912
1.0,1.0001,0.9999,0.9999,3311.94,3311.889396,11,1243.87,1243.855971,201912
1.0,1.0,0.9991,0.9999,14247.78,14242.401112,24,905.51,905.400562,201912
0.9999,0.9999,0.9996,0.9996,3606.47,3605.949565,14,3160.82,3160.477825,201912
0.9996,1.0001,0.9995,0.9995,12780.29,12778.692933,23,8897.46,8897.429576,201912
0.9999,0.9999,0.9996,0.9999,1126.15,1126.031751,4,1107.37,1107.259263,201912
0.9999,0.9999,0.9996,0.9996,3762.86,3761.714068,13,2518.64,2517.956885,201912
0.9996,0.9999,0.9996,0.9998,2396.32,2395.720172,10,1248.46,1248.21554,201912
0.9998,1.0,0.9997,0.9998,2639.7,2639.064001,10,2639.7,2639.064001,201912
0.9996,0.9999,0.9996,0.9999,2748.46,2747.438629,10,579.31,579.156289,201912
0.9997,0.9999,0.9996,0.9996,4028.96,4027.805531,14,1894.24,1893.913019,201912
0.9997,1.0,0.9995,0.9998,9776.26,9774.417767,21,4761.95,4761.614922,201912
0.9999,0.9999,0.9995,0.9999,2568.85,2568.550431,16,2462.14,2461.893786,201912
0.9999,0.9999,0.9995,0.9995,4332.95,4331.380017,12,2134.21,2133.739387,201912
0.9998,0.9998,0.9995,0.9996,9089.97,9086.088267,16,444.01,443.921198,201912
0.9996,0.9997,0.9992,0.9996,1916.06,1915.089273,19,1117.82,1117.38817,201912
0.9996,0.9996,0.9993,0.9994,1001.82,1001.269856,14,835.62,835.175522,201912
0.9994,0.9995,0.9993,0.9993,2212.65,2211.399188,7,862.16,861.72892,201912
0.9993,0.9996,0.9993,0.9996,4766.34,4764.279212,16,4628.31,4626.345833,201912
0.9996,0.9997,0.9993,0.9997,3576.98,3575.73961,13,3533.58,3532.36999,201912
0.9997,0.9997,0.9993,0.9997,3882.0,3879.619415,11,889.19,888.904382,201912
0.9996,0.9997,0.9993,0.9993,1389.05,1388.342506,9,716.6,716.315811,201912
0.9996,0.9997,0.9993,0.9996,1865.02,1863.873994,6,498.46,498.270586,201912
0.9993,0.9996,0.9992,0.9996,2370.89,2369.287196,9,267.74,267.612914,201912
0.9993,0.9997,0.9993,0.9997,637.48,637.236702,7,577.97,577.768359,201912
0.9997,0.9997,0.9993,0.9995,1275.25,1274.558021,9,949.77,949.305857,201912
0.9993,0.9997,0.9993,0.9996,2117.44,2116.413237,7,1197.33,1196.947314,201912
0.9993,0.9995,0.9991,0.9994,8043.03,8038.270994,7,5264.22,5261.556781,201912
0.9994,0.9995,0.9992,0.9995,1568.54,1567.57536,9,1113.98,1113.336456,201912
0.9992,0.9994,0.9992,0.9993,1068.63,1067.856436,3,712.71,712.221172,201912
0.9993,0.9994,0.9993,0.9994,1293.87,1293.075089,2,1293.87,1293.075089,201912
0.9995,0.9996,0.9992,0.9992,5362.02,5359.586496,13,4826.72,4824.64112,201912
0.9994,0.9995,0.9993,0.9994,1617.73,1616.694353,5,1617.73,1616.694353,201912
0.9996,0.9996,0.9992,0.9992,3198.02,3195.573224,4,279.1,278.98836,201912
0.9995,0.9995,0.9992,0.9995,853.74,853.197987,4,821.75,821.233579,201912
0.9996,0.9996,0.9993,0.9993,5883.97,5881.25881,10,5583.97,5581.46881,201912
0.9995,0.9995,0.9993,0.9993,537.58,537.262628,3,483.46,483.180512,201912
0.9996,0.9996,0.9993,0.9995,1280.12,1279.498638,8,967.0,966.597822,201912
0.9993,0.9996,0.9993,0.9993,5579.41,5576.864801,10,4514.07,4512.202771,201912
0.9996,0.9997,0.9994,0.9997,11094.52,11090.096117,17,10138.79,10134.900555,201912
0.9996,0.9997,0.9994,0.9997,5137.12,5134.237611,12,701.36,701.139067,201912
0.9995,0.9997,0.999,0.9991,16669.67,16655.937768,14,2095.54,2094.791738,201912
0.9991,0.9994,0.9991,0.9991,19390.32,19375.22187,27,9030.57,9024.795645,201912
0.9993,0.9994,0.9991,0.9994,2080.4,2078.671981,8,711.12,710.624333,201912
0.9994,0.9994,0.9991,0.9993,3042.61,3040.339287,9,2930.04,2927.8706,201912
0.9991,0.9993,0.9991,0.9993,506.09,505.63894,6,31.04,31.016485,201912
0.9992,0.9993,0.9991,0.9991,1973.68,1972.011544,6,664.6,664.109716,201912
0.9991,0.9993,0.9991,0.9993,1547.48,1546.349948,6,1154.85,1154.041605,201912
0.9991,0.9993,0.999,0.9993,5270.21,5265.68286,8,2350.35,2348.661644,201912
0.9992,0.9992,0.9991,0.9992,1961.81,1960.210915,8,1665.44,1664.107648,201912
0.9992,0.9992,0.9992,0.9992,6122.41,6117.512072,16,6122.41,6117.512072,201912
0.9992,0.9993,0.9991,0.9993,24955.85,24937.120285,24,24936.34,24917.627844,201912
0.9993,0.9993,0.999,0.9993,8139.26,8132.334112,13,3136.38,3133.945568,201912
0.9993,0.9993,0.9991,0.9992,1412.25,1411.133633,8,1412.25,1411.133633,201912
0.9991,0.9993,0.9991,0.9993,1329.63,1328.593377,6,1122.36,1121.50992,201912
0.9993,0.9993,0.999,0.9992,1848.99,1847.326082,10,211.39,211.222276,201912
0.999,0.999,0.999,0.999,160.51,160.34949,1,0.0,0.0,201912
0.9992,0.9992,0.999,0.999,3918.52,3914.70598,16,522.5,522.082,201912
0.9992,0.9992,0.999,0.9991,1402.15,1400.895739,6,738.83,738.190792,201912
0.999,0.999,0.999,0.999,878.43,877.55157,3,0.0,0.0,201912
0.9991,0.9991,0.9991,0.9991,390.0,389.649,1,390.0,389.649,201912
0.9991,0.9992,0.9991,0.9992,1035.85,1034.956734,5,389.99,389.678008,201912
0.9992,0.9994,0.9991,0.9994,5057.07,5053.532046,16,4539.45,4536.327461,201912
0.9994,0.9996,0.9992,0.9992,4263.83,4261.44915,16,3590.84,3588.997542,201912
0.9993,0.9994,0.9992,0.9992,1721.93,1720.692961,3,817.36,816.846617,201912
0.9992,0.9996,0.9992,0.9995,5263.56,5259.689387,8,789.38,788.948591,201912
0.9994,0.9996,0.999,0.999,23658.92,23640.883578,28,483.7,483.461096,201912
0.9994,0.9994,0.999,0.9992,8154.91,8148.053963,12,3144.25,3142.092611,201912
0.999,0.9991,0.999,0.999,15771.81,15756.129544,20,913.54,912.717814,201912
0.999,0.9994,0.999,0.999,18153.08,18135.141276,22,710.93,710.433426,201912
0.9993,0.9993,0.999,0.9991,4203.64,4200.058864,12,1948.98,1947.534062,201912
0.9992,0.9993,0.9992,0.9993,7175.31,7169.689981,12,1850.55,1849.189789,201912
0.9993,0.9995,0.9993,0.9995,19519.04,19508.042201,27,11921.98,11915.584196,201912
0.9996,0.9996,0.9991,0.9992,8104.54,8099.417804,9,5372.59,5369.249562,201912
0.9992,0.9993,0.9991,0.9992,7411.4,7405.388407,14,4752.66,4748.899365,201912
0.9991,0.9994,0.999,0.9994,7319.71,7313.557388,15,4800.61,4796.976488,201912
0.999,0.9994,0.999,0.999,406.24,405.846356,4,31.49,31.471106,201912
0.9993,0.9994,0.999,0.999,2120.81,2119.129622,6,1334.44,1333.506992,201912
0.9994,0.9994,0.9993,0.9994,1034.79,1034.075317,4,1034.79,1034.075317,201912
0.9994,0.9994,0.9992,0.9993,976.69,975.990683,4,589.31,588.916529,201912
0.9992,0.9994,0.9992,0.9994,350.01,349.770006,2,200.07,199.949958,201912
0.9992,0.9994,0.9992,0.9992,7959.78,7953.427633,8,132.79,132.699225,201912
0.9992,0.9992,0.9992,0.9992,0.0,0.0,0,0.0,0.0,201912
0.9994,0.9994,0.9992,0.9994,2368.64,2367.16659,7,2265.56,2264.169054,201912
0.9991,0.9992,0.999,0.999,1653.62,1652.203479,8,0.0,0.0,201912
0.9991,0.9993,0.9991,0.9991,4524.12,4520.380152,19,1817.4,1816.0962,201912
0.9991,0.9994,0.9991,0.9991,13276.84,13265.648368,21,2597.48,2595.899792,201912
0.9994,0.9994,0.9991,0.9991,4737.81,4734.059135,22,2509.64,2507.894488,201912
0.9991,0.9994,0.9991,0.9991,5261.19,5257.352733,20,2933.26,2931.427342,201912
0.9991,0.9994,0.9991,0.9991,3652.98,3650.196547,13,1734.33,1733.273332,201912
0.9991,0.9994,0.9991,0.9993,2329.72,2327.689675,10,289.51,289.315864,201912
0.9992,0.9994,0.9991,0.9991,9496.25,9488.214681,23,1562.22,1561.282668,201912
0.9991,0.9994,0.9991,0.9991,17064.77,17049.8145,32,2001.87,2000.356835,201912
0.9991,0.9992,0.9991,0.9991,8328.14,8320.726494,19,818.2,817.54544,201912
0.9992,0.9993,0.9991,0.9991,30187.68,30160.761207,29,1574.75,1573.582844,201912
0.9993,0.9993,0.999,0.999,10184.37,10175.04232,13,3537.96,3535.215595,201912
0.9991,0.9993,0.999,0.999,20110.4,20091.830191,20,2946.41,2944.003581,201912
0.9993,0.9994,0.999,0.9994,7401.96,7395.552929,11,2786.98,2785.147918,201912
0.9992,0.9994,0.9991,0.9991,6150.84,6146.264081,22,5185.25,5181.495716,201912
0.9992,0.9994,0.9992,0.9993,4544.47,4541.021456,16,1150.72,1149.986456,201912
0.9992,0.9994,0.9991,0.9992,23051.62,23035.413457,28,14515.67,14506.94079,201912
0.9992,0.9996,0.9992,0.9996,6279.0,6275.006034,19,2686.0,2684.841434,201912
0.9992,0.9996,0.9992,0.9992,4567.18,4564.35641,13,2820.15,2818.724034,201912
0.9994,0.9994,0.9991,0.9992,38148.41,38114.64816,22,4348.77,4345.427836,201912
0.9992,0.9993,0.9991,0.9992,4622.94,4619.263578,7,1742.03,1740.710163,201912
0.9992,0.9994,0.999,0.9992,29647.69,29618.376376,31,406.53,406.243986,201912
0.9992,0.9992,0.9989,0.9989,821.54,820.783234,3,359.76,359.472192,201912
0.9989,0.9992,0.9989,0.9992,30581.08,30549.42671,27,1886.29,1884.671877,201912
0.9992,0.9992,0.999,0.999,5413.94,5408.811451,12,1878.27,1876.677121,201912
0.999,0.9994,0.999,0.9992,9634.95,9627.873055,10,6410.1,6405.852901,201912
0.9993,0.9993,0.9993,0.9993,839.61,839.022273,2,839.61,839.022273,201912
0.9993,0.9994,0.9991,0.9991,4910.52,4906.942002,4,3891.48,3888.819138,201912
0.9993,0.9993,0.9989,0.9989,6181.14,6175.616448,9,974.53,973.847829,201912
0.9991,0.9991,0.9991,0.9991,933.38,932.539958,3,933.38,932.539958,201912
0.999,0.9992,0.999,0.999,2481.66,2479.267168,11,842.37,841.616458,201912
0.999,0.9992,0.999,0.999,7237.74,7230.710065,11,1431.2,1429.976605,201912
0.999,0.9992,0.999,0.9992,1215.69,1214.701171,5,1201.11,1200.135751,201912
0.999,0.9992,0.999,0.999,9388.58,9379.946087,8,3938.3,3935.114933,201912
0.999,0.9992,0.999,0.999,14252.13,14238.188471,23,2185.01,2183.135591,201912
0.9992,0.9992,0.9991,0.9992,10042.14,10033.592134,11,4900.6,4896.67952,201912
0.9992,0.9994,0.9992,0.9992,3959.8,3956.795682,7,3003.07,3000.831066,201912
0.9994,0.9994,0.9992,0.9993,8488.18,8482.08345,14,4774.26,4770.981371,201912
0.9993,0.9995,0.9992,0.9994,9496.29,9490.557576,12,7611.26,7606.719366,201912
0.9992,0.9994,0.999,0.9992,14117.29,14105.142278,20,2732.69,2730.656096,201912
0.9994,0.9994,0.9991,0.9992,16006.59,15996.188812,15,15219.91,15210.216824,201912
0.9993,0.9994,0.9991,0.9991,3061.05,3058.853268,6,2711.37,2709.48798,201912
0.9991,0.9994,0.9991,0.9994,12115.5,12107.834307,22,10288.53,10282.356882,201912
0.9994,0.9994,0.9994,0.9994,0.0,0.0,0,0.0,0.0,201912
0.9994,0.9995,0.9993,0.9995,1128.7,1128.035691,3,157.67,157.591165,201912
0.9994,0.9995,0.9994,0.9995,2575.46,2574.030518,4,1157.94,1157.36103,201912
0.9996,0.9996,0.9993,0.9993,5954.95,5951.53182,12,1555.69,1554.948864,201912
0.9996,0.9996,0.9994,0.9996,2122.11,2121.255648,6,2094.57,2093.732172,201912
0.9994,0.9996,0.9994,0.9995,3069.31,3067.969011,5,3017.1,3015.790337,201912
0.9996,0.9996,0.9994,0.9994,3873.44,3871.253494,5,687.79,687.514884,201912
0.9994,0.9994,0.9994,0.9994,191.86,191.744884,3,0.0,0.0,201912
0.9996,0.9996,0.9991,0.9992,12393.03,12383.334282,16,367.92,367.772832,201912
0.9992,0.9996,0.999,0.9994,9802.67,9794.543822,11,60.06,60.035976,201912
0.999,0.9993,0.999,0.9993,3876.58,3873.577626,11,3340.74,3338.273466,201912
0.9993,0.9993,0.9991,0.9991,4037.43,4034.279129,21,2414.08,2412.390144,201912
0.9991,0.9993,0.9991,0.9993,4047.14,4043.728858,8,1156.42,1155.610506,201912
0.9991,0.9993,0.9991,0.9992,6301.62,6296.032793,18,57.02,56.980086,201912
0.9993,0.9994,0.999,0.9993,15396.4,15384.718476,20,11870.27,11862.011595,201912
0.9994,0.9995,0.9991,0.9992,14679.15,14668.781975,20,8414.66,8409.830459,201912
0.9992,0.9995,0.9992,0.9992,4809.96,4806.411847,11,1116.05,1115.456975,201912
0.9995,0.9995,0.999,0.999,20980.65,20961.473914,26,362.42,362.23879,201912
0.999,0.9993,0.999,0.9991,93150.67,93057.736624,76,1165.38,1164.431914,201912
0.999,0.9993,0.999,0.9993,1617.12,1615.607456,5,96.27,96.202611,201912
0.9991,0.9993,0.999,0.999,2981.02,2978.381183,9,2313.8,2311.828403,201912
0.9992,0.9993,0.999,0.9993,23466.89,23443.86125,33,2141.79,2140.08635,201912
0.9993,0.9993,0.9992,0.9993,5906.4,5902.244358,6,5694.78,5690.793654,201912
0.9992,0.9993,0.9991,0.9991,13318.55,13308.405042,25,6337.55,6333.035608,201912
0.9991,0.9992,0.9991,0.9991,1097.05,1096.106419,6,437.64,437.289888,201912
0.9992,0.9992,0.999,0.999,4823.14,4818.566427,10,583.81,583.342952,201912
0.999,0.9992,0.999,0.9992,1723.72,1722.200784,10,389.4,389.08848,201912
0.9991,0.9992,0.999,0.999,4775.03,4770.949029,11,2462.98,2461.009616,201912
0.999,0.9994,0.999,0.9991,23112.15,23090.858633,35,3968.66,3966.16211,201912
0.9994,0.9995,0.9991,0.9992,13248.26,13239.465405,35,9574.56,9568.7456,201912
0.9991,0.9994,0.9991,0.9994,14386.74,14377.312787,17,11980.14,11972.776597,201912
0.9993,0.9994,0.9992,0.9993,2458.7,2457.05266,5,926.01,925.454394,201912
0.9993,0.9995,0.9993,0.9995,2608.07,2606.602543,8,1240.02,1239.382611,201912
0.9996,0.9997,0.9992,0.9997,13357.48,13349.697106,23,5398.73,5396.375556,201912
0.9994,0.9996,0.9993,0.9994,4268.12,4265.645322,8,1979.1,1978.053871,201912
0.9994,0.9994,0.9993,0.9994,1334.27,1333.444803,3,1087.92,1087.267248,201912
0.9993,0.9993,0.9993,0.9993,84.39,84.330927,3,0.0,0.0,201912
0.9993,0.9996,0.9993,0.9996,3612.84,3611.151535,10,3330.81,3329.318956,201912
0.9996,1.0001,0.9996,0.9998,6059.62,6057.910204,16,5035.03,5033.567182,201912
1.0,1.0001,0.9993,0.9997,62498.5,62461.354,25,6783.88,6782.889845,201912
0.9998,0.9999,0.9996,0.9999,3447.02,3446.231879,10,2207.63,2207.222572,201912
0.9996,1.0001,0.9996,0.9998,3130.18,3129.890351,14,1672.07,1672.12084,201912
1.0,1.0,0.9997,0.9998,10837.03,10835.052521,15,70.14,70.14,201912
0.9997,1.0001,0.9997,1.0001,3846.79,3846.097321,10,878.12,878.207812,201912
1.0001,1.0001,0.999,0.999,41853.54,41820.798222,18,63.4,63.40634,201912
1.0,1.0,0.9999,0.9999,601.76,601.733985,2,0.0,0.0,201912
0.9998,1.0001,0.9998,1.0001,1828.73,1828.822625,13,1420.65,1420.792065,201912
0.9998,1.0001,0.9998,1.0,4048.69,4048.409907,8,2443.79,2443.806372,201912
0.9999,1.0,0.9997,0.9998,8538.48,8536.880693,16,2903.93,2903.468405,201912
0.9997,0.9999,0.9996,0.9996,1022.05,1021.778075,8,272.17,272.131496,201912
0.9999,0.9999,0.9995,0.9995,3026.89,3025.699254,15,596.71,596.650329,201912
0.9996,0.9997,0.9996,0.9997,200.88,200.807469,3,78.21,78.186537,201912
0.9996,0.9997,0.9996,0.9997,4471.25,4469.793888,7,3323.88,3322.882836,201912
0.9996,0.9998,0.9996,0.9997,3861.51,3860.355762,12,3332.76,3331.773869,201912
0.9996,0.9996,0.9996,0.9996,230.58,230.487768,1,0.0,0.0,201912
0.9996,0.9997,0.9996,0.9996,3435.75,3434.410699,7,349.99,349.885003,201912
0.9997,0.9997,0.9997,0.9997,2714.72,2713.905584,7,2714.72,2713.905584,201912
0.9996,0.9997,0.9996,0.9996,2289.38,2288.657143,12,1928.95,1928.371315,201912
0.9996,0.9997,0.9996,0.9997,5610.57,5608.73162,20,4058.48,4057.262456,201912
0.9996,0.9997,0.9994,0.9994,12875.2,12869.833166,22,10500.81,10496.624406,201912
0.9994,0.9997,0.9994,0.9994,3607.65,3605.564809,15,180.12,180.053079,201912
0.9995,0.9996,0.9994,0.9994,1777.2,1776.283937,7,250.5,250.3998,201912
0.9997,0.9997,0.9995,0.9997,4042.15,4040.846531,14,3547.94,3546.875618,201912
0.9997,0.9997,0.9995,0.9996,15511.0,15505.780096,23,15441.16,15435.975016,201912
0.9996,0.9997,0.9996,0.9997,30151.02,30140.633699,37,29999.59,29989.264271,201912
0.9998,0.9998,0.9996,0.9997,5191.27,5190.099591,11,4457.08,4456.188584,201912
0.9998,0.9998,0.9996,0.9998,4900.18,4898.398261,11,389.76,389.682048,201912
0.9997,0.9997,0.9996,0.9996,2789.05,2788.024896,9,0.0,0.0,201912
0.9996,0.9998,0.9995,0.9998,5816.32,5813.835983,9,1083.28,1083.023902,201912
0.9996,0.9998,0.9996,0.9998,1614.11,1613.633761,5,561.69,561.577662,201912
0.9996,0.9998,0.9995,0.9998,7981.42,7979.266448,21,5382.83,5381.753434,201912
0.9997,0.9997,0.9995,0.9996,1723.54,1722.866557,5,516.96,516.804912,201912
0.9998,0.9998,0.9995,0.9996,4115.83,4114.686889,12,2624.7,2624.17506,201912
0.9996,0.9999,0.9996,0.9999,7878.21,7876.018047,25,1839.14,1838.793709,201912
0.9997,0.9999,0.9996,0.9996,2040.39,2039.770579,10,55.76,55.754424,201912
0.9996,0.9999,0.9995,0.9996,9004.03,9002.60315,17,8422.62,8421.441694,201912
0.9998,1.0004,0.9996,0.9999,6897.76,6897.226889,28,4187.95,4188.181614,201912
0.9999,1.0002,0.9999,0.9999,5123.85,5123.451045,20,224.8,224.84496,201912
0.9999,1.0002,0.9996,0.9998,17143.62,17142.493313,50,5991.47,5992.125718,201912
1.0,1.0001,0.9998,1.0001,10130.84,10131.102515,20,7697.46,7698.140984,201912
0.9998,1.0001,0.9998,0.9998,2394.55,2394.296973,6,0.01,0.010001,201912
0.9998,1.0001,0.9998,1.0,7897.28,7896.272064,21,2449.86,2449.865697,201912
1.0,1.0002,0.9998,0.9999,10715.65,10716.211636,29,8899.53,8900.319827,201912
1.0,1.0001,0.9999,1.0001,3714.51,3714.528281,13,1636.25,1636.413625,201912
1.0,1.0001,0.9999,1.0001,1065.89,1065.816471,7,155.6,155.61556,201912
1.0001,1.0004,0.9999,1.0002,11817.26,11819.876308,21,11380.33,11382.959324,201912
1.0002,1.0002,0.9999,1.0001,11810.57,11810.562837,16,7552.65,7553.054578,201912
1.0,1.0,0.9997,0.9997,4766.63,4765.265999,5,219.96,219.96,201912
0.9998,0.9999,0.9994,0.9999,2867.5,2866.430562,9,230.87,230.846913,201912
0.9997,0.9999,0.9994,0.9999,12867.32,12863.680749,17,11813.39,11810.377714,201912
0.9995,0.9995,0.9994,0.9994,2744.77,2743.220654,7,0.0,0.0,201912
0.9999,0.9999,0.9994,0.9994,4412.51,4411.842883,14,4007.9,4007.414041,201912
0.9994,1.0,0.9994,0.9996,3827.99,3826.922305,8,1644.57,1644.408054,201912
0.9995,1.0,0.9995,0.9999,789.28,789.061349,3,400.71,400.685634,201912
0.9999,1.0,0.9996,1.0,1311.54,1311.135191,8,72.55,72.547488,201912
1.0,1.0,0.9996,0.9996,353.11,353.00723,3,25.12,25.12,201912
1.0,1.0,0.9996,0.9997,302.54,302.458452,3,71.08,71.08,201912
1.0,1.0,0.9994,0.9994,11501.42,11494.903655,15,296.07,296.07,201912
0.9995,0.9995,0.9994,0.9994,13979.67,13971.373819,22,0.0,0.0,201912
1.0,1.0,0.9995,0.9995,3814.45,3813.86947,11,2529.0,2529.0,201912
0.9994,0.9998,0.9994,0.9998,12361.61,12355.057283,21,733.16,733.013368,201912
0.9994,0.9999,0.9994,0.9995,262.78,262.662497,7,41.5,41.49585,201912
0.9999,0.9999,0.9995,0.9998,3169.58,3169.109684,8,2900.18,2899.833542,201912
0.9998,0.9998,0.9996,0.9996,6046.86,6044.91276,9,2357.52,2357.048496,201912
0.9996,0.9997,0.9996,0.9997,7202.5,7199.887088,7,2428.03,2427.301591,201912
0.9997,0.9997,0.9994,0.9995,6705.36,6701.952092,19,5599.66,5596.915512,201912
0.9994,0.9995,0.9994,0.9995,1963.22,1962.212964,7,1708.96,1708.10552,201912
0.9995,0.9995,0.9994,0.9995,1256.7,1256.069858,6,1238.78,1238.16061,201912
0.9994,0.9994,0.9994,0.9994,649.73,649.340162,3,0.0,0.0,201912
0.9994,0.9994,0.9994,0.9994,782.61,782.140434,8,0.0,0.0,201912
0.9995,0.9997,0.9994,0.9994,11846.69,11840.471837,30,5080.97,5078.803822,201912
0.9996,0.9997,0.9994,0.9994,1012.81,1012.357266,8,741.22,740.93022,201912
0.9996,0.9997,0.9994,0.9994,17485.13,17475.7325,58,2924.13,2922.969,201912
0.9994,0.9997,0.9994,0.9994,4097.07,4095.16826,15,2275.97,2275.130525,201912
0.9994,0.9997,0.9994,0.9995,4739.65,4737.73109,17,2661.79,2660.944471,201912
0.9996,0.9998,0.9996,0.9998,2955.51,2954.517816,7,2509.52,2508.698055,201912
0.9997,0.9997,0.9996,0.9996,832.53,832.225094,10,281.06,280.975682,201912
0.9996,0.9996,0.9996,0.9996,3039.58,3038.364168,9,0.0,0.0,201912
0.9996,0.9999,0.9996,0.9998,4369.64,4368.237464,32,1161.82,1161.590592,201912
0.9997,1.0,0.9997,0.9997,7996.55,7994.918777,56,2338.99,2338.826045,201912
0.9997,1.0,0.9997,0.9997,8961.06,8958.826901,34,1319.05,1318.971006,201912
0.9997,0.9998,0.9996,0.9997,11381.12,11377.392382,25,221.79,221.745642,201912
0.9998,1.0,0.9998,0.9998,2889.37,2888.833138,18,1127.94,1127.755424,201912
0.9998,0.9999,0.9998,0.9998,3046.92,3046.422652,16,1120.36,1120.247964,201912
0.9998,1.0001,0.9998,1.0,8229.47,8229.108901,15,6717.34,6717.281327,201912
0.9999,1.0,0.9999,1.0,942.98,942.91146,4,878.59,878.527899,201912
0.9999,1.0001,0.9999,1.0,442.91,442.918642,6,207.69,207.710769,201912
1.0001,1.0001,0.9999,0.9999,6016.43,6016.500004,26,765.96,766.036596,201912
0.9999,1.0002,0.9999,1.0002,7773.09,7773.440555,35,2248.18,2248.57269,201912
1.0001,1.0004,1.0,1.0,23755.36,23756.711307,45,6233.98,6235.295813,201912
1.0,1.0005,0.9999,1.0002,69934.23,69954.767949,51,47856.73,47877.83804,201912
1.0002,1.0004,1.0001,1.0001,5331.52,5332.702226,25,717.14,717.403978,201912
1.0001,1.0005,1.0,1.0005,8643.49,8644.554229,26,3539.78,3540.830135,201912
1.0004,1.0008,1.0,1.0001,23413.98,23419.617583,38,3717.42,3719.334175,201912
1.0,1.0006,0.9999,1.0004,23113.01,23114.022671,24,2857.12,2858.588891,201912
0.9999,1.0003,0.9999,1.0002,8620.21,8621.106873,19,5568.66,5569.669559,201912
1.0001,1.0005,1.0,1.0,25781.11,25782.013961,46,4601.95,4602.843276,201912
1.0,1.0003,1.0,1.0001,12625.86,12627.182689,24,4634.62,4635.593391,201912
1.0002,1.0004,0.9999,1.0,37971.96,37971.699276,37,3853.12,3854.076858,201912
1.0001,1.0004,1.0,1.0001,10912.82,10914.348862,39,5094.29,5095.611945,201912
1.0001,1.0006,0.9999,1.0,60567.73,60565.394077,56,34.19,34.204514,201912
1.0,1.0003,0.9999,0.9999,15532.15,15531.949407,25,1774.9,1775.24311,201912
0.9999,1.0005,0.9994,0.9994,31101.36,31100.473804,24,3019.58,3020.773416,201912
0.9995,1.0006,0.9995,0.9998,10917.16,10918.821669,37,5265.63,5267.797991,201912
1.0005,1.0005,0.9998,0.9999,4205.05,4205.413025,19,1535.57,1536.132273,201912
0.9998,1.0,0.9994,0.9994,5097.7,5096.222998,17,74.58,74.58,201912
0.9998,1.0002,0.9994,1.0001,7277.7,7276.548972,18,4253.42,4253.70161,201912
0.9995,1.0004,0.9995,0.9997,6008.92,6008.798697,21,3088.65,3089.572901,201912
0.9996,1.0004,0.9996,1.0001,24591.37,24588.713177,16,20629.58,20627.53707,201912
1.0,1.0004,0.9999,1.0003,12702.36,12702.88783,18,2797.46,2798.094702,201912
1.0,1.0008,0.9999,1.0001,20362.1,20365.853869,33,5792.67,5795.499365,201912
1.0,1.0002,1.0,1.0,4864.45,4865.073046,7,2523.46,2523.964692,201912
1.0002,1.0003,1.0,1.0001,3249.78,3250.187584,18,310.83,310.895327,201912
1.0,1.0003,0.9999,1.0003,6951.53,6951.970362,22,1680.11,1680.439381,201912
1.0003,1.0006,1.0002,1.0006,12366.77,12370.361884,16,9412.73,9415.656093,201912
1.0006,1.0007,1.0,1.0,8620.18,8623.898713,19,4317.87,4320.774868,201912
1.0,1.0004,1.0,1.0,4936.14,4936.348815,24,157.96,158.009943,201912
1.0001,1.0004,1.0,1.0001,1779.1,1779.291216,9,56.81,56.832724,201912
1.0001,1.0003,1.0001,1.0001,6059.3,6060.2318,12,0.0,0.0,201912
1.0001,1.0004,0.9998,0.9999,10855.23,10855.848403,16,3891.12,3891.90384,201912
0.9999,1.0002,0.9999,1.0001,5423.24,5423.772275,9,3354.51,3354.987949,201912
1.0001,1.0001,0.9999,0.9999,2452.8,2452.837895,9,0.0,0.0,201912
0.9999,1.0007,0.9998,0.9998,24500.3,24499.882135,54,5027.03,5028.404347,201912
0.9998,1.0003,0.9997,1.0003,20527.47,20524.22008,38,2677.62,2678.423286,201912
0.9998,1.0003,0.9998,0.9998,2744.14,2743.982849,8,69.57,69.590871,201912
1.0002,1.0002,0.9997,0.9997,24324.97,24319.127462,37,1513.02,1513.082604,201912
0.9996,1.0,0.9995,0.9998,9554.52,9551.928443,20,2662.55,2662.403745,201912
0.9997,0.9999,0.9995,0.9995,18373.71,18366.358021,26,4260.4,4259.682885,201912
0.9997,0.9998,0.9996,0.9998,3923.3,3922.284584,14,1770.75,1770.39585,201912
0.9998,0.9998,0.9995,0.9997,5099.92,5098.311211,13,1200.0,1199.64,201912
0.9998,0.9998,0.9994,0.9995,6362.07,6360.535096,23,5239.83,5238.76794,201912
0.9995,0.9998,0.9994,0.9994,3198.89,3197.739693,10,2156.43,2155.826,201912
0.9996,0.9997,0.9993,0.9994,4264.15,4262.228224,9,938.75,938.468375,201912
0.9994,0.9997,0.9994,0.9995,7505.37,7501.975071,11,3649.53,3648.323395,201912
0.9994,0.9997,0.999,0.999,19896.1,19878.511624,11,1346.68,1346.142428,201912
0.9992,0.9997,0.9989,0.9993,56020.36,55968.734104,26,7050.46,7047.841055,201912
0.9995,0.9996,0.9992,0.9996,5940.61,5937.883731,10,4985.77,4983.767848,201912
0.9997,0.9999,0.9994,0.9998,10936.37,10934.345192,17,1497.08,1496.567116,201912
0.9993,0.9993,0.9989,0.9989,30000.0,29975.685979,20,3916.05,3913.308765,201912
0.9996,0.9997,0.9991,0.9997,41277.66,41242.407874,13,1594.04,1593.525059,201912
0.9993,0.9995,0.9992,0.9992,15188.14,15176.676989,15,2140.78,2139.70961,201912
0.9992,0.9994,0.9992,0.9992,24381.38,24362.77528,26,367.6,367.37944,201912
0.9992,1.0,0.9992,0.9997,30182.97,30176.460583,29,8198.4,8195.519044,201912
0.9992,0.9994,0.9992,0.9993,5332.25,5328.542382,9,0.0,0.0,201912
0.9997,0.9997,0.9993,0.9997,1750.41,1749.339705,6,63.17,63.151049,201912
0.9993,0.9995,0.9989,0.9989,20394.94,20375.708611,20,3683.11,3680.915345,201912
0.9992,0.9993,0.9989,0.9991,4538.21,4533.944772,9,2785.12,2782.564798,201912
0.9993,0.9993,0.999,0.9993,2841.11,2838.789239,9,2622.41,2620.307939,201912
0.9993,0.9993,0.9989,0.9989,2118.22,2116.496161,9,1688.25,1686.999128,201912
0.9989,0.9993,0.9989,0.9993,2646.06,2643.842182,8,2551.17,2549.055557,201912
0.9993,0.9993,0.999,0.999,3693.33,3690.717408,7,3626.28,3623.724048,201912
0.9992,0.9992,0.9991,0.9991,334.33,334.048783,2,0.0,0.0,201912
0.9992,0.9994,0.9991,0.9994,572.29,571.819035,8,251.45,251.267791,201912
0.9993,0.9999,0.9991,0.9996,8807.38,8803.417251,8,5206.15,5203.746161,201912
0.9998,1.0003,0.9989,0.9989,43809.47,43779.400744,47,10563.91,10563.928085,201912
0.9989,0.9993,0.9989,0.9993,1837.49,1835.601406,4,290.78,290.576454,201912
0.999,0.999,0.9989,0.9989,1420.89,1419.44988,3,0.0,0.0,201912
0.9989,0.9991,0.9989,0.9991,8068.24,8059.545368,8,0.0,0.0,201912
0.9989,0.9994,0.9989,0.9991,8131.68,8122.808226,8,52.54,52.508476,201912
0.999,0.9992,0.9989,0.9989,5313.59,5307.88551,8,114.37,114.278504,201912
0.9989,0.9991,0.9989,0.9989,21021.91,20998.882807,21,484.54,484.103914,201912
0.999,0.9994,0.9989,0.9994,3101.43,3098.320595,9,1124.64,1123.705064,201912
0.9989,0.999,0.9989,0.9989,472.64,472.123529,4,34.33,34.29567,201912
0.9989,0.9989,0.9989,0.9989,704.19,703.415391,3,0.0,0.0,201912
0.999,0.9993,0.999,0.9992,1052.15,1051.319908,6,1052.15,1051.319908,201912
0.9992,0.9992,0.9992,0.9992,749.15,748.55068,1,749.15,748.55068,201912
0.9992,0.9995,0.999,0.9995,1712.82,1711.92799,3,1609.56,1608.75522,201912
0.9991,0.9995,0.9991,0.9992,357.52,357.236798,4,343.42,343.149488,201912
0.9992,0.9995,0.9991,0.9995,2454.21,2452.295406,12,1446.53,1445.522318,201912
0.9992,0.9993,0.9992,0.9993,562.3,561.896866,3,467.06,466.733058,201912
0.9992,0.9995,0.9991,0.9995,5676.48,5671.688847,6,19.4,19.3903,201912
0.9995,0.9995,0.9993,0.9993,1179.22,1178.53359,3,1179.22,1178.53359,201912
0.9992,0.9993,0.9992,0.9992,742.51,741.964116,4,742.51,741.964116,201912
0.9991,0.9993,0.9991,0.9993,962.15,961.398779,4,905.86,905.15944,201912
0.9991,0.9993,0.9991,0.9991,2211.55,2209.844675,5,1425.35,1424.352255,201912
0.9993,0.9993,0.9991,0.9991,1923.8,1922.123639,7,399.51,399.2055,201912
0.9993,0.9993,0.9992,0.9992,975.53,974.80313,6,535.54,535.165122,201912
0.9992,0.9992,0.9989,0.9992,2049.99,2048.209355,18,1732.0,1730.538872,201912
0.9992,0.9992,0.9991,0.9992,786.7,786.04368,17,786.7,786.04368,201912
0.9992,0.9993,0.9989,0.9993,3044.38,3042.085069,9,2791.12,2789.103655,201912
0.9994,0.9994,0.9992,0.9994,3729.85,3727.469175,4,3252.06,3250.061407,201912
0.9993,0.9993,0.9992,0.9992,209.46,209.302066,2,96.34,96.272562,201912
0.9994,0.9994,0.9994,0.9994,1087.91,1087.257254,2,1087.91,1087.257254,201912
0.9992,0.9995,0.9992,0.9995,1450.46,1449.59734,12,1430.55,1429.703268,201912
0.9995,0.9995,0.9995,0.9995,0.0,0.0,0,0.0,0.0,201912
0.9994,0.9995,0.9994,0.9995,964.94,964.42481,2,964.94,964.42481,201912
0.9993,0.9994,0.9992,0.9994,736.31,735.805056,4,225.52,225.384688,201912
0.9992,0.9992,0.9991,0.9991,3038.7,3036.0291,11,0.0,0.0,201912
0.9994,0.9994,0.9991,0.9992,2356.57,2354.829718,8,1672.63,1671.44476,201912
0.9992,0.9992,0.9991,0.9991,1610.71,1609.388853,2,1610.71,1609.388853,201912
0.9993,0.9993,0.9993,0.9993,332.83,332.597019,1,332.83,332.597019,201912
0.9991,0.9994,0.9991,0.9991,238.81,238.631494,4,121.41,121.337154,201912
0.9992,0.9993,0.999,0.999,3141.62,3138.636559,5,19.01,18.996693,201912
0.9993,0.9993,0.999,0.999,326.74,326.461236,3,159.92,159.808056,201912
0.9993,0.9993,0.9989,0.999,4458.75,4454.325069,25,995.41,994.45959,201912
0.999,0.999,0.9989,0.999,10481.13,10469.879701,13,2789.44,2786.65056,201912
0.9989,0.9989,0.9989,0.9989,22310.17,22285.628813,19,0.0,0.0,201912
0.9989,0.999,0.9989,0.9989,3768.33,3764.186188,10,13.51,13.49649,201912
0.999,0.999,0.9989,0.999,5049.77,5044.617103,8,4018.5,4014.4815,201912
0.999,0.9993,0.999,0.9993,27053.01,27026.0728,5,26567.29,26540.741376,201912
0.9993,0.9993,0.9992,0.9992,2719.01,2716.862658,7,278.66,278.464938,201912
0.9992,0.9994,0.9992,0.9993,39.01,38.982688,4,13.49,13.481904,201912
0.9993,0.9993,0.9993,0.9993,0.0,0.0,0,0.0,0.0,201912
0.9993,0.9994,0.9993,0.9993,5252.85,5249.178005,11,50.0,49.97,201912
0.9993,0.9993,0.9991,0.9991,673.92,673.410502,3,0.0,0.0,201912
0.9994,0.9994,0.9991,0.9994,4460.54,4457.816803,12,4363.08,4360.444517,201912
0.9992,0.9994,0.9992,0.9993,4835.97,4832.963444,10,4480.77,4478.047604,201912
0.9992,0.9995,0.999,0.9991,16687.29,16675.622697,45,9715.86,9710.375894,201912
0.9993,1.0008,0.999,1.0001,191495.33,191415.307584,112,92639.59,92642.666598,201912
1.0001,1.0005,0.9996,0.9996,22341.54,22340.541782,40,3025.88,3026.472152,201912
0.9996,0.9996,0.9992,0.9992,18228.68,18216.06649,33,0.0,0.0,201912
0.9992,0.9998,0.9992,0.9993,5500.83,5497.217146,24,936.75,936.358397,201912
0.9998,0.9999,0.9993,0.9998,6061.47,6060.036857,16,6020.94,6019.531685,201912
0.9995,1.0004,0.999,0.9998,84982.48,84943.151412,113,51162.07,51149.136477,201912
0.9998,1.0002,0.9998,1.0,4787.29,4787.513015,29,2635.15,2635.656706,201912
1.0001,1.0003,1.0,1.0002,4431.65,4432.238549,15,1998.53,1998.875237,201912
1.0001,1.0001,0.9998,0.9998,885.89,885.861388,11,495.22,495.269522,201912
0.9998,1.0001,0.9995,1.0001,7181.29,7180.379006,35,3488.74,3488.720026,201912
0.9998,1.0001,0.9998,1.0001,12765.13,12764.377385,27,9931.6,9931.410161,201912
1.0001,1.0002,0.9998,1.0001,6105.62,6105.510674,16,4345.3,4345.422738,201912
1.0,1.0,0.9995,0.9995,10068.19,10064.840475,17,8563.23,8560.181467,201912
0.9995,1.0002,0.9995,0.9998,12857.19,12855.40885,19,8391.61,8390.721966,201912
0.9998,1.0,0.9997,1.0,10979.17,10977.828779,14,4663.96,4663.96,201912
0.9998,1.0001,0.9997,0.9997,9533.13,9531.354924,12,3111.14,3110.914358,201912
0.9997,1.0,0.9997,1.0,2487.26,2487.121539,8,2308.98,2308.895023,201912
0.9999,0.9999,0.9999,0.9999,1274.74,1274.612526,3,0.0,0.0,201912
0.9998,0.9998,0.9998,0.9998,1055.32,1055.108936,4,506.75,506.64865,201912
1.0,1.0,0.9998,1.0,658.66,658.585041,7,267.37,267.37,201912
0.9998,0.9998,0.9997,0.9997,592.89,592.734937,5,0.0,0.0,201912
0.9997,1.0,0.9997,1.0,2159.66,2159.362205,10,885.39,885.39,201912
0.9998,1.0,0.9997,0.9998,16631.91,16627.118418,21,182.71,182.71,201912
0.9998,0.9998,0.9998,0.9998,212.3,212.25754,4,150.78,150.749844,201912
0.9998,0.9998,0.9998,0.9998,47.54,47.530492,1,47.54,47.530492,201912
0.9997,1.0,0.9994,0.9999,27620.92,27611.077999,37,19304.55,19299.418444,201912
0.9996,0.9999,0.9995,0.9999,10816.16,10811.581025,30,1741.24,1740.803396,201912
0.9995,0.9997,0.9994,0.9997,9633.18,9627.530475,7,357.22,357.112834,201912
0.9994,0.9997,0.9994,0.9995,3038.35,3036.980936,9,1570.06,1569.433175,201912
0.9994,0.9997,0.9994,0.9997,365.58,365.435033,3,342.98,342.848593,201912
0.9997,0.9997,0.9995,0.9995,1351.28,1350.67578,7,357.1,356.99287,201912
0.9996,0.9997,0.9994,0.9997,14831.36,14826.536059,30,12748.65,12744.795405,201912
0.9998,0.9998,0.9995,0.9995,2751.42,2750.845716,5,2671.42,2670.885716,201912
0.9995,0.9998,0.9995,0.9996,10855.34,10852.808747,16,8510.4,8508.69792,201912
0.9998,0.9998,0.9996,0.9997,990.77,990.523136,9,895.54,895.331228,201912
0.9996,0.9996,0.9996,0.9996,609.33,609.086268,3,0.0,0.0,201912
0.9997,0.9998,0.9996,0.9998,1941.83,1941.2352,6,1411.6,1411.217292,201912
0.9996,1.0001,0.9996,1.0,6172.26,6171.259413,15,5463.16,5462.2958,201912
1.0,1.0,0.9998,0.9998,2505.89,2505.484422,4,478.0,478.0,201912
0.9998,1.0,0.9998,0.9999,3375.23,3374.651084,5,717.03,716.982724,201912
0.9998,1.0,0.9994,0.9998,1709.7,1709.373728,8,976.02,975.967091,201912
0.9998,0.9999,0.9998,0.9998,6160.42,6159.280481,8,0.0,0.0,201912
1.0,1.0001,0.9999,0.9999,934.28,934.21231,5,312.23,312.224515,201912
0.9998,0.9999,0.9997,0.9997,2463.3,2462.739381,7,0.0,0.0,201912
1.0,1.0,0.9997,0.9997,422.75,422.7425,4,397.75,397.75,201912
0.9999,1.0,0.9997,0.9998,1504.38,1504.175708,11,878.37,878.335861,201912
0.9997,1.0,0.9997,0.9997,3094.26,3093.684827,18,925.05,925.04759,201912
0.9997,1.0,0.9997,0.9999,3813.86,3813.50091,8,2422.03,2422.000875,201912
1.0,1.0001,0.9997,0.9998,15496.72,15496.897613,33,13704.13,13704.700451,201912
1.0002,1.0002,0.9999,1.0002,1966.2,1966.480402,6,1872.98,1873.269724,201912
1.0,1.0003,0.9999,1.0002,7783.45,7783.853527,26,2309.73,2310.207939,201912
1.0,1.0002,1.0,1.0002,746.9,746.962464,6,525.21,525.272464,201912
1.0,1.0003,0.9999,0.9999,1918.91,1919.041969,8,176.27,176.296251,201912
1.0001,1.0002,0.9999,0.9999,1990.11,1990.131182,9,1069.27,1069.383266,201912
1.0,1.0003,0.9999,1.0001,2960.48,2961.055462,9,2248.31,2248.846841,201912
1.0003,1.0003,1.0001,1.0001,602.48,602.582748,6,212.5,212.56375,201912
1.0003,1.0003,1.0,1.0,626.27,626.337801,8,314.44,314.507799,201912
1.0,1.0,1.0,1.0,1123.62,1123.62,9,0.0,0.0,201912
1.0,1.0,0.9999,1.0,3693.29,3693.026439,10,0.0,0.0,201912
1.0,1.0002,1.0,1.0002,1815.57,1815.681143,10,1026.87,1026.981143,201912
1.0,1.0001,1.0,1.0,1169.15,1169.222786,8,0.0,0.0,201912
1.0,1.0001,1.0,1.0,436.59,436.604651,6,146.51,146.524651,201912
1.0,1.0003,1.0,1.0,10835.18,10836.311629,39,4435.05,4436.135695,201912
1.0,1.0002,1.0,1.0002,2710.17,2710.334099,13,1078.66,1078.824099,201912
1.0,1.0001,0.9997,0.9998,2011.48,2011.428346,16,440.74,440.782873,201912
1.0001,1.0001,0.9998,0.9998,7777.35,7776.047221,14,1341.8,1341.784331,201912
0.9998,0.9999,0.9997,0.9997,18013.96,18009.713233,32,302.62,302.589738,201912
0.9997,0.9998,0.9996,0.9997,3760.26,3759.037597,14,754.76,754.578169,201912
0.9997,0.9998,0.9995,0.9995,1406.19,1405.774503,16,145.38,145.350924,201912
0.9997,0.9997,0.9994,0.9994,2760.41,2758.947449,16,105.26,105.228422,201912
0.9994,0.9997,0.9993,0.9995,4516.33,4513.595378,19,1069.35,1068.818881,201912
0.9996,0.9998,0.9995,0.9998,25517.25,25510.266498,26,23952.02,23945.692377,201912
0.9998,0.9999,0.9996,0.9996,8154.78,8152.857752,8,6654.48,6653.157872,201912
0.9999,0.9999,0.9996,0.9996,4110.34,4109.336819,12,2196.39,2196.075199,201912
0.9996,0.9998,0.9993,0.9994,4635.15,4632.444225,16,782.97,782.66949,201912
0.9993,0.9995,0.9993,0.9995,1258.38,1257.685722,5,810.4,809.9948,201912
0.9994,0.9997,0.9994,0.9996,6046.12,6042.706996,9,82.14,82.115358,201912
0.9994,0.9996,0.9994,0.9994,619.13,618.824816,4,0.0,0.0,201912
0.9995,0.9995,0.9995,0.9995,107.83,107.776085,1,0.0,0.0,201912
0.9997,0.9997,0.9994,0.9994,10737.36,10732.065532,17,2108.28,2107.492557,201912
0.9994,0.9996,0.9993,0.9993,24698.27,24682.940188,38,8039.72,8035.754934,201912
0.9993,0.9995,0.9993,0.9994,5526.11,5522.608647,19,579.75,579.460125,201912
0.9994,0.9996,0.9994,0.9995,2133.89,2132.822814,9,1810.21,1809.337022,201912
0.9996,0.9996,0.9996,0.9996,4132.82,4131.166872,5,4132.82,4131.166872,201912
0.9996,0.9996,0.9995,0.9995,7617.55,7614.244734,7,5035.09,5033.075964,201912
0.9996,0.9997,0.9996,0.9996,4415.89,4414.476698,5,4415.89,4414.476698,201912
0.9995,0.9997,0.9995,0.9995,3342.54,3341.050254,11,1460.57,1460.021239,201912
0.9997,0.9997,0.9995,0.9996,2043.33,2042.398804,14,837.19,836.861874,201912
0.9996,0.9998,0.9995,0.9995,9711.63,9707.461484,31,726.29,726.081921,201912
0.9995,0.9997,0.9994,0.9995,31795.85,31780.323245,45,5006.98,5005.202821,201912
0.9996,0.9997,0.9995,0.9996,5717.28,5715.003115,7,578.75,578.542381,201912
0.9997,0.9997,0.9996,0.9996,4988.11,4986.256499,17,1417.43,1417.004771,201912
0.9996,0.9997,0.9993,0.9993,14962.47,14953.703282,47,724.23,723.964098,201912
0.9996,0.9996,0.9993,0.9996,6982.81,6978.583534,18,3311.83,3310.129039,201912
0.9995,0.9996,0.9993,0.9995,2779.97,2778.459818,7,2132.75,2131.692872,201912
0.9993,0.9998,0.9993,0.9996,17052.58,17046.185143,18,15075.62,15070.340264,201912
0.9997,1.0,0.9995,0.9995,34258.32,34249.12286,37,27455.06,27448.981207,201912
0.9997,0.9999,0.9995,0.9996,10723.64,10720.677751,30,7690.79,7689.088583,201912
0.9995,0.9999,0.9995,0.9996,3352.88,3351.842768,7,2680.2,2679.494936,201912
0.9998,0.9999,0.9996,0.9998,2604.91,2604.369612,10,2101.82,2101.427689,201912
0.9999,1.0003,0.9996,0.9997,10254.9,10254.345562,25,2261.95,2262.335417,201912
0.9999,0.9999,0.9997,0.9999,5378.64,5377.683435,17,4391.76,4391.099499,201912
0.9997,1.0002,0.9997,1.0002,14434.63,14433.533632,25,10289.87,10289.32435,201912
0.9999,1.0002,0.9998,0.9999,8671.96,8672.195849,12,5928.15,5928.697841,201912
0.9999,1.0003,0.9998,1.0,18340.95,18342.304264,37,11338.24,11339.574231,201912
0.9997,1.0,0.9997,0.9997,8270.08,8268.419575,19,2349.14,2349.037334,201912
0.9997,1.0001,0.9997,0.9998,1458.04,1457.721121,7,249.27,249.2712,201912
0.9998,1.0001,0.9998,0.9998,7293.19,7292.149417,21,2719.21,2719.084213,201912
0.9996,0.9998,0.9996,0.9998,661.89,661.670861,15,238.12,238.070369,201912
0.9997,1.0,0.9995,0.9995,9530.67,9527.70427,26,5986.58,5985.246435,201912
0.9997,0.9999,0.9996,0.9996,6064.46,6062.924318,12,4153.64,4152.763976,201912
0.9999,0.9999,0.9996,0.9996,2047.32,2046.648189,6,669.8,669.679197,201912
0.9999,0.9999,0.9996,0.9996,8869.86,8868.129058,18,6490.69,6489.875632,201912
0.9996,0.9999,0.9996,0.9996,2421.69,2421.019638,12,1474.68,1474.388442,201912
0.9996,0.9999,0.9996,0.9999,15021.79,15019.712582,26,12972.82,12971.406394,201912
0.9996,0.9998,0.9996,0.9996,1289.46,1289.020801,10,216.07,216.026786,201912
0.9997,0.9998,0.9996,0.9998,5648.26,5646.407121,13,2000.96,2000.51642,201912
0.9996,0.9998,0.9996,0.9998,4039.74,4038.637097,10,1982.9,1982.50342,201912
0.9997,0.9997,0.9994,0.9994,8319.66,8315.577053,18,1296.18,1295.719186,201912
0.9994,0.9996,0.9993,0.9996,11508.98,11502.441464,25,3037.96,3036.499217,201912
0.9995,0.9996,0.9994,0.9994,1186.24,1185.56755,5,1087.53,1086.916776,201912
0.9994,0.9995,0.9994,0.9995,1763.11,1762.157149,8,1050.15,1049.624925,201912
0.9996,0.9999,0.9996,0.9999,2805.5,2804.55098,9,2805.5,2804.55098,201912
0.9999,0.9999,0.9995,0.9999,12980.9,12979.043322,15,12969.07,12967.219237,201912
0.9996,0.9999,0.9996,0.9998,2149.01,2148.379025,9,963.27,963.113321,201912
0.9999,0.9999,0.9997,0.9997,1485.06,1484.658424,8,1472.06,1471.662324,201912
0.9998,0.9999,0.9997,0.9999,5206.93,5205.440069,8,632.23,632.112479,201912
0.9997,0.9999,0.9996,0.9998,6772.91,6771.158793,14,3852.37,3851.769065,201912
0.9999,1.0001,0.9998,1.0001,7415.13,7414.465295,11,6348.19,6347.631989,201912
1.0001,1.0008,1.0001,1.0003,160254.77,160357.154086,56,150684.29,150783.767651,201912
1.0002,1.0005,1.0002,1.0004,5322.0,5323.255599,19,819.85,820.165362,201912
1.0003,1.0006,1.0003,1.0003,6891.08,6893.486261,10,1192.69,1193.386744,201912
1.0002,1.0004,1.0001,1.0003,10571.62,10573.314759,25,4419.1,4420.179505,201912
1.0001,1.0004,1.0001,1.0001,9616.08,9618.754134,25,4587.54,4589.326786,201912
1.0005,1.0005,1.0,1.0003,4564.02,4565.023841,10,3355.72,3356.623813,201912
1.0003,1.0004,1.0002,1.0002,9786.05,9789.002532,14,8056.95,8059.556712,201912
1.0,1.0002,0.9999,1.0,4953.04,4953.007771,10,1185.71,1185.815258,201912
0.9999,1.0,0.9999,0.9999,3718.09,3717.797061,5,788.7,788.7,201912
1.0001,1.0001,0.9998,0.9998,2691.52,2691.161765,5,891.55,891.551759,201912
1.0001,1.0001,0.9999,1.0,9278.55,9277.712849,10,856.28,856.285076,201912
1.0001,1.0001,0.9999,1.0,6274.89,6274.603954,9,2100.66,2100.791377,201912
1.0001,1.0001,0.9997,0.9997,13729.97,13728.225401,13,1590.98,1591.04553,201912
0.9998,1.0,0.9993,0.9997,14080.27,14074.499159,20,3629.59,3629.25343,201912
0.9995,0.9997,0.9995,0.9997,2254.35,2253.340003,4,2254.35,2253.340003,201912
0.9996,0.9996,0.9994,0.9994,11035.65,11030.705664,18,0.0,0.0,201912
0.9994,0.9996,0.9993,0.9996,6616.67,6613.198652,10,3447.24,3445.752291,201912
0.9995,0.9995,0.9993,0.9994,5476.67,5472.994345,12,906.79,906.294933,201912
0.9994,0.9995,0.9993,0.9993,54447.53,54409.933679,56,2501.12,2499.760744,201912
0.9993,0.9995,0.9992,0.9992,34392.28,34368.335578,27,14112.02,14102.281056,201912
0.9992,0.9994,0.9992,0.9992,7813.69,7807.759338,15,1601.45,1600.48913,201912
0.9993,0.9993,0.9992,0.9993,6516.51,6511.413212,12,2821.71,2819.569052,201912
0.9994,0.9994,0.9992,0.9993,5558.64,5555.037071,21,4940.9,4937.791263,201912
0.9996,0.9996,0.9993,0.9994,2502.68,2501.184932,10,2297.95,2296.583412,201912
0.9995,0.9995,0.9993,0.9993,882.35,881.843439,5,755.7,755.282094,201912
0.9995,0.9995,0.9992,0.9992,5486.99,5483.265044,18,2018.46,2017.278963,201912
0.9994,0.9998,0.9992,0.9998,14602.38,14595.782852,20,14425.76,14419.288176,201912
1.0001,1.0005,0.9998,1.0003,7817.77,7818.439116,11,4006.73,4008.056464,201912
1.0,1.0002,0.9994,1.0,5650.56,5648.954203,19,1529.46,1529.483801,201912
1.0001,1.0008,0.9989,0.9989,141579.63,141512.033756,143,34233.6,34256.982495,201912
1.0003,1.0007,0.9988,0.9993,94617.49,94537.433724,156,16785.05,16789.213278,201912
1.0002,1.0002,0.9993,0.9998,12212.68,12209.948446,52,6419.19,6419.009907,201912
1.0001,1.0006,0.9995,1.0004,19422.39,19428.428058,62,16390.83,16397.361003,201912
1.0005,1.0006,1.0,1.0006,56858.02,56890.636766,79,54555.19,54587.434313,201912
1.0007,1.0007,0.9996,1.0002,16743.11,16748.468447,51,8300.7,8304.824283,201912
1.0005,1.0008,1.0003,1.0003,10198.48,10204.270446,28,8024.01,8029.129208,201912
1.0005,1.0008,1.0002,1.0007,30376.21,30393.60615,51,17010.68,17022.4963,201912
1.0007,1.0009,1.0004,1.0005,44924.43,44959.61594,61,39258.28,39291.05258,201912
1.0005,1.0008,1.0002,1.0007,11254.41,11260.904172,28,7777.64,7782.761048,201912
1.0005,1.0007,1.0004,1.0007,6122.42,6125.683709,20,2650.28,2651.955007,201912
1.0004,1.0008,1.0003,1.0007,8699.17,8703.678965,17,2815.29,2817.205543,201912
1.0008,1.0009,1.0003,1.0005,10841.85,10847.416599,21,5974.16,5977.659523,201912
1.0002,1.0006,1.0001,1.0001,10703.33,10705.949922,28,2520.92,2522.432552,201912
1.0001,1.0001,0.9995,0.9995,29397.05,29390.763763,60,4287.48,4287.400737,201912
1.0001,1.0004,0.9995,1.0004,21673.26,21676.966823,41,17563.73,17567.775777,201912
1.0003,1.0007,0.9994,1.0003,41578.19,41584.241368,94,23212.16,23221.273059,201912
1.0007,1.0009,1.0,1.0,6942.81,6947.232149,16,4744.26,4748.018004,201912
1.0,1.0004,0.9997,0.9999,19125.58,19124.373194,33,5257.7,5258.86124,201912
1.0004,1.0004,0.9999,1.0003,8415.91,8417.320159,17,3341.95,3343.130985,201912
1.0004,1.0007,1.0002,1.0006,11391.86,11396.563217,18,8307.35,8311.007819,201912
1.0006,1.0006,1.0001,1.0004,11432.43,11436.571036,22,5312.68,5315.023077,201912
1.0003,1.0003,0.9996,1.0002,16408.58,16404.626664,32,3198.3,3198.783504,201912
0.9998,1.0002,0.9998,1.0,9333.99,9334.918248,21,7501.24,7502.457022,201912
1.0001,1.0002,0.9999,1.0,5691.26,5691.879823,16,4651.01,4651.63165,201912
1.0002,1.0002,0.9999,1.0002,7897.67,7898.663248,15,7883.15,7884.1447,201912
1.0003,1.0009,0.9997,1.0009,6310.84,6313.998522,20,5465.81,5468.913292,201912
1.0005,1.0008,1.0,1.0,1375.86,1376.590725,3,251.0,251.2008,201912
1.0008,1.0009,0.9998,1.0009,7463.13,7469.727473,6,7417.43,7424.036613,201912
1.0008,1.0009,1.0001,1.0002,3721.08,3722.947042,14,3365.62,3367.449634,201912
1.0003,1.0009,0.9999,1.0009,19079.07,19093.285166,98,16894.95,16909.175053,201912
1.0008,1.0008,0.9995,0.9997,5945.57,5944.502258,18,798.84,799.344398,201912
1.0001,1.0005,0.9995,0.9995,3105.44,3104.880548,9,486.67,486.913335,201912
0.9997,1.0002,0.9997,0.9998,3643.11,3642.810051,11,1941.08,1941.262679,201912
0.9998,1.0002,0.9998,0.9998,3124.28,3124.517549,12,2749.56,2749.872493,201912
1.0003,1.0004,1.0001,1.0004,4032.67,4033.51379,12,2045.86,2046.495745,201912
1.0003,1.0004,1.0,1.0,1245.05,1245.460003,8,1194.42,1194.828791,201912
1.0001,1.0004,1.0001,1.0004,2771.79,2772.477028,11,1966.33,1966.936482,201912
1.0004,1.0004,1.0001,1.0002,2345.59,2346.120757,9,1127.93,1128.222908,201912
1.0002,1.0002,0.9998,1.0002,3711.99,3712.067735,27,1053.64,1053.72714,201912
1.0002,1.0002,1.0,1.0002,2200.12,2200.40943,8,1609.33,1609.61943,201912
1.0,1.0002,0.9999,1.0001,3329.3,3329.447495,15,1553.2,1553.421978,201912
1.0001,1.0001,1.0001,1.0001,0.0,0.0,0,0.0,0.0,201912
1.0,1.0,1.0,1.0,967.68,967.68,1,0.0,0.0,201912
0.9999,1.0,0.9994,0.9996,13891.74,13888.665712,14,690.01,689.967881,201912
1.0,1.0001,0.9997,0.9997,4684.83,4684.339299,13,2541.87,2541.930469,201912
0.9998,0.9998,0.9994,0.9996,60611.95,60582.084884,36,1106.32,1105.97288,201912
0.9995,0.9998,0.9995,0.9997,5239.37,5236.86113,5,1010.28,1009.885675,201912
0.9996,0.9997,0.9995,0.9995,23504.48,23492.770564,22,381.72,381.571944,201912
0.9997,0.9999,0.9995,0.9995,7047.51,7044.292704,9,1011.28,1011.060737,201912
0.9997,1.0,0.9995,1.0,8674.83,8672.146139,12,2172.56,2171.914832,201912
0.9999,1.0,0.9997,0.9997,65314.58,65297.186125,30,7887.79,7887.624162,201912
0.9997,1.0,0.9997,1.0,101782.75,101752.481788,46,788.4,788.323733,201912
1.0,1.0,0.9993,1.0,15629.92,15626.922557,12,7788.23,7788.096102,201912
0.9997,0.9999,0.9991,0.9991,28126.13,28105.182604,34,4467.65,4465.938392,201912
0.9994,0.9997,0.9991,0.9997,15296.05,15282.667381,7,888.32,887.904338,201912
0.9996,0.9997,0.9993,0.9994,4185.8,4183.944429,12,4120.04,4118.223885,201912
0.9997,0.9997,0.9989,0.9989,34433.02,34401.95777,50,5588.11,5584.937708,201912
0.999,0.999,0.999,0.999,8312.84,8304.52716,11,4423.46,4419.03654,201912
0.9991,0.9991,0.999,0.999,2177.91,2175.757979,7,2177.91,2175.757979,201912
0.999,0.9992,0.9989,0.9989,20798.7,20776.967283,19,4508.56,4504.680527,201912
0.999,0.999,0.9989,0.999,3519.07,3515.513697,8,3146.74,3143.59326,201912
0.9989,0.9991,0.9989,0.9989,7425.2,7417.205681,15,1680.54,1678.864807,201912
0.9989,0.9991,0.9989,0.9989,2892.76,2889.68319,7,1001.98,1000.983048,201912
0.999,0.9992,0.9989,0.9992,7684.25,7675.976872,15,906.16,905.342771,201912
0.9991,0.9992,0.999,0.9991,2409.01,2406.840564,9,2359.57,2357.44506,201912
0.9991,0.9992,0.9989,0.9989,19876.85,19857.761144,29,10226.82,10218.346177,201912
0.9989,0.9992,0.9989,0.9991,5993.89,5987.657774,11,1476.09,1474.674764,201912
0.9992,0.9993,0.9989,0.9992,29348.74,29321.009044,39,12635.22,12625.280528,201912
0.9991,0.9991,0.9991,0.9991,948.05,947.196755,6,628.7,628.13417,201912
0.9991,0.9992,0.9989,0.999,11744.65,11732.540456,19,1512.14,1510.716687,201912
0.999,0.9991,0.9989,0.9989,13803.85,13788.825063,17,1578.16,1576.583322,201912
0.999,0.9991,0.999,0.999,2737.35,2734.677167,6,2737.35,2734.677167,201912
0.999,0.9991,0.9989,0.9989,4249.05,4244.854164,13,3279.41,3276.209781,201912
0.999,0.999,0.9989,0.999,1777.64,1775.780632,6,960.36,959.39964,201912
0.999,0.999,0.9989,0.999,1244.1,1242.773792,8,423.02,422.59698,201912
0.999,0.999,0.999,0.999,1207.51,1206.30249,3,1207.51,1206.30249,201912
0.9989,0.999,0.9989,0.999,2683.89,2680.984956,5,472.35,471.87765,201912
0.999,0.9993,0.999,0.9993,2643.47,2640.978536,12,2643.47,2640.978536,201912
0.9992,0.9993,0.9991,0.9991,3582.22,3579.510068,15,2800.51,2798.503607,201912
0.9994,0.9994,0.9992,0.9994,1442.27,1441.290364,10,912.04,911.481818,201912
0.9993,0.9994,0.9992,0.9992,3385.81,3383.194438,24,495.26,494.956456,201912
0.9992,0.9994,0.999,0.999,12677.93,12666.70434,17,185.17,185.041552,201912
0.9992,0.9993,0.9988,0.9988,74746.3,74660.95299,24,12903.1,12889.330424,201912
0.9989,0.9991,0.9988,0.9991,12076.05,12063.180585,29,5222.73,5217.712507,201912
0.9988,0.9992,0.9988,0.9991,15378.62,15364.047815,59,12261.46,12250.337438,201912
0.9991,0.9991,0.9989,0.999,3856.29,3852.335159,15,2031.71,2029.758763,201912
0.999,0.9991,0.9988,0.9991,9494.32,9484.511616,25,5580.42,5575.118595,201912
0.9988,0.9992,0.9988,0.9992,6413.94,6407.460217,15,4338.07,4334.071889,201912
0.9992,0.9992,0.9989,0.9991,3259.1,3256.18772,9,2809.18,2806.758537,201912
0.9991,1.0002,0.9988,1.0,58622.01,58574.393776,119,30189.6,30171.308483,201912
1.0001,1.0001,0.9992,0.9996,16473.55,16464.443443,45,2919.9,2919.297963,201912
0.9999,1.0001,0.9997,0.9998,16575.82,16573.90696,39,12256.61,12255.578789,201912
0.9998,1.0,0.9997,1.0,22786.74,22781.645344,33,5381.26,5381.064496,201912
0.9998,1.0,0.9995,0.9996,5592.37,5590.84505,15,3075.69,3075.107244,201912
0.9995,1.0003,0.9995,1.0002,33647.3,33645.50422,64,32747.95,32746.230633,201912
1.0003,1.0009,0.9998,1.0005,30348.53,30359.603772,77,18541.4,18553.060987,201912
1.0005,1.0005,1.0,1.0002,11529.38,11532.234709,44,6963.89,6966.36463,201912
1.0,1.0002,1.0,1.0,5673.7,5674.224877,27,3948.26,3948.710498,201912
1.0,1.0003,1.0,1.0003,6017.74,6018.937393,25,5752.66,5753.857393,201912
1.0004,1.0005,0.9998,0.9998,16135.34,16136.706328,19,1716.78,1717.591767,201912
0.9996,1.0001,0.9996,0.9999,7304.54,7302.84907,21,3191.88,3191.640793,201912
0.9999,1.0002,0.9998,1.0001,13743.02,13744.013574,25,8641.92,8643.509498,201912
0.9998,1.0001,0.9997,0.9999,10986.31,10984.082702,27,478.09,478.091304,201912
0.9997,0.9999,0.9997,0.9999,7458.23,7456.147006,25,824.37,824.277164,201912
0.9997,0.9999,0.9996,0.9999,5347.11,5345.897175,21,3893.76,3893.005447,201912
0.9998,0.9998,0.9989,0.9997,14584.23,14575.863254,22,4039.45,4038.294934,201912
0.9997,0.9997,0.9991,0.9991,19621.39,19607.787281,41,17804.95,17792.803162,201912
0.9994,0.9994,0.9991,0.9994,2940.0,2937.901554,18,2675.38,2673.519712,201912
0.9991,0.9994,0.9991,0.9994,2033.77,2032.32505,17,1720.03,1718.843303,201912
0.9995,0.9999,0.9993,0.9993,6824.53,6821.32837,37,3283.21,3282.144676,201912
0.9993,1.0003,0.9993,0.9999,20740.82,20738.044203,42,14462.03,14459.856319,201912
0.9999,1.0002,0.9999,0.9999,2453.19,2452.954599,11,33.06,33.066612,201912
1.0001,1.0002,0.9998,1.0,4644.47,4644.2103,25,867.8,867.879007,201912
1.0,1.0001,0.9999,0.9999,2182.52,2182.609032,10,1907.13,1907.23187,201912
1.0001,1.0002,0.9999,1.0002,7200.48,7201.558811,15,6281.03,6282.189474,201912
1.0002,1.0004,0.9999,1.0002,10794.1,10795.902394,24,3701.12,3701.97103,201912
1.0002,1.0003,1.0001,1.0001,6438.8,6439.978141,19,2324.09,2324.680958,201912
1.0002,1.0002,0.9994,0.9997,13416.61,13415.378912,38,4544.71,4544.022738,201912
0.9998,1.0001,0.9998,1.0,6474.7,6473.837361,22,6243.04,6242.223693,201912
0.9998,1.0001,0.9998,1.0001,3075.09,3074.772538,14,927.16,927.190855,201912
1.0,1.0,0.9997,0.9999,3004.17,3003.619803,12,951.18,951.114678,201912
0.9997,1.0,0.9997,0.9997,4981.8,4980.656033,24,1824.98,1824.74628,201912
0.9999,1.0004,0.9997,1.0004,7967.39,7968.046446,27,7347.84,7348.408346,201912
1.0004,1.0004,1.0001,1.0001,4351.6,4352.190111,29,683.18,683.403269,201912
1.0003,1.0003,0.9999,0.9999,6903.28,6903.48955,19,710.06,710.18194,201912
0.9999,1.0001,0.9999,0.9999,1770.11,1770.109204,8,1256.5,1256.550565,201912
1.0,1.0002,0.9999,0.9999,6475.96,6475.607818,22,1224.49,1224.579646,201912
1.0002,1.0002,0.9997,1.0001,21144.78,21145.09126,39,10184.7,10186.481874,201912
1.0001,1.0002,1.0,1.0,10300.44,10301.41301,23,9337.44,9338.41301,201912
1.0,1.0,1.0,1.0,2001.58,2001.58,4,2001.58,2001.58,201912
0.9999,0.9999,0.9997,0.9997,7177.15,7174.996857,24,0.0,0.0,201912
0.9997,0.9999,0.9996,0.9998,6028.02,6025.863722,15,650.32,650.194595,201912
0.9999,0.9999,0.9998,0.9998,2444.47,2444.178453,3,2444.47,2444.178453,201912
0.9998,1.0,0.9997,0.9997,848.33,848.123665,10,444.56,444.474796,201912
0.9997,1.0,0.9997,1.0,593.51,593.452463,4,401.72,401.72,201912
1.0,1.0001,0.9998,0.9998,1339.4,1339.291524,7,822.55,822.544894,201912
0.9998,1.0001,0.9998,1.0,886.13,886.126368,6,51.94,51.945194,201912
1.0001,1.0002,1.0,1.0002,2778.59,2778.940836,11,2442.14,2442.471384,201912
1.0001,1.0005,1.0001,1.0002,2909.86,2910.497771,14,1714.34,1714.745632,201912
1.0002,1.0005,1.0002,1.0002,3109.17,3110.283268,21,1874.98,1875.84643,201912
1.0005,1.0005,1.0002,1.0005,2027.35,2028.216038,7,1670.26,1671.05462,201912
1.0002,1.0005,1.0,1.0,5229.36,5230.276234,13,159.58,159.617061,201912
1.0,1.0004,1.0,1.0,7504.09,7504.746534,16,1663.35,1663.766534,201912
1.0003,1.0003,0.9998,0.9998,2249.68,2249.396213,10,2137.77,2137.503939,201912
0.9996,1.0,0.9996,0.9998,11658.18,11657.886876,10,10744.28,10744.28,201912
0.9998,0.9999,0.9997,0.9997,2042.14,2041.702943,21,241.82,241.789257,201912
0.9999,1.0,0.9997,0.9997,1571.66,1571.544152,15,1335.85,1335.791933,201912
0.9997,1.0,0.9997,0.9999,6205.51,6205.414274,11,5558.69,5558.69,201912
1.0,1.0,1.0,1.0,193.95,193.95,1,193.95,193.95,201912
0.9999,0.9999,0.9997,0.9997,222.26,222.193326,4,0.0,0.0,201912
0.9997,0.9999,0.9997,0.9997,2912.92,2912.071982,5,0.0,0.0,201912
0.9999,1.0002,0.9999,1.0001,1801.03,1801.050253,8,25.49,25.493886,201912
1.0002,1.0002,1.0,1.0,534.68,534.682414,2,534.68,534.682414,201912
0.9999,1.0,0.9997,1.0,401.76,401.702757,3,0.0,0.0,201912
1.0001,1.0001,0.9998,1.0,5689.05,5688.56915,12,315.84,315.871584,201912
0.9998,1.0001,0.9997,1.0001,4170.95,4171.254531,5,3615.34,3615.701534,201912
1.0001,1.0001,0.9995,1.0001,22102.07,22095.950837,22,6484.06,6484.114169,201912
1.0001,1.0001,0.9996,0.9998,7899.77,7897.030854,13,1202.55,1202.384448,201912
0.9997,0.9998,0.9997,0.9998,1169.17,1168.919269,5,1000.2,999.99996,201912
0.9997,0.9997,0.9997,0.9997,29.44,29.431168,1,0.0,0.0,201912
0.9997,1.0,0.9997,1.0,1587.07,1586.854493,7,678.39,678.310291,201912
1.0,1.0,0.9997,0.9999,7710.53,7709.973325,17,5874.65,5874.526815,201912
1.0,1.0,0.9999,1.0,5734.95,5734.886749,12,5102.44,5102.44,201912
1.0,1.0001,0.9997,1.0001,11854.65,11852.25506,28,3402.0,3402.087459,201912
1.0001,1.0001,0.9998,1.0,4846.1,4845.855617,18,3491.19,3491.216599,201912
0.9998,1.0,0.9997,0.9998,12263.17,12260.372903,21,1750.01,1749.899788,201912
1.0,1.0001,0.9997,0.9997,14522.53,14522.504153,25,14426.28,14426.283028,201912
1.0,1.0002,1.0,1.0002,4314.18,4314.670104,23,4210.11,4210.600104,201912
1.0002,1.0002,1.0001,1.0002,4123.61,4124.033678,14,4123.61,4124.033678,201912
1.0002,1.0002,0.9999,0.9999,6790.11,6789.678556,17,1193.51,1193.546081,201912
1.0001,1.0001,0.9999,1.0001,3188.58,3188.734194,4,1490.18,1490.329018,201912
1.0002,1.0002,0.9999,1.0001,4595.04,4595.202287,13,3675.42,3675.674249,201912
1.0001,1.0002,0.9999,1.0002,11905.6,11906.066734,13,7372.69,7373.610025,201912
1.0002,1.0002,0.9999,0.9999,4464.11,4463.751537,18,486.52,486.524634,201912
0.9999,1.0001,0.9996,0.9999,13444.88,13445.052839,20,9575.74,9576.641528,201912
0.9997,1.0001,0.9997,0.9997,1368.24,1368.012089,8,596.79,596.793524,201912
1.0,1.0,0.9997,0.9997,3172.86,3172.311324,8,2810.85,2810.409927,201912
0.9997,1.0,0.9997,0.9997,4740.61,4740.452596,8,4323.89,4323.857612,201912
0.9999,1.0001,0.9997,1.0001,5022.33,5022.113392,10,2971.72,2971.882494,201912
1.0001,1.0001,0.9999,0.9999,1444.99,1445.075863,9,1151.81,1151.925181,201912
0.9999,1.0001,0.9999,0.9999,762.77,762.721519,10,28.25,28.252825,201912
0.9999,1.0001,0.9999,0.9999,1709.55,1709.653646,10,1440.98,1441.110503,201912
0.9999,1.0002,0.9999,1.0001,3440.54,3440.650369,20,1753.93,1754.172942,201912
1.0,1.0002,0.9996,1.0001,20852.87,20851.041285,86,7986.89,7987.950556,201912
0.9998,1.0001,0.9998,1.0001,2029.06,2028.988968,18,1453.36,1453.404108,201912
1.0,1.0001,0.9998,1.0001,10379.7,10380.479907,28,9890.66,9891.537715,201912
1.0002,1.0002,0.9999,1.0002,2817.04,2817.072867,9,2817.04,2817.072867,201912
0.9998,1.0001,0.9998,1.0,10726.45,10724.574346,13,579.24,579.297924,201912
1.0,1.0002,0.9999,1.0002,2764.87,2765.182423,18,2654.24,2654.563486,201912
1.0002,1.0002,1.0001,1.0002,5467.49,5468.529155,23,5467.49,5468.529155,201912
1.0002,1.0004,1.0,1.0,9029.91,9030.605229,33,3375.94,3376.635229,201912
1.0,1.0002,0.9999,1.0002,22090.69,22090.135773,50,2519.19,2519.693838,201912
1.0001,1.0002,0.9996,0.9996,15765.48,15765.207816,36,6649.82,6650.89665,201912
1.0002,1.0008,0.9997,1.0002,67298.86,67314.868991,55,40575.82,40587.078131,201912
1.0002,1.0006,0.9996,0.9997,6125.3,6125.447105,24,4561.34,4561.569777,201912
1.0002,1.0002,0.9996,1.0,20483.9,20478.421911,32,3801.27,3800.584548,201912
1.0,1.0001,0.9997,0.9998,13745.19,13743.556892,26,7316.25,7316.268841,201912
0.9998,1.0,0.9996,0.9997,14288.97,14287.585105,29,8882.95,8882.95,201912
0.9997,1.0001,0.9997,0.9997,9077.01,9076.067667,19,6387.43,6387.294541,201912
0.9997,1.0001,0.9997,0.9998,12460.59,12459.467076,24,8363.34,8363.219487,201912
0.9998,1.0002,0.9998,1.0001,5351.77,5351.52062,15,3435.97,3436.020284,201912
0.9998,1.0001,0.9998,1.0001,6471.11,6470.742705,15,2147.51,2147.724751,201912
1.0001,1.0001,0.9998,1.0001,7549.45,7549.681876,10,5180.7,5181.005902,201912
1.0001,1.0001,0.9999,0.9999,1525.5,1525.501183,5,171.31,171.327131,201912
1.0,1.0001,0.9998,0.9998,5467.52,5467.558398,7,5452.02,5452.061498,201912
1.0,1.0001,0.9998,0.9998,12888.11,12885.926021,24,1763.68,1763.698514,201912
0.9998,1.0001,0.9998,0.9998,4829.06,4828.609992,8,2143.68,2143.767068,201912
0.9998,1.0002,0.9998,0.9998,10137.0,10137.203286,28,1555.73,1555.964973,201912
0.9999,1.0,0.9998,0.9998,4548.14,4547.639687,5,3734.04,3733.702507,201912
0.9998,0.9998,0.9998,0.9998,4757.49,4756.538502,9,0.0,0.0,201912
0.9997,1.0001,0.9997,0.9999,14984.82,14983.8859,25,10680.42,10680.386415,201912
1.0,1.0,0.9998,0.9999,10734.42,10733.519973,17,6986.14,6985.879885,201912
1.0,1.0001,0.9998,1.0001,14415.1,14413.508161,28,5621.16,5621.016815,201912
0.9999,1.0001,0.9998,0.9998,24985.38,24981.503285,31,7859.21,7858.698509,201912
0.9998,1.0001,0.9997,1.0001,22017.76,22013.686917,30,3903.53,3903.31652,201912
1.0001,1.0001,0.9999,0.9999,2417.49,2417.348291,2,2417.49,2417.348291,201912
0.9997,1.0,0.9997,1.0,771.27,771.068646,3,0.0,0.0,201912
1.0001,1.0001,0.9997,1.0,6127.93,6126.264185,13,550.12,550.127525,201912
1.0,1.0,0.9997,1.0,6511.36,6511.109404,16,5752.81,5752.786969,201912
1.0,1.0,0.9997,0.9997,3425.03,3424.171067,7,561.92,561.92,201912
1.0,1.0,1.0,1.0,1543.6,1543.6,6,1543.6,1543.6,201912
0.9999,1.0,0.9998,0.9998,9080.7,9079.240599,24,2602.8,2602.636179,201912
0.9998,1.0,0.9998,0.9998,6115.71,6114.51229,13,127.16,127.16,201912
0.9998,0.9999,0.9997,0.9997,61056.35,61042.021045,36,1321.02,1320.858289,201912
0.9997,1.0,0.9997,1.0,15995.78,15991.676116,23,1893.06,1893.06,201912
1.0,1.0001,0.9997,1.0001,10826.94,10826.145372,30,7032.93,7032.906668,201912
1.0,1.0001,0.9998,0.9999,4433.88,4433.359549,7,2996.46,2996.227033,201912
0.9998,0.9998,0.9997,0.9997,807.2,806.96346,8,56.19,56.178762,201912
0.9997,1.0001,0.9997,0.9998,38845.16,38841.009482,36,16645.69,16646.981479,201912
1.0001,1.0001,0.9998,1.0,3948.94,3948.506526,7,3079.6,3079.340394,201912
0.9998,1.0001,0.9998,0.9998,17149.11,17146.145685,31,1551.69,1551.845169,201912
1.0,1.0,0.9998,0.9998,15908.79,15905.880436,20,1360.97,1360.97,201912
0.9998,1.0004,0.9998,1.0004,27363.67,27367.374608,21,21684.86,21686.911224,201912
1.0005,1.0006,1.0002,1.0004,23434.62,23443.523893,41,5334.65,5337.463806,201912
1.0001,1.0004,1.0001,1.0001,9248.06,9249.930476,12,2614.43,2615.465887,201912
1.0003,1.0004,1.0001,1.0004,9306.96,9309.395016,17,5822.93,5824.834812,201912
1.0004,1.0005,1.0,1.0005,13251.29,13255.87281,38,9059.77,9063.812201,201912
1.0001,1.0005,1.0001,1.0002,7482.98,7485.322326,20,3352.35,3354.005099,201912
1.0005,1.0005,0.9999,1.0,17071.6,17075.065135,41,8550.61,8552.989981,201912
1.0,1.0004,1.0,1.0001,5495.37,5495.892013,12,2199.18,2199.518523,201912
1.0001,1.0005,1.0001,1.0003,4938.66,4939.988807,9,3277.43,3278.401226,201912
1.0005,1.0005,1.0001,1.0001,4541.94,4542.869617,13,1627.85,1628.354085,201912
1.0003,1.0004,1.0,1.0,6912.52,6914.362029,9,4157.17,4158.436653,201912
1.0001,1.0004,1.0,1.0002,5677.99,5679.012234,8,4909.38,4910.402234,201912
1.0,1.0002,1.0,1.0,1491.12,1491.159184,7,195.92,195.959184,201912
1.0,1.0003,1.0,1.0,3295.29,3295.551457,10,1663.39,1663.651457,201912
1.0002,1.0004,1.0001,1.0001,10974.81,10976.971755,27,6897.85,6899.604059,201912
1.0001,1.0004,1.0,1.0001,4685.42,4686.536297,11,3258.39,3259.466166,201912
1.0004,1.0004,1.0004,1.0004,20.75,20.7583,1,20.75,20.7583,201912
1.0002,1.0002,1.0,1.0002,6165.35,6165.6485,6,1156.53,1156.761306,201912
1.0004,1.0004,1.0,1.0002,2721.03,2721.219234,9,395.37,395.459384,201912
1.0001,1.0004,1.0,1.0,3423.95,3424.092743,5,195.15,195.22806,201912
1.0,1.0004,1.0,1.0004,1663.77,1663.827688,17,144.22,144.277688,201912
1.0,1.0004,1.0,1.0004,258.32,258.406048,4,215.12,215.206048,201912
1.0004,1.0004,1.0,1.0003,9312.2,9312.349069,12,400.23,400.379069,201912
1.0002,1.0005,1.0001,1.0005,20114.93,20122.641465,41,17247.48,17254.743254,201912
1.0001,1.0005,1.0,1.0,8853.89,8855.353384,28,561.26,561.54063,201912
1.0,1.0002,1.0,1.0,5865.77,5866.054544,7,1422.72,1423.004544,201912
1.0,1.0004,1.0,1.0004,2438.95,2439.178394,13,1002.59,1002.818394,201912
1.0,1.0004,1.0,1.0004,5948.24,5949.461573,17,3140.8,3141.988041,201912
1.0004,1.0005,1.0,1.0,16707.95,16711.649321,32,4956.65,4958.86675,201912
1.0,1.0001,1.0,1.0001,6235.13,6235.20693,11,0.0,0.0,201912
1.0,1.0002,1.0,1.0,9603.26,9603.291692,16,0.0,0.0,201912
1.0,1.0004,1.0,1.0,24123.37,24124.143817,28,1973.63,1974.295443,201912
1.0004,1.0004,1.0,1.0,2068.78,2068.918484,9,445.59,445.689486,201912
1.0002,1.0004,1.0,1.0,1476.96,1477.286988,9,1188.55,1188.876988,201912
1.0004,1.0007,1.0002,1.0007,4084.6,4086.117733,10,3833.5,3834.957203,201912
1.0003,1.0007,1.0002,1.0003,11613.9,11617.405736,23,1302.6,1303.387754,201912
1.0005,1.0005,1.0001,1.0005,2836.29,2836.700183,13,197.68,197.77884,201912
1.0001,1.0005,1.0001,1.0001,4246.66,4248.051568,8,2643.47,2644.701249,201912
1.0005,1.0005,1.0001,1.0001,1600.15,1600.782542,6,1331.63,1332.23569,201912
1.0004,1.0005,1.0,1.0,50579.8,50581.01234,50,1862.79,1863.347815,201912
1.0,1.0004,1.0,1.0001,5100.07,5100.268741,13,1196.98,1197.121748,201912
1.0002,1.0012,1.0,1.0007,98946.01,99001.088167,70,61411.7,61465.773057,201912
1.0007,1.0007,1.0001,1.0007,16675.48,16683.657275,41,4658.49,4661.474691,201912
1.0005,1.0007,1.0,1.0005,31706.58,31713.656886,42,6845.1,6848.531769,201912
1.0,1.0005,1.0,1.0,16047.8,16049.306639,26,1825.19,1825.588745,201912
1.0,1.0001,0.9993,0.9993,131168.9,131128.619895,107,3352.21,3352.103025,201912
0.9994,1.0,0.9994,0.9998,28276.4,28265.975218,20,21128.85,21120.880895,201912
0.9997,0.9997,0.9995,0.9996,4934.13,4932.047065,6,0.0,0.0,201912
0.9996,0.9998,0.9996,0.9997,5628.73,5626.946963,11,559.74,559.628052,201912
0.9998,0.9999,0.9995,0.9996,20340.52,20335.816441,36,12874.98,12873.08493,201912
0.9995,0.9996,0.9993,0.9994,32777.82,32758.407036,29,1950.13,1949.158922,201912
0.9996,0.9996,0.9994,0.9996,14465.52,14458.868672,30,7486.0,7483.0056,201912
0.9996,0.9998,0.9994,0.9997,13991.1,13986.886432,20,9852.49,9850.048685,201912
0.9997,0.9999,0.9996,0.9999,8256.33,8253.862417,16,941.23,941.092895,201912
0.9998,0.9998,0.9994,0.9994,11074.65,11070.061716,21,3444.19,3443.007459,201912
0.9996,0.9998,0.9994,0.9996,19087.43,19077.919332,37,2793.37,2792.599041,201912
0.9995,0.9996,0.9995,0.9996,7521.33,7517.5834,25,140.65,140.59374,201912
0.9996,0.9998,0.9994,0.9996,27560.75,27550.611726,31,18989.61,18983.706586,201912
0.9994,0.9996,0.9993,0.9995,25559.82,25544.532824,25,2704.61,2703.352561,201912
0.9995,0.9997,0.9993,0.9995,11515.36,11509.09752,15,1059.94,1059.518003,201912
0.9997,0.9997,0.9992,0.9992,40889.55,40860.953288,36,1184.02,1183.568488,201912
0.9995,0.9997,0.9993,0.9994,6746.71,6743.142536,22,3685.65,3684.054744,201912
0.9996,0.9996,0.9993,0.9996,12661.03,12653.543558,19,3848.82,3847.013874,201912
0.9996,0.9996,0.9993,0.9994,19649.61,19637.454046,20,5107.87,5105.713731,201912
0.9996,0.9996,0.9994,0.9994,13486.1,13480.090049,19,9243.07,9239.372772,201912
0.9996,0.9997,0.9993,0.9995,11690.05,11684.476847,25,5081.94,5079.915061,201912
0.9996,0.9997,0.9993,0.9993,7824.97,7821.377391,18,676.53,676.327041,201912
0.9995,0.9998,0.9995,0.9998,21729.01,21722.301029,23,19465.43,19459.574194,201912
0.9998,0.9998,0.9994,0.9994,36740.38,36722.707869,35,10233.32,10229.658072,201912
0.9997,0.9999,0.9995,0.9996,7528.55,7526.101192,17,2394.97,2394.486321,201912
0.9997,0.9999,0.9996,0.9996,8085.78,8083.657655,11,3383.36,3382.77624,201912
0.9999,0.9999,0.9997,0.9998,7954.94,7953.46114,7,5838.62,5837.776036,201912
0.9996,1.0001,0.9996,1.0001,12495.24,12492.400661,21,5148.45,5147.899044,201912
0.9998,1.0001,0.9998,0.9999,16318.44,16317.736717,33,8226.01,8226.580257,201912
1.0001,1.0001,0.9998,0.9998,480.04,480.001952,5,66.46,66.466646,201912
0.9998,1.0001,0.9998,0.9999,2714.87,2714.565358,15,261.78,261.806178,201912
0.9998,1.0,0.9998,0.9998,5713.36,5712.431858,13,0.0,0.0,201912
0.9998,1.0002,0.9998,1.0002,14538.05,14536.088472,15,3766.51,3766.236942,201912
1.0,1.0002,0.9999,0.9999,10099.44,10098.612695,22,355.54,355.598453,201912
0.9998,1.0001,0.9998,1.0001,15024.02,15021.104678,33,132.17,132.181472,201912
0.9998,1.0002,0.9998,1.0001,5012.8,5013.267847,13,3804.3,3804.775143,201912
1.0,1.0003,0.9999,1.0003,13016.44,13016.37014,10,30.38,30.389114,201912
1.0001,1.0002,0.9999,1.0002,11475.85,11476.22626,18,4694.84,4695.297202,201912
0.9999,1.0003,0.9999,1.0001,5230.21,5231.327188,12,4094.91,4096.055494,201912
1.0003,1.0003,1.0001,1.0001,2430.54,2431.138092,5,1775.19,1775.722557,201912
1.0002,1.0002,1.0,1.0,1148.29,1148.403817,5,223.82,223.842382,201912
1.0,1.0,0.9994,0.9998,37719.78,37714.923436,39,20292.01,20289.675061,201912
0.9996,1.0001,0.9996,0.9998,3793.61,3793.073818,9,2601.74,2601.527557,201912
0.9997,1.0,0.9997,0.9998,16210.55,16206.919624,15,1097.39,1097.282255,201912
0.9998,0.9998,0.9997,0.9998,5492.86,5491.413093,12,0.0,0.0,201912
0.9998,0.9999,0.9996,0.9996,8173.76,8171.211352,21,329.42,329.364127,201912
0.9996,0.9998,0.9996,0.9997,2968.47,2967.416472,5,36.85,36.84263,201912
0.9997,0.9997,0.9994,0.9995,2496.45,2495.237336,15,474.63,474.487611,201912
0.9994,0.9997,0.9994,0.9997,7789.32,7785.500087,20,2352.59,2351.865193,201912
0.9994,0.9997,0.9994,0.9997,2659.56,2658.204605,22,288.37,288.283489,201912
0.9997,0.9998,0.9994,0.9998,14710.22,14706.553803,23,13086.27,13083.395083,201912
0.9997,0.9999,0.9997,0.9997,5206.6,5205.04821,10,4464.71,4463.380777,201912
0.9996,0.9998,0.9996,0.9997,7614.77,7612.425671,14,5876.24,5874.550175,201912
0.9998,0.9999,0.9996,0.9997,2800.58,2799.94448,10,1154.22,1154.024224,201912
0.9997,0.9999,0.9996,0.9996,2817.71,2816.820137,8,544.82,544.747493,201912
0.9996,0.9999,0.9996,0.9996,4094.58,4093.080147,14,430.66,430.582979,201912
0.9997,0.9999,0.9995,0.9997,15471.69,15466.990381,18,13597.8,13593.868997,201912
0.9994,0.9999,0.9994,0.9995,4518.71,4517.149588,30,2317.31,2316.74796,201912
0.9995,0.9998,0.9995,0.9998,6711.98,6710.229557,17,5323.63,5322.481676,201912
0.9996,0.9999,0.9995,0.9996,5421.69,5420.172436,17,3682.41,3681.643725,201912
0.9997,0.9999,0.9997,0.9998,1302.66,1302.405055,10,270.54,270.512946,201912
0.9998,1.0,0.9997,1.0,3704.87,3704.592695,17,2581.95,2581.937941,201912
0.9998,1.0001,0.9997,0.9997,5105.78,5104.509401,12,156.48,156.487648,201912
0.9997,0.9998,0.9997,0.9998,1308.85,1308.556841,13,0.0,0.0,201912
0.9998,1.0001,0.9997,0.9999,7797.06,7796.477947,14,2006.08,2006.187628,201912
1.0,1.0,0.9996,0.9999,1946.06,1945.584798,12,937.27,937.061963,201912
0.9999,0.9999,0.9996,0.9997,1706.15,1705.723757,15,566.85,566.74988,201912
0.9998,0.9999,0.9996,0.9999,6173.78,6172.194893,22,260.07,260.030886,201912
0.9996,0.9999,0.9996,0.9996,4182.64,4181.138642,19,627.63,627.509368,201912
0.9996,1.0002,0.9995,0.9999,13790.17,13786.981439,23,4099.05,4098.890308,201912
0.9999,0.9999,0.9995,0.9995,4685.52,4683.802706,26,0.0,0.0,201912
0.9995,0.9999,0.9995,0.9996,1088.53,1088.167369,12,217.72,217.682406,201912
0.9996,0.9997,0.9994,0.9995,1007.25,1006.787338,6,229.5,229.409203,201912
0.9996,0.9996,0.9995,0.9996,1227.29,1226.732267,5,449.45,449.27022,201912
0.9994,0.9997,0.9994,0.9995,8205.04,8200.344531,13,500.46,500.309862,201912
0.9994,0.9997,0.9994,0.9996,1790.86,1790.070307,9,292.89,292.790469,201912
0.9994,0.9995,0.9994,0.9995,3307.09,3305.129512,9,0.0,0.0,201912
0.9997,0.9997,0.9995,0.9997,9185.93,9183.095721,12,8793.43,8790.791971,201912
0.9997,0.9998,0.9995,0.9995,18135.58,18129.951722,22,6384.99,6383.074503,201912
0.9997,0.9999,0.9996,0.9999,7384.16,7382.105986,9,6075.96,6074.185433,201912
0.9999,1.0,0.9998,0.9999,3088.0,3087.52441,10,29.94,29.94,201912
0.9998,1.0,0.9997,0.9997,8010.21,8008.146196,11,23.62,23.62,201912
0.9996,0.9996,0.9994,0.9995,4546.95,4544.600838,7,23.3,23.28835,201912
0.9995,0.9997,0.9995,0.9995,2564.41,2563.42277,8,1999.27,1998.56534,201912
0.9994,0.9997,0.9994,0.9994,785.89,785.497594,8,215.93,215.847948,201912
0.9994,0.9997,0.9994,0.9997,3728.68,3726.849267,12,1551.52,1550.901194,201912
0.9997,0.9997,0.9994,0.9997,11508.07,11503.663014,20,7899.79,7897.413061,201912
0.9995,0.9997,0.9994,0.9994,7913.51,7909.065148,13,1039.44,1039.033027,201912
0.9994,0.9997,0.9994,0.9997,4906.08,4903.441923,17,791.41,791.167581,201912
0.9995,0.9997,0.9994,0.9995,10978.18,10973.503843,13,4296.97,4295.680909,201912
0.9997,0.9997,0.9994,0.9997,13049.32,13044.295838,36,7688.15,7685.843555,201912
0.9997,0.9998,0.9994,0.9996,15055.61,15048.020623,44,2661.21,2660.416259,201912
0.9995,0.9998,0.9994,0.9995,16588.88,16580.283107,35,580.17,580.018473,201912
0.9995,0.9995,0.9994,0.9994,18786.76,18775.879031,41,0.0,0.0,201912
0.9994,0.9997,0.9994,0.9994,6536.62,6533.406776,20,762.86,762.631142,201912
0.9997,0.9998,0.9995,0.9997,6449.54,6447.887907,8,4729.53,4728.584094,201912
0.9997,0.9997,0.9996,0.9997,1666.79,1666.250965,8,0.0,0.0,201912
0.9997,0.9997,0.9996,0.9996,2373.94,2373.197081,6,0.0,0.0,201912
0.9996,0.9999,0.9996,0.9999,8461.23,8459.144474,27,1918.36,1918.094159,201912
0.9997,0.9999,0.9996,0.9996,11825.5,11823.574033,17,8825.35,8824.467465,201912
0.9997,0.9998,0.9996,0.9996,3365.09,3364.11122,8,1106.15,1105.92877,201912
0.9996,0.9999,0.9996,0.9997,3836.36,3835.21676,12,72.63,72.622737,201912
0.9999,0.9999,0.9996,0.9999,1160.68,1160.368678,7,139.38,139.366062,201912
0.9997,0.9999,0.9996,0.9998,7265.0,7263.899594,10,6132.35,6131.607525,201912
0.9996,1.0002,0.9996,1.0002,6390.76,6390.914875,20,519.54,519.643902,201912
1.0001,1.0002,0.9994,0.9994,7426.62,7425.071649,14,889.12,889.058097,201912
0.9994,0.9998,0.9994,0.9995,4159.15,4156.960133,9,723.74,723.520366,201912
0.9995,0.9999,0.9995,0.9998,10834.24,10831.750399,20,9097.59,9095.789482,201912
0.9996,0.9998,0.9996,0.9998,342.48,342.390114,2,0.0,0.0,201912
0.9998,0.9998,0.9998,0.9998,0.0,0.0,0,0.0,0.0,201912
0.9998,0.9998,0.9998,0.9998,0.0,0.0,0,0.0,0.0,201912
0.9998,0.9998,0.9998,0.9998,0.0,0.0,0,0.0,0.0,201912
0.9999,0.9999,0.9999,0.9999,73.83,73.822617,1,73.83,73.822617,201912
0.9999,0.9999,0.9996,0.9999,1289.24,1289.00601,11,648.13,648.065187,201912
0.9999,0.9999,0.9996,0.9998,8639.88,8638.738114,22,6970.65,6969.942819,201912
0.9996,1.0005,0.9996,1.0002,11477.27,11477.741052,27,5985.79,5986.417269,201912
1.0,1.0001,0.9997,1.0001,9137.17,9135.122277,10,42.91,42.914291,201912
1.0,1.0001,0.9997,0.9997,7264.8,7263.196589,15,444.67,444.673399,201912
0.9997,1.0002,0.9997,1.0,11385.54,11384.922852,30,5318.73,5319.572531,201912
1.0001,1.0002,0.9996,0.9996,6990.24,6990.119814,10,1322.36,1322.436826,201912
0.9997,0.9999,0.9997,0.9999,1997.98,1997.67653,6,0.0,0.0,201912
0.9995,0.9999,0.9994,0.9995,4360.95,4359.088198,16,965.76,965.663424,201912
0.9995,0.9998,0.9995,0.9996,4042.76,4041.594114,17,2511.14,2510.637772,201912
0.9995,0.9998,0.9995,0.9995,2728.66,2727.58929,16,898.52,898.340296,201912
0.9996,1.0004,0.9995,1.0004,25070.2,25064.921294,42,17512.05,17509.931773,201912
0.9999,1.0005,0.9999,1.0001,5122.17,5122.30507,21,997.28,997.683599,201912
1.0001,1.0005,0.9994,0.9997,32653.87,32653.620516,59,6441.82,6444.274019,201912
1.0004,1.0004,0.9999,0.9999,4112.78,4112.977089,8,95.65,95.68826,201912
1.0,1.0,0.9999,1.0,7654.52,7654.080592,18,1971.18,1971.18,201912
1.0,1.0,0.9994,0.9994,2620.24,2619.010635,6,2384.74,2383.65193,201912
0.9997,0.9997,0.9995,0.9997,12188.19,12184.372533,22,11581.18,11577.636527,201912
0.9996,0.9996,0.9995,0.9995,15972.46,15966.011706,34,0.0,0.0,201912
0.9995,0.9996,0.9994,0.9994,4237.34,4235.090291,26,604.99,604.748004,201912
0.9997,0.9997,0.9994,0.9997,8658.69,8654.900535,27,2896.11,2895.241167,201912
0.9994,1.0,0.9994,1.0,17389.18,17383.307546,32,4494.7,4493.5575,201912
1.0,1.0,0.9994,0.9996,14537.12,14530.718232,17,10303.61,10298.712285,201912
0.9996,0.9996,0.9994,0.9996,7384.61,7381.333987,20,5019.71,5017.661932,201912
0.9994,0.9998,0.9994,0.9996,7378.05,7375.135838,16,6045.16,6042.808226,201912
0.9995,0.9998,0.9993,0.9996,20153.4,20142.222836,42,2277.24,2276.539682,201912
0.9995,0.9995,0.9993,0.9994,789.03,788.592479,5,663.79,663.429104,201912
0.9995,0.9997,0.9993,0.9993,10843.09,10837.53968,16,6658.76,6655.754087,201912
0.9996,1.0004,0.9993,1.0004,19537.43,19529.902664,32,18998.68,18991.448493,201912
1.0005,1.0005,0.9995,0.9995,7030.06,7029.593105,15,1193.72,1193.827875,201912
0.9995,0.9997,0.9995,0.9996,6147.88,6145.340743,10,5907.94,5905.520713,201912
0.9997,0.9998,0.9995,0.9995,16514.77,16508.93769,23,7838.61,7836.748254,201912
0.9994,0.9995,0.9993,0.9994,7416.85,7412.055475,7,3221.61,3219.740889,201912
0.9994,0.9996,0.9993,0.9995,4333.98,4332.078173,15,3949.25,3947.604576,201912
0.9995,0.9996,0.9993,0.9996,2275.47,2274.194121,5,2060.5,2059.3746,201912
0.9993,0.9996,0.9992,0.9993,3366.75,3364.828967,12,2507.26,2505.944053,201912
0.9996,0.9996,0.9993,0.9996,2335.81,2334.809252,14,2312.95,2311.965254,201912
0.9995,0.9995,0.9995,0.9995,1212.97,1212.363515,3,534.54,534.27273,201912
0.9994,0.9996,0.9993,0.9996,3015.9,3014.569505,8,2801.11,2799.928272,201912
0.9995,0.9996,0.9993,0.9995,2969.46,2968.106955,9,2524.23,2523.13227,201912
0.9993,0.9995,0.9993,0.9993,1844.04,1842.991426,9,1662.74,1661.818336,201912
0.9993,0.9995,0.9993,0.9993,1765.01,1763.95983,10,811.74,811.33413,201912
0.9995,0.9995,0.9993,0.9995,708.1,707.735951,4,625.04,624.72748,201912
0.9995,0.9995,0.9993,0.9995,1523.08,1522.208053,6,1239.27,1238.59672,201912
0.9995,0.9995,0.9995,0.9995,688.19,687.845905,3,688.19,687.845905,201912
0.9993,1.0,0.9993,0.9997,4230.0,4228.595332,15,701.91,701.829808,201912
0.9997,0.9999,0.9994,0.9995,3333.0,3331.849911,17,126.56,126.547344,201912
0.9995,0.9998,0.9994,0.9994,5182.4,5179.747342,17,1293.27,1292.838573,201912
0.9995,0.9997,0.9993,0.9993,4093.58,4091.160191,9,299.43,299.340171,201912
0.9993,0.9996,0.9993,0.9995,2344.62,2343.546414,12,2095.74,2094.84063,201912
0.9993,0.9994,0.9993,0.9994,3905.0,3902.302859,9,363.59,363.371846,201912
0.9994,0.9995,0.9994,0.9995,338.81,338.631678,2,338.81,338.631678,201912
0.9994,0.9996,0.9992,0.9992,10747.51,10739.005603,15,436.26,436.004602,201912
0.9992,0.9996,0.9992,0.9995,7492.34,7487.167946,14,1746.03,1745.231101,201912
0.9995,0.9996,0.9995,0.9995,11408.58,11402.939773,20,640.63,640.373748,201912
0.9995,0.9996,0.9994,0.9995,18329.01,18319.294582,33,1393.05,1392.398819,201912
0.9994,0.9995,0.9994,0.9995,5970.1,5966.618129,11,1001.89,1001.389055,201912
0.9995,0.9995,0.9994,0.9994,4214.06,4211.558252,11,266.88,266.74656,201912
0.9995,0.9995,0.9993,0.9995,3031.82,3030.07051,12,790.3,789.90485,201912
0.9994,0.9995,0.9994,0.9995,5302.56,5299.416975,11,385.11,384.917445,201912
0.9994,0.9994,0.9994,0.9994,293.25,293.07405,2,0.0,0.0,201912
0.9995,0.9995,0.9994,0.9994,355.19,354.985996,3,91.1,91.05445,201912
0.9995,0.9996,0.9995,0.9996,490.09,489.874955,2,490.09,489.874955,201912
0.9994,0.9998,0.9993,0.9998,17055.26,17048.36857,28,15765.82,15759.633742,201912
0.9998,0.9998,0.9995,0.9996,12923.77,12918.872258,20,5423.78,5422.632253,201912
0.9996,0.9997,0.9996,0.9996,1083.73,1083.299846,3,1083.73,1083.299846,201912
0.9996,0.9996,0.9996,0.9996,1076.51,1076.079396,2,1076.51,1076.079396,201912
0.9996,0.9996,0.9995,0.9995,783.77,783.426491,4,483.76,483.566496,201912
0.9997,0.9998,0.9995,0.9997,6208.81,6207.09391,10,4780.21,4779.128052,201912
0.9998,0.9998,0.9995,0.9995,7500.6,7497.626613,30,3500.76,3499.786533,201912
0.9997,0.9998,0.9995,0.9995,8204.67,8201.385428,15,1970.94,1970.256345,201912
0.9995,0.9998,0.9995,0.9997,1662.88,1662.23446,5,834.07,833.838865,201912
0.9997,0.9998,0.9995,0.9996,3691.09,3689.833407,10,3512.84,3511.672532,201912
0.9995,0.9998,0.9995,0.9997,6816.35,6813.795988,11,1164.31,1164.021083,201912
0.9996,0.9998,0.9995,0.9996,1701.1,1700.494002,10,1173.25,1172.87322,201912
0.9996,0.9996,0.9996,0.9996,1042.33,1041.913068,5,698.25,697.9707,201912
0.9996,0.9996,0.9995,0.9995,1869.8,1868.926357,8,323.11,322.980756,201912
0.9995,0.9997,0.9995,0.9996,6661.17,6658.069808,11,1503.94,1503.418423,201912
0.9996,0.9997,0.9995,0.9995,4654.9,4652.74703,11,3278.81,3277.345075,201912
0.9996,0.9997,0.9995,0.9996,2198.07,2197.24208,8,1938.18,1937.482025,201912
0.9996,0.9998,0.9995,0.9997,4972.59,4970.458263,6,1465.56,1465.181778,201912
0.9996,0.9997,0.9995,0.9997,1401.98,1401.422726,7,934.56,934.217322,201912
0.9997,0.9997,0.9996,0.9996,5545.45,5543.264631,9,328.11,328.011567,201912
0.9997,0.9998,0.9996,0.9996,769.29,769.089741,4,755.3,755.105337,201912
0.9996,0.9997,0.9996,0.9996,5847.76,5845.563507,13,1426.11,1425.682167,201912
0.9996,0.9997,0.9996,0.9997,795.53,795.288702,3,769.14,768.909258,201912
0.9996,0.9997,0.9995,0.9995,26860.9,26847.966652,16,340.18,340.077946,201912
0.9996,0.9997,0.9996,0.9996,1029.64,1029.283708,4,1029.64,1029.283708,201912
0.9997,0.9998,0.9996,0.9998,1264.31,1263.953424,6,1264.31,1263.953424,201912
0.9998,0.9999,0.9996,0.9999,4377.16,4376.265437,10,4216.81,4215.979577,201912
0.9998,0.9999,0.9998,0.9999,1884.65,1884.381547,4,1884.65,1884.381547,201912
0.9998,1.0001,0.9998,1.0,718.43,718.445196,5,682.7,682.722342,201912
0.9999,1.0,0.9999,1.0,540.88,540.878801,2,528.89,528.89,201912
1.0,1.0,0.9998,0.9999,3576.68,3576.114218,19,817.79,817.73903,201912
0.9998,1.0,0.9998,0.9998,2059.0,2058.705706,10,1065.22,1065.124462,201912
0.9998,0.9999,0.9998,0.9999,4781.43,4780.53838,5,646.66,646.595334,201912
0.9997,1.0,0.9997,1.0,2326.92,2326.651979,8,1780.79,1780.685818,201912
0.9999,1.0,0.9997,0.9997,1968.93,1968.588884,6,1681.04,1680.785251,201912
0.9999,0.9999,0.9997,0.9997,2084.96,2084.577649,5,725.56,725.487444,201912
0.9998,0.9999,0.9998,0.9999,1049.22,1049.054539,3,443.83,443.785617,201912
1.0,1.0,0.9996,0.9997,10160.49,10157.202,13,1226.39,1226.256725,201912
0.9997,0.9999,0.9997,0.9999,2337.72,2337.251745,8,856.1,856.000566,201912
0.9998,1.0,0.9997,0.9997,3137.32,3136.649602,12,795.22,795.166706,201912
0.9999,1.0,0.9997,1.0,3961.25,3960.653128,10,2303.13,2302.93111,201912
1.0,1.0,0.9998,0.9998,1475.97,1475.82571,4,1475.97,1475.82571,201912
0.9997,1.0,0.9997,1.0,3040.1,3039.562049,15,1698.96,1698.824391,201912
0.9998,1.0,0.9997,0.9999,2046.66,2046.291073,10,1185.49,1185.34597,201912
0.9997,0.9999,0.9997,0.9998,1208.16,1207.907218,8,548.33,548.232546,201912
0.9998,0.9998,0.9996,0.9996,8778.65,8776.080471,18,751.34,751.189732,201912
0.9998,1.0,0.9996,0.9999,9677.91,9677.040409,11,8920.65,8920.083313,201912
0.9999,0.9999,0.9997,0.9999,7608.25,7606.735534,19,4175.72,4175.235293,201912
0.9998,0.9998,0.9998,0.9998,2062.88,2062.467424,6,1421.35,1421.06573,201912
0.9997,0.9998,0.9996,0.9996,20603.3,20595.905145,18,483.11,483.013378,201912
0.9998,0.9998,0.9996,0.9996,17331.6,17324.843986,15,883.13,882.953374,201912
0.9998,0.9999,0.9996,0.9999,7150.36,7149.152066,12,6805.25,6804.14895,201912
0.9999,0.9999,0.9997,0.9997,12590.55,12588.320606,26,9427.14,9425.859629,201912
0.9999,0.9999,0.9996,0.9998,32024.08,32013.323542,57,8364.53,8362.894522,201912
0.9996,0.9999,0.9996,0.9998,12278.76,12275.178908,12,8057.21,8055.15355,201912
0.9997,0.9999,0.9996,0.9997,11667.6,11664.642968,26,4357.37,4356.664172,201912
0.9998,0.9998,0.9996,0.9996,6638.8,6636.299046,10,772.83,772.675434,201912
0.9996,0.9998,0.9996,0.9996,5282.46,5280.86537,10,3752.22,3751.237466,201912
0.9999,0.9999,0.9996,0.9997,8395.63,8392.49009,14,1739.27,1738.792634,201912
0.9998,0.9998,0.9996,0.9996,4602.1,4600.566378,14,1438.95,1438.66221,201912
0.9997,0.9998,0.9996,0.9997,3761.08,3759.797299,15,2058.0,2057.398531,201912
0.9996,0.9997,0.9996,0.9996,3521.65,3520.293181,14,518.41,518.254477,201912
0.9996,0.9998,0.9996,0.9998,5376.86,5374.855664,14,732.04,731.893592,201912
0.9996,0.9998,0.9996,0.9996,6903.09,6900.865225,14,3268.66,3267.888997,201912
0.9997,0.9999,0.9996,0.9996,10990.87,10986.632629,22,480.47,480.376569,201912
0.9996,0.9998,0.9996,0.9998,18314.01,18307.628466,19,6033.17,6031.700802,201912
0.9998,0.9999,0.9995,0.9996,8871.89,8869.042323,19,4093.33,4092.404296,201912
0.9996,0.9998,0.9995,0.9995,10446.16,10442.274036,21,6185.67,6183.771616,201912
0.9995,0.9997,0.9995,0.9997,3790.52,3788.809359,4,188.96,188.903312,201912
0.9995,0.9997,0.9995,0.9997,1301.05,1300.645641,2,1230.83,1230.460751,201912
0.9997,0.9998,0.9994,0.9998,5530.47,5528.500261,13,2976.34,2975.561893,201912
0.9998,0.9998,0.9995,0.9998,13141.42,13137.915139,20,12092.83,12089.849434,201912
0.9995,0.9999,0.9995,0.9995,18888.59,18884.531218,27,17097.79,17094.626618,201912
0.9998,0.9998,0.9994,0.9995,4312.38,4310.569707,11,1578.24,1577.80882,201912
0.9996,0.9997,0.9995,0.9997,5163.36,5161.483419,6,4719.92,4718.265139,201912
0.9995,0.9998,0.9994,0.9997,16112.27,16104.792303,23,2706.34,2705.571261,201912
0.9994,0.9998,0.9994,0.9997,18584.53,18578.762732,17,17940.85,17935.46894,201912
0.9996,0.9998,0.9995,0.9998,3641.74,3640.541189,9,2693.62,2692.895249,201912
0.9997,0.9999,0.9995,0.9995,12461.4,12458.557487,34,9499.2,9497.838587,201912
0.9995,0.9997,0.9994,0.9994,22838.86,22827.172087,33,804.54,804.298638,201912
0.9994,0.9998,0.9994,0.9995,40597.75,40580.354431,70,10414.72,10412.505315,201912
0.9995,0.9998,0.9995,0.9998,42543.13,42529.671366,72,23097.94,23093.1817,201912
0.9996,0.9999,0.9996,0.9998,9211.83,9209.024473,22,4432.96,4432.066021,201912
0.9997,0.9998,0.9997,0.9998,3153.41,3152.493977,2,3153.41,3152.493977,201912
0.9996,0.9997,0.9996,0.9996,7853.55,7850.940229,12,0.0,0.0,201912
0.9999,0.9999,0.9996,0.9998,6574.08,6572.460461,7,2784.91,2784.631509,201912
0.9999,0.9999,0.9996,0.9998,3957.34,3956.272469,9,293.62,293.579939,201912
0.9996,0.9998,0.9996,0.9996,3451.93,3450.869124,6,1599.48,1599.160104,201912
0.9997,0.9997,0.9996,0.9997,10111.57,10107.8763,13,3509.28,3508.227216,201912
0.9995,0.9996,0.9995,0.9995,3416.46,3414.779218,8,274.48,274.370208,201912
0.9997,0.9999,0.9995,0.9996,6179.56,6176.83571,17,1765.39,1764.842795,201912
0.9995,0.9999,0.9995,0.9997,3947.95,3946.939015,10,2511.52,2510.993732,201912
0.9995,0.9998,0.9995,0.9998,1922.79,1921.981854,7,1318.51,1318.003994,201912
0.9995,0.9999,0.9995,0.9999,1041.48,1041.127585,7,165.72,165.703428,201912
0.9995,0.9999,0.9995,0.9999,1903.34,1902.746516,15,935.39,935.263834,201912
0.9999,0.9999,0.9996,0.9999,2056.11,2055.465771,13,594.05,593.990595,201912
0.9996,0.9999,0.9995,0.9999,4930.01,4928.226345,13,668.91,668.843109,201912
0.9999,0.9999,0.9995,0.9998,6107.19,6104.831208,11,2021.19,2020.874208,201912
0.9995,0.9995,0.9995,0.9995,29.59,29.575205,1,0.0,0.0,201912
0.9995,0.9998,0.9995,0.9998,1541.69,1541.067442,4,844.83,844.555872,201912
0.9996,0.9998,0.9996,0.9996,8243.34,8240.448411,9,2987.77,2986.969238,201912
0.9999,0.9999,0.9995,0.9999,139.32,139.29656,3,115.55,115.538445,201912
0.9995,0.9999,0.9995,0.9995,2422.81,2421.605235,4,16.6,16.59834,201912
0.9995,0.9999,0.9995,0.9995,3503.44,3502.106528,10,1045.62,1045.515438,201912
0.9996,0.9999,0.9995,0.9995,3907.41,3906.13726,15,1786.67,1786.36411,201912
0.9995,0.9999,0.9995,0.9996,306.58,306.461337,3,244.3,244.212477,201912
0.9999,0.9999,0.9996,0.9999,4543.23,4542.772377,6,4532.23,4531.776777,201912
0.9999,0.9999,0.9996,0.9996,8614.73,8613.142482,17,6974.31,6973.36504,201912
0.9999,0.9999,0.9996,0.9996,2271.71,2271.11418,9,975.41,975.275635,201912
0.9996,0.9999,0.9996,0.9999,13732.99,13729.495946,33,9941.95,9939.972362,201912
0.9999,0.9999,0.9997,0.9997,1243.22,1242.886224,3,1243.22,1242.886224,201912
0.9999,0.9999,0.9996,0.9996,4774.91,4773.136946,9,1253.94,1253.575334,201912
0.9998,0.9999,0.9996,0.9996,1473.24,1472.89163,5,773.75,773.598422,201912
0.9996,0.9998,0.9996,0.9996,569.55,569.362234,3,200.27,200.229946,201912
0.9999,0.9999,0.9997,0.9997,332.44,332.366806,3,132.69,132.676731,201912
0.9998,0.9998,0.9996,0.9996,4657.54,4655.808774,10,658.95,658.81821,201912
0.9996,0.9996,0.9993,0.9993,4370.5,4368.473823,11,2208.15,2207.26674,201912
0.9995,0.9996,0.9994,0.9996,29611.32,29595.965258,25,810.26,809.935896,201912
0.9995,0.9996,0.9994,0.9996,25014.88,25002.61515,19,9970.38,9966.391848,201912
0.9994,0.9997,0.9994,0.9996,11878.06,11872.325453,27,5882.58,5880.263823,201912
0.9995,0.9998,0.9994,0.9997,5926.14,5923.962319,22,4238.92,4237.723253,201912
0.9994,0.9999,0.9994,0.9997,6247.49,6245.66016,9,5607.02,5605.574442,201912
0.9994,0.9998,0.9994,0.9995,16520.93,16514.767781,21,10714.7,10711.962865,201912
0.9995,0.9998,0.9995,0.9996,3879.7,3878.708797,8,3851.2,3850.223047,201912
0.9995,0.9998,0.9995,0.9995,5327.24,5325.027975,13,2458.84,2458.062175,201912
0.9996,0.9998,0.9995,0.9995,4143.82,4142.043554,10,2828.9,2827.781014,201912
0.9996,0.9997,0.9995,0.9995,20525.11,20515.351726,14,2092.6,2091.97222,201912
0.9998,0.9998,0.9996,0.9996,1571.06,1570.511414,4,1571.06,1570.511414,201912
0.9995,0.9997,0.9994,0.9997,5131.95,5129.783953,15,3456.62,3455.342854,201912
0.9995,0.9995,0.9993,0.9993,65527.09,65482.414908,16,0.0,0.0,201912
0.9995,0.9997,0.9993,0.9996,4004.08,4002.224826,6,2258.72,2257.616544,201912
0.9997,0.9997,0.9995,0.9996,3517.15,3515.69894,7,1880.16,1879.527435,201912
0.9996,0.9997,0.9995,0.9997,7582.73,7579.119357,11,943.32,942.951421,201912
0.9997,0.9997,0.9997,0.9997,2297.53,2296.840741,7,2297.53,2296.840741,201912
0.9997,0.9998,0.9996,0.9998,13648.15,13644.174422,25,13648.15,13644.174422,201912
0.9998,0.9998,0.9995,0.9996,3882.28,3880.655865,13,1221.08,1220.733867,201912
0.9997,0.9998,0.9995,0.9995,8216.9,8214.407567,12,3816.45,3815.614583,201912
0.9995,0.9998,0.9995,0.9995,23902.41,23890.581853,21,1133.46,1133.016328,201912
0.9997,0.9997,0.9995,0.9995,3014.35,3012.851011,8,40.93,40.917721,201912
0.9995,1.0,0.9995,0.9996,10954.22,10953.030475,21,9306.67,9306.218489,201912
0.9996,0.9999,0.9996,0.9999,1574.77,1574.262293,6,237.86,237.836214,201912
0.9997,0.9998,0.9996,0.9998,4970.77,4969.242005,5,3569.82,3568.845251,201912
0.9998,0.9998,0.9996,0.9996,4781.85,4780.299973,10,1655.9,1655.471638,201912
0.9996,0.9998,0.9995,0.9998,5268.67,5266.89718,17,2048.28,2047.837182,201912
0.9996,0.9999,0.9995,0.9995,15428.1,15422.33015,38,3262.39,3261.968548,201912
0.9999,0.9999,0.9995,0.9996,2231.49,2230.461641,8,265.0,264.951565,201912
0.9996,0.9999,0.9996,0.9998,9967.98,9966.103008,19,9055.18,9053.668128,201912
0.9998,0.9999,0.9995,0.9998,29116.04,29108.082158,64,19203.07,19199.223383,201912
0.9999,0.9999,0.9995,0.9998,15552.45,15546.359146,30,4714.91,4713.965793,201912
0.9998,1.0,0.9995,0.9998,16628.44,16623.626019,21,11119.71,11117.28279,201912
0.9998,0.9998,0.9996,0.9998,4764.21,4763.178531,7,1652.65,1652.317985,201912
1.0,1.0,0.9996,0.9996,6686.3,6685.287875,10,3664.09,3663.970666,201912
0.9999,1.0,0.9996,1.0,5376.88,5375.599276,9,242.95,242.95,201912
0.9999,0.9999,0.9996,0.9998,1317.24,1316.880822,4,384.74,384.700322,201912
0.9997,1.0,0.9995,0.9999,24673.41,24664.096665,14,3856.53,3855.668663,201912
0.9999,1.0,0.9997,0.9997,2099.48,2099.090106,7,1270.66,1270.518752,201912
0.9997,1.0,0.9996,0.9996,2236.87,2236.584747,6,415.43,415.391486,201912
0.9996,0.9999,0.9996,0.9996,1794.63,1794.271684,5,469.84,469.699048,201912
0.9996,0.9996,0.9996,0.9996,263.99,263.884404,2,0.0,0.0,201912
0.9996,0.9996,0.9994,0.9996,39557.84,39539.476488,49,14534.73,14528.916108,201912
0.9996,0.9998,0.9994,0.9995,17225.25,17217.220793,30,6594.08,6591.507579,201912
0.9996,0.9997,0.9994,0.9997,25816.5,25802.591553,33,5055.49,5053.132893,201912
0.9996,0.9998,0.9994,0.9994,13864.93,13858.457798,44,1068.84,1068.563915,201912
0.9997,0.9997,0.9994,0.9996,4692.25,4689.971318,13,1216.32,1215.927233,201912
0.9997,0.9997,0.9995,0.9997,3645.0,3643.512991,9,2075.54,2074.837721,201912
0.9997,0.9997,0.9994,0.9997,11665.67,11660.017858,26,3817.71,3816.356792,201912
0.9996,0.9997,0.9995,0.9996,5671.56,5668.843593,10,120.99,120.953703,201912
0.9995,0.9996,0.9995,0.9996,1822.0,1821.242208,6,0.0,0.0,201912
0.9997,0.9997,0.9995,0.9997,1100.78,1100.355403,8,502.5,502.34925,201912
0.9997,0.9998,0.9995,0.9996,24657.43,24649.139398,23,7990.26,7988.469551,201912
0.9995,0.9998,0.9995,0.9995,3146.08,3145.096181,10,1704.93,1704.589014,201912
0.9995,0.9998,0.9995,0.9995,7178.6,7175.442059,16,1350.67,1350.266956,201912
0.9995,0.9997,0.9995,0.9997,3258.94,3257.468841,12,419.06,418.934282,201912
0.9995,0.9997,0.9995,0.9996,2075.91,2075.052877,7,13.34,13.335998,201912
0.9995,0.9997,0.9995,0.9997,3800.49,3798.873933,13,1398.06,1397.597704,201912
0.9997,0.9997,0.9995,0.9995,17488.38,17480.592428,24,4680.08,4678.675976,201912
0.9996,0.9999,0.9995,0.9996,34326.74,34313.13557,49,10489.79,10486.979907,201912
0.9996,0.9998,0.9991,0.9993,93182.03,93124.270807,142,10430.64,10428.259144,201912
0.9993,0.9994,0.9992,0.9992,29473.96,29452.303066,31,5397.58,5394.341452,201912
0.9992,0.9994,0.9992,0.9993,19043.85,19030.348738,36,4755.3,4752.287396,201912
0.9993,0.9994,0.9992,0.9992,13520.27,13510.861794,32,579.75,579.40215,201912
0.9992,0.9994,0.9992,0.9993,27900.8,27880.496843,57,1840.58,1839.475652,201912
0.9993,0.9994,0.9992,0.9993,13108.66,13099.295415,24,105.34,105.276796,201912
0.9993,0.9993,0.9993,0.9993,4357.33,4354.279869,11,0.0,0.0,201912
0.9993,0.9993,0.9992,0.9993,10438.6,10431.201095,4,0.0,0.0,201912
0.9993,0.9993,0.9993,0.9993,31353.48,31331.532564,41,796.36,795.802548,201912
0.9993,0.9993,0.9993,0.9993,7543.22,7537.939746,12,624.29,623.852997,201912
0.9993,0.9993,0.9993,0.9993,4617.41,4614.177813,6,0.0,0.0,201912
0.9992,0.9993,0.9991,0.9991,21412.0,21393.397331,19,1041.42,1040.652006,201912
0.9992,0.9993,0.9991,0.9991,9047.39,9039.510439,8,325.35,325.122255,201912
0.9992,0.9993,0.9991,0.9992,5603.8,5599.107242,15,965.81,965.133933,201912
0.9991,0.9994,0.9991,0.9993,10056.38,10047.727372,20,1096.52,1095.765543,201912
0.9994,0.9994,0.999,0.9991,80442.81,80370.725107,72,1631.62,1630.473745,201912
0.9991,0.9992,0.999,0.9992,29937.22,29910.338086,41,4122.32,4118.647076,201912
0.9991,0.9992,0.9991,0.9992,3053.59,3050.866665,7,0.0,0.0,201912
0.9991,0.9993,0.999,0.9992,31588.64,31562.155185,37,4688.75,4685.467875,201912
0.9991,0.9992,0.999,0.9991,99018.34,98926.558308,93,697.11,696.552312,201912
0.9992,0.9993,0.9991,0.9991,51036.96,50992.317337,48,3302.77,3300.458061,201912
0.9992,0.9993,0.9989,0.999,34060.8,34027.293059,55,0.0,0.0,201912
0.9991,0.9991,0.999,0.9991,4969.19,4964.612976,8,0.0,0.0,201912
0.999,0.9993,0.9989,0.999,26133.01,26109.220364,19,12006.58,11996.935908,201912
0.9991,0.9991,0.999,0.999,3137.25,3134.302579,9,0.0,0.0,201912
0.9991,0.9991,0.9989,0.9991,16478.42,16461.54596,18,2387.39,2385.241349,201912
0.999,0.9992,0.999,0.999,3516.57,3513.260421,4,2036.3,2034.470691,201912
0.9991,0.9992,0.999,0.9991,2429.68,2427.490429,5,36.53,36.500776,201912
0.9992,0.9992,0.9992,0.9992,622.06,621.562352,2,622.06,621.562352,201912
0.9991,0.9991,0.9991,0.9991,362.68,362.353588,3,0.0,0.0,201912
0.999,0.9992,0.999,0.9991,3504.05,3500.78711,6,500.0,499.6,201912
0.999,0.9992,0.999,0.9991,1803.76,1802.235227,4,1208.86,1207.892912,201912
0.9991,0.9991,0.999,0.9991,12919.15,12906.316931,9,0.0,0.0,201912
0.9991,0.9992,0.999,0.999,659.99,659.391363,3,33.63,33.603096,201912
0.9991,0.9992,0.999,0.999,3776.55,3772.84502,12,40.21,40.177832,201912
0.9991,0.9992,0.9991,0.9991,1205.3,1204.248093,3,328.63,328.367096,201912
0.9991,0.9991,0.9991,0.9991,0.0,0.0,0,0.0,0.0,201912
0.9991,0.9992,0.9991,0.9992,729.42,728.824923,6,614.01,613.518792,201912
0.9992,0.9992,0.9991,0.9992,226.8,226.614696,4,188.16,188.009472,201912
0.9992,0.9992,0.9991,0.9991,569.51,569.0356,4,381.59,381.284728,201912
0.9992,0.9992,0.999,0.9992,3383.34,3380.39347,6,2048.98,2047.340816,201912
0.9992,0.9992,0.9991,0.9992,4482.85,4479.212358,9,3969.23,3966.054616,201912
0.9991,0.9991,0.9989,0.9991,15250.83,15235.464107,14,166.07,165.920537,201912
0.9992,0.9992,0.999,0.9991,6286.5,6280.596543,16,1647.03,1645.712376,201912
0.999,0.9992,0.999,0.9992,5506.24,5501.673194,9,4261.57,4258.160744,201912
0.9992,0.9992,0.999,0.999,3137.15,3134.25618,16,1041.93,1041.096456,201912
0.9992,0.9992,0.999,0.999,5412.41,5407.071826,11,333.45,333.18324,201912
0.9989,0.999,0.9989,0.9989,3084.97,3081.579697,17,31.64,31.60836,201912
0.9989,0.999,0.9989,0.999,2196.91,2194.514567,4,211.68,211.46832,201912
0.9989,0.9989,0.9989,0.9989,529.93,529.347077,6,0.0,0.0,201912
0.999,0.999,0.9989,0.9989,7607.94,7599.589657,8,183.91,183.72609,201912
0.9989,0.999,0.9989,0.9989,9016.02,9006.215078,27,0.01,0.00999,201912
0.9989,0.9991,0.9989,0.9989,39922.29,39878.565625,53,651.04,650.454064,201912
0.9989,0.9991,0.9989,0.9991,19768.0,19747.245541,23,5093.66,5089.04083,201912
0.9989,0.9992,0.9989,0.9989,5596.03,5590.044331,19,503.8,503.351056,201912
0.9989,0.9992,0.9989,0.9989,26458.89,26432.553482,36,8561.04,8554.191168,201912
0.999,0.9992,0.9988,0.9988,37368.38,37327.668369,59,1950.9,1949.309074,201912
0.999,0.9991,0.9988,0.9988,34429.21,34388.531854,45,2067.92,2065.821426,201912
0.9988,0.999,0.9988,0.9988,212251.93,211999.468421,142,662.49,661.76806,201912
0.9988,0.9991,0.9986,0.9989,116819.51,116669.606156,109,9395.35,9385.117275,201912
0.9986,0.9989,0.9986,0.9986,109384.56,109235.944916,126,12882.66,12868.460318,201912
0.9986,0.9989,0.9986,0.9986,133269.35,133085.441724,129,6676.01,6668.666389,201912
0.9986,0.9989,0.9986,0.9986,107592.38,107442.64035,107,3438.14,3434.216286,201912
0.9986,0.9989,0.9986,0.9987,27864.51,27827.848817,44,5998.89,5992.152441,201912
0.9986,0.999,0.9986,0.9989,57222.12,57146.113605,65,11639.05,11625.714553,201912
0.9986,0.9987,0.9985,0.9985,30054.52,30011.447799,44,4482.9,4476.838461,201912
0.9985,0.9989,0.9985,0.9989,44212.3,44150.736653,46,10785.02,10772.521924,201912
0.9989,0.9989,0.9985,0.9988,6372.81,6364.788826,11,5939.71,5932.336078,201912
0.9988,0.9988,0.9985,0.9987,10706.16,10690.655434,19,2525.75,2522.446047,201912
0.9985,0.9988,0.9985,0.9985,8326.91,8315.141783,20,2339.28,2336.199388,201912
0.9985,0.9988,0.9984,0.9984,17991.74,17963.710122,28,106.86,106.728369,201912
0.9984,0.9987,0.9984,0.9984,26952.05,26909.486573,19,1481.23,1479.304401,201912
0.9985,0.9986,0.9984,0.9984,7398.64,7387.449689,21,3469.99,3464.893224,201912
0.9985,0.9987,0.9984,0.9985,20723.69,20692.765267,37,7815.76,7805.226266,201912
0.9985,0.9986,0.9984,0.9984,13476.02,13455.577959,14,3648.57,3643.291462,201912
0.9984,0.9986,0.9984,0.9985,67228.77,67121.390145,60,893.27,891.933494,201912
0.9985,0.9986,0.9984,0.9984,50240.22,50161.159676,57,1333.03,1331.063375,201912
0.9986,0.9987,0.9984,0.9985,6417.11,6408.405154,18,5352.04,5344.847712,201912
0.9987,0.9987,0.9986,0.9986,29156.65,29115.976181,41,1454.91,1453.018617,201912
0.9986,0.9987,0.9985,0.9985,7467.33,7456.913465,10,442.37,441.794919,201912
0.9987,0.9987,0.9985,0.9985,3356.81,3352.157302,14,1738.52,1736.259924,201912
0.9986,0.9987,0.9985,0.9986,6699.33,6689.616983,10,1832.15,1829.586722,201912
0.9987,0.9987,0.9985,0.9985,745.54,744.552746,5,655.28,654.428136,201912
0.9987,0.9987,0.9985,0.9987,2558.71,2555.302429,5,2507.18,2503.849724,201912
0.9985,0.9988,0.9985,0.9988,1004.56,1003.307442,8,927.19,926.053497,201912
0.9986,0.9989,0.9985,0.9989,24010.56,23982.165964,11,19632.67,19610.760861,201912
0.9986,0.999,0.9986,0.999,1265.46,1264.088859,5,966.52,965.55348,201912
0.9987,0.999,0.9987,0.9988,2049.59,2047.141562,11,556.58,556.008062,201912
0.9988,0.999,0.9987,0.999,6777.59,6769.251376,18,2367.14,2364.534959,201912
0.999,0.999,0.9987,0.9987,878.34,877.203246,4,16.96,16.94304,201912
0.999,0.999,0.9987,0.9987,2896.68,2893.012636,6,24.16,24.13584,201912
0.999,0.999,0.9987,0.9988,697.75,696.919414,5,222.6,222.343956,201912
0.9988,0.9989,0.9987,0.9989,1244.29,1242.854001,3,1224.35,1222.939923,201912
0.9987,0.999,0.9987,0.9987,1512.36,1510.515538,6,1178.64,1177.229374,201912
0.999,0.999,0.9988,0.9989,2474.65,2472.028906,5,2474.65,2472.028906,201912
0.9987,0.999,0.9987,0.999,1856.91,1854.628091,7,31.86,31.82814,201912
0.9987,0.999,0.9987,0.9987,1631.3,1629.524949,6,1152.13,1150.97787,201912
0.9991,0.9991,0.999,0.999,1019.59,1018.573073,3,430.99,430.561673,201912
0.999,0.9991,0.9988,0.9988,2518.79,2516.118839,6,1713.74,1712.034899,201912
0.9989,0.999,0.9988,0.9989,1974.41,1972.275362,5,967.67,966.644562,201912
0.9989,0.9989,0.9988,0.9988,1542.47,1540.652128,5,0.0,0.0,201912
0.9988,0.9989,0.9988,0.9989,844.45,843.510437,3,588.9,588.25221,201912
0.9989,0.9989,0.9988,0.9988,1103.93,1102.634853,2,295.69,295.364741,201912
0.9989,0.9989,0.9988,0.9989,2743.19,2739.96698,5,688.08,687.323112,201912
0.9989,0.9989,0.9989,0.9989,399.77,399.330253,4,399.77,399.330253,201912
0.9989,0.9989,0.9986,0.9987,4123.01,4117.907994,13,1413.69,1412.134941,201912
0.9988,0.9989,0.9986,0.9988,8260.15,8249.844659,21,1256.31,1254.928059,201912
0.9988,0.9991,0.9987,0.9987,15928.76,15911.48329,16,15035.67,15019.554307,201912
0.999,0.999,0.9988,0.9988,1304.29,1302.731852,5,598.91,598.198308,201912
0.9988,0.9988,0.9986,0.9986,4959.5,4952.636329,21,398.14,397.662232,201912
0.9986,0.999,0.9986,0.999,10263.05,10249.28739,15,669.37,668.667418,201912
0.9988,0.9989,0.9987,0.9989,899.25,898.209289,3,831.36,830.407546,201912
0.9987,0.999,0.9987,0.999,4180.22,4175.037582,13,864.74,863.867706,201912
0.9987,0.999,0.9987,0.999,2664.39,2661.212659,8,904.09,903.18591,201912
0.9988,0.999,0.9987,0.9987,2455.23,2452.171347,8,782.67,781.785675,201912
0.999,0.999,0.9986,0.9986,8259.51,8248.853537,18,2578.31,2575.580936,201912
0.999,0.999,0.9986,0.9986,26206.68,26171.057342,37,1548.6,1546.998154,201912
0.9986,0.999,0.9986,0.9989,6701.5,6693.194005,11,2780.74,2777.88407,201912
0.9986,0.9986,0.9986,0.9986,1693.01,1690.639786,6,0.0,0.0,201912
0.999,0.999,0.9986,0.999,4279.15,4274.387666,11,3173.06,3169.846192,201912
0.9988,0.999,0.9988,0.999,14428.04,14413.289808,29,13495.69,13482.058628,201912
0.999,0.999,0.9989,0.9989,1078.35,1077.176007,7,1035.25,1034.123417,201912
0.9989,0.9989,0.9989,0.9989,0.0,0.0,0,0.0,0.0,201912
0.9988,0.9988,0.9987,0.9988,761.63,760.704836,4,649.54,648.760552,201912
0.999,0.999,0.9986,0.9987,7770.36,7760.998157,21,2357.71,2355.305846,201912
0.999,0.999,0.9986,0.9987,19203.97,19178.845552,57,378.35,377.97165,201912
0.9989,0.999,0.9986,0.9989,3403.18,3398.783014,11,1304.94,1303.480549,201912
0.9986,0.9991,0.9986,0.9986,37255.95,37205.811121,67,4867.01,4862.108122,201912
0.9986,0.9989,0.9986,0.9989,29169.53,29128.819135,25,421.59,421.126251,201912
0.9988,0.9989,0.9986,0.9987,10304.67,10292.292312,18,6738.04,6730.550942,201912
0.9987,0.9988,0.9987,0.9988,2209.18,2206.358209,10,112.03,111.895564,201912
0.9987,0.9989,0.9984,0.9984,235284.76,234950.605482,101,3599.63,3595.431166,201912
0.9985,0.9986,0.9984,0.9984,16082.82,16057.227729,24,0.0,0.0,201912
0.9987,0.9987,0.9984,0.9987,4302.53,4296.769499,9,2808.41,2804.759067,201912
0.9985,0.9988,0.9985,0.9985,11880.73,11865.127986,17,11119.61,11105.149666,201912
0.9985,0.9988,0.9985,0.9986,3655.9,3650.738907,4,41.57,41.520116,201912
0.9985,0.9988,0.9985,0.9985,8165.13,8153.213826,12,2183.39,2180.446436,201912
0.9985,0.9988,0.9985,0.9988,12748.12,12730.885726,13,5452.01,5445.065171,201912
0.9987,0.9987,0.9985,0.9985,3892.47,3887.206824,7,2169.97,2167.149039,201912
0.9987,0.9989,0.9986,0.9986,10646.45,10633.008098,36,6439.54,6431.763492,201912
0.9987,0.9989,0.9987,0.9987,10199.5,10186.750819,14,2514.6,2511.625808,201912
0.9988,0.9989,0.9986,0.9989,14057.47,14039.428354,24,1398.62,1397.081518,201912
0.9986,0.9989,0.9986,0.9986,2617.16,2613.934051,4,2530.35,2527.245585,201912
0.9986,0.9987,0.9986,0.9987,1766.1,1763.795365,3,0.0,0.0,201912
0.9986,0.9988,0.9986,0.9986,683.27,682.441116,3,638.47,637.703836,201912
0.9988,0.9989,0.9986,0.9988,983.67,982.445776,6,11.0,10.9879,201912
0.9987,0.9989,0.9987,0.9987,1437.14,1435.336633,8,625.35,624.60196,201912
0.9986,0.9988,0.9985,0.9988,83159.56,83035.068983,10,372.09,371.643492,201912
0.9986,0.9989,0.9986,0.9986,1829.15,1826.876047,6,991.83,990.682613,201912
0.9987,0.9987,0.9986,0.9986,2509.06,2505.606859,4,595.43,594.655941,201912
0.9986,0.9987,0.9986,0.9987,5145.42,5138.358458,12,1420.46,1418.613402,201912
0.9986,0.9989,0.9986,0.9986,1385.91,1384.140386,11,461.2,460.69268,201912
0.9989,0.9989,0.9986,0.9989,858.46,857.341738,6,161.0,160.8229,201912
0.9986,0.9988,0.9986,0.9986,21736.72,21706.49661,28,1040.09,1038.841892,201912
0.9985,0.9986,0.9985,0.9985,6309.57,6300.217037,10,0.0,0.0,201912
0.9985,0.9985,0.9984,0.9984,109481.28,109307.960359,72,1466.33,1464.130505,201912
0.9984,0.9987,0.9984,0.9984,15083.24,15059.214619,22,808.55,807.364123,201912
0.9984,0.9986,0.9984,0.9984,56550.58,56460.466341,32,741.13,740.018305,201912
0.9984,0.9987,0.9984,0.9984,25931.09,25890.330314,34,3466.7,3461.672923,201912
0.9984,0.9987,0.9984,0.9987,14659.99,14638.672168,11,8412.03,8400.48802,201912
0.9987,0.9987,0.9985,0.9987,6514.51,6505.869511,14,5098.25,5091.622275,201912
0.9986,0.9986,0.9986,0.9986,4870.65,4863.83109,5,0.0,0.0,201912
0.9987,0.9987,0.9986,0.9987,2499.13,2495.731661,5,1004.43,1003.124241,201912
0.9987,0.9987,0.9986,0.9986,25857.24,25821.083023,30,431.59,431.028933,201912
0.9986,0.9986,0.9986,0.9986,172.73,172.488178,4,0.0,0.0,201912
0.9987,0.9987,0.9986,0.9986,1594.59,1592.363979,6,64.05,63.966735,201912
0.9986,0.9989,0.9986,0.9986,3837.43,3832.853608,11,3746.46,3742.010966,201912
0.9986,0.9987,0.9986,0.9987,3421.72,3417.249232,5,0.0,0.0,201912
0.9986,0.9987,0.9986,0.9987,3532.35,3527.756189,3,3514.79,3510.220773,201912
0.9988,0.9989,0.9986,0.9989,4910.98,4904.265011,14,323.77,323.383854,201912
0.9989,0.9989,0.9986,0.9986,846.41,845.321265,3,469.29,468.729233,201912
0.9987,0.9988,0.9986,0.9986,2930.94,2927.052999,4,1961.56,1959.030131,201912
0.9986,0.9988,0.9986,0.9988,2149.16,2146.394326,5,973.47,972.301836,201912
0.9987,0.9989,0.9986,0.9986,1404.54,1402.655222,8,718.52,717.59565,201912
0.9986,0.9988,0.9986,0.9986,2494.93,2491.56042,9,616.61,615.870068,201912
0.9986,0.9987,0.9986,0.9986,977.99,976.642585,7,0.0,0.0,201912
0.9986,0.9988,0.9986,0.9986,6346.81,6338.001346,23,384.4,383.93872,201912
0.9988,0.9989,0.9986,0.9986,7934.49,7923.672848,14,921.25,920.16542,201912
0.9989,0.9989,0.9986,0.9987,10866.63,10854.571576,7,10656.09,10644.309436,201912
0.9988,0.9989,0.9988,0.9989,5606.19,5599.992922,10,5606.19,5599.992922,201912
0.9987,0.9989,0.9987,0.9987,1334.42,1332.832866,6,1079.32,1078.064496,201912
0.9987,0.9988,0.9987,0.9988,4992.65,4986.273475,12,434.9,434.37812,201912
0.9989,0.9989,0.9989,0.9989,161.01,160.832889,1,161.01,160.832889,201912
0.9989,0.9989,0.9987,0.9987,2728.06,2724.627268,7,781.72,780.81751,201912
0.9987,0.9988,0.9987,0.9987,5350.41,5343.513959,14,594.92,594.206096,201912
0.9987,0.9989,0.9987,0.9988,2532.07,2529.171954,9,1779.34,1777.382726,201912
0.9987,0.999,0.9987,0.999,14494.03,14477.382662,23,14094.03,14077.902662,201912
0.9988,0.9992,0.9988,0.999,18448.3,18429.363229,28,11106.97,11096.465659,201912
0.9991,0.9993,0.999,0.9993,1715.97,1714.591456,6,1276.76,1275.810844,201912
0.9992,0.9992,0.9991,0.9992,2151.81,2149.997339,4,2151.81,2149.997339,201912
0.9993,0.9993,0.999,0.999,5300.06,5295.323543,12,2448.95,2447.064653,201912
0.9991,0.9991,0.9987,0.9991,2487.11,2484.43083,6,1535.98,1534.442631,201912
0.9988,0.999,0.9988,0.9989,2228.2,2225.692347,10,1560.55,1558.843527,201912
0.9988,0.9993,0.9988,0.9991,9117.13,9108.790121,19,8138.0,8130.835077,201912
0.9988,0.9991,0.9988,0.999,1914.39,1912.494516,8,635.73,635.115222,201912
0.9991,0.9995,0.999,0.9991,6143.1,6137.237156,22,870.56,869.894107,201912
0.9991,0.9993,0.9991,0.9991,4473.7,4469.941611,13,1635.71,1634.505802,201912
0.9991,0.9994,0.9991,0.9994,1434.21,1433.075902,9,654.24,653.807875,201912
0.9991,0.9993,0.9991,0.9993,1754.85,1753.415985,8,726.75,726.241275,201912
0.9991,0.9993,0.9991,0.9991,1243.84,1242.923099,7,1199.78,1198.902753,201912
0.9991,0.9993,0.9988,0.999,51870.89,51818.229077,55,833.46,832.675956,201912
0.9988,0.9991,0.9987,0.9987,47282.02,47224.534946,45,884.44,883.644004,201912
0.9988,0.9989,0.9987,0.9987,2577.53,2574.452754,9,1841.65,1839.483686,201912
0.9987,0.9991,0.9987,0.9988,16178.24,16159.754962,25,9899.8,9889.476934,201912
0.999,0.9991,0.9989,0.999,25634.66,25608.854246,24,20751.25,20730.327656,201912
0.9992,0.9992,0.9989,0.9991,7513.91,7506.546131,10,1865.42,1863.742226,201912
0.9989,0.9991,0.9988,0.999,15320.78,15305.985928,24,15088.63,15074.103546,201912
0.9991,0.9992,0.999,0.9992,10938.78,10929.63674,14,10315.2,10306.68032,201912
0.9992,0.9992,0.999,0.999,5008.22,5003.850012,13,3862.37,3859.145862,201912
0.999,0.9992,0.999,0.999,9751.74,9742.767112,15,2608.95,2606.86284,201912
0.999,0.9992,0.999,0.999,4390.4,4386.335621,17,1289.65,1288.61828,201912
0.9992,0.9993,0.9987,0.9988,19097.84,19079.051383,20,2174.06,2172.277452,201912
0.9988,0.999,0.9988,0.999,8098.98,8089.66651,27,1549.31,1547.740926,201912
0.999,0.9991,0.9989,0.9991,9344.34,9335.28802,16,8108.9,8101.207004,201912
0.9992,0.9992,0.9988,0.9988,7029.33,7022.766799,12,6831.12,6824.794651,201912
0.9988,0.9992,0.9988,0.9991,31266.29,31229.884389,30,5954.13,5948.087393,201912
0.9987,0.999,0.9987,0.9988,3596.12,3591.981897,16,2240.84,2238.347018,201912
0.9988,0.9991,0.9988,0.9991,12690.27,12677.797192,28,11378.42,11367.521412,201912
0.9991,0.9991,0.9988,0.9988,6575.63,6569.415769,18,6533.42,6527.256421,201912
0.9991,0.9992,0.9988,0.9988,29150.58,29117.290383,29,7181.26,7174.246951,201912
0.9988,0.9991,0.9988,0.9989,7029.1,7021.941559,14,3890.25,3886.627754,201912
0.9989,0.999,0.9987,0.9987,5900.78,5894.188947,9,1736.42,1734.582329,201912
0.9988,0.999,0.9988,0.9989,9775.26,9764.327804,6,4770.77,4765.843192,201912
0.9989,0.9989,0.9988,0.9989,2115.95,2113.615137,7,2042.77,2040.522953,201912
0.9989,0.999,0.9989,0.999,186.24,186.037921,2,27.85,27.82215,201912
0.9989,0.9989,0.9987,0.9988,6491.83,6483.723056,20,607.52,606.790976,201912
0.9988,0.9989,0.9987,0.9989,6266.18,6258.695431,10,3315.03,3311.278726,201912
0.9988,0.9989,0.9988,0.9988,3178.87,3175.126674,8,2478.88,2475.976662,201912
0.9989,0.9989,0.9987,0.9987,2839.09,2835.681794,8,1877.76,1875.601522,201912
0.9987,0.999,0.9987,0.9987,9042.78,9031.355784,13,1449.29,1447.698321,201912
0.9989,0.999,0.9988,0.9988,1556.36,1554.567372,7,1241.03,1239.615768,201912
0.9989,0.9989,0.9988,0.9988,1580.71,1578.91788,11,710.43,709.648527,201912
0.9988,0.999,0.9988,0.9989,2950.07,2946.674975,5,1427.69,1426.121831,201912
0.9989,0.999,0.9988,0.9989,5788.89,5782.710242,11,4566.76,4562.046798,201912
0.9989,0.999,0.9988,0.9989,981.11,980.022738,8,355.81,355.42824,201912
0.9988,0.999,0.9988,0.999,6987.21,6980.099495,12,6783.36,6776.494115,201912
0.9988,0.999,0.9988,0.9989,3977.39,3972.958119,8,1261.38,1260.080925,201912
0.9989,0.999,0.9988,0.999,4098.11,4093.548952,6,1548.25,1546.664996,201912
0.9988,0.9991,0.9988,0.9991,2442.52,2439.876383,7,1011.95,1010.903245,201912
0.999,0.9991,0.9988,0.9988,1464.15,1462.639932,6,934.11,933.185118,201912
0.9988,0.9991,0.9988,0.9989,9688.61,9677.348031,18,1797.79,1795.901394,201912
0.9989,0.9993,0.9989,0.9991,11249.3,11239.145491,22,10428.44,10419.188437,201912
0.9991,0.9991,0.999,0.999,23504.34,23480.894603,24,1638.64,1637.060303,201912
0.9991,0.9992,0.999,0.9992,10593.06,10582.632725,9,1627.82,1626.357965,201912
0.9992,0.9993,0.9992,0.9992,3388.55,3385.969533,8,3388.55,3385.969533,201912
0.9993,0.9993,0.9991,0.9991,15487.39,15474.148413,15,7358.28,7352.051393,201912
0.9989,0.9993,0.9989,0.9991,2807.33,2804.849248,9,1538.2,1536.882231,201912
0.9992,0.9995,0.9989,0.9989,10563.88,10553.679617,15,2988.88,2986.511817,201912
0.9991,0.9991,0.9989,0.9991,2669.7,2667.00033,5,593.15,592.616165,201912
0.9989,0.9991,0.9989,0.9991,2782.4,2779.781794,4,2212.17,2210.179047,201912
0.9992,0.9992,0.9988,0.9991,3908.41,3904.339151,13,687.19,686.59098,201912
0.9989,0.9991,0.9989,0.9991,4296.82,4292.491865,9,2327.5,2325.338117,201912
0.999,0.9991,0.999,0.999,1969.85,1967.928227,4,480.77,480.337307,201912
0.9991,0.9991,0.9989,0.9991,1307.99,1306.781768,6,1187.84,1186.763933,201912
0.999,0.9991,0.999,0.9991,2077.8,2075.853725,6,2077.8,2075.853725,201912
0.999,0.9991,0.9989,0.9991,1571.9,1570.336443,5,1019.25,1018.294358,201912
0.9991,0.9991,0.9989,0.9991,1113.91,1112.860955,5,1050.71,1049.730475,201912
0.999,0.9991,0.9988,0.9991,22435.46,22409.247271,15,1241.71,1240.560929,201912
0.9988,0.9992,0.9988,0.9991,3807.92,3803.685203,11,1394.03,1392.634584,201912
0.9988,0.9992,0.9988,0.9989,8873.85,8865.706008,14,6494.05,6488.530899,201912
0.9989,0.9991,0.9988,0.9988,4174.65,4170.224655,16,1246.53,1245.325656,201912
0.9988,0.9991,0.9988,0.9991,737.99,737.307404,4,676.64,676.031024,201912
0.999,0.9991,0.999,0.9991,581.28,580.740003,2,581.28,580.740003,201912
0.999,0.999,0.999,0.999,149.68,149.53032,3,136.43,136.29357,201912
0.9991,0.9992,0.9988,0.9988,557.08,556.616892,5,539.75,539.307688,201912
0.9991,0.9992,0.9988,0.9989,4501.18,4496.178843,10,1719.21,1717.542963,201912
0.9992,0.9992,0.9988,0.9991,3026.99,3023.970904,6,2919.36,2916.47006,201912
0.9989,0.9992,0.9988,0.9991,1201.69,1200.524517,9,1033.33,1032.366549,201912
0.9988,0.9992,0.9988,0.9988,13673.63,13657.630714,19,1365.85,1364.565396,201912
0.999,0.9992,0.9988,0.9991,1846.95,1845.154359,6,902.87,902.044677,201912
0.9988,0.9992,0.9988,0.9988,21192.09,21168.183266,28,3872.32,3869.07467,201912
0.9991,0.9991,0.9988,0.9988,1512.2,1510.637111,7,759.95,759.239609,201912
0.9988,0.9991,0.9987,0.9987,9445.78,9434.29946,14,1608.56,1606.927669,201912
0.9988,0.999,0.9988,0.9988,1726.97,1725.161308,7,1359.96,1358.59172,201912
0.9988,0.999,0.9988,0.9989,1429.82,1428.167372,7,1429.82,1428.167372,201912
0.9989,0.999,0.9987,0.9988,1911.7,1909.468744,5,1462.8,1461.152314,201912
0.9989,0.999,0.9987,0.9989,13295.48,13281.48431,13,11475.32,11463.554413,201912
0.9987,0.999,0.9987,0.9989,1511.84,1510.076116,9,1254.71,1253.268872,201912
0.9987,0.999,0.9987,0.999,2364.26,2361.448501,8,1468.88,1467.209892,201912
0.9988,0.999,0.9988,0.9989,3227.13,3223.381995,7,3227.13,3223.381995,201912
0.9987,0.9989,0.9987,0.9987,2130.74,2128.14004,7,850.01,849.074989,201912
0.9987,0.9989,0.9986,0.9989,3803.92,3799.257378,11,2102.2,2099.764495,201912
0.9989,0.9989,0.9989,0.9989,840.77,839.845153,2,840.77,839.845153,201912
0.9989,0.9989,0.9987,0.9989,7350.75,7341.302775,9,1565.75,1563.784275,201912
0.9989,0.9989,0.9988,0.9989,604.06,603.394436,3,593.08,592.427612,201912
0.999,0.999,0.999,0.999,375.89,375.51411,1,375.89,375.51411,201912
0.999,0.999,0.999,0.999,43.03,42.98697,1,43.03,42.98697,201912
0.999,0.999,0.9987,0.999,6693.28,6685.230081,10,2164.78,2162.501229,201912
0.9989,0.999,0.9989,0.999,827.21,826.316125,4,827.21,826.316125,201912
0.9988,0.999,0.9988,0.9989,2253.53,2251.041911,9,1897.87,1895.808703,201912
0.999,0.9991,0.9988,0.9991,8396.33,8388.136483,16,8396.33,8388.136483,201912
0.9991,0.9992,0.9989,0.9991,12543.24,12530.748476,10,6638.17,6632.078849,201912
0.9991,0.9991,0.9991,0.9991,0.0,0.0,0,0.0,0.0,201912
0.999,0.999,0.999,0.999,190.89,190.69911,2,156.9,156.7431,201912
0.9991,0.9992,0.9989,0.9989,5177.83,5173.265577,6,5126.87,5122.361633,201912
0.9991,0.9992,0.9991,0.9992,815.29,814.559699,3,815.29,814.559699,201912
0.999,0.9991,0.999,0.999,951.54,950.624164,5,650.23,649.615474,201912
0.9991,0.9992,0.999,0.999,932.12,931.281733,5,921.12,920.292733,201912
0.9991,0.9991,0.9989,0.9989,5136.37,5130.878455,11,606.87,606.323817,201912
0.999,0.9991,0.9989,0.999,5547.09,5541.193324,16,1395.86,1394.529677,201912
0.9989,0.9991,0.9986,0.9989,11421.75,11408.756318,27,924.18,923.127184,201912
0.9986,0.999,0.9986,0.9989,4083.29,4078.759416,12,3190.9,3187.618762,201912
0.9988,0.9988,0.9987,0.9988,1905.35,1902.93607,4,1275.49,1273.894888,201912
0.9988,0.9989,0.9987,0.9989,9452.15,9441.514485,17,8962.67,8952.670809,201912
0.9989,0.999,0.9988,0.999,8942.05,8932.210337,14,8942.05,8932.210337,201912
0.9988,0.9994,0.9988,0.9992,11718.54,11708.41072,17,7049.95,7044.652082,201912
0.999,0.9992,0.999,0.9992,747.88,747.272148,3,700.14,699.579888,201912
0.9992,0.9993,0.999,0.9992,5133.14,5129.105989,6,4190.29,4187.198839,201912
0.9992,0.9992,0.9987,0.9991,3633.24,3629.730298,5,2299.12,2296.958734,201912
0.9991,0.9991,0.9989,0.999,969.03,968.037908,4,969.03,968.037908,201912
0.9988,0.9991,0.9988,0.9991,2811.27,2808.3459,3,2811.27,2808.3459,201912
0.9987,0.999,0.9987,0.999,1575.57,1573.839616,7,1367.29,1365.83038,201912
0.999,0.999,0.9988,0.999,934.28,933.247778,3,934.28,933.247778,201912
0.9991,0.9991,0.9987,0.9991,5415.57,5408.774176,9,668.07,667.445926,201912
0.9988,0.9989,0.9987,0.9988,1263.15,1261.614838,4,298.0,297.659568,201912
0.9988,0.9988,0.9986,0.9986,1458.09,1456.255771,4,1357.18,1355.487045,201912
0.9987,0.9987,0.9986,0.9986,11200.64,11185.049259,7,901.55,900.377985,201912
0.9985,0.9988,0.9985,0.9988,21703.32,21671.571943,27,1130.82,1129.430143,201912
0.9988,0.9988,0.9985,0.9987,3160.51,3156.559653,6,1928.32,1926.006016,201912
0.9985,0.9988,0.9985,0.9985,7382.09,7371.721372,7,3082.32,3078.401027,201912
0.9988,0.9988,0.9985,0.9988,5142.06,5135.587812,8,5096.78,5090.375732,201912
0.9988,0.9988,0.9987,0.9988,749.32,748.393929,4,453.17,452.626196,201912
0.9986,0.9988,0.9986,0.9988,1259.75,1258.093944,2,1259.75,1258.093944,201912
0.9986,0.9988,0.9986,0.9988,1976.97,1974.46223,5,677.72,676.906736,201912
0.9987,0.9988,0.9987,0.9988,1915.54,1913.132139,3,1915.54,1913.132139,201912
0.9987,0.9988,0.9985,0.9987,11897.39,11880.172552,12,3616.12,3611.27592,201912
0.9989,0.9991,0.9986,0.9986,1984.41,1982.078019,8,1784.42,1782.368005,201912
0.9989,0.9989,0.9985,0.9985,2467.41,2464.546687,10,2344.67,2341.985584,201912
0.9986,0.9988,0.9985,0.9988,2033.04,2030.395068,9,1756.27,1754.021808,201912
0.9988,0.9989,0.9986,0.9988,1800.8,1798.538999,4,1800.8,1798.538999,201912
0.9986,0.9989,0.9986,0.9988,5450.6,5443.48245,6,5450.6,5443.48245,201912
0.9988,0.9988,0.9986,0.9988,1256.63,1255.096214,3,1127.48,1126.127024,201912
0.9985,0.9988,0.9985,0.9985,1793.68,1791.283663,8,1195.42,1193.903441,201912
0.9985,0.9989,0.9985,0.9989,4769.36,4763.723732,13,4584.96,4579.600332,201912
0.9987,0.9989,0.9986,0.9989,1590.74,1588.740925,8,1303.01,1301.404921,201912
0.9986,0.9989,0.9986,0.9988,4738.48,4732.310906,13,1099.86,1098.562771,201912
0.9988,0.9989,0.9988,0.9989,740.34,739.454993,4,740.34,739.454993,201912
0.9989,0.9989,0.9988,0.9988,608.07,607.360714,2,608.07,607.360714,201912
0.9988,0.9989,0.9988,0.9988,2290.36,2287.750268,4,2290.36,2287.750268,201912
0.9989,0.9989,0.9987,0.9987,2900.53,2897.143043,3,2900.53,2897.143043,201912
0.9987,0.9987,0.9986,0.9986,800.91,799.834477,3,457.51,456.915237,201912
0.9988,0.9988,0.9985,0.9987,11598.35,11581.406926,10,676.8,675.934647,201912
0.9987,0.9987,0.9985,0.9987,894.99,893.704592,7,894.99,893.704592,201912
0.9987,0.9987,0.9984,0.9986,1772.59,1770.061711,10,1719.86,1717.416079,201912
0.9986,0.9987,0.9985,0.9986,3266.45,3262.097332,13,3012.1,3008.128857,201912
0.9986,0.9987,0.9986,0.9986,2838.41,2834.599736,8,2838.41,2834.599736,201912
0.9986,0.9986,0.9986,0.9986,364.51,363.999686,2,364.51,363.999686,201912
0.9986,0.9986,0.9986,0.9986,958.23,956.888478,2,958.23,956.888478,201912
0.9986,0.9986,0.9986,0.9986,1198.2,1196.52252,2,1198.2,1196.52252,201912
0.9987,0.9987,0.9985,0.9985,3969.36,3963.667804,13,1886.21,1883.642529,201912
0.9986,0.9987,0.9985,0.9986,1820.44,1818.005001,6,1757.09,1754.750026,201912
0.9986,0.9986,0.9986,0.9986,819.04,817.893344,3,819.04,817.893344,201912
0.9986,0.9987,0.9986,0.9987,209.68,209.393141,2,209.68,209.393141,201912
0.9986,0.9987,0.9986,0.9986,5767.69,5759.622621,13,502.14,501.444391,201912
0.9985,0.9986,0.9985,0.9986,1713.03,1710.49261,8,321.55,321.09983,201912
0.9987,0.9991,0.9987,0.9988,18489.48,18468.731905,13,11085.98,11072.995405,201912
0.9989,0.9992,0.9988,0.9991,12691.8,12678.172844,24,4466.55,4462.687784,201912
0.9989,0.9992,0.9988,0.9991,8441.3,8432.620736,16,2416.04,2413.898411,201912
0.9988,0.9991,0.9987,0.9987,13225.85,13211.507502,20,4559.56,4555.011038,201912
0.9987,0.999,0.9987,0.9988,5236.21,5230.062819,9,2750.03,2746.895631,201912
0.9989,0.999,0.9986,0.9989,3187.02,3183.484827,7,3039.29,3035.961649,201912
0.9987,0.999,0.9984,0.9984,6697.07,6688.364945,12,5609.3,5602.193663,201912
0.9986,0.9987,0.9986,0.9986,1604.11,1601.912714,9,1044.4,1042.986308,201912
0.9988,0.9988,0.9988,0.9988,22.39,22.363132,1,22.39,22.363132,201912
0.9985,0.9987,0.9984,0.9984,1891.55,1888.728251,4,1295.97,1294.101179,201912
0.9988,0.9989,0.9987,0.9989,2805.79,2802.302663,7,2805.79,2802.302663,201912
0.9989,0.9989,0.9984,0.9985,73139.1,73029.097807,21,14510.71,14493.380159,201912
0.9988,0.9988,0.9984,0.9986,15985.49,15962.832533,26,4354.54,4349.263251,201912
0.9988,0.9988,0.9987,0.9988,11734.2,11720.114474,14,11689.34,11675.312792,201912
0.9987,0.999,0.9987,0.999,4107.41,4102.538781,18,2261.6,2258.955186,201912
0.9988,0.9992,0.9988,0.9991,7989.59,7980.795619,22,3188.2,3184.903685,201912
0.9991,0.9991,0.9986,0.9986,2210.88,2207.89957,8,59.9,59.84609,201912
0.9987,0.9987,0.9987,0.9987,1741.65,1739.385855,1,1741.65,1739.385855,201912
0.9987,0.9987,0.9985,0.9986,4954.64,4947.696506,12,50.0,49.935,201912
0.9988,0.9989,0.9985,0.9986,2794.25,2790.511337,13,327.78,327.419442,201912
0.9986,0.9991,0.9986,0.9991,6689.56,6681.681107,19,3413.46,3409.695614,201912
0.999,0.999,0.9987,0.9988,5533.69,5527.127575,16,0.0,0.0,201912
0.9988,0.999,0.9988,0.9989,3370.86,3367.405642,8,3184.04,3180.809826,201912
0.9988,0.999,0.9988,0.999,1792.51,1790.714632,5,1778.22,1776.44178,201912
0.999,0.999,0.9989,0.9989,400.99,400.550011,4,11.0,10.989,201912
0.999,0.999,0.999,0.999,302.61,302.30739,1,302.61,302.30739,201912
0.9989,0.999,0.9988,0.999,752.39,751.556573,9,575.51,574.888828,201912
0.9989,0.9991,0.9988,0.9988,6520.22,6513.564542,8,5654.89,5649.272938,201912
0.9988,0.999,0.9987,0.9987,3277.66,3273.872462,10,2342.34,2339.75905,201912
0.9987,0.9988,0.9987,0.9988,3444.83,3440.395794,2,440.73,440.201124,201912
0.9987,0.9988,0.9987,0.9987,1553.24,1551.289771,3,689.83,689.002204,201912
0.9988,0.9989,0.9987,0.9988,1077.18,1075.920041,7,952.3,951.202385,201912
0.9989,0.9991,0.9987,0.999,17443.95,17426.102284,29,17273.38,17255.754025,201912
0.9992,0.9992,0.9989,0.9989,5490.92,5485.026067,8,486.93,486.540456,201912
0.999,0.9991,0.999,0.9991,820.55,819.770843,2,820.55,819.770843,201912
0.9989,0.9991,0.9988,0.9988,8715.52,8706.228326,11,2706.15,2703.491169,201912
0.9988,0.9988,0.9988,0.9988,1999.99,1997.590012,3,1835.35,1833.14758,201912
0.9988,0.9991,0.9988,0.9989,787.84,786.983123,4,787.84,786.983123,201912
0.9989,0.9989,0.9989,0.9989,66.54,66.466806,2,0.0,0.0,201912
0.9989,0.9989,0.9988,0.9988,6426.9,6419.223185,8,0.0,0.0,201912
0.9989,0.999,0.9988,0.9988,6819.44,6811.535286,7,2492.69,2489.977386,201912
0.9987,0.9991,0.9985,0.9991,5846.97,5839.85427,7,5791.7,5784.667175,201912
0.9989,0.9989,0.9987,0.9988,2097.81,2095.198027,5,1099.64,1098.325648,201912
0.9986,0.9988,0.9986,0.9987,1526.33,1524.26544,6,1481.41,1479.408328,201912
0.9986,0.9986,0.9983,0.9985,2604.14,2600.117063,5,1172.55,1170.791175,201912
0.9984,0.9987,0.9984,0.9987,2316.42,2312.734026,5,67.66,67.572042,201912
0.9984,0.9987,0.9984,0.9986,7110.99,7101.372912,8,6677.19,6668.207096,201912
0.9986,0.9986,0.9986,0.9986,122.79,122.618094,2,0.0,0.0,201912
0.9986,0.999,0.9986,0.999,854.08,853.100762,5,545.7,545.152494,201912
0.9989,0.9989,0.9988,0.9989,1403.71,1402.120986,4,954.38,953.330182,201912
0.9989,0.9989,0.9988,0.9988,3131.38,3127.687511,7,651.67,650.953163,201912
0.9988,0.9989,0.9988,0.9989,1452.47,1450.790127,6,630.91,630.215999,201912
0.9989,0.9989,0.9988,0.9988,376.0,375.555892,2,70.92,70.841988,201912
0.9989,0.9989,0.9988,0.9989,1002.72,1001.579958,3,253.47,253.191183,201912
0.9988,0.9989,0.9988,0.9989,884.55,883.535751,4,472.11,471.590679,201912
0.9989,0.999,0.9989,0.999,1701.53,1699.810062,2,1701.53,1699.810062,201912
0.9989,0.999,0.9988,0.9989,647.14,646.426629,4,601.37,600.711553,201912
0.9989,0.999,0.9986,0.999,2774.47,2770.757631,6,445.37,444.917875,201912
0.9987,0.9987,0.9987,0.9987,243.61,243.293307,1,243.61,243.293307,201912
0.9987,0.9987,0.9985,0.9987,6153.89,6145.296411,9,296.09,295.681115,201912
0.9985,0.9987,0.9985,0.9987,2926.45,2922.117916,7,539.51,538.758326,201912
0.9984,0.9985,0.9983,0.9983,829.93,828.618704,5,731.31,730.166358,201912
0.9983,0.9985,0.9983,0.9985,4331.09,4323.841123,7,569.88,569.02518,201912
0.9986,0.9988,0.9983,0.9988,18239.38,18214.219734,40,16848.74,16825.806886,201912
0.9988,0.9989,0.9985,0.9989,15898.23,15876.610775,16,1832.35,1830.110064,201912
0.9985,0.9987,0.9984,0.9984,7127.11,7116.381014,11,781.82,780.72711,201912
0.9987,0.9987,0.9984,0.9986,3362.8,3358.277751,10,2600.77,2597.388999,201912
0.9986,0.9986,0.9985,0.9985,10940.85,10924.470035,8,313.1,312.66166,201912
0.9985,0.9985,0.9983,0.9983,11253.0,11234.340446,17,1055.0,1053.391712,201912
0.9984,0.9984,0.9984,0.9984,487.43,486.650112,1,487.43,486.650112,201912
0.9985,0.9987,0.9983,0.9983,19388.08,19355.374226,20,1001.93,1000.480681,201912
0.9986,0.9987,0.9983,0.9987,2562.36,2558.613967,6,1150.38,1148.770853,201912
0.9983,0.9986,0.9983,0.9985,3076.9,3072.22873,6,1478.74,1476.617568,201912
0.9985,0.9985,0.9983,0.9983,5758.83,5749.242367,8,711.11,710.043335,201912
0.9983,0.9986,0.9983,0.9986,6347.59,6337.385269,17,1480.59,1478.427422,201912
0.9986,0.9987,0.9984,0.9986,4514.88,4508.323171,5,4130.22,4124.278627,201912
0.9985,0.9986,0.9985,0.9986,1187.81,1186.117355,2,1187.81,1186.117355,201912
0.9985,0.9987,0.9982,0.9982,19000.41,18968.977347,14,5298.49,5290.382246,201912
0.9982,0.9989,0.9982,0.9989,16188.83,16166.237809,7,11457.41,11443.334365,201912
0.9988,0.9989,0.9987,0.9989,2017.12,2014.664725,5,2017.12,2014.664725,201912
0.9986,0.9986,0.9983,0.9986,4845.12,4837.362101,9,53.05,52.97573,201912
0.9982,0.9985,0.9982,0.9983,3402.13,3396.734937,7,2286.83,2283.399755,201912
0.9982,0.9985,0.9982,0.9982,1988.57,1985.287892,5,991.06,989.57341,201912
0.9985,0.9985,0.9985,0.9985,792.48,791.29128,1,792.48,791.29128,201912
0.9985,0.9986,0.9983,0.9983,4639.97,4632.481181,10,3540.72,3535.099906,201912
0.9983,0.9984,0.9983,0.9984,1178.64,1176.736108,3,997.96,996.363264,201912
0.9984,0.9984,0.9983,0.9983,1202.48,1200.468695,2,1202.48,1200.468695,201912
0.9983,0.9985,0.9982,0.9982,4210.03,4202.854817,9,1365.65,1363.43849,201912
0.9983,0.9985,0.9983,0.9985,6372.35,6362.502202,7,4487.1,4480.307602,201912
0.9985,0.9986,0.9985,0.9986,856.22,854.954782,2,856.22,854.954782,201912
0.9986,0.9986,0.9986,0.9986,8357.43,8345.729598,14,8357.43,8345.729598,201912
0.9985,0.9986,0.9985,0.9985,8540.01,8527.949985,3,8150.02,8138.54497,201912
0.9986,0.9986,0.9984,0.9984,515.96,515.230766,3,481.51,480.835886,201912
0.9984,0.9984,0.9984,0.9984,372.62,372.023808,4,0.0,0.0,201912
0.9985,0.9985,0.9984,0.9984,179.88,179.606499,2,143.07,142.855395,201912
0.9985,0.9986,0.9985,0.9986,859.55,858.266889,3,859.55,858.266889,201912
0.9986,0.9986,0.9986,0.9986,362.76,362.252136,2,362.76,362.252136,201912
0.9985,0.9985,0.9983,0.9983,1092.43,1090.686188,7,0.0,0.0,201912
0.9983,0.9986,0.9983,0.9983,953.03,951.625104,5,742.26,741.213413,201912
0.9986,0.9986,0.9984,0.9984,450.24,449.553685,3,450.24,449.553685,201912
0.9983,0.9986,0.9983,0.9986,6844.44,6834.126945,14,4408.31,4402.138366,201912
0.9987,0.9987,0.9987,0.9987,535.61,534.913707,1,535.61,534.913707,201912
0.9988,0.9988,0.9986,0.9986,4226.69,4220.807186,7,331.54,331.110396,201912
0.9987,0.9987,0.9986,0.9986,1230.39,1228.704983,2,375.29,374.802123,201912
0.9987,0.9987,0.9984,0.9984,6955.06,6944.757701,13,523.83,523.149021,201912
0.9986,0.9986,0.9986,0.9986,961.3,959.95418,4,217.74,217.435164,201912
0.9986,0.9986,0.9984,0.9984,5672.57,5663.660361,12,749.7,748.599511,201912
0.9984,0.9986,0.9984,0.9986,2550.92,2546.923557,4,830.09,828.846885,201912
0.9984,0.9985,0.9983,0.9983,4039.38,4032.638212,5,730.26,729.143716,201912
0.9983,0.9984,0.9983,0.9983,2368.74,2364.7558,3,426.58,425.897472,201912
0.9983,0.9983,0.9983,0.9983,821.02,819.624266,2,0.0,0.0,201912
0.9983,0.9984,0.9983,0.9984,686.27,685.106445,3,31.04,30.990336,201912
0.9983,0.9986,0.9983,0.9986,738.87,737.712631,6,629.62,628.648356,201912
0.9985,0.9986,0.9983,0.9983,4357.66,4351.425859,9,4345.95,4339.735766,201912
0.9985,0.9985,0.9985,0.9985,55.41,55.326885,2,55.41,55.326885,201912
0.9984,0.9984,0.9983,0.9983,262.16,261.734529,2,202.01,201.686784,201912
0.9985,0.9986,0.9983,0.9986,16803.45,16779.25306,29,16615.58,16591.702439,201912
0.9986,0.9986,0.9983,0.9984,1781.45,1778.830743,13,1709.86,1707.362446,201912
0.9985,0.9988,0.9984,0.9988,17246.53,17221.292777,22,15034.19,15012.485287,201912
0.9985,0.9987,0.9983,0.9986,6590.97,6581.129283,23,650.9,650.036358,201912
0.9985,0.9985,0.9983,0.9983,8441.65,8427.614343,13,1575.74,1573.37639,201912
0.9985,0.9986,0.9984,0.9986,11121.08,11105.158617,9,8900.04,8887.437309,201912
0.9984,0.9987,0.9983,0.9987,9539.72,9526.242514,8,6419.19,6410.723317,201912
0.9988,0.9988,0.9986,0.9987,6177.21,6168.868523,6,3024.8,3020.871897,201912
0.9986,0.9986,0.9983,0.9986,5753.37,5744.899503,18,188.87,188.605582,201912
0.9985,0.9985,0.9985,0.9985,60.08,59.98988,2,0.0,0.0,201912
0.9985,0.9987,0.9985,0.9987,1115.72,1114.093955,8,237.68,237.371015,201912
0.9988,0.9988,0.9985,0.9985,1734.0,1731.82549,6,1660.02,1657.95646,201912
0.9985,0.9986,0.9984,0.9984,8731.51,8718.941138,13,7159.13,7149.025305,201912
0.9984,0.9985,0.9984,0.9985,704.23,703.169851,2,666.19,665.190715,201912
0.9984,0.9985,0.9984,0.9985,381.43,380.842149,2,224.37,224.033445,201912
0.9984,0.9986,0.9984,0.9986,1441.1,1439.018717,8,1375.11,1373.134301,201912
0.9984,0.9985,0.9984,0.9984,330.69,330.17537,4,144.74,144.52289,201912
0.9985,0.9986,0.9984,0.9985,2027.34,2024.310815,5,1698.75,1696.246559,201912
0.9984,0.9986,0.9984,0.9986,2245.33,2241.87134,7,884.99,883.707884,201912
0.9986,0.9986,0.9984,0.9984,381.83,381.255212,2,180.7,180.44702,201912
0.9985,0.9985,0.9984,0.9985,972.49,971.001173,4,671.57,670.562645,201912
0.9986,0.9987,0.9984,0.9984,4074.6,4068.846914,9,2915.57,2911.671362,201912
0.9986,0.9986,0.9986,0.9986,557.85,557.06901,2,557.85,557.06901,201912
0.9986,0.9987,0.9986,0.9987,473.82,473.196576,4,473.82,473.196576,201912
0.9987,0.9987,0.9985,0.9987,2291.63,2288.566006,9,1991.7,1989.085901,201912
0.9985,0.9987,0.9984,0.9987,8539.03,8526.07927,10,2435.6,2432.411359,201912
0.9984,0.9986,0.9983,0.9984,32371.48,32318.28944,10,1730.61,1728.143772,201912
0.9985,0.9985,0.9985,0.9985,514.66,513.88801,1,514.66,513.88801,201912
0.9985,0.9987,0.9984,0.9987,1907.77,1904.834527,7,404.28,403.750111,201912
0.9985,0.9987,0.9984,0.9984,12810.48,12790.8433,19,5448.64,5440.782244,201912
0.9986,0.9987,0.9984,0.9986,13692.09,13671.324149,21,5759.29,5751.10716,201912
0.9985,0.9986,0.9984,0.9986,12032.08,12014.537232,9,11979.72,11962.261008,201912
0.9985,0.9986,0.9984,0.9986,9288.92,9275.462939,9,8882.98,8870.172443,201912
0.9986,0.999,0.9984,0.999,8123.19,8111.60051,12,5310.17,5302.888638,201912
0.9988,0.9988,0.9986,0.9986,2055.0,2052.359365,3,319.65,319.26642,201912
0.9986,0.9986,0.9986,0.9986,603.19,602.345534,4,0.0,0.0,201912
0.9988,0.9988,0.9988,0.9988,1319.77,1318.186276,1,1319.77,1318.186276,201912
0.9986,0.9986,0.9986,0.9986,4391.31,4385.162166,11,0.0,0.0,201912
0.9985,0.9985,0.9985,0.9985,352.25,351.721625,2,0.0,0.0,201912
0.9985,0.9989,0.9985,0.9988,1475.77,1473.776131,5,964.59,963.362901,201912
0.9989,0.9989,0.9988,0.9988,1643.11,1641.175494,6,372.26,371.850514,201912
0.9988,0.9989,0.9988,0.9988,10737.33,10724.467204,20,220.0,219.758,201912
0.9988,0.9989,0.9988,0.9989,1137.77,1136.420931,3,162.55,162.371195,201912
0.9988,0.9989,0.9985,0.9985,3011.11,3007.267899,10,229.46,229.207594,201912
0.9989,0.9989,0.9989,0.9989,2200.11,2197.689879,1,2200.11,2197.689879,201912
0.9988,0.9988,0.9985,0.9987,369.29,368.812522,3,347.03,346.585912,201912
0.9988,0.9988,0.9986,0.9987,977.89,976.67943,6,952.38,951.205144,201912
0.9988,0.9988,0.9986,0.9986,1320.72,1319.100082,8,1145.45,1144.07546,201912
0.9988,0.9988,0.9987,0.9987,1277.01,1275.443738,6,1277.01,1275.443738,201912
0.9988,0.9988,0.9985,0.9985,870.57,869.375461,4,535.44,534.748156,201912
0.9985,0.9985,0.9985,0.9985,245.27,244.902095,1,0.0,0.0,201912
0.9985,0.9988,0.9985,0.9988,3894.73,3889.414087,10,1768.81,1766.633944,201912
0.9988,0.9988,0.9987,0.9987,1738.16,1736.047565,8,1738.16,1736.047565,201912
0.9988,0.9992,0.9985,0.9992,4152.54,4147.747749,74,4110.99,4106.260074,201912
0.9989,0.9991,0.9989,0.9991,494.3,493.793442,4,340.08,339.743084,201912
0.9989,0.9992,0.9989,0.9991,6747.05,6740.10336,14,1743.06,1741.617749,201912
0.9991,0.9991,0.9991,0.9991,311.79,311.509389,1,311.79,311.509389,201912
0.9989,0.9989,0.9985,0.9986,12275.54,12257.779302,18,0.0,0.0,201912
0.9989,0.9989,0.9986,0.9986,381.45,380.959128,2,143.86,143.701754,201912
0.9986,0.9986,0.9983,0.9983,33324.97,33272.264537,25,677.48,676.469721,201912
0.9983,0.9985,0.9983,0.9984,40711.78,40645.403038,47,1394.55,1392.458175,201912
0.9984,0.9984,0.9984,0.9984,15273.62,15249.182208,13,0.0,0.0,201912
0.9984,0.9987,0.9984,0.9984,5460.72,5452.33512,6,2752.9,2748.847632,201912
0.9984,0.9987,0.9984,0.9984,5950.55,5941.277688,7,828.56,827.482872,201912
0.9984,0.9988,0.9984,0.9984,3151.19,3146.562003,7,2112.1,2109.134547,201912
0.9985,0.9988,0.9985,0.9987,1501.41,1499.464169,3,1423.51,1421.681019,201912
0.9987,0.9987,0.9986,0.9987,2069.17,2066.316619,6,2069.17,2066.316619,201912
0.9984,0.9984,0.9984,0.9984,8437.98,8424.479232,10,0.0,0.0,201912
0.9984,0.9987,0.9984,0.9984,19043.16,19012.907205,18,197.0,196.726247,201912
0.9984,0.9987,0.9984,0.9984,15864.04,15841.363474,19,9290.42,9278.261266,201912
0.9984,0.9987,0.9984,0.9985,18766.24,18736.396742,27,1182.2,1180.491206,201912
0.9986,0.9988,0.9984,0.9984,7123.74,7113.547857,35,2688.8,2685.414218,201912
0.9984,0.9988,0.9983,0.9983,12850.57,12830.132993,56,671.74,670.933912,201912
0.9983,0.9986,0.9983,0.9983,9053.87,9039.160523,15,3235.7,3230.881412,201912
0.9983,0.9985,0.9983,0.9983,6589.27,6578.407217,12,2226.76,2223.313484,201912
0.9986,0.9986,0.9986,0.9986,84.46,84.341756,2,84.46,84.341756,201912
0.9984,0.9986,0.9983,0.9983,15707.86,15681.348231,23,489.83,489.100085,201912
0.9983,0.9985,0.9983,0.9984,1323.87,1321.758429,5,1264.77,1262.75537,201912
0.9985,0.9985,0.9984,0.9984,5272.32,5264.373785,7,4894.97,4887.627545,201912
0.9984,0.9986,0.9983,0.9983,9605.36,9591.813303,14,4224.84,4218.925224,201912
0.9983,0.9988,0.9983,0.9985,24300.02,24258.948568,16,1168.56,1166.81205,201912
0.9983,0.9986,0.9983,0.9983,8739.07,8725.359151,9,5820.76,5811.793928,201912
0.9986,0.9986,0.9983,0.9983,19069.68,19038.443059,43,6521.61,6511.667111,201912
0.9983,0.9985,0.9982,0.9985,3852.36,3846.327817,7,2745.84,2741.691388,201912
0.9985,0.9985,0.9982,0.9983,6517.16,6506.574456,8,3467.6,3462.217545,201912
0.9985,0.9985,0.9982,0.9983,10159.67,10141.831246,20,1215.94,1214.11609,201912
0.9983,0.9986,0.9983,0.9983,4228.24,4221.299012,7,823.4,822.24724,201912
0.9984,0.9985,0.9983,0.9983,3739.96,3733.717282,12,362.08,361.53688,201912
0.9983,0.9983,0.9983,0.9983,3211.57,3206.110331,2,0.0,0.0,201912
0.9983,0.9985,0.9983,0.9985,2150.05,2146.520161,4,0.0,0.0,201912
0.9986,0.9986,0.9984,0.9984,19719.02,19687.598435,20,1138.54,1136.843976,201912
0.9984,0.9984,0.9983,0.9983,26179.05,26136.685014,26,0.0,0.0,201912
0.9983,0.9986,0.9983,0.9983,10079.68,10063.997641,75,4954.53,4947.560396,201912
0.9983,0.9986,0.9983,0.9983,3207.93,3202.694002,50,958.84,957.427455,201912
0.9983,0.9986,0.9983,0.9986,11766.72,11750.243391,16,11756.05,11739.59153,201912
0.9984,0.9985,0.9984,0.9985,3814.62,3808.628719,2,1121.11,1119.428335,201912
0.9986,0.9986,0.9984,0.9984,2051.93,2048.745589,4,2051.93,2048.745589,201912
0.9985,0.9985,0.9983,0.9983,1830.75,1827.641193,4,17.34,17.31399,201912
0.9984,0.9985,0.9984,0.9985,3821.2,3815.259987,3,3509.65,3504.177312,201912
0.9985,0.9985,0.9983,0.9985,1840.15,1837.317319,6,892.87,891.530695,201912
0.9986,0.9987,0.9984,0.9984,427.78,427.212324,4,407.77,407.23434,201912
0.9987,0.9987,0.9985,0.9986,2610.1,2606.337355,6,2576.11,2572.394941,201912
0.9988,0.9988,0.9985,0.9985,802.42,801.262099,4,22.43,22.403084,201912
0.9987,0.9987,0.9984,0.9985,5158.01,5150.585688,52,1568.92,1566.880404,201912
0.9985,0.9987,0.9983,0.9984,10276.84,10261.951819,102,4809.17,4802.84977,201912
0.9984,0.9987,0.9984,0.9986,16493.59,16467.276768,9,364.89,364.382688,201912
0.9987,0.9987,0.9987,0.9987,1254.02,1252.389774,4,1254.02,1252.389774,201912
0.9986,0.9986,0.9984,0.9984,3799.57,3793.629874,4,695.93,694.955698,201912
0.9984,0.9985,0.9984,0.9985,1808.24,1805.440759,6,939.43,938.020855,201912
0.9986,0.9986,0.9986,0.9986,7123.87,7113.896582,11,7123.87,7113.896582,201912
0.9986,0.9986,0.9984,0.9986,9053.65,9040.861592,8,8487.16,8475.277976,201912
0.9986,0.9986,0.9985,0.9985,2398.88,2395.503702,3,2220.22,2217.111692,201912
0.9986,0.9987,0.9986,0.9987,717.47,716.533591,2,717.47,716.533591,201912
0.9987,0.9987,0.9984,0.9984,891.03,889.68657,4,390.33,389.78769,201912
0.9984,0.9987,0.9984,0.9984,7074.26,7063.265127,61,1779.4,1776.876903,201912
0.9984,0.9986,0.9983,0.9983,13869.68,13846.689493,65,2850.39,2845.851552,201912
0.9983,0.9986,0.9983,0.9984,5946.7,5937.760815,24,4260.54,4254.422223,201912
0.9985,0.9986,0.9984,0.9984,2034.22,2031.225136,14,1555.04,1552.811824,201912
0.9984,0.9985,0.9984,0.9984,3814.42,3808.441448,4,3059.76,3054.967504,201912
0.9987,0.9987,0.9984,0.9984,928.78,927.519807,6,752.85,751.871295,201912
0.9984,0.9986,0.9984,0.9986,1086.16,1084.493559,3,462.59,461.921271,201912
0.9987,0.9988,0.9984,0.9988,7143.76,7134.032701,17,5399.64,5392.572446,201912
0.9987,0.9987,0.9987,0.9987,1169.22,1167.700014,3,1169.22,1167.700014,201912
0.9987,0.999,0.9985,0.9988,11988.45,11973.160095,17,11938.94,11923.709507,201912
0.9988,0.9988,0.9987,0.9988,2911.5,2908.004205,9,2641.06,2637.890728,201912
0.9988,0.9992,0.9987,0.9992,2523.49,2520.718213,11,2482.54,2479.821448,201912
0.9987,0.999,0.9987,0.9988,3055.35,3051.698155,6,1136.1,1134.890026,201912
0.9991,0.9992,0.9989,0.9992,2954.49,2951.983519,6,2894.86,2892.419112,201912
0.9991,0.9991,0.999,0.999,401.15,400.778452,2,401.15,400.778452,201912
0.999,0.999,0.999,0.999,0.0,0.0,0,0.0,0.0,201912
0.9989,0.9989,0.9989,0.9989,2321.68,2319.126152,5,0.0,0.0,201912
0.9989,0.999,0.9989,0.999,709.98,709.231094,3,320.72,320.39928,201912
0.999,0.9991,0.9989,0.9991,1749.86,1748.016894,4,620.65,620.049025,201912
0.9989,0.9991,0.9988,0.9989,6442.37,6434.831199,15,425.95,425.488039,201912
0.9988,0.999,0.9988,0.999,2690.38,2687.452031,13,1668.92,1667.217783,201912
0.9989,0.9989,0.9987,0.9989,799.87,798.930143,3,499.87,499.320143,201912
0.9986,0.9989,0.9986,0.9986,726.33,725.416157,6,498.78,498.184727,201912
0.9988,0.9989,0.9988,0.9989,433.59,433.083051,4,433.59,433.083051,201912
0.9987,0.9988,0.9987,0.9988,1241.12,1239.528451,2,1241.12,1239.528451,201912
0.9989,0.9991,0.9989,0.999,4244.97,4240.741189,7,4244.97,4240.741189,201912
0.999,0.9991,0.999,0.9991,2829.94,2827.14106,8,2829.94,2827.14106,201912
0.9991,0.9991,0.9988,0.9988,1697.53,1695.681856,3,750.66,749.9481,201912
0.9987,0.999,0.9987,0.999,243.67,243.400185,5,156.52,156.36348,201912
0.9988,0.9989,0.9988,0.9989,701.7,700.892081,2,341.21,340.834669,201912
0.9989,0.9989,0.9987,0.9987,5645.43,5638.254175,15,816.17,815.272213,201912
0.9987,0.9988,0.9985,0.9985,3583.2,3578.084545,8,735.79,734.907052,201912
0.9986,0.9988,0.9985,0.9985,599.44,598.616566,3,116.0,115.8608,201912
0.9985,0.9985,0.9984,0.9984,5635.58,5626.828993,6,0.0,0.0,201912
0.9985,0.9987,0.9984,0.9987,367.51,366.992904,4,345.0,344.51892,201912
0.9987,0.9987,0.9986,0.9986,2451.18,2447.942003,3,2451.18,2447.942003,201912
0.9986,0.9987,0.9986,0.9987,824.75,823.640515,3,824.75,823.640515,201912
0.9987,0.9987,0.9986,0.9986,454.94,454.305693,2,454.94,454.305693,201912
0.9985,0.9985,0.9985,0.9985,25.23,25.192155,1,0.0,0.0,201912
0.9986,0.9986,0.9985,0.9985,778.65,777.536737,5,547.12,546.354032,201912
0.9986,0.9986,0.9985,0.9985,1063.32,1061.735863,3,108.43,108.278198,201912
0.9985,0.9987,0.9983,0.9983,4503.39,4496.703326,11,679.17,678.22563,201912
0.9984,0.9986,0.9984,0.9984,1617.58,1615.101326,4,765.99,764.87387,201912
0.9986,0.9987,0.9983,0.9987,1358.35,1356.408026,7,1336.35,1334.445426,201912
0.9987,0.9987,0.9985,0.9986,2914.72,2910.734913,10,2914.72,2910.734913,201912
0.9986,0.9986,0.9984,0.9986,2410.5,2406.94543,7,1511.15,1509.03439,201912
0.9986,0.9986,0.9985,0.9985,621.97,621.063842,2,267.97,267.594842,201912
0.9986,0.9986,0.9985,0.9985,2967.1,2962.935905,4,2967.1,2962.935905,201912
0.9985,0.9985,0.9985,0.9985,0.0,0.0,0,0.0,0.0,201912
0.9984,0.9986,0.9984,0.9985,480.34,479.598126,5,205.78,205.47313,201912
0.9985,0.9986,0.9985,0.9985,3425.26,3420.210461,7,883.51,882.273086,201912
0.9985,0.9985,0.9985,0.9985,0.0,0.0,0,0.0,0.0,201912
0.9986,0.9986,0.9985,0.9985,8777.7,8765.351832,6,8183.82,8172.362652,201912
0.9985,0.9985,0.9985,0.9985,1819.81,1817.080285,7,0.0,0.0,201912
0.9985,0.9985,0.9984,0.9984,4276.58,4270.110467,12,328.31,327.817535,201912
0.9984,0.9986,0.9984,0.9984,4322.92,4316.06333,5,300.01,299.589986,201912
0.9984,0.9987,0.9984,0.9987,2574.2,2570.252841,27,604.28,603.457241,201912
0.9986,0.9987,0.9984,0.9987,8538.5,8525.394535,10,1022.16,1020.774877,201912
0.9987,0.9987,0.9986,0.9987,1209.59,1207.963638,4,1209.59,1207.963638,201912
0.9986,0.9987,0.9986,0.9987,8144.9,8134.253955,7,8144.9,8134.253955,201912
0.9986,0.9988,0.9985,0.9985,3392.31,3387.803116,17,3254.7,3250.399531,201912
0.9985,0.9987,0.9985,0.9985,2793.88,2790.019702,18,2267.28,2264.209602,201912
0.9985,0.9987,0.9985,0.9987,368.2,367.683084,14,148.1,147.90747,201912
0.9986,0.9988,0.9985,0.9987,971.47,970.220819,12,838.65,837.589756,201912
0.9985,0.9988,0.9985,0.9988,1867.09,1864.745475,16,1687.54,1685.457608,201912
0.9985,0.9988,0.9985,0.9987,3099.33,3095.335524,41,0.02,0.019976,201912
0.9987,0.999,0.9987,0.9987,4402.92,4397.822965,33,2140.04,2137.767097,201912
0.9987,0.999,0.9987,0.9987,1587.97,1586.066753,28,663.03,662.308445,201912
0.9987,0.999,0.9987,0.9989,2072.94,2070.534748,6,2020.83,2018.492491,201912
0.9987,0.9994,0.9987,0.9994,7844.49,7837.481575,28,7785.44,7778.50834,201912
0.9995,0.9995,0.9987,0.9987,8205.35,8197.931375,102,2029.56,2027.838837,201912
0.9987,0.9989,0.9985,0.9986,17325.17,17302.352765,135,1662.06,1660.231734,201912
0.9986,0.9988,0.9983,0.9983,8603.45,8589.234906,91,72.94,72.852472,201912
0.9983,0.9984,0.9983,0.9983,1580.51,1577.975064,4,1519.31,1516.879104,201912
0.9984,0.9985,0.9983,0.9983,4045.48,4038.743593,8,1101.76,1100.027917,201912
0.9983,0.9987,0.9983,0.9987,2964.08,2959.743496,6,2023.62,2020.882278,201912
0.9986,0.9987,0.9983,0.9986,2187.23,2183.984614,7,1555.89,1553.717892,201912
0.9983,0.9986,0.9983,0.9984,4030.38,4023.721832,11,781.99,780.808226,201912
0.9984,0.9985,0.9983,0.9983,2745.43,2740.886631,5,856.04,854.701983,201912
0.9986,0.9986,0.9986,0.9986,532.5,531.7545,1,532.5,531.7545,201912
0.9986,0.9987,0.9984,0.9984,7458.89,7448.579394,10,5542.06,5534.816322,201912
0.9986,0.9986,0.9986,0.9986,604.22,603.374092,1,604.22,603.374092,201912
0.9984,0.9987,0.9984,0.9986,6760.21,6751.297201,6,6316.08,6307.840265,201912
0.9987,0.9987,0.9984,0.9985,5677.0,5669.300607,9,4594.08,4588.009444,201912
0.9987,0.999,0.9982,0.999,22893.7,22859.306536,25,4450.71,4445.468726,201912
0.9987,0.999,0.9987,0.9987,6697.26,6688.867052,16,1268.48,1267.095306,201912
0.9987,0.9987,0.9983,0.9984,7236.39,7225.743494,15,4986.26,4979.197101,201912
0.9984,0.9986,0.9984,0.9984,7137.12,7125.903808,9,1211.0,1209.2656,201912
0.9983,0.9986,0.9983,0.9983,1906.86,1903.770491,6,1123.21,1121.452696,201912
0.9986,0.9987,0.9985,0.9985,9752.47,9739.164105,27,8845.81,8833.864095,201912
0.9985,0.9986,0.9985,0.9985,1468.41,1466.209489,8,0.0,0.0,201912
0.9987,0.9987,0.9985,0.9985,1210.63,1208.929516,3,1119.93,1118.365566,201912
0.9985,0.9986,0.9985,0.9986,996.34,994.882605,5,371.15,370.63039,201912
0.9985,0.9985,0.9985,0.9985,3270.14,3265.23479,6,1334.06,1332.05891,201912
0.9984,0.9987,0.9983,0.9987,6053.69,6044.508448,16,5212.65,5204.898216,201912
0.9987,0.9987,0.9986,0.9987,6323.65,6315.381593,6,6323.65,6315.381593,201912
0.9986,0.9987,0.9984,0.9984,3217.1,3212.466761,7,1039.45,1038.071473,201912
0.9986,0.9989,0.9985,0.9985,7023.34,7013.734883,15,4845.75,4839.411268,201912
0.9985,0.9988,0.9985,0.9988,2800.87,2797.13171,11,2068.3,2065.62918,201912
0.9988,0.9988,0.9988,0.9988,57.89,57.820532,2,57.89,57.820532,201912
0.9988,0.9988,0.9985,0.9985,5398.57,5390.83772,10,2581.83,2578.32283,201912
0.9985,0.9985,0.9985,0.9985,0.0,0.0,0,0.0,0.0,201912
0.9987,0.9987,0.9987,0.9987,621.21,620.402427,1,621.21,620.402427,201912
0.9986,0.9987,0.9986,0.9987,847.49,846.332811,2,847.49,846.332811,201912
0.9985,0.9987,0.9984,0.9987,1341.41,1339.395983,8,455.37,454.752121,201912
0.9986,0.9986,0.9985,0.9985,840.91,839.648636,5,0.0,0.0,201912
0.9985,0.9987,0.9985,0.9985,4515.55,4508.821026,11,309.69,309.269816,201912
0.9985,0.9987,0.9985,0.9987,1062.72,1061.243194,3,687.6,686.685874,201912
0.9985,0.9985,0.9982,0.9982,9210.84,9196.083768,5,0.0,0.0,201912
0.9987,0.9989,0.9986,0.9989,3085.09,3081.358937,10,2385.34,2382.588587,201912
0.9989,0.9989,0.9987,0.9987,4184.91,4179.562731,8,852.09,851.075397,201912
0.9987,0.9987,0.9985,0.9986,4900.78,4894.27564,12,1048.94,1047.473372,201912
0.9986,0.9987,0.9986,0.9987,7838.63,7828.353391,6,7838.63,7828.353391,201912
0.9986,0.9987,0.9986,0.9987,1472.5,1470.503519,3,1472.5,1470.503519,201912
0.9987,0.9987,0.9987,0.9987,71.78,71.686686,1,71.78,71.686686,201912
0.9987,0.9989,0.9986,0.9989,8827.6,8816.508381,18,8827.6,8816.508381,201912
0.9987,0.9989,0.9982,0.9988,8848.25,8836.046212,9,1071.84,1070.567074,201912
0.9988,0.999,0.9988,0.999,12659.85,12646.051052,19,12659.85,12646.051052,201912
0.9987,0.9992,0.9987,0.9989,10900.48,10888.709438,70,8629.91,8620.835033,201912
0.9989,0.9989,0.9984,0.9984,12404.59,12386.669098,28,1974.63,1972.062981,201912
0.9986,0.9987,0.9984,0.9987,3782.99,3777.381793,9,1944.36,1941.559236,201912
0.9985,0.9987,0.9985,0.9985,1238.54,1236.708264,10,130.37,130.200519,201912
0.9986,0.9986,0.9985,0.9986,4553.16,4546.556402,5,2261.42,2258.254012,201912
0.9987,0.9987,0.9987,0.9987,1087.22,1085.806614,4,1087.22,1085.806614,201912
0.9987,0.9991,0.9987,0.9991,2410.82,2407.957678,4,2410.82,2407.957678,201912
0.9994,0.9994,0.9989,0.9989,430.8,430.424995,3,76.43,76.384142,201912
0.9989,0.9992,0.9989,0.9992,4057.24,4052.904944,6,426.36,426.018912,201912
0.9994,0.9994,0.9989,0.9989,409.41,409.015644,2,111.99,111.922806,201912
0.9989,0.9993,0.9985,0.9993,10687.67,10678.150572,20,6294.33,6289.442213,201912
0.9991,0.9994,0.9991,0.9992,262.8,262.576959,4,28.32,28.303008,201912
0.9991,0.9991,0.9991,0.9991,30.23,30.202793,1,0.0,0.0,201912
0.9994,0.9995,0.999,0.9995,7859.97,7855.129039,13,7529.7,7525.185767,201912
0.9992,0.9992,0.9988,0.999,6910.7,6904.734572,14,0.0,0.0,201912
0.9994,0.9994,0.999,0.9994,3335.43,3332.689686,22,1393.99,1393.153606,201912
0.9994,0.9994,0.9994,0.9994,421.11,420.857334,4,421.11,420.857334,201912
0.9991,0.9991,0.9991,0.9991,1543.41,1542.020931,3,0.0,0.0,201912
0.9991,0.9994,0.9991,0.9994,1837.66,1836.095709,5,655.56,655.058448,201912
0.9992,0.9993,0.9992,0.9992,575.34,574.910777,4,310.49,310.272657,201912
0.9992,0.9994,0.9991,0.9994,4649.9,4646.626692,7,3265.52,3263.40027,201912
0.9995,0.9995,0.9993,0.9995,1514.36,1513.52787,4,1139.61,1139.040195,201912
0.9995,0.9997,0.9991,0.9992,63101.01,63062.051788,24,50797.76,50767.637824,201912
0.9994,0.9994,0.9992,0.9993,21415.43,21401.256338,28,10270.49,10264.327706,201912
0.9993,0.9994,0.9993,0.9993,43258.9,43232.186366,17,30674.46,30656.055324,201912
0.9995,0.9995,0.9993,0.9993,1949.8,1948.522936,7,862.72,862.203892,201912
0.9993,0.9994,0.9993,0.9993,1623.13,1622.033025,4,392.16,391.924704,201912
0.9993,0.9995,0.9993,0.9993,9789.31,9782.818687,8,3207.22,3205.33615,201912
0.9993,0.9995,0.9993,0.9993,39108.34,39081.12669,42,812.64,812.23368,201912
0.9993,0.9993,0.9993,0.9993,6520.79,6516.225447,11,0.0,0.0,201912
0.9993,0.9996,0.9993,0.9996,32956.56,32935.674039,67,1215.3,1214.77488,201912
0.9993,0.9996,0.9993,0.9996,11795.04,11786.935628,13,1295.32,1294.565432,201912
0.9993,0.9995,0.9993,0.9994,11815.0,11808.086685,17,5227.61,5224.996195,201912
0.9995,0.9996,0.9993,0.9995,14650.16,14642.738955,16,13809.86,13802.978574,201912
0.9993,0.9994,0.9993,0.9993,4948.75,4945.574355,6,2884.8,2883.06912,201912
0.9993,0.9995,0.9993,0.9994,5910.56,5906.571832,5,1102.24,1101.617656,201912
0.9995,0.9996,0.9995,0.9996,8856.06,8852.008402,10,8856.06,8852.008402,201912
0.9995,0.9995,0.9994,0.9994,7728.51,7724.256832,4,3839.38,3837.46031,201912
0.9996,0.9996,0.9994,0.9994,7018.66,7014.760973,14,1658.23,1657.427231,201912
0.9994,0.9995,0.9994,0.9995,1713.43,1712.50029,4,983.48,982.98826,201912
0.9996,0.9997,0.9994,0.9994,3940.93,3939.335612,7,3820.84,3819.317666,201912
0.9994,0.9997,0.9994,0.9997,12437.58,12430.594463,16,3048.35,3046.998001,201912
0.9994,0.9997,0.9994,0.9994,21995.06,21983.885625,35,6255.46,6253.265843,201912
0.9994,0.9997,0.9994,0.9994,13056.2,13050.001031,31,3782.17,3781.035349,201912
0.9996,0.9996,0.9994,0.9994,9422.71,9417.488518,16,1759.55,1758.84618,201912
0.9994,0.9996,0.9994,0.9994,9244.03,9238.587858,15,521.38,521.171448,201912
0.9995,0.9997,0.9994,0.9997,4373.11,4370.564897,5,22.47,22.463259,201912
0.9995,0.9996,0.9995,0.9996,10790.92,10785.748913,16,732.82,732.526872,201912
0.9995,0.9997,0.9995,0.9995,19599.98,19590.337598,17,787.94,787.703618,201912
0.9995,0.9995,0.9994,0.9994,27865.65,27849.408725,48,0.0,0.0,201912
0.9995,0.9996,0.9994,0.9996,30885.23,30866.941459,29,393.45,393.29262,201912
0.9994,0.9994,0.9993,0.9993,2265.53,2264.069581,7,1228.49,1227.752906,201912
0.9994,0.9994,0.9994,0.9994,16.25,16.24025,1,0.0,0.0,201912
0.9997,0.9997,0.9997,0.9997,753.71,753.483887,3,753.71,753.483887,201912
0.9994,0.9994,0.9994,0.9994,3992.31,3989.914614,2,0.0,0.0,201912
0.9995,1.0001,0.9995,1.0001,37495.93,37487.447493,26,37495.93,37487.447493,201912
1.0001,1.0001,1.0001,1.0001,0.0,0.0,0,0.0,0.0,201912
0.9995,1.0001,0.9995,0.9999,2291.72,2291.487762,4,2249.26,2249.048992,201912
0.9997,0.9998,0.9997,0.9998,2968.8,2968.003223,10,938.63,938.442274,201912
0.9999,1.0,0.9997,1.0,4456.28,4455.525848,6,4117.56,4116.907464,201912
0.9997,0.9997,0.9997,0.9997,2364.65,2363.940605,6,0.0,0.0,201912
0.9997,1.0001,0.9997,1.0001,6625.5,6625.412336,15,5306.1,5306.262022,201912
0.9999,1.0,0.9999,1.0,483.24,483.213484,2,0.0,0.0,201912
1.0001,1.0001,0.9999,0.9999,3240.86,3240.660912,9,624.99,625.052499,201912
0.9999,1.0001,0.9999,0.9999,3928.21,3927.832398,6,139.53,139.531266,201912
0.9994,0.9999,0.9994,0.9999,3194.46,3192.773544,6,138.08,138.066192,201912
0.9996,0.9997,0.9996,0.9997,1473.74,1473.296863,5,0.0,0.0,201912
0.9997,0.9998,0.9997,0.9997,6282.11,6280.290204,8,648.37,648.240326,201912
0.9998,1.0,0.9998,0.9999,3843.49,3843.09584,7,2793.18,2792.960591,201912
0.9997,0.9998,0.9997,0.9998,19857.99,19852.118402,2,857.99,857.818402,201912
0.9997,0.9999,0.9997,0.9997,1280.5,1280.139942,6,120.46,120.447954,201912
0.9997,1.0001,0.9997,0.9999,3899.73,3899.650132,15,3071.09,3071.155528,201912
1.0,1.0001,0.9999,0.9999,8604.13,8604.07532,7,8054.96,8054.960237,201912
0.9999,0.9999,0.9999,0.9999,1252.66,1252.534734,4,0.0,0.0,201912
1.0001,1.0001,0.9998,0.9998,6683.4,6683.338951,9,2555.92,2556.175592,201912
1.0,1.0001,0.9999,0.9999,938.82,938.818782,4,889.36,889.363728,201912
1.0001,1.0001,1.0,1.0,4217.66,4217.834914,8,2958.96,2959.134914,201912
1.0,1.0,1.0,1.0,2869.49,2869.49,8,650.67,650.67,201912
0.9999,1.0001,0.9998,0.9998,564.71,564.672486,7,147.51,147.516285,201912
1.0001,1.0001,0.9999,0.9999,2110.63,2110.464733,5,1076.62,1076.558134,201912
0.9999,0.9999,0.9999,0.9999,4345.8,4345.36542,8,0.0,0.0,201912
0.9999,0.9999,0.9999,0.9999,0.0,0.0,0,0.0,0.0,201912
1.0001,1.0002,1.0001,1.0002,4105.96,4106.724884,8,4105.96,4106.724884,201912
0.9998,1.0001,0.9998,0.9998,2264.19,2263.811904,14,249.14,249.164914,201912
0.9998,0.9998,0.9998,0.9998,759.04,758.888192,5,0.0,0.0,201912
0.9998,1.0001,0.9998,1.0001,1819.5,1819.575138,7,1580.89,1581.01286,201912
0.9998,1.0001,0.9998,0.9998,2910.28,2910.417944,10,2314.96,2315.191496,201912
1.0,1.0,0.9998,0.9998,12279.82,12277.436553,9,312.53,312.53,201912
1.0,1.0001,1.0,1.0001,969.13,969.18785,3,578.5,578.55785,201912
1.0001,1.0001,0.9998,0.9998,4695.43,4694.651604,5,36.92,36.923692,201912
1.0001,1.0001,0.9998,1.0001,5169.55,5169.97236,20,5158.55,5158.97456,201912
1.0001,1.0001,0.9997,0.9997,2552.77,2552.559994,21,1358.12,1358.253815,201912
0.9997,1.0001,0.9997,1.0001,6454.14,6454.085486,29,4756.91,4757.155742,201912
1.0001,1.0001,0.9998,0.9998,1288.3,1288.154549,17,374.03,374.067403,201912
0.9998,1.0001,0.9998,0.9998,3114.96,3114.366377,17,94.09,94.099409,201912
0.9999,1.0001,0.9998,0.9998,852.39,852.278652,8,30.74,30.743074,201912
1.0001,1.0001,1.0001,1.0001,571.27,571.327127,3,571.27,571.327127,201912
0.9998,0.9998,0.9997,0.9997,1875.85,1875.316985,11,297.39,297.330522,201912
0.9997,0.9997,0.9997,0.9997,4999.99,4998.490003,4,0.0,0.0,201912
0.9997,0.9999,0.9996,0.9996,7889.64,7887.011258,14,57.03,57.024297,201912
0.9996,0.9998,0.9996,0.9997,2298.03,2297.234039,5,879.83,879.601319,201912
0.9997,0.9998,0.9996,0.9998,1108.86,1108.512986,4,537.05,536.890742,201912
0.9996,0.9999,0.9994,0.9994,13326.71,13323.719552,29,11187.1,11185.158914,201912
0.9994,0.9994,0.9994,0.9994,4385.62,4382.988628,20,0.0,0.0,201912
0.9995,0.9995,0.9995,0.9995,2147.85,2146.776075,7,0.0,0.0,201912
0.9995,0.9997,0.9995,0.9997,156.75,156.698075,2,132.25,132.210325,201912
0.9995,0.9996,0.9995,0.9995,2189.42,2188.352131,9,268.41,268.302636,201912
0.9995,0.9995,0.9995,0.9995,281.95,281.809025,1,0.0,0.0,201912
0.9995,0.9998,0.9993,0.9993,2107.22,2106.048091,12,235.09,235.040063,201912
0.9989,0.9996,0.9989,0.9993,2335.84,2334.123696,8,1361.51,1360.782582,201912
0.9995,0.9995,0.9993,0.9993,654.22,653.799977,6,340.58,340.379525,201912
0.9994,0.9995,0.9993,0.9995,1111.92,1111.238925,5,595.96,595.640097,201912
0.9993,0.9996,0.9991,0.9991,2115.85,2114.602385,11,858.95,858.604937,201912
0.9992,0.9992,0.9991,0.9991,859.25,858.530721,2,540.46,540.027632,201912
0.9993,0.9993,0.9993,0.9993,422.95,422.653935,1,422.95,422.653935,201912
0.9994,0.9994,0.9991,0.9991,2184.11,2182.424285,13,995.18,994.564322,201912
0.9993,0.9994,0.9993,0.9994,856.81,856.249363,3,391.3,391.06522,201912
0.9994,0.9994,0.9991,0.9991,3846.57,3844.219899,6,3706.04,3703.816376,201912
0.9994,0.9994,0.9991,0.9991,803.09,802.440332,3,243.71,243.563774,201912
0.9991,0.9991,0.9991,0.9991,1134.85,1133.828635,3,0.0,0.0,201912
0.9991,0.9993,0.999,0.9992,19961.74,19946.965515,11,15009.55,14999.043315,201912
0.9993,0.9995,0.9993,0.9995,1969.8,1968.708548,5,1969.8,1968.708548,201912
0.9992,1.0007,0.9992,0.9994,102680.24,102687.706565,40,98456.15,98466.742793,201912
0.9996,0.9996,0.9993,0.9993,4327.97,4325.32169,8,162.8,162.73488,201912
0.9993,0.9995,0.9992,0.9994,5650.43,5646.463843,10,3117.64,3115.46626,201912
0.9994,0.9996,0.9993,0.9994,7567.09,7562.98823,17,6005.27,6002.148367,201912
0.9995,0.9998,0.9992,0.9993,32441.21,32423.33228,56,5278.23,5276.281554,201912
0.9994,0.9995,0.9992,0.9992,19270.7,19256.130377,33,671.17,670.770167,201912
0.9992,0.9998,0.9992,0.9994,19814.48,19800.160696,31,5701.21,5698.181312,201912
0.9992,0.9995,0.9992,0.9992,11085.57,11076.849051,14,1106.06,1105.322659,201912
0.9992,0.9995,0.9992,0.9994,10814.08,10806.712843,5,4669.66,4667.208379,201912
0.9995,0.9995,0.9992,0.9992,11555.87,11549.358962,11,9766.82,9761.740202,201912
0.9992,0.9995,0.9992,0.9993,4513.09,4509.818212,14,1125.03,1124.467485,201912
0.9992,0.9995,0.9992,0.9992,5893.25,5889.992338,15,4856.46,4854.03177,201912
0.9994,0.9996,0.9992,0.9996,6820.58,6816.572316,18,5466.0,5462.966051,201912
0.9996,0.9998,0.9995,0.9995,4220.9,4218.962521,13,966.57,966.259686,201912
0.9998,1.0005,0.9992,0.9992,39174.99,39175.534964,44,15511.96,15514.532259,201912
0.9996,0.9996,0.9992,0.9996,30622.44,30606.304415,43,19187.9,19179.774136,201912
0.9994,0.9997,0.9994,0.9995,12166.14,12160.609494,30,7385.63,7382.931764,201912
0.9996,1.0006,0.9995,1.0005,16837.17,16835.224994,30,11387.09,11384.688735,201912
1.0002,1.0006,1.0002,1.0005,2799.95,2800.540039,6,80.09,80.136067,201912
1.0002,1.0002,1.0,1.0,317.93,317.930002,5,0.0,0.0,201912
1.0003,1.0003,1.0002,1.0002,3076.31,3077.051371,2,1815.22,1815.583044,201912
1.0001,1.0001,1.0,1.0,1824.93,1825.110265,2,1802.65,1802.830265,201912
1.0,1.0002,1.0,1.0002,3984.11,3984.649438,10,2933.32,2933.859438,201912
1.0002,1.0004,1.0,1.0,4875.99,4876.708829,20,2690.01,2690.569829,201912
1.0,1.0003,1.0,1.0001,4429.56,4429.751566,8,508.56,508.712568,201912
1.0004,1.0004,1.0,1.0003,4579.95,4580.334702,10,383.28,383.400824,201912
1.0003,1.0003,1.0,1.0,3980.65,3980.671795,10,11.31,11.313393,201912
1.0,1.0,0.9995,0.9995,1465.88,1465.75365,4,0.0,0.0,201912
0.9996,1.0,0.9996,0.9999,1940.84,1940.15733,9,251.53,251.506354,201912
1.0,1.0,0.9996,0.9996,11203.29,11199.9859,13,2468.46,2467.862763,201912
0.9998,0.9998,0.9996,0.9996,1789.11,1788.538632,6,721.38,721.235724,201912
0.9998,1.0,0.9996,1.0,5631.34,5631.211854,10,5053.99,5053.99,201912
0.9998,0.9998,0.9996,0.9997,5590.2,5588.148233,9,958.99,958.702303,201912
0.9998,0.9998,0.9996,0.9996,589.61,589.457732,2,417.88,417.796424,201912
0.9996,0.9998,0.9993,0.9994,4603.96,4601.625187,12,682.22,681.876784,201912
0.9993,0.9998,0.9993,0.9995,1496.35,1495.679542,8,930.88,930.580487,201912
0.9995,0.9996,0.9995,0.9996,2031.94,2031.049027,5,1249.97,1249.470012,201912
0.9998,0.9998,0.9996,0.9998,7045.89,7044.320938,11,7045.89,7044.320938,201912
0.9998,0.9998,0.9998,0.9998,1108.44,1108.218312,7,1108.44,1108.218312,201912
0.9996,0.9998,0.9996,0.9997,14075.66,14072.779721,18,13571.24,13568.525752,201912
0.9997,0.9999,0.9997,0.9999,1546.72,1546.415069,7,1546.72,1546.415069,201912
0.9999,0.9999,0.9997,0.9997,1146.12,1145.780024,2,1146.12,1145.780024,201912
0.9997,0.9997,0.9997,0.9997,0.0,0.0,0,0.0,0.0,201912
0.9996,0.9997,0.9996,0.9997,375.59,375.463502,2,0.0,0.0,201912
0.9997,0.9999,0.9996,0.9996,2665.34,2664.758129,11,2638.52,2637.948857,201912
0.9999,0.9999,0.9997,0.9997,1472.42,1471.983636,4,26.81,26.807319,201912
0.9999,0.9999,0.9998,0.9998,758.3,758.155784,3,74.44,74.432556,201912
0.9998,0.9998,0.9998,0.9998,49.9,49.89002,1,0.0,0.0,201912
0.9999,1.0003,0.9999,1.0003,3085.05,3085.898229,4,2699.76,2700.5697,201912
1.0002,1.0002,1.0,1.0,5163.95,5163.983092,5,165.46,165.493092,201912
1.0001,1.0001,0.9999,0.9999,1342.47,1342.459996,5,342.47,342.504247,201912
1.0001,1.0002,0.9999,1.0,2266.09,2266.0685,11,1052.27,1052.369882,201912
1.0002,1.0002,0.9999,0.9999,7275.54,7274.919594,11,357.16,357.231432,201912
0.9999,1.0002,0.9998,0.9998,27089.0,27084.591986,31,55.21,55.208937,201912
0.9998,0.9998,0.9998,0.9998,7781.14,7779.583772,12,0.0,0.0,201912
1.0,1.0002,0.9998,0.9998,2792.16,2792.288622,10,1891.77,1891.9897,201912
0.9998,1.0002,0.9998,1.0002,2436.62,2436.632554,3,2424.82,2424.834914,201912
1.0,1.0002,1.0,1.0001,1208.31,1208.396306,3,1087.01,1087.084176,201912
1.0002,1.0002,1.0001,1.0001,2924.25,2924.814533,13,2721.08,2721.624216,201912
1.0002,1.0007,1.0002,1.0006,19273.18,19284.430115,118,19046.62,19057.802147,201912
1.0003,1.0003,1.0002,1.0002,4862.88,4863.908053,18,0.0,0.0,201912
1.0002,1.0004,1.0,1.0003,8992.46,8993.371226,15,90.46,90.496184,201912
1.0004,1.0004,0.9999,1.0001,17243.79,17243.163814,45,67.48,67.506992,201912
1.0004,1.0004,0.9998,0.9998,37294.86,37291.397105,56,8258.05,8259.472577,201912
0.9998,1.0001,0.9997,1.0001,15336.87,15335.476927,22,6867.65,6868.336765,201912
1.0001,1.0008,1.0001,1.0006,27308.42,27316.885335,31,21596.18,21602.311951,201912
1.0005,1.0005,0.9999,0.9999,6952.88,6953.206934,13,76.37,76.408185,201912
0.9999,1.0003,0.9999,0.9999,2045.96,2045.856438,7,232.06,232.129618,201912
1.0,1.0003,1.0,1.0002,3872.43,3872.953857,6,2041.03,2041.187577,201912
1.0003,1.0003,0.9999,0.9999,8606.39,8608.052628,19,4362.29,4363.598687,201912
0.9999,1.0002,0.9999,1.0,16264.55,16264.713827,30,5139.96,5140.695448,201912
1.0,1.0002,0.9999,1.0,4869.38,4869.766882,11,3799.08,3799.45097,201912
0.9999,1.0002,0.9999,1.0002,2982.13,2982.564288,13,2441.67,2442.158334,201912
1.0002,1.0002,1.0001,1.0002,16142.94,16145.694588,32,16142.94,16145.694588,201912
1.0002,1.0005,1.0001,1.0001,4655.72,4657.169131,25,4035.72,4037.068131,201912
1.0005,1.0005,1.0,1.0,7776.87,7778.266559,28,1778.63,1779.510809,201912
1.0,1.0006,1.0,1.0006,2569.42,2570.315309,8,2246.28,2247.160411,201912
1.0004,1.0005,1.0004,1.0004,5472.69,5475.020439,12,2467.62,2468.648478,201912
1.0005,1.0005,1.0002,1.0004,8124.16,8127.058823,11,5553.46,5555.687559,201912
1.0004,1.0006,1.0002,1.0004,6689.67,6691.314747,9,1258.49,1259.005092,201912
1.0002,1.0002,1.0002,1.0002,390.0,390.078,3,0.0,0.0,201912
1.0002,1.0002,1.0001,1.0001,3401.12,3401.460113,6,0.0,0.0,201912
1.0002,1.0004,1.0001,1.0004,1093.89,1094.095309,3,727.78,727.948698,201912
1.0004,1.0004,1.0004,1.0004,3901.55,3903.11062,8,3901.55,3903.11062,201912
1.0001,1.0002,0.9998,0.9998,5633.66,5633.661122,10,647.56,647.689512,201912
0.9998,0.9999,0.9998,0.9999,9246.53,9244.754278,17,0.0,0.0,201912
0.9999,0.9999,0.9999,0.9999,464.16,464.113584,2,0.0,0.0,201912
0.9999,1.0,0.9998,1.0,655.91,655.793951,8,45.12,45.12,201912
0.9998,0.9999,0.9998,0.9999,2324.23,2323.895905,6,1307.51,1307.379249,201912
1.0,1.0,1.0,1.0,934.61,934.61,5,934.61,934.61,201912
1.0,1.0001,1.0,1.0001,779.17,779.220472,5,0.0,0.0,201912
1.0001,1.0001,1.0001,1.0001,4882.78,4883.268278,9,0.0,0.0,201912
1.0,1.0004,1.0,1.0004,1078.88,1079.174954,4,445.84,446.018336,201912
1.0004,1.0004,1.0001,1.0001,7869.8,7870.684243,17,7869.8,7870.684243,201912
1.0001,1.0001,1.0,1.0001,1515.38,1515.488725,5,1087.25,1087.358725,201912
1.0,1.0,0.9998,0.9998,376.97,376.956452,3,309.23,309.23,201912
1.0,1.0001,1.0,1.0001,1730.08,1730.17469,2,1730.08,1730.17469,201912
1.0001,1.0001,1.0001,1.0001,4159.78,4160.195978,10,4159.78,4160.195978,201912
1.0001,1.0001,1.0,1.0001,1456.17,1456.311617,10,1416.17,1416.311617,201912
1.0001,1.0004,1.0001,1.0004,1039.6,1039.959355,5,621.35,621.59854,201912
1.0004,1.0004,1.0002,1.0003,5022.25,5024.194553,9,4957.15,4959.081533,201912
1.0002,1.0002,1.0001,1.0001,2379.24,2379.711414,5,0.0,0.0,201912
1.0004,1.0009,1.0004,1.0006,3866.12,3868.953421,18,3866.12,3868.953421,201912
1.0004,1.0005,1.0004,1.0004,4645.2,4647.076993,8,0.0,0.0,201912
1.0004,1.0008,1.0004,1.0006,2332.83,2334.133746,10,1715.17,1716.226682,201912
1.0006,1.0007,1.0006,1.0007,4853.28,4856.446152,16,4675.27,4678.329346,201912
1.0005,1.0006,1.0005,1.0006,1176.99,1177.666065,11,1176.99,1177.666065,201912
1.0004,1.0004,1.0003,1.0003,6193.98,6196.42088,14,0.0,0.0,201912
1.0006,1.0006,1.0006,1.0006,200.06,200.180036,3,200.06,200.180036,201912
1.0004,1.0006,1.0002,1.0006,3750.96,3752.520361,11,2249.49,2250.661088,201912
1.0006,1.0006,1.0003,1.0003,3261.46,3262.96865,10,2261.46,2262.66865,201912
1.0006,1.0006,1.0003,1.0006,1359.81,1360.571934,6,1179.97,1180.677982,201912
1.0004,1.0009,1.0004,1.0008,21339.87,21355.715747,37,16721.7,16735.492043,201912
1.0008,1.0008,1.0004,1.0005,4451.76,4454.507482,18,1384.07,1385.177256,201912
1.0006,1.0009,1.0004,1.0009,5650.16,5654.74606,30,4731.77,4735.852063,201912
1.0009,1.001,1.0006,1.001,8509.8,8517.374252,34,6996.7,7003.116792,201912
1.0006,1.001,1.0006,1.001,1382.08,1383.091893,5,14.87,14.88487,201912
1.0009,1.0009,1.0006,1.0009,873.91,874.589812,4,530.99,531.369605,201912
1.0006,1.0009,1.0006,1.0006,10907.33,10914.878062,28,3402.69,3405.456278,201912
1.0007,1.0009,1.0006,1.0009,4658.66,4662.026206,16,728.7,729.35583,201912
1.0006,1.0009,1.0004,1.0004,5299.47,5302.240743,15,900.57,901.234183,201912
1.0004,1.0007,1.0004,1.0007,1120.33,1120.915784,5,458.84,459.161188,201912
1.0008,1.0009,1.0008,1.0009,12399.79,12410.69957,28,12399.79,12410.69957,201912
1.001,1.001,1.0006,1.0006,6724.51,6728.92424,6,1339.51,1340.69324,201912
1.0005,1.001,1.0005,1.0006,11155.24,11163.694611,52,4323.52,4327.739988,201912
1.0006,1.0007,1.0005,1.0007,4511.1,4513.65901,16,1338.72,1339.657104,201912
1.0005,1.0009,1.0003,1.0003,18479.72,18488.18419,49,10.04,10.049036,201912
1.0007,1.0008,0.9999,1.0008,50585.66,50606.40913,51,33070.85,33086.485388,201912
1.0008,1.001,1.0005,1.0005,24078.84,24097.313383,31,16783.59,16798.298758,201912
1.0005,1.0009,1.0005,1.0007,24497.48,24511.933562,48,17790.64,17801.540142,201912
1.0007,1.0007,1.0005,1.0007,5669.54,5673.135469,9,2636.67,2638.461462,201912
1.0006,1.0007,1.0005,1.0005,12277.39,12285.719559,20,11760.32,11768.391024,201912
1.0005,1.0009,1.0005,1.0009,12435.77,12444.247234,20,11239.77,11247.649234,201912
1.0009,1.0009,1.0005,1.0007,1607.52,1608.68512,3,1578.48,1579.6306,201912
1.0007,1.0009,1.0007,1.0007,14517.88,14530.666318,42,14517.88,14530.666318,201912
1.0009,1.001,1.0005,1.001,10437.5,10447.59134,14,10095.7,10105.62044,201912
1.0005,1.001,1.0005,1.001,18708.87,18726.906515,18,18539.91,18557.862035,201912
1.001,1.0013,1.0007,1.0009,5057.35,5061.988079,17,1725.12,1726.984567,201912
1.0011,1.0011,1.0009,1.0009,875.38,876.220598,2,263.78,264.070158,201912
1.0009,1.0012,1.0009,1.0009,3655.16,3658.605319,11,767.45,768.228,201912
1.0009,1.0015,1.0009,1.001,14721.14,14740.956935,17,11741.77,11758.577954,201912
1.0009,1.0014,1.0009,1.0011,6275.39,6282.943922,28,5085.24,5091.598302,201912
1.0014,1.0014,1.0011,1.0011,2284.75,2287.779996,8,1777.83,1780.302384,201912
1.0014,1.0014,1.001,1.001,5302.83,5309.741956,17,3657.85,3662.904085,201912
1.001,1.001,1.001,1.001,3276.08,3279.35608,11,0.0,0.0,201912
1.001,1.0011,1.0008,1.0009,4270.34,4274.247939,13,37.39,37.431129,201912
1.0008,1.001,1.0008,1.001,1541.5,1542.970156,3,603.08,603.68308,201912
1.0009,1.0011,1.0009,1.0009,832.8,833.619574,7,522.7,523.240484,201912
1.0009,1.0011,1.0009,1.001,4703.88,4708.181792,6,146.5,146.66115,201912
1.0011,1.0012,1.0008,1.001,9291.03,9300.827706,26,6851.39,6858.927843,201912
1.0012,1.0012,1.0008,1.0008,581.83,582.351124,5,139.15,139.31698,201912
1.001,1.0011,1.0008,1.0009,5566.85,5572.012917,14,2472.47,2474.989758,201912
1.0009,1.0009,1.0009,1.0009,3861.35,3864.825215,6,1362.48,1363.706232,201912
1.0009,1.001,1.0009,1.001,3427.45,3430.86644,12,368.34,368.70834,201912
1.001,1.001,1.0008,1.001,5804.25,5809.521845,9,1159.26,1160.306552,201912
1.0009,1.001,1.0008,1.0008,1691.07,1692.672632,7,935.92,936.85592,201912
1.0008,1.001,1.0007,1.0008,2776.27,2778.519429,12,964.2,965.085432,201912
1.001,1.001,1.0007,1.0007,787.08,787.781647,4,706.64,707.285339,201912
1.001,1.0015,1.0009,1.0015,11739.67,11751.680617,47,11648.53,11660.449477,201912
1.001,1.0014,1.001,1.0014,4131.49,4136.061266,17,1167.93,1169.537706,201912
1.0014,1.0015,1.0011,1.0015,4194.67,4200.64602,12,4194.67,4200.64602,201912
1.001,1.0015,1.001,1.001,12477.29,12492.883658,29,7125.54,7135.752702,201912
1.0015,1.0015,1.0013,1.0013,1981.54,1984.343881,8,746.89,748.004371,201912
1.0012,1.0015,1.0011,1.0012,13958.32,13976.4566,25,7798.48,7809.446606,201912
1.0013,1.0015,1.001,1.0013,7842.69,7852.825733,25,7385.22,7394.865016,201912
1.0012,1.0015,1.0011,1.0015,8676.44,8688.918001,16,8106.27,8118.100329,201912
1.0011,1.0015,1.0011,1.0015,16982.73,17007.125911,28,14544.64,14565.739216,201912
1.0015,1.0015,1.0011,1.0015,13865.83,13884.262372,30,8342.82,8354.865941,201912
1.0015,1.0015,1.0011,1.0015,19720.89,19749.668586,27,17638.48,17664.93772,201912
1.0015,1.0015,1.001,1.001,13202.16,13218.39541,8,5076.45,5083.787469,201912
1.0014,1.0015,1.0013,1.0013,2966.2,2970.40294,5,1998.6,2001.54506,201912
1.0013,1.0013,1.001,1.001,4906.55,4911.634534,15,593.28,594.051264,201912
1.0014,1.0014,1.001,1.001,1762.94,1765.095914,8,1170.89,1172.423864,201912
1.001,1.001,1.001,1.001,533.84,534.37384,1,0.0,0.0,201912
1.0013,1.0013,1.0006,1.0006,16378.36,16392.658594,21,2222.92,2225.786668,201912
1.001,1.001,1.0006,1.0006,5149.93,5153.068626,5,121.67,121.79167,201912
1.001,1.001,1.001,1.001,1508.25,1509.75825,5,1508.25,1509.75825,201912
1.0007,1.0009,1.0007,1.0007,7014.38,7019.424416,12,0.0,0.0,201912
1.0008,1.001,1.0002,1.0009,30890.34,30915.175108,29,19431.75,19449.530221,201912
1.0008,1.0008,1.0008,1.0008,3953.97,3957.133176,22,0.0,0.0,201912
1.0008,1.0008,1.0008,1.0008,0.0,0.0,0,0.0,0.0,201912
1.0008,1.0008,1.0008,1.0008,281.7,281.92536,3,0.0,0.0,201912
1.0008,1.0008,1.0008,1.0008,765.67,766.282536,8,0.0,0.0,201912
1.0008,1.0008,1.0008,1.0008,56.32,56.365056,1,0.0,0.0,201912
1.0008,1.0008,1.0008,1.0008,0.0,0.0,0,0.0,0.0,201912
1.0008,1.0011,1.0008,1.0009,7324.04,7330.861966,13,4620.73,4625.387807,201912
1.0008,1.0012,1.0008,1.0012,2579.44,2582.280202,12,2131.42,2133.901786,201912
1.0012,1.0012,1.0008,1.0012,1765.3,1767.269088,8,1709.08,1711.000117,201912
1.001,1.0012,1.001,1.001,8682.78,8692.837608,13,8168.78,8178.323608,201912
1.0012,1.0012,1.0012,1.0012,5742.69,5749.581228,9,5742.69,5749.581228,201912
1.0012,1.0013,1.0012,1.0013,270.46,270.811597,3,270.46,270.811597,201912
1.0013,1.0013,1.001,1.0012,3177.47,3181.129078,7,1977.47,1979.929078,201912
1.0009,1.0011,1.0009,1.0011,9793.48,9802.774132,13,2400.0,2402.64,201912
1.001,1.0012,1.0008,1.0012,1501.16,1502.550002,10,516.23,516.821796,201912
1.0008,1.0011,1.0008,1.0011,485.23,485.705232,3,0.0,0.0,201912
1.0011,1.0012,1.0011,1.0011,4489.9,4494.877299,7,3649.85,3653.903244,201912
1.0011,1.0011,1.0008,1.0011,21579.0,21602.1369,13,19579.0,19600.5369,201912
1.0011,1.0011,1.0008,1.0009,5754.74,5761.001581,20,5453.6,5459.59896,201912
1.0008,1.001,1.0008,1.001,592.16,592.739876,3,530.74,531.27074,201912
1.0008,1.0011,1.0008,1.001,2781.89,2784.839655,6,2579.04,2581.827375,201912
1.0008,1.0011,1.0008,1.001,7026.49,7033.689438,17,5946.05,5952.385086,201912
1.0008,1.001,1.0007,1.001,825.78,826.388626,7,21.08,21.10108,201912
1.001,1.0012,1.001,1.0012,2814.76,2817.692628,5,2814.76,2817.692628,201912
1.0011,1.0011,1.0009,1.0011,4905.34,4910.654417,6,4890.17,4895.470764,201912
1.001,1.0012,1.0008,1.0009,7217.61,7224.463804,17,2105.82,2108.258228,201912
1.0008,1.0012,1.0008,1.0008,8183.91,8191.29336,20,2917.0,2920.169832,201912
1.0009,1.0011,1.0008,1.0011,5770.19,5775.063024,6,1098.9,1100.035992,201912
1.0011,1.0011,1.0008,1.001,1095.54,1096.676906,5,934.73,935.738258,201912
1.0009,1.0009,1.0008,1.0009,612.8,613.350468,6,602.28,602.822052,201912
1.0009,1.0009,1.0009,1.0009,2346.05,2348.161445,4,2346.05,2348.161445,201912
1.0009,1.0009,1.0008,1.0009,8783.34,8790.42422,10,575.48,575.997932,201912
1.0009,1.0009,1.0008,1.0009,740.15,740.808656,3,632.45,633.019205,201912
1.0009,1.0009,1.0009,1.0009,1498.17,1499.518353,3,0.0,0.0,201912
1.001,1.0012,1.0009,1.0012,2168.71,2171.09661,7,2153.99,2156.363362,201912
1.0009,1.0013,1.0009,1.0013,12025.04,12039.744273,19,11542.65,11556.920122,201912
1.0013,1.0014,1.0011,1.0014,766.17,767.104942,6,363.14,363.618227,201912
1.0014,1.0014,1.0009,1.0009,7567.6,7575.467997,13,32.77,32.815878,201912
1.0009,1.0013,1.0009,1.0009,7766.31,7775.093315,17,5084.09,5090.459317,201912
1.0009,1.0012,1.0009,1.001,1056.05,1057.161329,6,522.1,522.632688,201912
1.0012,1.0012,1.001,1.0011,2367.61,2370.290525,6,1982.09,1984.385005,201912
1.0014,1.0014,1.0011,1.0011,2359.37,2362.359987,7,1315.6,1317.44184,201912
1.0014,1.0014,1.0012,1.0013,1372.68,1374.439448,4,1083.68,1085.063748,201912
1.0014,1.0014,1.001,1.0012,5800.69,5806.698206,15,724.13,725.061646,201912
1.001,1.001,1.0009,1.0009,16455.98,16471.483051,34,902.77,903.67277,201912
1.0012,1.0012,1.0009,1.0009,5164.25,5169.118849,10,1069.7,1070.883754,201912
1.0009,1.0011,1.0009,1.001,5164.72,5169.599907,13,0.0,0.0,201912
1.0009,1.0009,1.0008,1.0008,3930.42,3933.717378,10,1474.82,1476.147338,201912
1.0006,1.001,1.0006,1.001,8340.63,8346.325776,21,1285.02,1286.30502,201912
1.0006,1.0007,1.0006,1.0007,2196.29,2197.805063,14,298.09,298.298663,201912
1.0007,1.001,1.0006,1.0008,8763.62,8770.976046,21,4862.29,4866.992728,201912
1.0006,1.0006,1.0006,1.0006,3616.47,3618.639882,9,0.0,0.0,201912
1.0008,1.0012,1.0008,1.0012,27038.7,27068.108028,22,26991.87,27021.240564,201912
1.0011,1.0013,1.001,1.001,7301.0,7310.258057,20,6296.21,6304.395073,201912
1.0011,1.0013,1.001,1.0012,5625.06,5631.082004,11,2080.8,2083.277744,201912
1.0008,1.0012,1.0008,1.0012,1394.25,1395.553868,4,1394.25,1395.553868,201912
1.0012,1.0012,1.0008,1.0008,8207.95,8215.759312,17,3107.38,3111.108856,201912
1.0008,1.0012,1.0006,1.0009,13488.22,13499.707392,20,3840.14,3844.4161,201912
1.0011,1.0013,1.0009,1.0012,33718.95,33757.802493,59,33718.95,33757.802493,201912
1.0012,1.0012,1.0008,1.0009,9173.41,9181.443891,16,703.2,703.958373,201912
1.0009,1.0009,1.0007,1.0007,4728.49,4732.609584,7,3734.79,3738.151311,201912
1.0009,1.0009,1.0007,1.0007,1700.09,1701.522347,6,1211.42,1212.510278,201912
1.001,1.001,1.0008,1.0008,2948.96,2951.420779,7,621.38,621.978715,201912
1.0008,1.0008,1.0007,1.0007,7312.79,7318.276195,17,0.0,0.0,201912
1.0007,1.0008,1.0007,1.0007,12996.29,13005.476943,12,0.0,0.0,201912
1.001,1.001,1.0008,1.001,6997.23,7003.956633,12,4681.25,4685.93125,201912
1.0008,1.001,1.0007,1.0008,34021.69,34046.471822,29,0.0,0.0,201912
1.001,1.001,1.0007,1.0009,4792.95,4797.128452,7,2257.12,2259.163191,201912
1.001,1.001,1.0007,1.001,6360.65,6366.814825,9,6038.39,6044.329243,201912
1.0011,1.0011,1.0007,1.0009,7864.35,7871.472581,16,5973.97,5979.769315,201912
1.0007,1.0009,1.0007,1.0007,7843.47,7849.230111,9,1348.41,1349.623569,201912
1.0007,1.001,1.0007,1.0008,6318.31,6322.837515,16,652.64,653.171148,201912
1.0007,1.0009,1.0007,1.0007,20877.97,20892.656889,33,361.55,361.875395,201912
1.0007,1.001,1.0006,1.0009,4147.16,4150.308528,15,1449.07,1450.359674,201912
1.0007,1.0008,1.0007,1.0008,605.15,605.630721,2,571.16,571.616928,201912
1.001,1.001,1.0006,1.0009,10648.75,10658.241778,20,10189.76,10198.925896,201912
1.001,1.001,1.0007,1.0007,6438.65,6444.443051,12,3900.0,3903.9,201912
1.0007,1.001,1.0007,1.0009,5376.86,5381.176163,9,2262.13,2264.265852,201912
1.001,1.0011,1.0009,1.0009,3781.33,3785.271402,10,3391.35,3394.94042,201912
1.0008,1.001,1.0007,1.0007,1990.93,1992.477047,9,381.32,381.70132,201912
1.0011,1.0011,1.0008,1.0008,1939.85,1941.84993,7,1493.5,1495.14285,201912
1.0008,1.0011,1.0008,1.0011,8348.28,8357.022174,19,7156.56,7164.27552,201912
1.0011,1.0014,1.0011,1.0011,9576.88,9587.800602,32,1720.06,1722.3381,201912
1.0014,1.0014,1.0011,1.0011,5970.81,5977.411869,14,113.26,113.418564,201912
1.0011,1.0011,1.0009,1.0011,613.33,613.937675,5,83.37,83.461707,201912
1.0009,1.001,1.0009,1.0009,4160.47,4164.23147,12,170.47,170.64047,201912
1.0009,1.0011,1.0007,1.0009,12624.12,12634.114339,14,1620.45,1621.810351,201912
1.0009,1.0009,1.0007,1.0008,2527.37,2529.217768,8,647.47,648.001838,201912
1.0007,1.0007,1.0005,1.0005,14247.36,14255.03722,28,0.0,0.0,201912
1.0005,1.0007,1.0005,1.0007,3469.0,3470.914346,9,899.23,899.859461,201912
1.0005,1.0007,1.0005,1.0005,27691.64,27705.687804,30,1009.92,1010.626944,201912
1.0009,1.0009,1.0005,1.0005,4739.18,4742.163326,10,2044.68,2046.316076,201912
1.0005,1.0009,1.0005,1.0005,3594.86,3597.224786,20,1229.0,1230.1061,201912
1.0005,1.0009,1.0005,1.0008,4199.84,4202.348943,10,3301.45,3303.509748,201912
1.0008,1.0008,1.0003,1.0003,17026.85,17034.11235,31,2073.49,2074.88741,201912
1.0003,1.0005,1.0001,1.0001,12862.25,12864.716233,27,2015.01,2015.587946,201912
1.0002,1.0004,1.0,1.0001,9766.12,9766.921271,13,911.08,911.38061,201912
1.0004,1.0004,1.0,1.0,2316.62,2317.535416,5,2288.54,2289.455416,201912
1.0002,1.0002,1.0001,1.0001,1196.76,1196.931444,2,679.08,679.147908,201912
1.0003,1.0004,1.0,1.0004,21049.93,21058.101505,13,20692.47,20700.641505,201912
1.0004,1.0004,1.0001,1.0001,24694.62,24698.962836,23,2689.18,2690.255672,201912
1.0004,1.0004,1.0001,1.0004,3183.25,3184.485851,7,3058.42,3059.643368,201912
1.0004,1.0004,1.0001,1.0001,1449.44,1449.608572,7,78.76,78.791504,201912
1.0004,1.0004,1.0001,1.0003,5118.14,5119.32947,12,603.37,603.611348,201912
1.0001,1.0004,1.0001,1.0002,14453.22,14458.622487,23,13449.06,13454.325534,201912
1.0004,1.0004,1.0001,1.0001,1966.99,1967.380553,6,1106.82,1107.124536,201912
1.0004,1.0005,1.0001,1.0005,7202.61,7205.491814,12,7075.18,7078.049071,201912
1.0005,1.0005,1.0003,1.0003,528.66,528.916606,6,490.04,490.28502,201912
1.0003,1.0005,1.0003,1.0003,3601.4,3602.951679,5,1620.67,1621.318268,201912
1.0003,1.0005,1.0001,1.0003,8181.15,8182.556099,18,754.35,754.649575,201912
1.0001,1.0004,1.0001,1.0001,3397.28,3397.80455,14,894.37,894.644259,201912
1.0001,1.0004,1.0,1.0002,3013.97,3014.387216,8,1147.28,1147.512836,201912
1.0,1.0004,1.0,1.0,16403.99,16404.713968,52,1809.92,1810.643968,201912
1.0,1.0004,1.0,1.0004,19338.59,19346.145455,18,19027.86,19035.404858,201912
1.0001,1.0004,1.0001,1.0004,3005.69,3006.068218,11,360.06,360.168632,201912
1.0001,1.0005,1.0001,1.0005,3043.47,3044.963011,6,2971.66,2973.14583,201912
1.0001,1.0005,1.0001,1.0001,6100.95,6101.912649,19,1020.07,1020.524561,201912
1.0001,1.0004,1.0,1.0004,34152.03,34152.291087,51,20.0,20.008,201912
1.0001,1.0003,1.0,1.0003,3531.88,3532.687922,9,2693.05,2693.857915,201912
1.0004,1.0005,1.0001,1.0005,8321.78,8324.378001,24,4648.66,4650.730709,201912
1.0005,1.0005,0.9999,1.0004,10915.16,10917.198514,22,548.55,548.76942,201912
0.9999,1.0004,0.9999,1.0002,19268.61,19270.717789,33,9539.54,9542.141112,201912
1.0003,1.0007,1.0001,1.0005,22660.45,22673.765207,29,21708.57,21721.575035,201912
1.0005,1.0008,1.0005,1.0005,19021.01,19034.123011,29,12049.0,12058.196216,201912
1.0005,1.0008,1.0004,1.0004,7890.83,7895.655161,14,5737.5,5741.200981,201912
1.0004,1.0007,1.0003,1.0006,8987.89,8992.846843,12,8419.53,8424.294148,201912
1.0003,1.0006,1.0002,1.0002,6497.57,6500.103621,9,3476.48,3478.289403,201912
1.0002,1.0006,1.0002,1.0004,3185.53,3186.941912,4,3150.39,3151.794884,201912
1.0004,1.0004,1.0003,1.0004,6888.54,6891.136416,12,5298.54,5300.659416,201912
1.0004,1.0004,1.0003,1.0004,3068.92,3070.025252,11,1845.76,1846.498304,201912
1.0004,1.0004,1.0003,1.0004,1807.05,1807.769574,11,1774.59,1775.299836,201912
1.0004,1.0004,1.0002,1.0002,1784.69,1785.152149,7,376.06,376.210424,201912
1.0002,1.0006,1.0002,1.0002,2376.22,2376.833084,7,344.6,344.80676,201912
1.0006,1.0006,1.0002,1.0003,1547.16,1547.758604,7,660.53,660.901616,201912
1.0001,1.0003,1.0001,1.0003,4727.31,4727.885412,7,941.59,941.78684,201912
1.0004,1.0006,1.0003,1.0004,3779.34,3781.351248,17,3223.35,3225.176362,201912
1.0003,1.0006,1.0002,1.0005,11197.54,11203.129698,13,8582.51,8587.464382,201912
1.0004,1.0006,1.0004,1.0006,3046.24,3047.553988,4,477.46,477.746476,201912
1.0006,1.0006,1.0006,1.0006,31.67,31.689002,1,31.67,31.689002,201912
1.0006,1.0009,1.0004,1.0004,1265.81,1266.733179,5,303.16,303.419161,201912
1.0009,1.0011,1.0009,1.001,1062.49,1063.561442,3,1062.49,1063.561442,201912
1.001,1.001,1.0008,1.0008,2018.87,2020.857856,5,2018.87,2020.857856,201912
1.001,1.001,1.0006,1.0006,1397.64,1398.663236,8,561.67,562.191654,201912
1.0007,1.0007,1.0006,1.0006,1103.48,1104.152436,2,0.0,0.0,201912
1.0006,1.0006,1.0006,1.0006,3158.52,3160.415112,5,0.0,0.0,201912
1.0008,1.0008,1.0008,1.0008,115.18,115.272144,4,115.18,115.272144,201912
1.0008,1.0008,1.0008,1.0008,382.51,382.816008,3,382.51,382.816008,201912
1.0006,1.0008,1.0,1.0008,7269.17,7273.973435,28,6314.25,6318.924427,201912
1.0004,1.0008,1.0002,1.0002,6469.63,6472.553192,30,1447.69,1448.609604,201912
1.0002,1.0006,1.0002,1.0006,9827.46,9832.71198,25,8323.22,8328.171132,201912
1.0006,1.0009,1.0004,1.0008,2868.6,2870.581092,20,2843.74,2845.711148,201912
1.0007,1.0009,1.0004,1.0004,2295.38,2296.668139,7,995.75,996.518287,201912
1.0008,1.0011,1.0006,1.0008,3122.4,3125.214457,14,1878.44,1880.269645,201912
1.0011,1.0011,1.0006,1.0008,6156.72,6160.83812,10,586.61,587.250466,201912
1.0007,1.0007,1.0006,1.0006,504.87,505.218355,2,0.0,0.0,201912
1.0009,1.0009,1.0007,1.0009,1883.57,1885.149175,7,1407.31,1408.555793,201912
1.0007,1.001,1.0007,1.001,1352.4,1353.613259,8,986.59,987.547192,201912
1.0006,1.0008,1.0005,1.0008,6713.81,6718.03582,11,2896.38,2898.697104,201912
1.0007,1.0009,1.0005,1.0006,8315.85,8321.261989,18,3866.91,3869.818519,201912
1.0007,1.0007,1.0003,1.0007,898.41,899.033663,8,885.35,885.969745,201912
1.0005,1.0005,1.0003,1.0003,321.44,321.594926,2,292.47,292.616235,201912
1.0007,1.0007,1.0003,1.0003,3355.11,3356.438225,7,714.91,715.342095,201912
1.0006,1.0007,1.0003,1.0007,2703.71,2705.063622,7,1337.64,1338.516121,201912
1.0007,1.0008,1.0004,1.0008,7591.87,7597.171532,9,7398.49,7403.71418,201912
1.0004,1.0011,1.0004,1.0007,17589.04,17604.240575,19,9812.93,9823.093836,201912
1.0006,1.0006,1.0005,1.0005,7526.95,7531.212925,10,0.0,0.0,201912
1.001,1.001,1.0009,1.0009,1422.18,1423.545696,4,857.34,858.19734,201912
1.0008,1.0009,1.0007,1.0009,2366.77,2368.639781,6,2366.77,2368.639781,201912
1.0009,1.0009,1.0005,1.0007,1816.95,1818.093949,6,1078.13,1078.904539,201912
1.0005,1.0007,1.0005,1.0005,1939.35,1940.386471,9,0.0,0.0,201912
1.001,1.001,1.0002,1.001,5778.33,5783.255314,10,4834.42,4839.018089,201912
1.0005,1.0007,1.0005,1.0007,2888.84,2890.389665,4,1135.15,1135.82282,201912
1.0009,1.0009,1.0009,1.0009,704.09,704.723681,1,704.09,704.723681,201912
1.0009,1.0009,1.0005,1.0006,1618.6,1619.858399,4,1567.1,1568.332649,201912
1.0005,1.0006,1.0004,1.0004,4366.5,4368.659765,7,470.67,470.952402,201912
1.0008,1.0008,1.0003,1.0003,3616.57,3618.175915,13,2233.76,2234.862624,201912
1.0003,1.0003,0.9998,1.0003,9038.2,9039.918333,18,2201.58,2202.205346,201912
1.0002,1.0002,0.9999,0.9999,8823.79,8823.475277,8,1000.45,1000.349955,201912
1.0003,1.0003,1.0003,1.0003,269.56,269.640868,2,269.56,269.640868,201912
0.9999,1.0001,0.9999,1.0001,1243.55,1243.555643,3,649.99,650.054999,201912
1.0,1.0003,1.0,1.0003,3171.94,3172.47057,10,1246.58,1246.953974,201912
1.0003,1.0003,1.0001,1.0001,1059.32,1059.437288,2,56.78,56.797034,201912
1.0002,1.0004,1.0001,1.0002,6894.88,6896.813804,14,5751.99,5753.702015,201912
1.0003,1.0003,1.0002,1.0002,818.22,818.458892,2,752.48,752.705744,201912
1.0004,1.0004,1.0001,1.0001,518.04,518.145103,3,157.91,157.973164,201912
1.0004,1.0004,1.0001,1.0002,4942.59,4943.379177,11,1980.36,1980.852954,201912
1.0003,1.0004,1.0001,1.0001,1481.38,1481.814358,5,1120.71,1121.108291,201912
1.0003,1.0003,1.0,1.0003,8242.71,8245.125327,12,8242.71,8245.125327,201912
1.0003,1.0003,1.0003,1.0003,29.72,29.728916,2,29.72,29.728916,201912
0.9999,0.9999,0.9999,0.9999,22.48,22.477752,1,0.0,0.0,201912
0.9999,1.0002,0.9999,0.9999,6330.05,6329.84203,11,269.01,269.063802,201912
1.0001,1.0001,1.0,1.0,1024.36,1024.410672,2,1024.36,1024.410672,201912
1.0001,1.0003,0.9999,0.9999,547.42,547.493166,4,444.48,444.56346,201912
1.0003,1.0003,1.0001,1.0001,840.22,840.321936,2,840.22,840.321936,201912
1.0002,1.0002,1.0002,1.0002,863.7,863.87274,1,863.7,863.87274,201912
1.0003,1.0003,1.0003,1.0003,254.27,254.346281,3,254.27,254.346281,201912
1.0001,1.0003,1.0,1.0003,1094.59,1094.784655,5,730.56,730.727865,201912
1.0,1.0,1.0,1.0,2247.98,2247.98,2,0.0,0.0,201912
1.0003,1.0004,1.0002,1.0002,3358.98,3360.133749,7,3153.82,3154.932717,201912
1.0003,1.0003,0.9999,0.9999,5155.45,5156.851895,12,4793.6,4795.03808,201912
1.0001,1.0002,1.0001,1.0002,1619.35,1619.587119,3,1619.35,1619.587119,201912
1.0002,1.0004,1.0002,1.0003,1897.47,1898.075419,6,1897.47,1898.075419,201912
1.0001,1.0002,1.0001,1.0002,2568.43,2568.80219,4,383.78,383.856756,201912
1.0001,1.0001,1.0001,1.0001,489.72,489.768972,2,0.0,0.0,201912
1.0001,1.0002,1.0001,1.0001,2138.26,2138.509982,8,361.56,361.632312,201912
1.0002,1.0002,1.0001,1.0001,1540.14,1540.398033,8,1040.19,1040.398038,201912
1.0001,1.0001,1.0,1.0001,980.78,980.874875,6,132.58,132.593258,201912
1.0,1.0001,0.9999,0.9999,1895.46,1895.527658,5,1647.36,1647.452468,201912
1.0,1.0001,0.9998,1.0001,8465.52,8464.961585,20,1413.78,1413.909405,201912
1.0001,1.0002,0.9998,1.0002,3163.75,3164.109883,11,3143.13,3143.494007,201912
1.0001,1.0002,1.0001,1.0002,13322.45,13325.098761,19,13165.16,13167.793032,201912
1.0002,1.0007,1.0001,1.0006,24647.48,24654.82285,49,17112.29,17117.826779,201912
1.0004,1.0008,1.0004,1.0007,3772.85,3774.835694,8,25.07,25.090056,201912
1.0008,1.0008,1.0004,1.0008,3164.49,3166.53654,5,2436.52,2438.275352,201912
1.0005,1.0008,1.0004,1.0004,1164.42,1164.98315,8,330.36,330.535776,201912
1.0004,1.0008,1.0004,1.0006,2455.28,2457.081282,4,2320.8,2322.54749,201912
1.0006,1.0006,1.0004,1.0006,3918.91,3920.691611,15,1314.4,1315.139807,201912
1.0004,1.0006,1.0003,1.0005,4809.38,4811.654796,19,771.56,772.022936,201912
1.0005,1.0011,1.0005,1.0011,5540.2,5543.731715,24,1137.39,1138.449211,201912
1.0008,1.0011,1.0007,1.0008,9995.73,10005.769882,25,7757.78,7766.03292,201912
1.0008,1.0008,1.0005,1.0008,5723.01,5727.295718,36,1200.0,1200.96,201912
1.0007,1.0009,1.0006,1.0007,3053.7,3056.038589,14,1661.09,1662.492761,201912
1.001,1.001,1.0005,1.0006,2454.53,2456.222077,9,723.6,724.299417,201912
1.0006,1.0007,1.0006,1.0007,1676.5,1677.568417,3,625.17,625.607619,201912
1.0009,1.0011,1.0006,1.0008,7305.69,7312.912867,18,6761.96,6768.851421,201912
1.0009,1.0011,1.0008,1.0009,2008.24,2010.121159,10,1263.26,1264.506175,201912
1.0009,1.0009,1.0009,1.0009,72.32,72.385088,1,72.32,72.385088,201912
1.0007,1.0008,1.0006,1.0008,5468.28,5471.891996,7,1055.14,1055.984112,201912
1.0005,1.0008,1.0005,1.0008,322.3,322.493478,2,322.3,322.493478,201912
1.0008,1.0008,1.0004,1.0004,1029.63,1030.103936,6,155.21,155.334168,201912
1.0001,1.0008,1.0001,1.0008,3493.03,3494.076952,14,797.32,797.881137,201912
1.0008,1.0008,1.0008,1.0008,132.45,132.55596,1,132.45,132.55596,201912
1.0008,1.0008,1.0008,1.0008,0.0,0.0,0,0.0,0.0,201912
1.0005,1.0005,1.0003,1.0003,2371.99,2372.733127,4,157.65,157.728825,201912
1.0006,1.0006,1.0006,1.0006,265.55,265.70933,1,265.55,265.70933,201912
1.0006,1.0006,1.0003,1.0006,1115.28,1115.890275,4,918.97,919.521382,201912
1.0008,1.0009,1.0007,1.0007,10889.82,10898.848945,20,10867.96,10876.971457,201912
1.0008,1.0008,1.0005,1.0006,2384.06,2385.655542,8,1198.49,1199.448792,201912
1.0005,1.0008,1.0005,1.0008,2848.17,2849.873946,9,932.87,933.616296,201912
1.0005,1.0009,1.0005,1.0009,3637.6,3640.033838,11,1219.28,1220.291582,201912
1.0007,1.0009,1.0007,1.0009,571.68,572.120776,3,203.0,203.1827,201912
1.0006,1.0009,1.0005,1.0007,19891.79,19908.384331,22,12700.61,12712.040549,201912
1.0007,1.0009,1.0005,1.0006,12295.93,12304.023402,24,1562.77,1563.777056,201912
1.0008,1.0012,1.0005,1.0012,16186.5,16200.688038,18,11228.62,11239.59004,201912
1.0011,1.0011,1.0009,1.0009,4179.5,4183.363246,4,4179.5,4183.363246,201912
1.0008,1.0008,1.0007,1.0007,5774.0,5778.0808,5,0.0,0.0,201912
1.0006,1.0009,1.0005,1.0007,6023.94,6027.685472,25,1643.96,1645.116482,201912
1.0005,1.0006,1.0002,1.0006,4158.63,4160.689346,16,1933.13,1934.289878,201912
1.0006,1.0006,1.0004,1.0006,3052.04,3053.624689,7,2399.69,2400.974749,201912
1.0004,1.0004,1.0002,1.0002,627.64,627.830058,6,0.0,0.0,201912
1.0006,1.0006,1.0005,1.0006,340.32,340.505893,3,157.33,157.424398,201912
1.0006,1.0006,1.0003,1.0003,904.96,905.423457,4,208.23,208.354938,201912
1.0004,1.0004,1.0004,1.0004,486.23,486.424492,1,486.23,486.424492,201912
1.0006,1.0006,1.0006,1.0006,33.99,34.010394,1,33.99,34.010394,201912
1.0005,1.0006,1.0002,1.0002,1516.14,1516.719421,5,790.01,790.410118,201912
1.0005,1.0006,1.0002,1.0006,3448.57,3450.235687,5,2024.53,2025.744718,201912
1.0004,1.0006,1.0004,1.0006,639.09,639.418088,2,362.26,362.477356,201912
1.0004,1.0004,1.0003,1.0003,2200.86,2201.590344,3,700.86,701.140344,201912
1.0003,1.0006,1.0002,1.0006,1786.93,1787.848475,7,1395.15,1395.960119,201912
1.0006,1.0006,1.0002,1.0006,4163.4,4165.588224,7,3388.86,3390.893316,201912
1.0006,1.0006,1.0002,1.0004,6430.24,6431.977822,13,1013.08,1013.687848,201912
1.0003,1.0003,1.0002,1.0002,2774.95,2775.607622,12,1000.39,1000.690117,201912
1.0003,1.0006,1.0003,1.0006,2960.9,2962.254788,12,2719.25,2720.532293,201912
1.0004,1.0006,1.0003,1.0003,866.88,867.288617,4,597.69,597.997873,201912
1.0004,1.0004,1.0003,1.0003,1611.61,1612.125181,5,316.98,317.106792,201912
1.0003,1.0004,1.0003,1.0003,1315.33,1315.742118,5,175.19,175.260076,201912
1.0005,1.0006,1.0003,1.0005,3726.39,3728.140903,13,2558.52,2559.920542,201912
1.0004,1.0006,1.0003,1.0003,3498.53,3499.831557,13,340.0,340.204,201912
1.0003,1.0006,1.0003,1.0006,2182.35,2183.199819,5,650.38,650.770228,201912
1.0004,1.0004,1.0004,1.0004,612.35,612.59494,3,0.0,0.0,201912
1.0006,1.0006,1.0004,1.0006,3943.42,3945.542081,5,3530.35,3532.306853,201912
1.0004,1.0006,1.0004,1.0004,3593.66,3595.6244,5,2634.68,2636.260808,201912
1.0008,1.0008,1.0004,1.0004,6126.13,6129.143216,18,1406.91,1408.035528,201912
1.0004,1.0008,1.0004,1.0004,361.06,361.262424,4,145.0,145.116,201912
1.0004,1.0005,1.0004,1.0005,1375.63,1376.272092,3,918.4,918.8592,201912
1.0008,1.0008,1.0005,1.0008,5797.24,5801.077746,14,3130.42,3132.924336,201912
1.0005,1.0008,1.0005,1.0008,3072.82,3074.829435,8,1576.75,1578.0114,201912
1.0008,1.0008,1.0005,1.0005,1881.78,1882.867678,4,188.79,188.941032,201912
1.0006,1.0006,1.0006,1.0006,362.32,362.537392,1,0.0,0.0,201912
1.0005,1.0006,1.0005,1.0005,1283.3,1283.942849,6,11.99,11.997194,201912
1.0004,1.0004,1.0004,1.0004,360.97,361.114388,1,0.0,0.0,201912
1.0004,1.0005,1.0004,1.0005,1076.57,1077.048687,4,480.59,480.830295,201912
1.0004,1.0008,1.0004,1.0008,107.04,107.10462,2,54.51,54.553608,201912
1.0004,1.0004,1.0004,1.0004,406.5,406.6626,3,0.0,0.0,201912
1.0006,1.0008,1.0006,1.0006,11159.75,11166.989666,16,1089.81,1090.508302,201912
1.0006,1.0006,1.0005,1.0005,8742.15,8746.993348,10,1178.31,1179.016986,201912
1.0005,1.0006,1.0005,1.0005,6638.56,6641.979079,12,997.99,998.588794,201912
1.0006,1.0006,1.0001,1.0001,8721.1,8725.093721,9,6835.01,6838.482964,201912
1.0003,1.0003,1.0003,1.0003,1726.82,1727.338046,2,1726.82,1727.338046,201912
1.0004,1.0004,1.0001,1.0001,12708.66,12711.32829,7,6402.6,6404.015718,201912
1.0005,1.0006,1.0003,1.0003,5935.31,5938.685475,24,5574.99,5578.257379,201912
1.0003,1.0006,1.0003,1.0005,3478.86,3480.467993,8,642.65,642.975162,201912
1.0005,1.0005,1.0005,1.0005,544.59,544.862295,3,0.0,0.0,201912
1.0005,1.0006,1.0005,1.0006,2323.34,2324.621476,9,1198.06,1198.778836,201912
1.0005,1.0006,1.0005,1.0005,4689.72,4692.079598,15,147.38,147.468428,201912
1.0005,1.0006,1.0003,1.0004,7595.48,7599.105099,20,59.56,59.595736,201912
1.0006,1.0006,1.0006,1.0006,165.28,165.379168,1,165.28,165.379168,201912
1.0003,1.0006,1.0002,1.0004,4709.43,4710.900379,9,674.7,674.977122,201912
1.0002,1.0006,1.0002,1.0006,2188.53,2189.350564,10,1625.19,1625.897896,201912
1.0006,1.0006,1.0002,1.0004,1971.95,1972.806764,5,1604.82,1605.603338,201912
1.0006,1.0006,1.0001,1.0001,3148.94,3150.034716,15,753.54,753.992124,201912
1.0004,1.0007,1.0002,1.0002,4202.61,4204.44209,11,4087.67,4089.479102,201912
1.0006,1.0006,1.0002,1.0004,1094.52,1095.091636,5,679.2,679.60752,201912
1.0006,1.0006,1.0006,1.0006,4277.33,4279.896398,7,4277.33,4279.896398,201912
1.0006,1.0008,1.0004,1.0004,83.82,83.869154,4,39.07,39.101254,201912
1.0007,1.0008,1.0004,1.0004,3769.78,3772.33678,12,2802.04,2804.209684,201912
1.0004,1.0008,1.0004,1.0008,1183.41,1184.090065,5,1140.34,1141.002837,201912
1.0009,1.0009,1.0004,1.0004,411.78,412.134652,2,379.88,380.221892,201912
1.0009,1.0009,1.0004,1.0009,17413.28,17428.916857,5,17343.09,17358.698781,201912
1.0009,1.0009,1.0009,1.0009,0.0,0.0,0,0.0,0.0,201912
1.0012,1.0013,1.0008,1.0012,1236.8,1238.280221,6,1202.79,1204.243013,201912
1.0011,1.0011,1.0011,1.0011,580.41,581.048451,1,580.41,581.048451,201912
1.0008,1.0008,1.0008,1.0008,947.85,948.60828,4,0.0,0.0,201912
1.0011,1.0011,1.0008,1.0008,2406.3,2408.633364,2,1361.08,1362.577188,201912
1.0008,1.0008,1.0008,1.0008,2966.42,2968.793136,6,0.0,0.0,201912
1.0007,1.0009,1.0007,1.0009,814.71,815.344089,5,318.96,319.247064,201912
1.0007,1.0007,1.0007,1.0007,4395.8,4398.87706,2,0.0,0.0,201912
1.0008,1.001,1.0008,1.001,1861.0,1862.694362,4,1861.0,1862.694362,201912
1.0007,1.0008,1.0007,1.0008,9556.19,9563.73646,20,0.0,0.0,201912
1.0008,1.0011,1.0008,1.0008,3051.71,3054.394701,9,99.79,99.899769,201912
1.0008,1.001,1.0008,1.0008,3116.56,3119.228342,6,1083.44,1084.481846,201912
1.001,1.001,1.0009,1.0009,798.32,799.040176,2,16.88,16.89688,201912
1.0008,1.001,1.0008,1.001,3509.26,3512.206664,5,1361.6,1362.828536,201912
1.0009,1.0009,1.0008,1.0008,8675.15,8682.263075,13,1729.55,1731.106595,201912
1.0008,1.001,1.0006,1.0006,2062.35,2063.798486,5,127.12,127.24712,201912
1.0006,1.001,1.0006,1.001,454.36,454.708448,3,189.58,189.76958,201912
1.001,1.001,1.001,1.001,0.0,0.0,0,0.0,0.0,201912
1.0006,1.001,1.0005,1.0006,21453.09,21472.240107,10,15832.31,15848.14231,201912
1.001,1.001,1.0008,1.0008,10074.96,10083.029942,4,49.87,49.91987,201912
1.0009,1.001,1.0009,1.001,3569.6,3573.115368,2,3569.6,3573.115368,201912
1.0012,1.0012,1.0012,1.0012,16533.9,16553.74068,11,16533.9,16553.74068,201912
1.0009,1.0013,1.0009,1.0013,6717.2,6725.486525,10,5868.46,5875.982659,201912
1.0012,1.0012,1.0008,1.0008,8509.89,8517.57119,20,2227.56,2229.80085,201912
1.0008,1.0012,1.0008,1.0008,1076.31,1077.240928,6,56.24,56.307488,201912
1.0008,1.0009,1.0007,1.0007,11744.33,11753.023221,19,0.0,0.0,201912
1.0007,1.0008,1.0007,1.0007,2824.28,2826.447506,4,1905.1,1906.62408,201912
1.001,1.001,1.001,1.001,4373.97,4378.34397,2,4373.97,4378.34397,201912
1.0011,1.0011,1.0009,1.0009,1078.57,1079.543227,2,12.57,12.583827,201912
1.001,1.001,1.001,1.001,910.09,911.00009,1,910.09,911.00009,201912
1.0007,1.0007,1.0007,1.0007,6194.82,6199.156374,12,0.0,0.0,201912
1.0011,1.0011,1.0007,1.0008,8076.06,8083.932445,19,5519.18,5525.19918,201912
1.0007,1.001,1.0007,1.001,17906.51,17921.299657,37,2801.31,2804.064625,201912
1.001,1.001,1.0008,1.0009,14634.06,14647.424254,9,8830.18,8838.90115,201912
1.0007,1.0011,1.0007,1.0009,3878.56,3882.024997,11,961.73,962.769514,201912
1.0009,1.0009,1.0007,1.0007,6306.39,6311.139588,7,1860.99,1862.478792,201912
1.0007,1.0011,1.0007,1.0011,723.78,724.330542,6,109.74,109.860714,201912
1.0011,1.0011,1.001,1.001,262.27,262.534269,2,262.27,262.534269,201912
1.0007,1.0009,1.0007,1.0007,2862.79,2864.974933,7,904.9,905.71441,201912
1.0007,1.0007,1.0007,1.0007,41.29,41.318903,2,0.0,0.0,201912
1.0011,1.0011,1.0011,1.0011,14460.16,14476.066176,12,14460.16,14476.066176,201912
1.0009,1.0012,1.0009,1.001,1927.04,1929.015665,4,250.62,250.920744,201912
1.0009,1.0012,1.0009,1.0012,1858.31,1860.212753,5,767.58,768.501096,201912
1.0011,1.0012,1.0009,1.0012,1469.51,1471.185996,5,1414.46,1416.086451,201912
1.0012,1.0012,1.0012,1.0012,784.7,785.64164,8,784.7,785.64164,201912
1.0012,1.0012,1.0009,1.0012,4404.48,4409.607543,8,3878.37,3883.024044,201912
1.0013,1.0013,1.0009,1.0011,5788.8,5795.603648,13,4412.53,4418.095005,201912
1.0009,1.001,1.0009,1.001,2080.02,2081.967505,5,754.87,755.62487,201912
1.0009,1.0009,1.0009,1.0009,16479.81,16494.641829,15,0.0,0.0,201912
1.0009,1.001,1.0007,1.0007,7611.48,7618.271246,16,322.64,322.96264,201912
1.001,1.001,1.0006,1.0006,2119.95,2121.819944,8,1828.1,1829.74629,201912
1.0006,1.0008,1.0006,1.0008,2213.95,2215.713796,3,0.0,0.0,201912
1.0006,1.0009,1.0006,1.0006,2840.11,2841.833326,15,64.2,64.25778,201912
1.0008,1.0008,1.0006,1.0008,4357.33,4360.53061,9,0.0,0.0,201912
1.0008,1.0008,1.0008,1.0008,2448.03,2449.988424,2,2448.03,2449.988424,201912
1.0008,1.0009,1.0006,1.0007,4218.28,4221.349857,11,3357.93,3360.483647,201912
1.0006,1.0009,1.0006,1.0006,2397.19,2398.804369,11,1386.37,1387.377877,201912
1.0009,1.001,1.0006,1.001,15411.1,15424.878571,12,12920.71,12932.994337,201912
1.001,1.001,1.0009,1.001,5988.47,5994.244769,4,3851.46,3855.31146,201912
1.0008,1.001,1.0007,1.001,7341.68,7348.124276,17,4999.18,5003.984526,201912
1.0006,1.001,1.0006,1.001,4736.95,4740.698208,13,2842.15,2844.641328,201912
1.001,1.001,1.001,1.001,157.29,157.44729,1,157.29,157.44729,201912
1.0008,1.0008,1.0008,1.0008,1521.34,1522.557072,1,0.0,0.0,201912
1.0006,1.001,1.0006,1.0006,11229.5,11236.246552,7,22.13,22.15213,201912
1.0009,1.001,1.0009,1.001,465.22,465.683108,3,444.1,444.5441,201912
1.0009,1.0009,1.0009,1.0009,76.83,76.899147,1,0.0,0.0,201912
1.0009,1.001,1.0009,1.001,476.03,476.485925,4,274.98,275.25498,201912
1.001,1.001,1.0009,1.0009,3225.91,3228.85982,6,465.01,465.47501,201912
1.0009,1.0009,1.0006,1.0006,3735.07,3737.614645,11,0.0,0.0,201912
1.0006,1.0006,1.0006,1.0006,95.15,95.20709,1,0.0,0.0,201912
1.0006,1.001,1.0006,1.001,1236.13,1237.03166,9,375.32,375.69532,201912
1.0006,1.001,1.0006,1.0006,2189.18,2190.520732,7,68.06,68.12806,201912
1.0008,1.001,1.0008,1.001,1355.79,1357.084872,9,1355.79,1357.084872,201912
1.0008,1.0008,1.0006,1.0006,35096.78,35117.888626,16,0.0,0.0,201912
1.0006,1.0006,1.0006,1.0006,426.14,426.395684,3,0.0,0.0,201912
1.001,1.001,1.001,1.001,361.85,362.21185,1,361.85,362.21185,201912
1.001,1.001,1.001,1.001,0.0,0.0,0,0.0,0.0,201912
1.0006,1.0006,1.0006,1.0006,2077.45,2078.69647,5,0.0,0.0,201912
1.0007,1.0007,1.0,1.0,73197.39,73207.620269,61,41914.36,41915.278981,201912
1.0003,1.0003,1.0003,1.0003,1964.61,1965.199383,4,1964.61,1965.199383,201912
1.0002,1.0008,1.0002,1.0004,21123.57,21132.817652,23,11867.88,11874.62436,201912
1.0004,1.0007,1.0004,1.0004,9070.46,9074.556253,8,3009.11,3010.320727,201912
1.0006,1.0007,1.0004,1.0007,3429.6,3431.849452,4,770.43,770.928469,201912
1.0005,1.0008,1.0005,1.0008,13925.09,13932.332234,42,363.42,363.676342,201912
1.0006,1.0006,1.0005,1.0005,16602.31,16610.639166,14,0.0,0.0,201912
1.0005,1.0007,1.0005,1.0005,3437.87,3440.047727,6,0.0,0.0,201912
1.0005,1.0007,1.0005,1.0005,14948.71,14956.357397,28,865.21,865.815647,201912
1.0008,1.0008,1.0006,1.0006,1274.49,1275.26529,5,52.98,53.022384,201912
1.0006,1.0006,1.0005,1.0005,9291.5,9296.145751,15,0.0,0.0,201912
1.0005,1.0006,1.0005,1.0005,15943.24,15951.2151,32,34.8,34.82088,201912
1.0006,1.0009,1.0005,1.0009,13121.39,13129.265685,14,13107.04,13114.90851,201912
1.0006,1.0008,1.0006,1.0008,1294.46,1295.435568,3,0.0,0.0,201912
1.0009,1.0009,1.0006,1.0006,4679.69,4683.450578,12,3175.88,3178.738292,201912
1.0006,1.0007,1.0005,1.0005,13372.21,13379.502136,17,989.96,990.652972,201912
1.0005,1.0008,1.0004,1.0005,12778.87,12784.986534,24,354.35,354.63348,201912
1.0005,1.0006,1.0005,1.0005,9326.02,9330.706957,7,239.47,239.613682,201912
1.0005,1.0007,1.0005,1.0006,58723.56,58753.660349,74,3152.41,3154.616687,201912
1.0005,1.0009,1.0005,1.0009,22463.22,22475.964606,43,4151.7,4155.283846,201912
1.0009,1.0011,1.0005,1.0008,10821.7,10829.431573,29,5139.73,5144.469127,201912
1.0008,1.0012,1.0006,1.0008,28828.21,28857.622453,37,24409.75,24435.93419,201912
1.0008,1.0012,1.0008,1.0012,22042.0,22066.752654,28,18338.67,18360.45999,201912
1.0012,1.0013,1.0012,1.0012,4032.07,4036.94076,8,4032.07,4036.94076,201912
1.0014,1.0014,1.001,1.0014,27863.39,27901.727452,18,25740.68,25776.716952,201912
1.0011,1.0011,1.0011,1.0011,74.45,74.531895,1,0.0,0.0,201912
1.0014,1.0015,1.001,1.0013,13643.06,13659.981578,27,6814.04,6823.697157,201912
1.0013,1.0015,1.0013,1.0015,8050.88,8062.208521,13,4852.97,4860.005093,201912
1.0015,1.0015,1.0012,1.0015,6660.67,6669.970118,15,4457.52,4464.049858,201912
1.0013,1.0013,1.0011,1.0012,9510.31,9521.684649,21,2943.18,2946.761851,201912
1.0012,1.0012,1.0011,1.0011,3231.1,3234.871007,11,2167.97,2170.571564,201912
1.0011,1.0015,1.0011,1.0012,66848.2,66946.272946,21,61768.71,61860.913065,201912
1.0012,1.0015,1.0011,1.0011,7700.28,7709.852225,15,795.77,796.887595,201912
1.001,1.0015,1.001,1.0015,2941.6,2945.441692,6,2616.74,2620.256832,201912
1.0015,1.0015,1.001,1.001,1381.02,1382.75723,8,712.42,713.48863,201912
1.0013,1.0014,1.001,1.0012,6150.53,6157.522994,7,2747.74,2751.330204,201912
1.0014,1.0014,1.0009,1.0013,1142.9,1144.080417,10,105.96,106.104945,201912
1.001,1.0012,1.0008,1.0012,2405.11,2407.54994,9,986.49,987.673788,201912
1.0011,1.0011,1.0009,1.0009,1949.54,1951.565182,4,0.0,0.0,201912
1.0012,1.0014,1.001,1.0014,8770.38,8781.519431,17,8036.15,8046.555201,201912
1.0013,1.0015,1.0011,1.0011,5963.53,5970.318917,5,963.53,964.788917,201912
1.0015,1.0018,1.0015,1.0018,85234.08,85376.526886,22,85234.08,85376.526886,201912
1.0018,1.0018,1.0,1.0013,45455.89,45483.177707,41,7334.1,7344.10613,201912
1.0014,1.0014,1.0012,1.0012,3078.25,3082.47042,7,0.0,0.0,201912
1.0011,1.0017,1.0011,1.0017,1839.74,1842.684263,8,1418.61,1421.01079,201912
1.0014,1.0015,1.0013,1.0013,7914.07,7925.338403,6,4790.45,4797.381188,201912
1.0013,1.0017,1.0013,1.0015,2907.77,2911.878897,9,1091.94,1093.587868,201912
1.0017,1.0019,1.0017,1.0019,28336.12,28389.471708,11,28336.12,28389.471708,201912
1.0015,1.0015,1.0012,1.0012,3139.86,3143.940807,9,0.0,0.0,201912
1.0013,1.0016,1.0013,1.0016,130.42,130.608224,2,62.26,62.359616,201912
1.0015,1.0016,1.0015,1.0016,2158.73,2161.969195,2,2158.73,2161.969195,201912
1.0013,1.0014,1.001,1.0011,3566.67,3571.148629,11,1771.64,1774.04255,201912
1.0014,1.0021,1.0012,1.0012,52006.95,52110.206129,37,50987.15,51089.094614,201912
1.0013,1.0016,1.0012,1.0013,11213.42,11227.20368,19,623.94,624.938304,201912
1.0012,1.0016,1.0012,1.0015,6042.44,6050.539675,12,2320.87,2324.179899,201912
1.0012,1.0014,1.0006,1.0011,4461.66,4466.195323,9,1048.28,1049.747592,201912
1.0013,1.0014,1.0013,1.0014,2166.75,2169.626533,4,2166.75,2169.626533,201912
1.001,1.0021,1.001,1.0021,5571.79,5582.196091,9,5500.0,5510.334301,201912
1.0012,1.0018,1.0012,1.0014,2304.78,2308.54375,8,2024.98,2028.40492,201912
1.0014,1.0015,1.0014,1.0015,5139.09,5146.301069,5,163.43,163.675145,201912
1.0017,1.0017,1.0014,1.0014,113.54,113.708136,2,30.6,30.65202,201912
1.0017,1.0017,1.0013,1.0013,1935.08,1937.8488,6,632.99,634.066083,201912
1.0013,1.0015,1.0013,1.0014,3893.08,3898.230779,11,0.0,0.0,201912
1.0014,1.0016,1.0014,1.0016,2900.2,2904.828374,3,2900.2,2904.828374,201912
1.0013,1.0015,1.0013,1.0013,726.34,727.337904,4,268.31,268.712465,201912
1.0016,1.0016,1.0012,1.0012,5218.07,5225.078872,11,1058.03,1059.690162,201912
1.0012,1.0012,1.0012,1.0012,3735.05,3739.53206,6,0.0,0.0,201912
1.0012,1.0014,1.0011,1.0011,3735.53,3740.013232,8,902.98,904.244172,201912
1.0011,1.0014,1.0011,1.0014,268.58,268.950333,2,249.65,249.99951,201912
1.0011,1.0016,1.0011,1.0016,880.55,881.87777,4,718.33,719.479328,201912
1.0011,1.0013,1.0011,1.0013,3213.08,3216.636168,5,0.0,0.0,201912
1.0013,1.0013,1.0013,1.0013,612.96,613.756848,2,612.96,613.756848,201912
1.0009,1.0013,1.0009,1.001,945.5,946.613604,6,596.4,597.17532,201912
1.0013,1.0013,1.0013,1.0013,1522.73,1524.709549,8,1522.73,1524.709549,201912
1.0011,1.0011,1.0009,1.0009,358.75,359.128565,2,0.0,0.0,201912
1.0013,1.0013,1.0013,1.0013,2905.8,2909.57754,2,2905.8,2909.57754,201912
1.0013,1.0013,1.0003,1.0011,43640.78,43663.531586,13,229.26,229.558038,201912
1.0009,1.0013,1.0009,1.0013,304.24,304.584904,2,177.72,177.951036,201912
1.001,1.0013,1.0009,1.0009,883.75,884.679513,5,637.74,638.448104,201912
1.001,1.0013,1.001,1.0012,1126.23,1127.579648,4,1109.57,1110.902988,201912
1.001,1.0013,1.001,1.0011,1035.58,1036.751837,3,423.06,423.609978,201912
1.0011,1.0011,1.0011,1.0011,0.0,0.0,0,0.0,0.0,201912
1.0012,1.0014,1.001,1.0014,5839.99,5847.803988,21,4671.83,4678.286701,201912
1.0012,1.0014,1.001,1.0012,7032.15,7041.153519,15,5221.31,5228.434447,201912
1.0014,1.0014,1.001,1.0013,2588.64,2592.160622,7,2036.6,2039.45124,201912
1.001,1.0014,1.001,1.0012,1231.49,1233.045112,5,1177.34,1178.840962,201912
1.001,1.0014,1.001,1.0014,5952.65,5959.804254,12,3004.01,3008.215614,201912
1.0014,1.0014,1.0014,1.0014,1673.48,1675.822872,1,1673.48,1675.822872,201912
1.0014,1.0014,1.0011,1.0014,5165.5,5171.827758,9,5165.5,5171.827758,201912
1.0014,1.0014,1.001,1.0013,563.8,564.50835,3,469.95,470.5645,201912
1.001,1.0011,1.001,1.0011,124.74,124.870376,4,0.0,0.0,201912
1.0014,1.0014,1.0011,1.0011,1212.29,1213.840752,6,414.39,414.935124,201912
1.0011,1.0016,1.0011,1.0011,622.11,622.933411,7,316.55,317.037295,201912
1.0012,1.0015,1.0012,1.0012,1068.58,1069.889488,6,208.58,208.857488,201912
1.0013,1.0013,1.0013,1.0013,753.24,754.219212,2,753.24,754.219212,201912
1.0013,1.0016,1.0012,1.0013,1308.24,1309.943219,11,435.66,436.281696,201912
1.0013,1.0013,1.0013,1.0013,6457.26,6465.654438,9,0.0,0.0,201912
1.0012,1.0012,1.0011,1.0011,106.74,106.86628,2,0.0,0.0,201912
1.0016,1.0016,1.0013,1.0013,138.83,139.01959,2,138.83,139.01959,201912
1.0013,1.0016,1.0011,1.0016,10140.19,10154.915108,22,9792.19,9806.532308,201912
1.0017,1.0017,1.0011,1.0011,5010.13,5016.885493,20,2250.57,2254.289977,201912
1.0012,1.0012,1.0011,1.0012,8192.33,8201.834313,10,0.0,0.0,201912
1.0012,1.0016,1.0012,1.0016,2081.29,2084.078671,9,622.62,623.616192,201912
1.0014,1.0014,1.0013,1.0013,478.84,479.480094,2,176.02,176.266428,201912
1.0015,1.0015,1.0013,1.0013,504.11,504.798079,2,163.68,163.92552,201912
1.0012,1.0014,1.0011,1.0012,14971.27,14988.590319,15,0.0,0.0,201912
1.0013,1.0013,1.001,1.0011,16228.55,16249.201155,8,0.0,0.0,201912
1.0014,1.0014,1.001,1.0014,1654.89,1656.634562,4,224.18,224.493852,201912
1.0014,1.0014,1.001,1.0011,2129.69,2132.420552,5,1304.31,1306.136034,201912
1.0011,1.0014,1.0011,1.0014,2250.53,2253.354675,3,1577.23,1579.314045,201912
1.0011,1.0014,1.0011,1.0012,1619.34,1621.355133,6,639.96,640.855944,201912
1.0011,1.0016,1.0011,1.0016,31303.57,31348.128502,27,21484.08,21516.086639,201912
1.0011,1.0012,1.0011,1.0012,16275.91,16294.910258,29,0.0,0.0,201912
1.0012,1.0016,1.0012,1.0016,4539.51,4546.186443,7,3465.58,3470.946916,201912
1.0014,1.0014,1.0012,1.0012,3702.62,3707.611883,4,2131.03,2134.013442,201912
1.0012,1.0014,1.0012,1.0012,2211.02,2213.741755,9,41.22,41.277708,201912
1.0013,1.0013,1.0013,1.0013,299.25,299.639025,1,0.0,0.0,201912
1.0011,1.0013,1.0011,1.0011,6141.04,6147.963361,12,0.0,0.0,201912
1.0011,1.0013,1.001,1.0011,7030.5,7038.746851,15,2882.94,2886.582161,201912
1.0013,1.0013,1.0011,1.0011,948.08,949.129268,3,201.31,201.537821,201912
1.0013,1.0013,1.0011,1.0011,1676.41,1678.460801,3,1383.77,1385.498897,201912
1.0013,1.0013,1.0012,1.0013,610.49,611.25024,6,276.52,276.879476,201912
1.0013,1.0014,1.0009,1.0011,62547.55,62618.217227,93,22520.44,22549.765453,201912
1.0011,1.0013,1.001,1.0011,7628.49,7636.466796,22,509.75,510.387512,201912
1.001,1.0013,1.001,1.0013,1169.45,1170.830066,14,167.65,167.854756,201912
1.0014,1.0014,1.0011,1.0014,2527.0,2530.073588,16,1226.35,1227.959606,201912
1.0011,1.0014,1.0011,1.0014,17566.1,17589.993027,22,14645.73,14666.184355,201912
1.0012,1.0015,1.0012,1.0015,890.91,892.107315,4,631.2,632.085663,201912
1.0015,1.0016,1.0014,1.0016,4249.35,4255.598792,9,1317.66,1319.729244,201912
1.0017,1.0018,1.001,1.0014,60050.25,60143.25548,50,37736.13,37799.703657,201912
1.0014,1.0018,1.0014,1.0018,5758.85,5767.554652,25,2257.81,2261.493196,201912
1.0015,1.0021,1.0015,1.0021,7533.81,7546.967749,23,2626.59,2631.537051,201912
1.0019,1.0021,1.0018,1.0021,8712.48,8729.950178,11,4906.11,4916.353468,201912
1.0021,1.0021,1.0017,1.0018,15091.88,15119.67749,33,3523.6,3530.584606,201912
1.0019,1.0021,1.0014,1.0017,18553.27,18585.373951,36,8373.72,8388.505033,201912
1.0019,1.0021,1.0017,1.0017,10000.72,10018.900387,26,326.12,326.776902,201912
1.0018,1.0019,1.0014,1.0014,14573.18,14597.27072,39,1175.21,1177.328911,201912
1.0017,1.0017,1.0011,1.0012,35096.82,35147.388793,44,9993.7,10008.750605,201912
1.0013,1.0015,1.0013,1.0015,4720.24,4726.69555,16,158.45,158.655985,201912
1.0013,1.0016,1.0012,1.0012,17775.3,17799.991359,35,11858.51,11875.975605,201912
1.0013,1.0016,1.0011,1.0011,8187.59,8197.807428,21,312.62,313.120192,201912
1.0012,1.0015,1.0009,1.0012,34851.21,34896.361597,46,19266.23,19293.322722,201912
1.0015,1.0015,1.0012,1.0012,5238.28,5245.060576,4,1648.8,1651.2732,201912
1.0012,1.0014,1.0011,1.0013,8378.62,8389.032805,35,1945.17,1947.743238,201912
1.0014,1.0015,1.001,1.0013,14696.55,14714.42929,59,3767.74,3772.879996,201912
1.0011,1.0016,1.0009,1.0016,35883.04,35929.47953,88,25422.11,25457.35708,201912
1.0016,1.0017,1.0014,1.0017,17385.31,17412.709534,16,11629.36,11648.164072,201912
1.0015,1.0016,1.0014,1.0016,8892.96,8906.040685,14,1304.57,1306.657312,201912
1.0014,1.002,1.0014,1.0016,2936.29,2941.126875,11,2735.58,2740.130904,201912
1.0017,1.0019,1.0016,1.0019,15121.61,15147.842373,51,8719.69,8735.679301,201912
1.0018,1.0019,1.0015,1.0017,5380.18,5389.387748,13,2249.36,2253.474882,201912
1.0018,1.0019,1.0016,1.0018,3591.64,3597.838237,14,2069.83,2073.476288,201912
1.0017,1.0018,1.0014,1.0015,13861.73,13883.169086,25,3316.28,3321.94114,201912
1.0017,1.002,1.0015,1.0015,11789.55,11808.722379,29,2704.26,2709.305443,201912
1.0016,1.0018,1.0014,1.0015,12195.33,12214.62578,26,3428.99,3434.836909,201912
1.0018,1.0018,1.0012,1.0013,13356.95,13375.459615,20,1014.51,1016.267578,201912
1.0014,1.0017,1.0013,1.0016,6235.46,6244.132392,22,426.07,426.762739,201912
1.0016,1.0016,1.0013,1.0013,586.15,587.000552,2,295.19,295.662304,201912
1.0013,1.0016,1.0012,1.0016,15147.33,15166.182231,12,809.55,810.84528,201912
1.0014,1.0016,1.0014,1.0014,6529.48,6538.803186,13,1497.31,1499.588148,201912
1.0014,1.0016,1.0013,1.0013,5679.24,5686.902743,16,255.64,256.024966,201912
1.0016,1.0016,1.0013,1.0013,3261.4,3265.989565,17,1246.87,1248.840676,201912
1.0015,1.0015,1.0013,1.0014,3737.55,3742.745319,6,2965.01,2969.201017,201912
1.0013,1.0015,1.0012,1.0014,2142.29,2145.163089,11,832.87,834.051785,201912
1.0015,1.0015,1.0013,1.0013,15722.86,15746.130811,11,14968.76,14991.050481,201912
1.0016,1.0016,1.0013,1.0013,493.81,494.530263,4,337.44,337.956982,201912
1.0014,1.0016,1.0014,1.0016,940.67,942.102225,5,940.67,942.102225,201912
1.0015,1.0016,1.0014,1.0016,871.57,872.883399,5,871.57,872.883399,201912
1.0013,1.0017,1.0012,1.0013,4472.24,4478.573532,16,1756.66,1759.472992,201912
1.0013,1.0016,1.0013,1.0013,8193.84,8204.880149,13,388.77,389.392032,201912
1.0013,1.0015,1.0013,1.0013,2281.73,2284.901552,5,1629.83,1632.154082,201912
1.0015,1.0025,1.0013,1.0018,63455.08,63593.266347,57,40592.46,40675.034744,201912
1.0021,1.0023,1.002,1.002,3018.1,3024.320698,13,795.29,797.038565,201912
1.0022,1.0022,1.002,1.002,3293.43,3300.37361,13,1257.52,1260.278418,201912
1.002,1.0021,1.0019,1.002,5462.85,5473.790226,7,3902.05,3909.868626,201912
1.0016,1.0018,1.0016,1.0018,9286.53,9301.670948,9,1412.5,1415.0425,201912
1.0016,1.0021,1.0016,1.0021,2747.7,2752.874336,8,2717.72,2722.846368,201912
1.0021,1.0021,1.0018,1.0021,5750.09,5761.192078,11,2152.09,2156.609389,201912
1.002,1.002,1.0018,1.0018,3674.8,3681.689704,9,1375.32,1378.07064,201912
1.0018,1.002,1.0017,1.0017,21440.0,21476.918934,39,596.99,598.18398,201912
1.0017,1.0019,1.0016,1.0019,10101.36,10118.601202,17,388.18,388.917542,201912
1.0017,1.0019,1.0015,1.0019,17836.27,17864.614457,21,2060.75,2064.325354,201912
1.0018,1.0018,1.0018,1.0018,279.29,279.792722,1,279.29,279.792722,201912
1.0017,1.0018,1.0013,1.0013,5974.37,5983.391258,8,3408.83,3414.516056,201912
1.0015,1.0015,1.0013,1.0013,4712.88,4719.484002,5,314.71,315.182065,201912
1.0013,1.0016,1.0011,1.0014,7290.34,7299.354506,13,2055.5,2058.50227,201912
1.0015,1.0015,1.0015,1.0015,928.02,929.41203,1,928.02,929.41203,201912
1.0012,1.0015,1.0012,1.0012,4130.59,4135.969589,14,1325.38,1327.241237,201912
1.0009,1.0014,1.0009,1.0014,681.58,682.302793,4,529.35,529.935786,201912
1.001,1.0014,1.0009,1.0011,7957.59,7967.522508,29,5768.44,5776.301917,201912
1.0013,1.0013,1.0012,1.0012,3655.28,3660.019841,8,3655.28,3660.019841,201912
1.0011,1.0012,1.0011,1.0012,2288.85,2291.412863,17,451.28,451.821536,201912
1.0011,1.0012,1.0011,1.0012,2490.72,2493.491699,14,319.07,319.452884,201912
1.0012,1.0012,1.0012,1.0012,1451.24,1452.981488,4,1017.62,1018.841144,201912
1.0011,1.0013,1.001,1.0013,6560.41,6568.340202,31,2857.37,2861.038583,201912
1.0013,1.0013,1.0012,1.0012,1366.33,1367.978678,4,90.82,90.938066,201912
1.0012,1.0012,1.0012,1.0012,9491.74,9503.130088,10,0.0,0.0,201912
1.0013,1.0013,1.0013,1.0013,5273.51,5280.365563,4,5273.51,5280.365563,201912
1.0013,1.0013,1.0013,1.0013,0.0,0.0,0,0.0,0.0,201912
1.0013,1.0015,1.0012,1.0012,4923.76,4930.255517,11,4623.77,4629.905529,201912
1.0011,1.0014,1.0011,1.0014,2722.6,2726.335162,6,2543.48,2547.01813,201912
1.0015,1.0015,1.0015,1.0015,503.06,503.81459,1,503.06,503.81459,201912
1.0012,1.0014,1.0012,1.0012,6553.96,6561.946526,9,721.72,722.707838,201912
1.0012,1.0015,1.0012,1.0015,5289.54,5296.632956,15,2817.2,2821.326148,201912
1.0015,1.0016,1.0012,1.0012,4716.16,4723.154834,16,4608.05,4614.915102,201912
1.0016,1.0018,1.0016,1.0018,2817.51,2822.082347,10,2817.51,2822.082347,201912
1.0014,1.0018,1.0014,1.0017,3292.75,3298.193901,8,2053.7,2057.310501,201912
1.0018,1.0018,1.0017,1.0017,1856.15,1859.453833,2,1856.15,1859.453833,201912
1.0018,1.0018,1.0014,1.0017,3455.61,3460.574941,3,343.8,344.408407,201912
1.0018,1.0018,1.0014,1.0014,1003.32,1004.952072,3,636.05,637.167894,201912
1.0014,1.0018,1.0014,1.0016,1933.57,1936.527104,8,1047.1,1048.777798,201912
1.0015,1.0018,1.0015,1.0015,3244.43,3250.113399,12,2984.69,2989.983789,201912
1.0015,1.0018,1.0014,1.0018,5123.65,5132.161055,14,4662.98,4670.837031,201912
1.0017,1.0017,1.0014,1.0014,1544.25,1546.602501,4,635.17,636.249789,201912
1.0016,1.0017,1.0015,1.0015,1177.19,1179.050074,4,572.42,573.372919,201912
1.0016,1.0017,1.0016,1.0017,1822.03,1825.007927,4,1433.79,1436.146743,201912
1.0014,1.0017,1.0014,1.0016,2659.66,2663.63701,7,1074.47,1076.222209,201912
1.0015,1.0017,1.0014,1.0015,8633.26,8645.959132,18,467.25,468.008249,201912
1.0015,1.0019,1.0015,1.0019,16559.0,16588.087527,38,14121.44,14146.696785,201912
1.0016,1.0019,1.0015,1.0019,10899.1,10918.666597,31,7661.26,7675.760668,201912
1.0018,1.0022,1.0016,1.0021,9680.14,9698.761095,27,5676.3,5687.250836,201912
1.0021,1.0024,1.0019,1.0021,21865.96,21912.14797,48,4215.95,4226.026256,201912
1.0021,1.0023,1.0018,1.0021,24909.05,24962.245083,40,15118.19,15151.030187,201912
1.0024,1.0025,1.0021,1.0021,7966.71,7985.119626,13,5774.64,5788.446279,201912
1.0021,1.0025,1.0021,1.0021,9384.08,9406.16141,22,6493.38,6509.341791,201912
1.002,1.0028,1.002,1.0022,105834.1,106113.760073,104,100626.93,100895.078876,201912
1.0022,1.0025,1.0022,1.0025,32743.3,32824.375735,52,1344.66,1348.02165,201912
1.0025,1.0026,1.0023,1.0023,20733.92,20787.128477,19,16444.03,16486.517752,201912
1.0023,1.0024,1.0021,1.0021,5252.12,5264.066737,12,1125.82,1128.437053,201912
1.0021,1.0025,1.0021,1.0022,15077.65,15110.77939,14,1310.02,1313.055,201912
1.0021,1.0023,1.002,1.0023,2905.19,2911.338733,6,290.84,291.508932,201912
1.002,1.0025,1.002,1.002,1037.77,1040.302205,4,913.33,915.613325,201912
1.002,1.0024,1.0019,1.0019,5144.06,5154.591239,46,2303.51,2308.571766,201912
1.0019,1.0023,1.0019,1.0022,4840.82,4850.895449,12,2927.98,2934.421053,201912
1.0023,1.0024,1.0019,1.0019,27587.63,27646.149383,28,9739.72,9761.956578,201912
1.0018,1.0022,1.0017,1.0017,11441.31,11462.19764,23,1480.88,1483.854808,201912
1.0017,1.0022,1.0017,1.0017,9961.07,9978.541248,32,1494.65,1497.669784,201912
1.0018,1.0018,1.0015,1.0015,9539.72,9555.926778,55,0.0,0.0,201912
1.0015,1.0016,1.0015,1.0016,6068.2,6077.806329,35,0.0,0.0,201912
1.0019,1.0019,1.0016,1.0018,1807.61,1810.838319,10,700.06,701.379007,201912
1.0015,1.0018,1.0014,1.0014,6813.81,6825.325839,23,5118.8,5127.68467,201912
1.0016,1.0019,1.0014,1.0015,39913.05,39976.190361,58,16671.0,16698.42253,201912
1.0015,1.0019,1.0015,1.0015,10683.22,10701.185198,26,3942.13,3949.620047,201912
1.0015,1.0015,1.0009,1.0011,62142.82,62220.18972,65,21719.46,21749.422584,201912
1.0011,1.0015,1.0007,1.0007,20279.31,20301.144755,34,4470.89,4476.721402,201912
1.0012,1.0012,1.0007,1.0012,18794.28,18816.191415,28,18646.71,18668.507085,201912
1.0009,1.0013,1.0009,1.0009,2360.29,2362.969098,11,1396.41,1398.221606,201912
1.0011,1.0014,1.0009,1.0014,9470.85,9482.214428,19,7619.02,7628.604103,201912
1.0014,1.0014,1.0009,1.0014,5138.6,5145.778128,7,5112.08,5119.23426,201912
1.0014,1.0014,1.001,1.0014,14875.13,14895.393088,7,14475.54,14495.403498,201912
1.0013,1.0016,1.0013,1.0014,5979.93,5989.255701,12,0.0,0.0,201912
1.0014,1.0017,1.0014,1.0016,12883.27,12904.790826,7,12734.04,12755.351904,201912
1.0014,1.0014,1.001,1.001,40823.61,40876.441922,44,3145.91,3150.244266,201912
1.001,1.0012,1.001,1.001,12710.47,12723.66077,21,1062.78,1064.055336,201912
1.0011,1.0015,1.0011,1.0014,16937.71,16960.756299,18,14718.35,14738.955003,201912
1.0014,1.0014,1.001,1.0012,6670.15,6679.043966,6,5105.39,5112.485834,201912
1.0013,1.0013,1.0008,1.0008,14490.66,14505.509012,31,2402.27,2405.26522,201912
1.0011,1.0013,1.0006,1.0007,32398.4,32427.089763,36,9729.56,9741.825839,201912
1.0006,1.0013,1.0006,1.0009,31254.65,31286.165506,45,20481.41,20504.261674,201912
1.0009,1.0011,1.0009,1.0011,5691.38,5696.8378,8,315.4,315.74694,201912
1.0009,1.0012,1.0009,1.0009,13823.96,13838.486443,22,8561.51,8570.989698,201912
1.0008,1.0017,1.0008,1.0013,48883.61,48947.333947,29,44538.19,44596.94317,201912
1.0013,1.0015,1.0013,1.0013,5410.53,5418.150473,15,1020.77,1022.301155,201912
1.0014,1.0015,1.0011,1.0011,17077.91,17100.804064,22,8109.66,8121.566098,201912
1.0011,1.002,1.0011,1.0011,17298.06,17327.776835,20,9298.57,9315.844889,201912
1.0014,1.0019,1.0014,1.0016,4758.5,4765.7399,8,1647.9,1650.544092,201912
1.0014,1.0016,1.0011,1.0011,31304.03,31346.177239,35,8216.18,8228.061422,201912
1.0013,1.0016,1.0008,1.0008,61142.6,61227.244678,45,43971.78,44036.624521,201912
1.0009,1.0015,1.0009,1.001,88454.79,88559.772996,80,43958.91,44019.092484,201912
1.001,1.0013,1.0008,1.0011,43230.58,43280.696737,37,24643.92,24675.771254,201912
1.001,1.0012,1.0008,1.0008,11216.3,11226.633015,26,1390.42,1392.081655,201912
1.0009,1.0009,1.0008,1.0008,17548.15,17562.377889,17,0.0,0.0,201912
1.0009,1.0012,1.0008,1.0009,27139.93,27162.486085,29,875.35,876.307888,201912
1.0008,1.0016,1.0008,1.001,29600.43,29628.009651,48,6104.06,6111.458015,201912
1.0011,1.0013,1.0011,1.0012,4239.59,4244.511565,7,1450.55,1452.340459,201912
1.0014,1.0014,1.0012,1.0012,6216.5,6224.650655,22,0.0,0.0,201912
1.0013,1.0015,1.0012,1.0015,8992.45,9004.118336,28,1563.6,1565.79808,201912
1.0012,1.0016,1.0012,1.0016,3914.23,3919.645368,10,2000.34,2003.26934,201912
1.0015,1.0016,1.0015,1.0015,1307.96,1309.924307,3,23.67,23.707872,201912
1.0014,1.0015,1.0011,1.0011,12920.71,12937.020072,18,0.0,0.0,201912
1.0011,1.0013,1.0008,1.0012,19011.65,19032.522475,25,2017.4,2019.954234,201912
1.0012,1.0012,1.001,1.0011,2405.01,2407.674158,13,766.3,767.172345,201912
1.001,1.0012,1.001,1.001,2626.66,2629.393109,6,70.72,70.804864,201912
1.0012,1.0012,1.0009,1.0012,7844.99,7852.717493,11,125.72,125.870864,201912
1.0012,1.0012,1.0011,1.0011,1597.29,1599.076568,7,686.78,687.565007,201912
1.001,1.0011,1.001,1.001,1518.25,1519.834491,16,0.0,0.0,201912
1.001,1.0011,1.0008,1.001,4638.01,4642.369483,18,987.68,988.721994,201912
1.0008,1.0011,1.0008,1.0008,2372.33,2374.406481,11,207.75,207.978525,201912
1.0011,1.0013,1.001,1.001,12219.57,12234.537046,13,12153.95,12168.851426,201912
1.001,1.0012,1.0009,1.0012,1267.63,1269.088486,11,991.42,992.606888,201912
1.001,1.0012,1.0009,1.001,2065.98,2068.264957,10,1110.59,1111.900709,201912
1.001,1.0012,1.0009,1.0009,4407.48,4412.126013,17,1803.75,1805.9145,201912
1.0009,1.0012,1.0008,1.0008,53068.76,53115.928842,48,727.15,727.953022,201912
1.0007,1.0009,1.0006,1.0007,11782.02,11790.152305,22,267.09,267.330381,201912
1.0007,1.0009,1.0006,1.0008,12315.9,12325.443681,17,6209.86,6215.406727,201912
1.0007,1.001,1.0007,1.0008,12418.26,12428.992483,25,3075.75,3078.733121,201912
1.001,1.0011,1.0008,1.0008,31827.4,31854.495861,50,5556.8,5562.524769,201912
1.0008,1.0012,1.0008,1.0008,24931.86,24953.482226,61,1773.83,1775.677521,201912
1.0008,1.0012,1.0008,1.0009,15638.31,15653.570986,39,6600.4,6607.731985,201912
1.0009,1.0014,1.0008,1.0013,11485.59,11497.403948,37,4895.58,4901.124586,201912
1.0011,1.0012,1.001,1.0011,5563.56,5569.692961,9,0.0,0.0,201912
1.001,1.0013,1.001,1.0013,4655.67,4661.221246,17,2572.45,2575.755756,201912
1.001,1.0013,1.001,1.0012,11288.61,11301.244879,21,3765.36,3770.053822,201912
1.0013,1.0015,1.0011,1.0012,10349.99,10363.082106,16,8442.1,8452.92775,201912
1.0014,1.0015,1.0012,1.0012,1565.42,1567.548794,13,386.65,387.195553,201912
1.0012,1.0014,1.0012,1.0014,3235.88,3240.10194,8,1160.43,1162.054602,201912
1.0015,1.0015,1.0013,1.0013,934.07,935.339504,3,210.0,210.315,201912
1.0015,1.0015,1.0012,1.0012,4806.28,4812.353331,16,1080.52,1082.045221,201912
1.0012,1.0014,1.0011,1.0014,7305.4,7313.53013,15,14.94,14.960916,201912
1.0012,1.0013,1.001,1.0011,13189.89,13205.495343,33,7774.03,7783.928088,201912
1.0012,1.0013,1.0012,1.0012,4936.63,4942.97825,6,4242.94,4248.455822,201912
1.0012,1.0013,1.001,1.0012,3018.85,3022.487013,8,39.94,39.991922,201912
1.0009,1.0012,1.0009,1.001,673.05,673.708449,5,112.9,113.03548,201912
1.0009,1.0012,1.0009,1.0009,4360.55,4365.271201,14,2687.33,2690.499207,201912
1.0012,1.0012,1.0009,1.0012,3419.85,3423.661758,10,2432.81,2435.685374,201912
1.0012,1.0015,1.0008,1.0015,12831.08,12847.595508,24,11304.69,11319.243148,201912
1.0015,1.0017,1.0012,1.0016,6723.58,6732.762855,30,1884.88,1887.853035,201912
1.0012,1.0014,1.001,1.0011,14000.07,14016.485875,31,653.91,654.825474,201912
1.0011,1.0014,1.0011,1.0011,2876.62,2879.850668,16,39.47,39.525258,201912
1.0011,1.0014,1.0011,1.0012,3970.17,3975.140854,14,1342.12,1343.998968,201912
1.0015,1.0015,1.0011,1.0012,1174.55,1176.015502,6,332.94,333.41085,201912
1.0015,1.0015,1.0012,1.0012,3127.49,3131.874541,7,2386.45,2389.945293,201912
1.0015,1.0015,1.0011,1.0011,7788.69,7797.366969,11,202.88,203.146974,201912
1.001,1.0015,1.001,1.0011,1707.78,1709.762095,6,515.75,516.476714,201912
1.0015,1.0015,1.0011,1.0013,2186.91,2189.78005,7,1422.24,1424.23262,201912
1.001,1.0014,1.001,1.0014,2062.48,2065.120738,10,133.13,133.316382,201912
1.0011,1.0013,1.001,1.0011,1039.57,1040.799571,5,0.0,0.0,201912
1.0011,1.0014,1.001,1.0011,768.82,769.736568,4,254.13,254.485782,201912
1.0014,1.0014,1.0009,1.0013,1270.78,1272.076189,7,515.07,515.616532,201912
1.0008,1.0013,1.0008,1.0009,1047.15,1048.157217,9,319.84,320.255792,201912
1.0011,1.0012,1.0008,1.0009,2247.23,2249.490242,13,450.6,451.14072,201912
1.0011,1.0013,1.001,1.0013,12728.8,12745.085106,14,11517.4,11532.37262,201912
1.0013,1.0014,1.0008,1.0011,13689.94,13705.31953,30,8014.61,8024.89046,201912
1.0011,1.0011,1.0008,1.0008,5416.88,5421.844042,20,1562.62,1564.303669,201912
1.0011,1.0011,1.0008,1.0008,1852.95,1854.604202,16,359.82,360.215802,201912
1.0008,1.0012,1.0008,1.0012,1720.79,1722.597799,8,661.1,661.89332,201912
1.0011,1.0011,1.001,1.001,3408.05,3411.495828,7,0.0,0.0,201912
1.001,1.0011,1.0009,1.001,2792.78,2795.559306,11,0.0,0.0,201912
1.0011,1.0011,1.0006,1.001,9584.14,9593.10973,21,7311.54,7318.871734,201912
1.0012,1.0013,1.001,1.0013,1681.73,1683.693246,6,1223.53,1225.025597,201912
1.0013,1.0013,1.0009,1.0009,894.23,895.294822,5,626.04,626.812185,201912
1.0011,1.0011,1.0009,1.0009,1325.29,1326.687255,10,0.0,0.0,201912
1.0009,1.0013,1.0009,1.0009,2215.29,2218.000871,10,1265.97,1267.607096,201912
1.0013,1.0013,1.0009,1.0013,5331.84,5337.55737,18,2206.09,2208.897063,201912
1.0013,1.0013,1.0008,1.0009,6016.7,6022.861432,17,2132.76,2135.390441,201912
1.0009,1.0012,1.0009,1.001,1292.48,1293.832585,6,674.18,674.939366,201912
1.0009,1.0012,1.0009,1.0012,1562.51,1564.379972,7,87.42,87.524904,201912
1.0011,1.0013,1.0011,1.0011,1288.55,1290.040393,8,490.22,490.83223,201912
1.0014,1.0015,1.0012,1.0013,3604.12,3609.090209,17,2274.98,2278.251793,201912
1.0014,1.0014,1.0011,1.0011,9808.61,9819.69856,38,0.0,0.0,201912
1.0012,1.0013,1.0009,1.0009,22425.93,22450.576108,34,2686.99,2690.234127,201912
1.0011,1.0011,1.0009,1.0011,4920.39,4925.412974,17,2864.71,2867.861181,201912
1.0009,1.0011,1.0009,1.0009,3939.09,3942.798592,15,581.95,582.590145,201912
1.0009,1.0012,1.0009,1.0009,2584.22,2586.896961,8,1148.33,1149.596692,201912
1.0009,1.0012,1.0009,1.0012,3998.24,4002.569967,14,2264.51,2267.227412,201912
1.001,1.001,1.0009,1.001,948.39,949.269398,5,0.0,0.0,201912
1.0009,1.0012,1.0009,1.001,8900.55,8910.52016,14,6380.48,6388.103393,201912
1.001,1.0012,1.0009,1.0012,1413.72,1415.150371,4,386.39,386.853668,201912
1.0011,1.0011,1.0007,1.0008,5226.95,5231.273473,13,792.41,793.082927,201912
1.0008,1.0011,1.0007,1.0007,1843.12,1844.526234,8,212.64,212.856187,201912
1.0008,1.0012,1.0008,1.0009,2076.37,2078.448731,6,233.61,233.871799,201912
1.0012,1.0012,1.0007,1.0008,1649.29,1650.814797,8,694.77,695.546886,201912
1.0012,1.0012,1.0007,1.0009,1876.11,1877.802326,12,1031.97,1032.979893,201912
1.0008,1.0011,1.0007,1.001,4877.94,4882.367385,19,1853.29,1855.23699,201912
1.0008,1.001,1.0006,1.001,4377.26,4380.809073,11,1383.71,1385.09371,201912
1.0011,1.0011,1.0009,1.0009,402.21,402.60304,3,99.47,99.579417,201912
1.001,1.0012,1.0008,1.0008,1496.02,1497.52559,7,767.92,768.79336,201912
1.0008,1.0012,1.0008,1.0012,2981.99,2984.609709,10,30.82,30.856984,201912
1.0009,1.001,1.0008,1.0009,1167.87,1168.96246,4,677.06,677.73706,201912
1.0009,1.0011,1.0008,1.0011,1783.21,1784.938186,9,756.4,757.168562,201912
1.001,1.0012,1.0009,1.0011,8182.7,8191.473574,16,2925.2,2928.71024,201912
1.001,1.0011,1.0006,1.0007,3765.1,3768.243425,16,974.77,975.748818,201912
1.0009,1.0009,1.0006,1.0009,13119.5,13130.644363,22,10352.39,10361.707151,201912
1.0009,1.0009,1.0006,1.0008,2308.23,2309.906977,10,70.24,70.303216,201912
1.0008,1.0009,1.0005,1.0005,10420.16,10428.210617,23,6306.74,6312.220004,201912
1.0006,1.001,1.0005,1.001,10267.43,10276.115264,13,9190.59,9198.662745,201912
1.0007,1.0008,1.0007,1.0008,1572.24,1573.435773,3,0.0,0.0,201912
1.0006,1.0007,1.0006,1.0006,4337.81,4340.468739,5,0.0,0.0,201912
1.0007,1.001,1.0006,1.001,8023.57,8030.345701,10,5849.81,5855.173097,201912
1.0007,1.001,1.0006,1.0006,3921.84,3924.739281,15,509.84,510.34984,201912
1.0007,1.001,1.0006,1.0008,2901.4,2903.5761,13,1090.84,1091.736546,201912
1.0007,1.0011,1.0007,1.0011,10550.78,10561.53332,13,10131.13,10141.589565,201912
1.0007,1.0009,1.0007,1.0007,1576.96,1578.274058,5,721.35,721.999215,201912
1.0008,1.0011,1.0007,1.001,5558.93,5564.804826,9,4470.79,4475.707869,201912
1.0009,1.0014,1.0009,1.0014,2040.82,2042.712847,17,57.39,57.470346,201912
1.0012,1.0012,1.0009,1.0012,2526.95,2529.768281,4,1348.99,1350.594352,201912
1.0014,1.0014,1.0009,1.0014,3477.6,3481.04155,8,1466.36,1467.991434,201912
1.0014,1.0015,1.0011,1.0012,8093.63,8104.026298,26,5109.27,5116.383502,201912
1.0011,1.0012,1.0011,1.0012,2137.72,2140.152862,8,813.7,814.67644,201912
1.0012,1.0014,1.0011,1.0014,1308.51,1310.099373,4,694.44,695.353896,201912
1.0014,1.0022,1.0014,1.0014,26021.86,26066.990492,29,19042.9,19077.430729,201912
1.0015,1.0015,1.0005,1.0013,11555.82,11570.454467,18,1422.49,1424.452876,201912
1.0015,1.0015,1.001,1.001,2274.04,2277.42754,4,2227.0,2230.3405,201912
1.0015,1.0015,1.001,1.001,205.67,205.972505,2,193.67,193.960505,201912
1.001,1.0015,1.0007,1.0007,7711.68,7719.904309,12,910.66,912.02599,201912
1.0007,1.0007,1.0007,1.0007,0.0,0.0,0,0.0,0.0,201912
1.0009,1.0009,1.0007,1.0007,351.29,351.575921,4,200.09,200.270081,201912
1.001,1.0011,1.001,1.0011,1329.59,1331.022418,6,935.4,936.42894,201912
1.0011,1.0013,1.001,1.001,741.54,742.374133,4,710.11,710.912703,201912
1.001,1.0013,1.001,1.001,1979.2,1981.641926,5,1438.5,1440.37005,201912
1.0012,1.0013,1.001,1.0013,15016.51,15035.767893,8,13816.13,13834.090969,201912
1.0013,1.0013,1.0013,1.0013,1249.08,1250.703804,10,0.0,0.0,201912
1.0013,1.0015,1.0013,1.0015,1456.56,1458.71152,7,1289.96,1291.89494,201912
1.0013,1.0013,1.001,1.001,14520.26,14537.517174,18,0.0,0.0,201912
1.001,1.001,1.001,1.001,442.83,443.27283,3,0.0,0.0,201912
1.0013,1.0015,1.0011,1.0014,3423.64,3428.061972,7,3423.64,3428.061972,201912
1.0012,1.0012,1.0012,1.0012,729.1,729.97492,2,0.0,0.0,201912
1.0012,1.0012,1.0012,1.0012,724.81,725.679772,1,724.81,725.679772,201912
1.0013,1.0014,1.0012,1.0014,5289.85,5296.475292,7,1150.0,1151.61,201912
1.0013,1.0014,1.0011,1.0011,1747.24,1749.301368,3,547.26,548.00139,201912
1.0014,1.0014,1.001,1.0014,4698.13,4704.548268,40,4615.94,4622.276078,201912
1.0014,1.0014,1.001,1.0014,2351.58,2354.48466,11,1438.75,1440.715416,201912
1.0011,1.0014,1.0011,1.0011,1601.56,1603.529086,5,1540.94,1542.842404,201912
1.0014,1.0014,1.0012,1.0012,8938.07,8950.445453,10,8711.71,8723.813821,201912
1.0014,1.0014,1.0011,1.0014,3741.92,3746.434114,6,422.29,422.881206,201912
1.0014,1.0015,1.0012,1.0013,5784.4,5791.593695,12,830.59,831.725221,201912
1.0012,1.0012,1.0011,1.0011,900.07,901.140979,8,0.0,0.0,201912
1.0015,1.0015,1.0011,1.0013,2210.29,2213.199132,14,1050.49,1051.926289,201912
1.0014,1.0016,1.0014,1.0014,1998.19,2001.26237,4,1374.52,1376.719232,201912
1.0014,1.0017,1.0014,1.0014,2600.34,2604.285143,11,616.02,617.040866,201912
1.0014,1.0017,1.0014,1.0014,1473.05,1475.142615,5,235.19,235.549611,201912
1.0015,1.0016,1.0014,1.0014,1433.01,1435.139861,10,846.47,847.778705,201912
1.0014,1.0016,1.0014,1.0014,1570.68,1572.95603,7,459.03,459.74972,201912
1.0014,1.0016,1.0014,1.0014,738.86,739.986456,4,664.51,665.532366,201912
1.0014,1.0017,1.0013,1.0015,7364.45,7374.405666,14,2849.41,2853.484738,201912
1.0013,1.0017,1.0013,1.0013,7936.88,7947.499362,17,916.93,918.321474,201912
1.0013,1.0017,1.0013,1.0014,3608.06,3613.938525,22,2875.95,2880.818451,201912
1.0014,1.0017,1.0013,1.0017,10060.84,10075.755607,18,9766.21,9780.726331,201912
1.0015,1.0015,1.0015,1.0015,493.3,494.03995,2,493.3,494.03995,201912
1.0016,1.0016,1.0014,1.0014,5011.37,5018.566992,6,0.0,0.0,201912
1.0015,1.0015,1.0014,1.0014,3518.87,3523.935613,7,979.36,980.82904,201912
1.0015,1.0018,1.0015,1.0015,1095.99,1097.640938,5,529.25,530.050828,201912
1.0015,1.0018,1.0015,1.0017,1141.85,1143.605692,6,208.97,209.326372,201912
1.0015,1.0015,1.0015,1.0015,405.78,406.38867,3,0.0,0.0,201912
1.0015,1.0018,1.0014,1.0018,1284.13,1286.141094,6,434.63,435.412334,201912
1.0015,1.0017,1.0015,1.0017,1844.2,1847.11715,5,1075.74,1077.50446,201912
1.0017,1.0017,1.0015,1.0015,1922.09,1925.13743,8,610.64,611.678088,201912
1.0017,1.0018,1.0017,1.0018,145.61,145.866491,3,145.61,145.866491,201912
1.0018,1.0018,1.0015,1.0017,1655.07,1657.810013,4,803.94,805.315748,201912
1.0018,1.0018,1.0018,1.0018,132.04,132.277672,1,132.04,132.277672,201912
1.0015,1.0018,1.0015,1.0015,733.65,734.816168,8,96.75,96.92415,201912
1.0018,1.0018,1.0015,1.0015,3446.2,3451.456677,10,38.17,38.238706,201912
1.0014,1.0014,1.0009,1.0013,7648.68,7659.28249,11,314.19,314.570314,201912
1.0013,1.0013,1.001,1.0013,3940.66,3945.776402,14,3919.14,3924.234882,201912
1.0013,1.0013,1.0011,1.0013,3434.18,3438.50347,10,3434.18,3438.50347,201912
1.0013,1.0013,1.0008,1.0008,43532.68,43574.648214,14,5492.56,5499.700328,201912
1.0009,1.0013,1.0007,1.0013,53691.03,53743.388456,31,47862.37,47910.317014,201912
1.0013,1.0013,1.0009,1.0013,4482.75,4488.320005,18,4225.81,4231.148759,201912
1.0013,1.0013,1.0011,1.0011,3804.1,3808.727404,6,2214.47,2217.348811,201912
1.0013,1.0013,1.001,1.0013,5517.51,5523.930807,15,3537.23,3541.670527,201912
1.0013,1.0014,1.0012,1.0012,18585.33,18609.700294,36,18585.33,18609.700294,201912
1.0015,1.0015,1.0011,1.0014,2966.28,2970.401895,4,1868.25,1870.867545,201912
1.0011,1.0015,1.0011,1.0015,3805.12,3810.128033,5,2681.69,2685.46226,201912
1.0013,1.0015,1.0013,1.0013,1694.68,1696.997238,3,899.78,900.949714,201912
1.0017,1.0017,1.0012,1.0012,7884.23,7894.817204,8,980.48,982.059986,201912
1.0014,1.0014,1.0012,1.0012,1107.55,1109.094792,2,0.0,0.0,201912
1.0015,1.0015,1.0015,1.0015,930.45,931.845675,1,0.0,0.0,201912
1.0016,1.0016,1.0016,1.0016,2759.32,2763.734912,2,1976.99,1980.153184,201912
1.0017,1.0017,1.0017,1.0017,571.2,572.17104,2,571.2,572.17104,201912
1.0016,1.0017,1.0014,1.0014,3372.24,3377.590098,8,2780.66,2785.115702,201912
1.0014,1.0014,1.0013,1.0014,24973.68,25008.050465,23,17955.34,17979.884789,201912
1.0013,1.0014,1.0013,1.0014,6470.82,6479.877871,4,6470.82,6479.877871,201912
1.0014,1.0016,1.0013,1.0014,7445.54,7456.657388,12,7445.54,7456.657388,201912
1.0016,1.0016,1.0013,1.0013,4358.83,4365.30561,7,3532.0,3537.400731,201912
1.0014,1.0014,1.0014,1.0014,2410.96,2414.335344,1,0.0,0.0,201912
1.0015,1.0017,1.0014,1.0014,4877.59,4884.877074,10,2647.0,2650.913575,201912
1.0015,1.0019,1.0014,1.0019,3339.25,3344.455194,7,888.28,889.864524,201912
1.0016,1.0016,1.0016,1.0016,572.73,573.646368,1,0.0,0.0,201912
1.0014,1.0014,1.0014,1.0014,441.84,442.458576,5,0.0,0.0,201912
1.0014,1.0014,1.0014,1.0014,4548.67,4555.038138,9,0.0,0.0,201912
1.0012,1.0015,1.0011,1.0011,980.5,981.669364,8,136.8,137.0052,201912
1.0013,1.0013,1.0013,1.0013,635.59,636.416267,1,635.59,636.416267,201912
1.0011,1.0013,1.0011,1.0013,329.53,329.954837,2,311.77,312.175301,201912
1.0012,1.0015,1.0012,1.0012,2484.84,2487.948334,8,576.22,577.03799,201912
1.0011,1.0011,1.0011,1.0011,603.26,603.923586,2,0.0,0.0,201912
1.0012,1.0015,1.0012,1.0015,910.86,912.077547,3,415.05,415.672575,201912
1.0011,1.0011,1.0011,1.0011,152.45,152.617695,3,0.0,0.0,201912
1.0012,1.0015,1.0012,1.0012,741.59,742.546883,7,294.69,295.110603,201912
1.0015,1.0016,1.0015,1.0016,5319.66,5327.644456,6,5319.66,5327.644456,201912
1.0014,1.0016,1.0014,1.0016,721.13,722.268006,2,642.12,643.147392,201912
1.0016,1.0016,1.0016,1.0016,1028.65,1030.29584,1,1028.65,1030.29584,201912
1.0017,1.0017,1.0014,1.0016,1377.07,1379.28793,6,1356.21,1358.398726,201912
1.0017,1.0017,1.0014,1.0015,4402.16,4408.417165,5,627.43,628.402543,201912
1.0015,1.0015,1.0015,1.0015,0.0,0.0,0,0.0,0.0,201912
1.0014,1.0014,1.0009,1.0011,61862.39,61931.558588,35,8670.81,8680.928415,201912
1.0014,1.0014,1.0011,1.0011,779.27,780.333831,4,688.78,689.744292,201912
1.0013,1.0015,1.0011,1.0014,1227.91,1229.575327,10,362.67,363.161833,201912
1.0012,1.0012,1.0011,1.0011,1796.06,1798.190983,2,1553.17,1555.033804,201912
1.0011,1.0012,1.0011,1.0011,6269.01,6275.957406,16,514.95,515.56794,201912
1.0013,1.0014,1.001,1.0014,19378.73,19399.237092,8,1896.98,1899.635772,201912
1.0014,1.0014,1.0014,1.0014,13060.75,13079.03505,7,13060.75,13079.03505,201912
1.0014,1.0015,1.0014,1.0015,3445.27,3450.275665,8,3445.27,3450.275665,201912
1.0015,1.0015,1.0011,1.0011,1961.39,1964.309253,6,1904.31,1907.166465,201912
1.0013,1.0015,1.0012,1.0012,4260.22,4266.088631,7,3559.25,3564.277467,201912
1.0013,1.0013,1.0013,1.0013,144.17,144.357421,1,0.0,0.0,201912
1.0014,1.0015,1.0013,1.0015,685.45,686.402288,4,103.72,103.857866,201912
1.0015,1.0016,1.0013,1.0016,3499.73,3504.838762,5,3499.73,3504.838762,201912
1.0016,1.0016,1.0013,1.0013,4285.17,4290.753903,6,43.94,44.010304,201912
1.0017,1.0017,1.0013,1.0017,4340.89,4347.714597,8,3464.1,3469.78477,201912
1.0014,1.0015,1.001,1.0013,14482.61,14501.707634,12,693.26,694.267019,201912
1.0013,1.0014,1.0012,1.0014,2167.08,2170.045408,4,0.0,0.0,201912
1.0012,1.0012,1.0012,1.0012,199.95,200.18994,1,0.0,0.0,201912
1.0012,1.0017,1.0012,1.0014,476.64,477.309587,3,19.97,20.003949,201912
1.0012,1.0017,1.0012,1.0017,1475.12,1477.230069,3,679.85,681.005745,201912
1.0012,1.0017,1.0012,1.0017,1831.97,1834.657641,4,1380.91,1383.056369,201912
1.0015,1.0015,1.0013,1.0013,4797.62,4803.948154,4,0.0,0.0,201912
1.0014,1.0018,1.0013,1.0018,16820.38,16849.089853,29,14777.2,14803.082251,201912
1.0014,1.0019,1.0013,1.0013,89478.43,89599.05306,112,4792.62,4801.144572,201912
1.0013,1.0021,1.0013,1.002,60319.86,60413.49817,99,36100.06,36161.248045,201912
1.0016,1.0021,1.0016,1.0017,11179.06,11199.129236,23,5252.77,5263.205993,201912
1.0017,1.0021,1.0014,1.0014,9556.21,9571.619234,26,897.04,898.819054,201912
1.0017,1.0018,1.0014,1.0015,13631.41,13653.510937,16,7862.95,7875.954785,201912
1.0014,1.0019,1.0014,1.0019,11949.09,11967.85443,37,5840.81,5850.774786,201912
1.0018,1.0019,1.0016,1.0016,11040.15,11058.553091,16,1742.4,1745.650186,201912
1.0015,1.0017,1.0015,1.0017,11372.77,11391.248418,12,2711.14,2715.748938,201912
1.0019,1.0019,1.0017,1.0017,1057.63,1059.463083,3,1057.63,1059.463083,201912
1.0015,1.0018,1.0015,1.0018,6790.12,6800.888998,7,1946.06,1949.562908,201912
1.0019,1.0019,1.0016,1.0016,4614.42,4622.871612,11,4203.98,4211.774908,201912
1.0017,1.0019,1.0016,1.0019,7032.09,7043.962899,4,3232.09,3237.882899,201912
1.0019,1.0019,1.0019,1.0019,151.78,152.068382,1,151.78,152.068382,201912
1.0016,1.0019,1.0016,1.0019,3208.14,3213.785748,6,1709.08,1712.327252,201912
1.0016,1.002,1.0011,1.0018,156111.25,156304.52861,40,11793.96,11816.398436,201912
1.0019,1.0019,1.0016,1.0016,11411.01,11432.485921,32,10815.19,10835.712609,201912
1.0019,1.002,1.0017,1.0017,6693.02,6705.459334,15,4276.82,4284.97487,201912
1.0019,1.002,1.0017,1.002,3383.92,3390.202898,11,2079.14,2083.204772,201912
1.002,1.002,1.0018,1.0018,1505.91,1508.642444,2,1505.91,1508.642444,201912
1.0017,1.002,1.0017,1.0019,4187.05,4194.282302,12,422.26,423.092159,201912
1.0019,1.0019,1.0016,1.0016,58.26,58.363842,2,35.42,35.487298,201912
1.0015,1.0017,1.0015,1.0015,913.11,914.654303,3,873.19,874.674423,201912
1.0019,1.002,1.0017,1.002,9592.61,9610.691208,12,8794.61,8811.334608,201912
1.0017,1.0017,1.0017,1.0017,1290.76,1292.954292,6,0.0,0.0,201912
1.0017,1.0019,1.0016,1.0016,5319.47,5328.790074,4,2958.66,2964.202778,201912
1.0016,1.0018,1.0016,1.0018,4681.53,4689.480942,3,1090.83,1092.793494,201912
1.0017,1.0018,1.0017,1.0018,987.75,989.457081,6,0.0,0.0,201912
1.002,1.002,1.0018,1.0019,5556.9,5567.21451,8,1678.37,1681.630951,201912
1.0016,1.0018,1.0016,1.0016,2238.4,2242.252972,5,743.76,745.098768,201912
1.0016,1.002,1.0016,1.002,2060.94,2064.635041,6,1937.92,1941.418209,201912
1.0017,1.0017,1.0016,1.0016,1759.17,1762.033914,7,492.42,493.257114,201912
1.0017,1.002,1.0016,1.0018,2309.92,2313.903947,4,2153.55,2157.283755,201912
1.0016,1.0017,1.001,1.0014,30418.97,30457.611807,17,2174.09,2177.532468,201912
1.0014,1.0017,1.0014,1.0015,2256.02,2259.218198,6,241.88,242.258402,201912
1.0016,1.0016,1.0013,1.0013,3715.32,3720.488254,15,1593.69,1596.100135,201912
1.0013,1.0016,1.0013,1.0013,14802.59,14825.046419,37,11914.43,11932.941192,201912
1.0016,1.0016,1.0013,1.0014,6863.44,6873.107702,9,2294.37,2297.828789,201912
1.0016,1.0017,1.0015,1.0015,1727.21,1729.983003,5,1483.9,1486.304683,201912
1.0016,1.0016,1.0015,1.0015,2137.92,2141.304126,5,1772.46,1775.295936,201912
1.0015,1.0017,1.0015,1.0015,2195.53,2198.917905,11,918.14,919.61182,201912
1.0017,1.0017,1.0015,1.0017,3361.95,3367.462054,24,2816.69,2821.384164,201912
1.0015,1.0016,1.0012,1.0016,3575.96,3581.422802,19,2454.03,2457.926651,201912
1.0016,1.0016,1.0014,1.0015,3340.06,3345.222596,5,3340.06,3345.222596,201912
1.0016,1.0016,1.0015,1.0015,7273.45,7285.040571,11,6803.96,6814.846336,201912
1.0015,1.0016,1.0015,1.0015,1600.33,1602.778349,4,1513.83,1516.148599,201912
1.0015,1.0017,1.0014,1.0014,8186.56,8199.722016,23,5718.09,5727.669202,201912
1.0016,1.0017,1.0012,1.0013,4445.23,4451.353306,15,1780.64,1783.24968,201912
1.0012,1.0016,1.0012,1.0016,2215.32,2218.485551,7,1192.67,1194.520543,201912
1.0015,1.0017,1.0012,1.0017,5065.44,5072.691594,8,2219.23,2222.726728,201912
1.0015,1.0017,1.0014,1.0014,5936.56,5946.153465,17,4289.73,4296.915751,201912
1.0016,1.0022,1.0014,1.0022,16990.08,17022.391715,15,16019.13,16050.040438,201912
1.0017,1.002,1.0015,1.0019,7074.04,7086.374453,15,2011.94,2015.673217,201912
1.0019,1.0022,1.0017,1.0017,7828.16,7844.183652,9,7612.8,7628.45754,201912
1.0019,1.0021,1.0017,1.002,4453.74,4461.859462,6,1987.71,1991.637211,201912
1.0017,1.0018,1.0016,1.0018,6820.08,6831.402078,15,956.03,957.69398,201912
1.0016,1.0019,1.0016,1.0019,2090.21,2093.822881,5,660.9,662.090904,201912
1.0016,1.0018,1.0016,1.0017,3478.72,3484.481608,18,985.96,987.664279,201912
1.0018,1.0022,1.0016,1.0017,30335.12,30393.427534,35,18855.28,18893.955525,201912
1.002,1.0021,1.0017,1.0017,8209.6,8225.917474,19,6176.8,6189.588562,201912
1.0017,1.0021,1.0017,1.0019,2035.04,2038.96677,18,1292.54,1295.173596,201912
1.0017,1.0017,1.0013,1.0016,8767.45,8781.900864,20,337.68,338.220288,201912
1.0016,1.0016,1.0014,1.0014,1373.51,1375.467616,2,173.51,173.787616,201912
1.0017,1.0023,1.0013,1.0013,24215.65,24259.650984,31,15387.66,15418.18447,201912
1.0012,1.0017,1.0012,1.0017,9209.27,9221.469158,36,429.62,430.350354,201912
1.0017,1.0018,1.0012,1.0012,2807.35,2811.126753,18,704.89,706.086408,201912
1.0015,1.0016,1.0013,1.0016,12623.38,12643.203103,63,12114.86,12134.022027,201912
1.0013,1.0014,1.0013,1.0013,6190.33,6198.660286,21,2696.14,2699.914596,201912
1.0012,1.0014,1.0012,1.0014,4617.65,4623.760012,9,2059.56,2062.429102,201912
1.0014,1.0014,1.0009,1.0009,28779.43,28811.593785,36,171.28,171.488832,201912
1.0009,1.0013,1.0009,1.0013,648.92,649.75034,2,615.78,616.580514,201912
1.0009,1.0014,1.0009,1.0011,4417.13,4421.952741,17,1184.08,1185.660632,201912
1.0014,1.0014,1.0009,1.0012,15694.76,15711.342848,30,5478.11,5484.974467,201912
1.001,1.0012,1.0008,1.0012,16451.04,16468.120444,45,7217.53,7226.072039,201912
1.0012,1.0012,1.0009,1.0012,3683.76,3687.822916,10,3683.76,3687.822916,201912
1.0011,1.0012,1.0009,1.0011,4246.7,4251.036665,9,1256.5,1257.883865,201912
1.001,1.0012,1.001,1.0011,2414.19,2416.894492,7,1726.33,1728.298838,201912
1.0012,1.0012,1.001,1.0012,5714.01,5720.75882,15,5407.32,5413.76213,201912
1.0012,1.0016,1.0012,1.0014,2612.81,2616.354858,6,2036.76,2039.498388,201912
1.0014,1.0015,1.0012,1.0012,2540.33,2543.53107,19,898.45,899.665562,201912
1.0013,1.0015,1.0013,1.0015,809.7,810.837612,5,809.7,810.837612,201912
1.0015,1.0015,1.001,1.0013,12682.73,12697.009061,24,1696.1,1698.397121,201912
1.0014,1.0014,1.001,1.0013,7001.62,7008.888854,11,1659.88,1661.807114,201912
1.001,1.0012,1.0009,1.0009,8175.74,8184.147773,12,599.18,599.899016,201912
1.0012,1.0012,1.0009,1.0011,1896.65,1898.62464,8,1627.63,1629.362522,201912
1.0012,1.0013,1.0011,1.0013,1441.6,1443.349309,8,785.89,786.876884,201912
1.0011,1.0012,1.0008,1.0012,20990.87,21011.25283,27,731.89,732.670225,201912
1.0008,1.0012,1.0008,1.0012,4953.52,4958.96988,16,3609.84,3614.15161,201912
1.0012,1.0012,1.001,1.0011,2464.03,2466.831265,7,2464.03,2466.831265,201912
1.0012,1.0013,1.001,1.0012,14449.05,14465.96981,35,12169.77,12184.41053,201912
1.0012,1.0013,1.0009,1.0009,9103.24,9113.082929,29,4732.76,4738.398125,201912
1.0009,1.0012,1.0009,1.0009,4556.18,4561.030501,9,3006.05,3009.505384,201912
1.0009,1.0017,1.0009,1.0009,19476.62,19503.222241,17,15662.95,15685.993644,201912
1.001,1.0013,1.0009,1.0011,10779.46,10790.160069,24,2492.04,2494.859721,201912
1.0012,1.0012,1.0009,1.0011,551.44,552.012883,4,346.94,347.328833,201912
1.0009,1.0012,1.0009,1.0012,3724.29,3728.17104,12,1494.12,1495.885427,201912
1.0009,1.0012,1.0008,1.0008,12198.43,12209.849877,33,970.34,971.435745,201912
1.0012,1.0012,1.0008,1.0008,13314.22,13327.457279,53,5447.0,5453.463611,201912
1.0012,1.0012,1.0008,1.0008,4857.04,4861.912036,13,2673.56,2676.597338,201912
1.0008,1.0012,1.0008,1.0008,10687.23,10696.904669,19,2532.64,2535.647448,201912
1.0012,1.0012,1.0008,1.0008,8509.3,8517.740076,29,5748.84,5755.003856,201912
1.0008,1.0011,1.0008,1.0008,4463.85,4468.339143,11,3505.61,3509.332551,201912
1.0008,1.001,1.0005,1.0005,20551.75,20564.35048,37,298.35,298.604358,201912
1.0005,1.0008,1.0005,1.0008,6719.65,6723.470061,13,1748.42,1749.69961,201912
1.0006,1.0009,1.0002,1.0002,39076.28,39092.062343,34,5755.11,5758.871893,201912
1.0004,1.0006,1.0004,1.0004,2078.02,2079.03868,3,937.36,937.922416,201912
1.0007,1.0007,1.0004,1.0004,4642.93,4645.361376,9,3529.95,3531.936184,201912
1.0007,1.0007,1.0004,1.0007,4264.21,4266.559234,9,1820.23,1821.407854,201912
1.0004,1.001,1.0004,1.0006,33995.32,34018.945497,35,21109.75,21125.580061,201912
1.0008,1.0018,1.0007,1.0009,29496.42,29533.543284,24,14975.99,15000.624979,201912
1.0009,1.0013,1.0006,1.0006,5487.45,5492.244521,13,364.03,364.437217,201912
1.0011,1.0011,1.0007,1.0011,10029.87,10039.339245,30,7300.33,7307.781567,201912
1.0011,1.0011,1.0007,1.001,3891.2,3895.222451,6,3553.72,3557.47727,201912
1.0011,1.0011,1.0007,1.0007,8669.66,8676.518149,19,4675.85,4679.912482,201912
1.0004,1.0007,1.0004,1.0004,4329.28,4331.42609,20,2264.59,2265.910214,201912
1.0004,1.0006,1.0004,1.0006,10503.44,10508.220001,14,5168.47,5171.116013,201912
1.0004,1.0007,1.0004,1.0004,5977.77,5980.288554,28,789.4,789.843206,201912
1.0007,1.0007,1.0004,1.0004,11265.87,11273.341405,14,10868.79,10876.102573,201912
1.0006,1.0007,1.0004,1.0004,2517.59,2519.022167,11,1828.43,1829.586503,201912
1.0005,1.0008,1.0004,1.0008,4975.83,4978.732499,17,2137.5,2139.113775,201912
1.0008,1.0008,1.0005,1.0005,8756.84,8762.211269,33,3963.97,3966.944834,201912
1.0005,1.0009,1.0005,1.0009,2883.25,2885.233024,19,1754.81,1756.228804,201912
1.0009,1.0009,1.0005,1.0009,8517.61,8524.272846,25,5359.72,5364.520288,201912
1.0006,1.001,1.0006,1.0006,3848.84,3851.5837,11,1312.59,1313.77295,201912
1.0006,1.0009,1.0006,1.0008,14643.8,14652.801095,34,862.1,862.829917,201912
1.0006,1.0008,1.0006,1.0008,330.83,331.084026,2,277.64,277.862112,201912
1.0009,1.001,1.0007,1.0007,5358.83,5363.589943,10,5035.81,5040.343829,201912
1.0007,1.0011,1.0007,1.0007,2618.48,2620.5315,12,1028.75,1029.673689,201912
1.0007,1.0009,1.0007,1.0007,4637.41,4640.782137,21,629.75,630.316775,201912
1.0009,1.0009,1.0005,1.0005,12609.26,12616.699028,16,391.33,391.682197,201912
1.0005,1.0009,1.0004,1.0006,20072.72,20085.568867,43,9511.53,9519.130754,201912
1.0006,1.0011,1.0006,1.001,19856.06,19874.10712,21,16367.91,16382.53623,201912
1.0011,1.0014,1.001,1.0012,4260.06,4265.116487,15,1928.68,1931.206692,201912
1.0014,1.0017,1.0008,1.0008,13466.38,13482.344394,27,8056.91,8068.120528,201912
1.0008,1.0012,1.0008,1.0009,14523.29,14535.373471,14,2863.39,2866.145551,201912
1.0009,1.0012,1.0009,1.0012,3497.73,3501.729719,10,3123.95,3127.577107,201912
1.0009,1.0014,1.0009,1.0009,23682.02,23707.710871,31,13097.05,13112.634599,201912
1.0009,1.0009,1.0006,1.0009,4332.64,4336.03718,10,3236.91,3239.649742,201912
1.0006,1.0008,1.0006,1.0006,5594.07,5597.817852,18,2388.45,2390.27448,201912
1.0006,1.0012,1.0006,1.001,18021.91,18038.678486,29,15779.17,15794.587078,201912
1.001,1.0014,1.0009,1.001,4723.72,4728.885237,14,1409.7,1411.567778,201912
1.001,1.0012,1.001,1.001,14362.99,14377.582202,18,1343.39,1344.962602,201912
1.0009,1.0012,1.0009,1.0009,4785.21,4789.737861,15,1329.3,1330.717542,201912
1.0009,1.001,1.0007,1.0007,9722.28,9730.329625,26,1719.74,1721.374338,201912
1.0009,1.0015,1.0007,1.0012,30425.79,30463.123108,47,24093.3,24124.694465,201912
1.0012,1.0014,1.0008,1.0008,8144.51,8152.576612,13,968.72,970.076208,201912
1.001,1.0011,1.0008,1.0011,739.13,739.830786,5,539.41,539.95101,201912
1.001,1.0011,1.0008,1.0011,6010.53,6017.027226,7,5956.01,5962.46361,201912
1.0009,1.0014,1.0009,1.0013,7311.1,7318.601506,16,3038.42,3042.076094,201912
1.0013,1.0013,1.0009,1.0013,4733.67,4739.250471,10,1956.41,1958.953333,201912
1.001,1.0012,1.001,1.001,2060.91,2063.086018,3,1903.14,1905.158248,201912
1.0011,1.0012,1.001,1.001,1533.6,1535.328712,7,1366.93,1368.492042,201912
1.0011,1.0012,1.001,1.001,2171.68,2174.050201,7,1428.98,1430.607501,201912
1.0011,1.0013,1.001,1.001,4772.62,4777.520959,17,456.18,456.729793,201912
1.001,1.0013,1.0009,1.0011,9361.21,9370.104772,21,361.12,361.534663,201912
1.0011,1.0011,1.0008,1.0011,2298.06,2300.03352,7,230.64,230.893704,201912
1.0012,1.0012,1.0008,1.0008,10609.93,10618.712284,21,638.08,638.74441,201912
1.0009,1.0011,1.0009,1.0009,2743.87,2746.691423,8,1851.47,1853.488263,201912
1.0011,1.0011,1.001,1.0011,4676.47,4681.581779,5,4676.47,4681.581779,201912
1.001,1.0011,1.001,1.0011,466.28,466.764516,2,466.28,466.764516,201912
1.0009,1.0011,1.0009,1.0009,2360.82,2362.983386,10,332.9,333.238258,201912
1.0011,1.0011,1.001,1.001,771.54,772.347749,2,771.54,772.347749,201912
1.0009,1.0011,1.0009,1.0009,1391.28,1392.707221,8,995.13,996.200686,201912
1.0008,1.001,1.0008,1.0008,1790.06,1791.631555,4,913.42,914.290243,201912
1.0009,1.001,1.0008,1.0008,904.9,905.753689,3,456.76,457.21676,201912
1.0009,1.0011,1.0009,1.0011,2087.51,2089.555211,4,970.93,971.970289,201912
1.0011,1.0011,1.0008,1.0008,2444.5,2446.694698,22,1543.05,1544.489697,201912
1.0009,1.0011,1.0009,1.0011,2415.35,2417.895184,9,2415.35,2417.895184,201912
1.0011,1.0011,1.0008,1.0008,2530.89,2533.392625,9,2289.29,2291.583316,201912
1.0011,1.0011,1.0008,1.0011,2786.83,2789.668904,8,1890.83,1892.883572,201912
1.0008,1.0011,1.0008,1.0009,1357.65,1358.945506,4,592.05,592.670619,201912
1.0008,1.001,1.0008,1.001,570.18,570.653324,3,85.9,85.9859,201912
1.0008,1.0011,1.0008,1.0011,409.1,409.516785,3,298.35,298.678185,201912
1.001,1.001,1.0009,1.001,423.88,424.286995,3,423.88,424.286995,201912
1.0008,1.001,1.0008,1.0008,5915.65,5920.443552,14,421.62,422.018328,201912
1.0007,1.0012,1.0007,1.001,1718.97,1720.386326,8,910.97,911.820726,201912
1.0011,1.0011,1.0007,1.0011,1568.31,1569.727445,10,799.07,799.948977,201912
1.001,1.001,1.0009,1.0009,844.25,845.03731,5,274.85,275.12485,201912
1.0009,1.0013,1.0009,1.001,6444.37,6452.264031,18,5485.26,5492.251859,201912
1.0012,1.0012,1.001,1.0012,1527.57,1529.318153,10,1236.45,1237.907033,201912
1.0012,1.0012,1.0009,1.0012,1426.58,1428.150167,9,993.78,994.926702,201912
1.0009,1.0013,1.0009,1.0013,1591.57,1593.227883,7,1112.09,1113.316351,201912
1.0012,1.0012,1.0009,1.0009,2113.57,2115.74739,5,517.26,517.880712,201912
1.0012,1.0012,1.001,1.0012,2858.61,2861.630159,8,1258.08,1259.499629,201912
1.0011,1.0013,1.0011,1.0011,2770.93,2774.292208,11,1570.93,1572.972208,201912
1.0011,1.0013,1.0009,1.001,4457.78,4462.425735,18,1060.5,1061.706855,201912
1.0012,1.0012,1.001,1.0012,1425.04,1426.545471,5,496.77,497.347201,201912
1.0011,1.0011,1.0009,1.0009,3529.4,3532.7237,13,136.2,136.34982,201912
1.0011,1.0011,1.0009,1.0011,1899.13,1900.990447,10,545.25,545.849775,201912
1.0009,1.0013,1.0008,1.0009,1357.44,1358.652974,11,226.27,226.536616,201912
1.0009,1.0013,1.0005,1.0007,10700.77,10709.636016,45,1672.85,1674.536661,201912
1.0009,1.001,1.0007,1.001,2874.93,2877.290108,19,1829.85,1831.478552,201912
1.001,1.001,1.0006,1.001,1886.85,1888.209354,11,986.85,987.669354,201912
1.001,1.001,1.0006,1.0008,11187.44,11194.707775,31,1317.36,1318.625727,201912
1.0006,1.0009,1.0004,1.0004,10000.76,10006.75768,23,1145.48,1146.407394,201912
1.0004,1.0009,1.0004,1.0004,9731.65,9737.115387,22,3428.26,3431.16351,201912
1.0004,1.0006,1.0004,1.0004,22860.01,22869.405448,63,1414.23,1415.047136,201912
1.0004,1.0005,1.0004,1.0004,13186.25,13191.56209,15,375.9,376.08795,201912
1.0004,1.0005,1.0003,1.0003,11560.86,11564.817427,31,384.17,384.337009,201912
1.0002,1.0004,1.0002,1.0002,5093.92,5094.983572,13,223.94,224.029576,201912
1.0004,1.0006,1.0002,1.0006,5636.12,5638.536454,13,3274.33,3275.581564,201912
1.0006,1.0006,1.0002,1.0006,14316.96,14324.921771,14,12861.97,12869.640773,201912
1.0005,1.0007,1.0003,1.0007,3182.87,3184.062168,10,796.54,797.016269,201912
1.0006,1.0009,1.0006,1.0008,1550.2,1551.37921,8,1234.3,1235.28967,201912
1.0006,1.0008,1.0005,1.0007,12513.76,12520.758422,12,730.73,731.244691,201912
1.0005,1.0006,1.0004,1.0004,12900.4,12906.314477,16,1108.01,1108.674806,201912
1.0005,1.0005,1.0003,1.0003,11176.25,11180.785156,17,1703.5,1704.246056,201912
1.0003,1.0006,1.0003,1.0003,13169.93,13176.151177,58,9877.82,9883.053544,201912
1.0003,1.0005,1.0003,1.0005,2530.58,2531.60227,4,2060.72,2061.601312,201912
1.0003,1.0004,1.0003,1.0004,1102.01,1102.440536,4,999.33,999.729732,201912
1.0003,1.0006,1.0003,1.0006,2223.17,2223.993336,15,657.87,658.223746,201912
1.0006,1.0006,1.0003,1.0006,3174.57,3176.400071,13,3151.17,3152.993051,201912
1.0006,1.0007,1.0003,1.0007,7244.32,7249.049557,52,6550.79,6555.311498,201912
1.0007,1.0007,1.0003,1.0007,5325.16,5328.07574,23,3911.95,3914.441777,201912
1.0004,1.0007,1.0004,1.0004,10444.46,10448.694089,19,246.55,246.704925,201912
1.0007,1.0007,1.0004,1.0004,1229.91,1230.578193,8,490.86,491.16484,201912
1.0007,1.0007,1.0004,1.0005,2633.42,2634.935799,5,2604.44,2605.944207,201912
1.0004,1.0005,1.0003,1.0003,1983.77,1984.589696,7,315.2,315.3576,201912
1.0004,1.0007,1.0003,1.0003,4849.96,4852.075142,12,1918.32,1919.314227,201912
1.0003,1.0006,1.0003,1.0005,2406.86,2407.731913,10,580.24,580.543638,201912
1.0006,1.0006,1.0004,1.0006,1326.57,1327.230043,9,1183.32,1183.906578,201912
1.0004,1.0006,1.0004,1.0006,1251.44,1252.158986,5,1251.44,1252.158986,201912
1.0006,1.0006,1.0005,1.0005,857.23,857.705236,2,857.23,857.705236,201912
1.0005,1.0007,1.0004,1.0007,2071.42,2072.411296,5,1398.5,1399.154836,201912
1.0007,1.0007,1.0004,1.0004,2755.65,2757.420398,5,2607.33,2609.04107,201912
1.0007,1.0007,1.0004,1.0007,2242.2,2243.732293,8,2018.63,2020.043041,201912
1.0008,1.0008,1.0005,1.0005,1981.98,1983.093496,5,461.56,461.886649,201912
1.0006,1.0007,1.0005,1.0007,2574.4,2575.784862,6,488.31,488.625914,201912
1.0005,1.0008,1.0005,1.0007,766.88,767.33549,4,352.55,352.798325,201912
1.0005,1.0009,1.0005,1.0008,3030.72,3032.432991,7,996.11,996.805686,201912
1.0009,1.0009,1.0006,1.0007,764.73,765.267907,7,608.47,608.914151,201912
1.0007,1.0007,1.0006,1.0007,2925.9,2927.708713,11,161.0,161.1127,201912
1.0005,1.0008,1.0005,1.0006,784.01,784.493789,3,86.46,86.529168,201912
1.0006,1.0007,1.0006,1.0007,264.31,264.470286,3,264.31,264.470286,201912
1.0007,1.0008,1.0005,1.0006,2687.32,2688.820331,8,962.45,963.087896,201912
1.0005,1.0007,1.0005,1.0007,394.91,395.183437,2,379.91,380.175937,201912
1.0007,1.0008,1.0005,1.0008,563.02,563.393884,8,338.45,338.711599,201912
1.0006,1.0008,1.0005,1.0005,1553.06,1553.988276,9,1157.72,1158.450606,201912
1.0008,1.0009,1.0005,1.0008,8712.02,8719.117384,48,6921.42,6927.496103,201912
1.0008,1.0008,1.0005,1.0005,4675.54,4678.562806,18,2611.55,2613.540811,201912
1.0005,1.0008,1.0005,1.0005,1583.99,1584.883302,11,125.87,125.970696,201912
1.0005,1.0005,1.0005,1.0005,0.0,0.0,0,0.0,0.0,201912
1.0006,1.0007,1.0005,1.0007,17744.37,17753.533722,26,1854.29,1855.455645,201912
1.0004,1.0004,1.0004,1.0004,1531.28,1531.892512,4,1416.07,1416.636428,201912
1.0005,1.0007,1.0004,1.0005,8513.95,8518.919045,20,7009.71,7013.963797,201912
1.0007,1.0007,1.0004,1.0004,559.36,559.714962,3,539.45,539.796998,201912
1.0005,1.0007,1.0004,1.0004,1519.92,1520.81092,6,1462.88,1463.748104,201912
1.0004,1.0008,1.0003,1.0006,15623.98,15629.866614,21,1299.42,1300.374365,201912
1.0003,1.0006,1.0003,1.0006,747.17,747.519784,5,478.17,478.439084,201912
1.0007,1.0007,1.0004,1.0006,2596.77,2598.312336,8,2298.66,2300.083092,201912
1.0005,1.0005,1.0003,1.0004,1267.32,1267.823012,6,709.5,709.797554,201912
1.0002,1.0005,1.0002,1.0002,1466.05,1466.405554,11,272.48,272.59684,201912
1.0004,1.0007,1.0002,1.0007,31891.74,31911.639057,9,31876.75,31896.646059,201912
1.0003,1.0005,1.0003,1.0005,11349.84,11353.337682,14,576.84,577.105782,201912
1.0002,1.0004,1.0002,1.0002,1530.79,1531.173924,6,388.83,388.985532,201912
1.0002,1.0004,1.0002,1.0003,4702.58,4704.017298,11,3329.03,3330.192588,201912
1.0002,1.0002,1.0002,1.0002,212.16,212.202432,3,0.0,0.0,201912
1.0005,1.0005,1.0004,1.0004,1891.52,1892.352192,4,755.84,756.21792,201912
1.0005,1.0006,1.0002,1.0002,1456.84,1457.261329,5,325.94,326.109949,201912
1.0002,1.0006,1.0002,1.0006,11214.13,11219.32452,21,7402.06,7406.492106,201912
1.0002,1.0005,1.0002,1.0002,3514.45,3515.342853,15,633.21,633.526605,201912
1.0003,1.0005,1.0003,1.0004,9976.48,9979.624312,7,844.31,844.714661,201912
1.0006,1.0006,1.0004,1.0006,1174.68,1175.34453,7,973.29,973.873974,201912
1.0005,1.0006,1.0005,1.0006,687.31,687.705643,2,687.31,687.705643,201912
1.0004,1.0005,1.0004,1.0005,972.86,973.282764,2,972.86,973.282764,201912
1.0004,1.0004,1.0004,1.0004,1090.03,1090.466012,6,664.19,664.455676,201912
1.0003,1.0004,1.0003,1.0003,10209.41,10212.53227,10,594.47,594.707788,201912
1.0003,1.0003,1.0003,1.0003,4821.92,4823.366576,10,0.0,0.0,201912
1.0003,1.0004,1.0003,1.0003,1098.56,1098.910918,4,213.5,213.5854,201912
1.0003,1.0003,1.0003,1.0003,474.48,474.622344,1,0.0,0.0,201912
1.0003,1.0004,1.0003,1.0003,2399.73,2400.453426,4,35.07,35.084028,201912
1.0003,1.0004,1.0003,1.0004,3042.85,3043.801661,5,388.06,388.215224,201912
1.0004,1.0004,1.0004,1.0004,226.86,226.950744,2,226.86,226.950744,201912
1.0004,1.0004,1.0003,1.0004,2546.0,2546.966623,17,2028.23,2029.041292,201912
1.0004,1.0004,1.0003,1.0003,955.1,955.407973,5,214.43,214.515772,201912
1.0004,1.0004,1.0003,1.0003,2932.58,2933.473272,5,134.98,135.033992,201912
1.0003,1.0004,1.0003,1.0003,3346.81,3347.817206,9,31.63,31.642652,201912
1.0004,1.0004,1.0003,1.0004,5086.3,5088.333117,7,5072.27,5074.298908,201912
1.0004,1.0004,1.0003,1.0003,1909.53,1910.120228,3,173.69,173.759476,201912
1.0004,1.0004,1.0004,1.0004,3375.55,3376.90022,4,3375.55,3376.90022,201912
1.0004,1.0004,1.0004,1.0004,0.0,0.0,0,0.0,0.0,201912
1.0004,1.0004,1.0004,1.0004,0.0,0.0,0,0.0,0.0,201912
1.0003,1.0004,1.0003,1.0003,1361.79,1362.21908,8,205.43,205.512172,201912
1.0004,1.0006,1.0003,1.0006,1528.82,1529.488374,8,1493.94,1494.59791,201912
1.0004,1.0006,1.0004,1.0006,1093.78,1094.295476,8,707.13,707.490816,201912
1.0006,1.0006,1.0004,1.0004,1123.79,1124.37429,5,891.06,891.548924,201912
1.0004,1.0005,1.0004,1.0005,3484.48,3485.934143,11,603.51,603.811755,201912
1.0004,1.0004,1.0004,1.0004,1784.97,1785.683988,10,0.0,0.0,201912
1.0004,1.0006,1.0004,1.0004,8908.91,8912.552416,26,652.33,652.669784,201912
1.0004,1.0006,1.0004,1.0004,39444.59,39460.514867,38,1192.15,1192.773891,201912
1.0005,1.0006,1.0004,1.0004,6211.78,6214.568517,10,1966.46,1967.478297,201912
1.0006,1.0007,1.0005,1.0007,1413.82,1414.62431,5,1413.82,1414.62431,201912
1.0007,1.0007,1.0003,1.0003,3016.26,3018.020331,11,2719.07,2720.715828,201912
1.0006,1.0007,1.0003,1.0003,8053.06,8056.551474,16,2774.59,2776.259209,201912
1.0007,1.0007,1.0002,1.0003,76199.41,76218.396313,20,1400.42,1401.277215,201912
1.0006,1.0007,1.0004,1.0007,10346.98,10354.125538,12,10257.32,10264.429674,201912
1.0005,1.0014,1.0004,1.0006,38160.22,38185.113403,59,27224.11,27243.95075,201912
1.0006,1.0009,1.0006,1.0009,10021.24,10028.35764,13,4670.0,4673.906896,201912
1.0009,1.0009,1.0009,1.0009,1286.55,1287.707895,7,1286.55,1287.707895,201912
1.0009,1.0009,1.0006,1.0006,4604.01,4607.655731,16,2615.61,2617.831624,201912
1.0009,1.001,1.0006,1.0009,686.98,687.51436,9,354.0,354.325767,201912
1.001,1.0011,1.0007,1.0011,8956.86,8965.625663,11,7339.25,7346.761233,201912
1.0011,1.0011,1.0007,1.0007,4060.8,4064.256865,11,2334.32,2336.568329,201912
1.0009,1.001,1.0006,1.0007,10480.22,10488.090782,15,7976.3,7982.418038,201912
1.0006,1.0007,1.0004,1.0005,6466.53,6470.382632,12,4930.73,4933.815744,201912
1.0007,1.0007,1.0006,1.0007,2430.79,2432.382844,3,2430.79,2432.382844,201912
1.0007,1.0007,1.0005,1.0006,3901.76,3904.114301,8,1574.78,1575.882346,201912
1.0005,1.0008,1.0005,1.0005,3729.55,3731.857489,12,2372.87,2374.499149,201912
1.0005,1.0008,1.0005,1.0005,2616.5,2618.041227,6,1158.89,1159.702422,201912
1.0005,1.0007,1.0005,1.0007,1502.82,1503.660121,8,804.4,804.890911,201912
1.0007,1.0007,1.0007,1.0007,1047.47,1048.203229,3,1047.47,1048.203229,201912
1.0007,1.0007,1.0006,1.0007,1864.07,1865.353851,3,1654.09,1655.247863,201912
1.0007,1.0007,1.0007,1.0007,0.0,0.0,0,0.0,0.0,201912
1.0007,1.001,1.0006,1.0007,16640.23,16654.639561,15,13866.38,13878.905883,201912
1.0007,1.0007,1.0007,1.0007,1264.17,1265.054919,5,0.0,0.0,201912
1.0007,1.0011,1.0007,1.001,1607.76,1609.108966,8,685.55,686.253419,201912
1.0007,1.0011,1.0007,1.0009,1642.15,1643.703689,6,1060.66,1061.751024,201912
1.0011,1.0011,1.0011,1.0011,3681.47,3685.519617,9,3681.47,3685.519617,201912
1.001,1.001,1.0008,1.0008,1938.5,1940.140696,3,1938.5,1940.140696,201912
1.0008,1.0008,1.0005,1.0005,1019.19,1019.878375,5,0.0,0.0,201912
1.0005,1.0009,1.0005,1.0009,3631.5,3633.560702,5,771.94,772.570922,201912
1.0007,1.0008,1.0005,1.0005,481.2,481.531254,3,402.84,403.132074,201912
1.0006,1.0009,1.0006,1.0009,5082.08,5086.47183,12,4670.16,4674.299383,201912
1.001,1.001,1.0005,1.0007,1843.23,1844.630183,8,1724.95,1726.283013,201912
1.0007,1.0007,1.0006,1.0006,804.71,805.233974,6,411.48,411.768036,201912
1.0008,1.0008,1.0006,1.0006,1688.86,1690.074302,6,809.93,810.577944,201912
1.0007,1.0008,1.0006,1.0007,819.99,820.569442,7,489.11,489.485378,201912
1.0006,1.001,1.0005,1.001,3928.21,3930.669342,16,945.27,946.081271,201912
1.0007,1.0009,1.0005,1.0008,3483.24,3485.44358,35,956.38,957.161782,201912
1.0007,1.0008,1.0004,1.0007,11719.48,11725.425182,34,1991.91,1993.239161,201912
1.0004,1.0007,1.0003,1.0003,9938.81,9942.940888,12,1423.25,1424.175545,201912
1.0007,1.0007,1.0003,1.0007,3899.79,3902.013531,18,3413.49,3415.53753,201912
1.0007,1.0007,1.0003,1.0006,1936.56,1937.598217,11,541.34,541.681938,201912
1.0008,1.0009,1.0006,1.0008,7781.55,7787.754294,10,7668.92,7675.056716,201912
1.0006,1.0009,1.0005,1.0005,5570.6,5573.886576,5,338.91,339.215019,201912
1.0005,1.0008,1.0005,1.0005,2781.96,2784.02888,9,2302.93,2304.759365,201912
1.0005,1.0007,1.0005,1.0007,449.46,449.742922,4,164.66,164.775262,201912
1.0007,1.0008,1.0005,1.0007,1680.68,1681.771891,7,969.59,970.273007,201912
1.0005,1.0005,1.0004,1.0004,12968.59,12974.561553,25,0.0,0.0,201912
1.0008,1.001,1.0005,1.001,16313.81,16328.521688,20,15076.21,15089.992265,201912
1.0006,1.001,1.0006,1.0009,1110.1,1111.039806,8,596.19,596.7432,201912
1.0005,1.0008,1.0005,1.0008,1384.73,1385.807784,2,1284.73,1285.757784,201912
1.0005,1.0007,1.0004,1.0004,18300.98,18310.838776,22,2317.43,2319.052201,201912
1.0007,1.0008,1.0007,1.0008,2562.33,2564.269057,2,2562.33,2564.269057,201912
1.0009,1.0009,1.0006,1.0008,2918.12,2920.325567,9,1666.99,1668.298425,201912
1.0006,1.0008,1.0006,1.0008,3961.9,3965.042088,4,507.74,508.146192,201912
1.0007,1.001,1.0007,1.0007,4589.73,4593.643785,13,2165.24,2167.330925,201912
1.0009,1.0011,1.0008,1.0011,4479.68,4483.993024,13,2968.78,2971.884304,201912
1.0009,1.0011,1.0006,1.0006,14087.11,14097.797721,37,806.34,807.193768,201912
1.0008,1.0011,1.0006,1.0011,14699.56,14715.253187,13,14663.46,14679.130092,201912
1.0011,1.0015,1.0008,1.0009,24402.44,24424.692292,34,7253.79,7261.747746,201912
1.0008,1.0012,1.0008,1.0012,4555.79,4560.618235,8,4502.04,4506.825235,201912
1.0009,1.0011,1.0007,1.0007,24500.63,24520.134549,26,3429.5,3433.050624,201912
1.0007,1.0008,1.0004,1.0005,42286.52,42311.994398,44,735.97,736.558776,201912
1.0005,1.0009,1.0005,1.0006,4314.45,4317.181477,6,980.76,981.54591,201912
1.0009,1.0009,1.0003,1.0008,16370.73,16379.581565,19,3932.36,3935.520333,201912
1.0005,1.0007,1.0004,1.0004,13493.18,13500.062212,18,1126.18,1126.968326,201912
1.0007,1.0008,1.0004,1.0004,1885.58,1886.460376,7,390.36,390.642288,201912
1.0004,1.0007,1.0003,1.0004,36822.77,36836.203639,40,559.71,560.047941,201912
1.0004,1.0006,1.0003,1.0004,30688.19,30699.773135,33,1955.04,1956.127222,201912
1.0007,1.0014,1.0004,1.0012,39570.87,39615.068317,31,20853.03,20874.88254,201912
1.0015,1.0015,1.0015,1.0015,19.98,20.00997,1,19.98,20.00997,201912
1.0015,1.0016,1.0011,1.0011,8838.55,8850.14297,21,2736.95,2741.060248,201912
1.0011,1.0014,1.0011,1.0014,11109.1,11123.144877,15,7240.86,7250.649813,201912
1.0014,1.0015,1.0011,1.0011,25409.71,25444.408065,15,22949.14,22980.811441,201912
1.0011,1.0014,1.001,1.001,29721.97,29755.25738,25,2375.49,2378.815686,201912
1.001,1.0014,1.001,1.0014,7066.19,7073.487086,17,712.85,713.793746,201912
1.0011,1.0013,1.001,1.0013,1978.66,1981.012824,5,0.0,0.0,201912
1.001,1.0012,1.001,1.001,1031.65,1032.746546,4,324.48,324.869376,201912
1.001,1.0014,1.0008,1.0008,20631.1,20651.895114,22,1795.79,1798.300162,201912
1.0008,1.0012,1.0008,1.0011,1569.22,1570.880376,3,55.41,55.476492,201912
1.0012,1.0012,1.0007,1.0007,30278.01,30304.933201,39,90.56,90.668672,201912
1.0007,1.001,1.0003,1.0008,74635.02,74684.114897,80,10205.93,10214.248292,201912
1.0005,1.0008,1.0003,1.0004,111767.39,111818.43279,97,22656.02,22673.156997,201912
1.0004,1.0008,1.0003,1.0007,10749.61,10754.333302,11,1634.75,1635.898665,201912
1.0008,1.0008,1.0005,1.0006,109409.86,109470.487923,27,52559.61,52591.735688,201912
1.0006,1.0009,1.0005,1.0008,132397.59,132490.698115,82,128101.64,128192.005339,201912
1.0008,1.0014,1.0007,1.0011,13777.62,13792.641526,26,12288.97,12302.791651,201912
1.0012,1.0014,1.0011,1.0013,39823.88,39870.019377,23,29919.85,29954.179514,201912
1.0011,1.0014,1.001,1.001,38806.12,38857.654989,32,29081.27,29121.509418,201912
1.0012,1.0014,1.001,1.001,10639.03,10650.427857,21,1924.82,1927.318688,201912
1.001,1.0016,1.001,1.0012,26669.0,26704.045386,41,7662.72,7673.973856,201912
1.0012,1.0014,1.0008,1.0012,62849.68,62918.852144,108,33177.55,33219.18373,201912
1.0011,1.0012,1.0008,1.0008,16886.79,16904.214279,38,7482.15,7491.001574,201912
1.0011,1.0011,1.0007,1.0011,12883.25,12894.523287,56,4800.22,4805.315634,201912
1.0007,1.0011,1.0007,1.0009,16437.7,16451.657084,59,5341.44,5347.046608,201912
1.0007,1.001,1.0007,1.001,18833.28,18848.190604,24,7429.63,7436.551057,201912
1.0007,1.001,1.0006,1.0006,15098.75,15110.275689,45,5960.58,5966.071888,201912
1.0007,1.001,1.0006,1.0007,7022.97,7029.156252,32,4774.29,4779.024935,201912
1.001,1.0011,1.0008,1.0011,10821.66,10831.808825,27,8661.14,8669.501576,201912
1.0008,1.0011,1.0007,1.0007,15167.69,15179.561775,29,744.83,745.649313,201912
1.0007,1.0011,1.0007,1.0011,6193.48,6198.79745,25,3706.76,3710.306746,201912
1.0011,1.0015,1.0008,1.0015,32491.09,32529.447342,32,32408.97,32447.258665,201912
1.0011,1.0017,1.0011,1.0013,3951.65,3957.659076,13,2981.63,2986.353757,201912
1.0013,1.0018,1.0006,1.0006,65088.35,65164.028838,99,15754.33,15780.0586,201912
1.001,1.0011,1.0005,1.0006,50547.42,50580.759804,99,9741.81,9751.320064,201912
1.0007,1.001,1.0007,1.001,5277.68,5282.13841,19,2088.82,2090.90882,201912
1.001,1.001,1.0007,1.001,4681.15,4685.767952,9,4470.49,4474.96049,201912
1.001,1.0012,1.0009,1.0012,12434.14,12447.059244,25,12374.17,12387.035271,201912
1.0011,1.0013,1.001,1.0013,17774.28,17795.433791,16,16134.21,16153.574838,201912
1.0012,1.0012,1.0012,1.0012,1343.7,1345.31244,7,0.0,0.0,201912
1.0012,1.0016,1.0012,1.0016,519.82,520.463725,4,49.86,49.939773,201912
1.0013,1.0018,1.0013,1.0013,5616.16,5624.087376,26,967.69,969.097658,201912
1.0018,1.0018,1.0013,1.0013,2180.78,2183.652444,6,74.86,74.994748,201912
1.0013,1.0013,1.0012,1.0012,1910.6,1913.041137,7,426.43,426.941716,201912
1.0013,1.0013,1.0011,1.0012,13263.65,13279.051298,10,1560.41,1562.438533,201912
1.001,1.001,1.001,1.001,352.93,353.28293,1,0.0,0.0,201912
1.0013,1.0015,1.0011,1.0011,1265.68,1267.385014,9,1019.05,1020.483721,201912
1.0011,1.0015,1.0011,1.0013,1750.99,1753.379701,4,1718.56,1720.914028,201912
1.0012,1.0012,1.0011,1.0012,6250.47,6257.891666,9,469.99,470.553988,201912
1.0013,1.0013,1.0013,1.0013,961.5,962.74995,2,787.69,788.713997,201912
1.0013,1.0013,1.0013,1.0013,711.91,712.835483,2,711.91,712.835483,201912
1.0013,1.0013,1.0013,1.0013,484.31,484.939603,5,484.31,484.939603,201912
1.0013,1.0013,1.0013,1.0013,157.52,157.724776,1,157.52,157.724776,201912
1.0012,1.0012,1.0007,1.0007,1291.7,1292.694174,8,170.94,171.11094,201912
1.0009,1.001,1.0008,1.001,8880.82,8889.247902,18,6127.06,6133.163731,201912
1.0007,1.0008,1.0007,1.0007,1977.12,1978.69529,6,1518.73,1519.944984,201912
1.001,1.001,1.0006,1.0008,17720.04,17732.053888,20,495.1,495.555764,201912
1.0007,1.001,1.0007,1.0009,8623.46,8630.226493,31,2404.27,2406.67427,201912
1.001,1.001,1.0009,1.0009,6553.6,6560.077981,19,5797.41,5803.20741,201912
1.0009,1.0009,1.0009,1.0009,1286.86,1288.018174,5,0.0,0.0,201912
1.0009,1.0011,1.0009,1.001,1083.75,1084.844364,5,545.29,545.83529,201912
1.001,1.0012,1.001,1.0011,939.36,940.328759,5,60.41,60.482492,201912
1.001,1.0011,1.001,1.0011,337.74,338.084168,2,0.0,0.0,201912
1.001,1.0011,1.001,1.001,1172.29,1173.480805,7,0.0,0.0,201912
1.0012,1.0012,1.001,1.001,1865.52,1867.618627,4,707.83,708.679396,201912
1.0011,1.0011,1.001,1.001,637.25,637.906204,3,0.0,0.0,201912
1.001,1.0012,1.001,1.0011,2229.37,2231.846068,8,830.69,831.686828,201912
1.001,1.0013,1.001,1.0011,4574.03,4579.941028,8,4426.24,4431.994112,201912
1.0012,1.0012,1.001,1.0012,2873.5,2876.705654,4,1660.77,1662.762924,201912
1.0012,1.0012,1.0005,1.0006,27206.73,27224.276379,36,1953.86,1956.204632,201912
1.0007,1.0008,1.0006,1.0007,1932.1,1933.450548,4,585.77,586.238616,201912
1.0008,1.001,1.0007,1.001,6725.35,6731.439214,11,6095.03,6100.67799,201912
1.0006,1.0007,1.0006,1.0006,5658.24,5661.669225,11,0.0,0.0,201912
1.001,1.001,1.0006,1.001,3098.02,3100.351841,11,869.4,870.2694,201912
1.001,1.001,1.0006,1.0006,6904.59,6909.246423,9,1512.88,1514.268206,201912
1.0006,1.0009,1.0006,1.0008,6267.24,6271.4724,24,1163.5,1164.490804,201912
1.0007,1.0009,1.0006,1.0007,5933.32,5936.976564,8,161.02,161.164918,201912
1.0007,1.0007,1.0006,1.0007,993.3,993.99031,5,0.0,0.0,201912
1.0007,1.0007,1.0007,1.0007,4580.86,4584.066602,8,0.0,0.0,201912
1.0008,1.0009,1.0007,1.0008,1437.24,1438.385601,8,613.22,613.746724,201912
1.001,1.001,1.0006,1.0006,4219.65,4223.606798,15,3243.2,3246.4432,201912
1.0009,1.0009,1.0006,1.0007,2410.06,2411.712223,6,426.69,427.074021,201912
1.0006,1.0007,1.0006,1.0006,1730.79,1731.853408,11,0.0,0.0,201912
1.0007,1.0009,1.0007,1.0007,1241.61,1242.539073,5,299.73,299.999757,201912
1.0007,1.001,1.0006,1.0007,4152.54,4155.303297,15,204.35,204.54037,201912
1.001,1.001,1.0007,1.0008,1359.28,1360.331434,3,912.02,912.758352,201912
1.0007,1.0008,1.0006,1.0006,1548.35,1549.469244,5,741.12,741.712896,201912
1.0009,1.001,1.0007,1.0007,3009.23,3011.869064,13,2041.06,2043.021345,201912
1.0009,1.001,1.0006,1.0006,3586.94,3589.432312,12,960.13,961.033835,201912
1.0007,1.001,1.0007,1.001,3731.38,3734.901148,6,3297.62,3300.837516,201912
1.0009,1.001,1.0007,1.0007,6195.38,6201.147709,10,5189.84,5194.903831,201912
1.0006,1.0008,1.0006,1.0007,1161.02,1161.838298,3,0.0,0.0,201912
1.0009,1.0009,1.0007,1.0007,605.21,605.691299,2,0.0,0.0,201912
1.0009,1.0011,1.0007,1.0008,1795.25,1796.959396,9,707.99,708.690596,201912
1.0009,1.001,1.0008,1.0009,4789.01,4793.10005,13,899.16,900.05916,201912
1.001,1.001,1.001,1.001,553.49,554.04349,1,0.0,0.0,201912
1.001,1.001,1.0006,1.0006,4806.55,4809.812564,7,107.98,108.066384,201912
1.0007,1.001,1.0007,1.001,2157.85,2159.686336,6,1074.56,1075.549713,201912
1.001,1.001,1.0006,1.0007,1605.91,1607.433802,7,1367.5,1368.8675,201912
1.0006,1.0009,1.0006,1.0006,2127.44,2128.869432,5,459.37,459.783433,201912
1.0006,1.001,1.0006,1.001,14111.34,14124.237002,24,9021.62,9030.596916,201912
1.0011,1.0012,1.001,1.001,14990.98,15006.169421,10,420.74,421.244888,201912
1.0012,1.0012,1.0008,1.0008,16535.38,16551.819085,5,479.57,480.093116,201912
1.0009,1.0012,1.0007,1.0008,2596.89,2599.169866,6,1218.89,1219.996055,201912
1.0007,1.0011,1.0007,1.0009,3818.66,3822.798844,9,3315.64,3319.287204,201912
1.001,1.001,1.0009,1.0009,2302.8,2304.99291,7,450.9,451.3509,201912
1.001,1.0011,1.0008,1.0008,3024.02,3026.841469,10,757.84,758.632694,201912
1.001,1.001,1.0007,1.0008,3338.94,3341.750208,7,0.0,0.0,201912
1.0008,1.0008,1.0008,1.0008,620.11,620.606088,1,0.0,0.0,201912
1.0009,1.0011,1.0007,1.0011,7707.65,7714.208667,8,2622.67,2625.516541,201912
1.0011,1.0011,1.0007,1.001,7505.16,7512.930611,12,7044.25,7051.679215,201912
1.0007,1.0009,1.0007,1.0009,665.99,666.537971,3,76.54,76.601232,201912
1.0008,1.001,1.0007,1.001,319.15,319.407946,3,26.25,26.27625,201912
1.0009,1.001,1.0008,1.001,1399.92,1401.112322,3,665.81,666.415034,201912
1.0008,1.0009,1.0008,1.0008,2359.43,2361.417174,10,364.55,364.878095,201912
1.0008,1.001,1.0007,1.001,951.15,951.959948,5,326.94,327.26694,201912
1.0007,1.0011,1.0007,1.0011,3527.88,3531.126945,9,2454.84,2457.325573,201912
1.0008,1.0009,1.0008,1.0009,1041.11,1042.039739,4,0.0,0.0,201912
1.0008,1.0009,1.0008,1.0009,334.25,334.529826,2,0.0,0.0,201912
1.0008,1.001,1.0006,1.001,7664.17,7669.887021,24,886.19,887.049302,201912
1.001,1.0011,1.0008,1.0011,7147.37,7154.473555,18,6364.46,6370.877289,201912
1.0008,1.0008,1.0007,1.0007,284.89,285.114478,2,0.0,0.0,201912
1.0008,1.0008,1.0007,1.0008,3373.43,3375.840924,11,0.0,0.0,201912
1.0007,1.001,1.0006,1.0006,8169.75,8176.15196,15,2893.25,2896.029005,201912
1.0006,1.0011,1.0006,1.0011,7471.87,7478.751082,25,4734.98,4739.787505,201912
1.0011,1.0015,1.0006,1.001,42473.57,42510.805016,70,9996.99,10008.931177,201912
1.001,1.0012,1.0006,1.0009,4092.59,4096.657416,12,2275.86,2278.14141,201912
1.0011,1.0012,1.0008,1.0012,4676.74,4681.649407,15,3042.95,3046.350761,201912
1.0012,1.0012,1.001,1.0012,4131.26,4135.7519,4,3226.34,3229.92698,201912
1.001,1.0011,1.001,1.001,1660.87,1662.583888,3,530.18,530.763198,201912
1.0009,1.0013,1.0009,1.0013,12164.74,12178.832106,23,10486.68,10499.199273,201912
1.0011,1.0012,1.0011,1.0011,2092.0,2094.408163,3,1069.63,1070.913556,201912
1.0013,1.0014,1.001,1.001,5404.65,5410.450259,9,1207.52,1209.110776,201912
1.0011,1.0014,1.0011,1.0012,6277.1,6284.30557,8,929.96,931.190915,201912
1.0013,1.0013,1.0011,1.0011,7156.94,7165.203661,12,0.0,0.0,201912
1.0011,1.0012,1.0011,1.0011,5324.19,5330.129562,9,0.0,0.0,201912
1.0011,1.0015,1.0011,1.0012,13392.4,13408.264611,26,2195.7,2198.658148,201912
1.0011,1.0014,1.0011,1.0014,10858.05,10870.627645,24,1712.71,1714.947175,201912
1.0014,1.0015,1.0011,1.0011,29736.08,29770.191727,54,2787.71,2791.702309,201912
1.0015,1.0015,1.0011,1.0011,2310.27,2313.071168,7,30.77,30.816155,201912
1.0012,1.0014,1.0011,1.0012,5124.24,5130.35503,10,0.0,0.0,201912
1.0013,1.0014,1.0012,1.0012,2520.94,2524.101443,12,0.0,0.0,201912
1.0012,1.0012,1.0011,1.0011,4414.75,4419.86312,13,0.0,0.0,201912
1.0011,1.0015,1.0011,1.0011,5828.78,5835.53524,16,1191.02,1192.59594,201912
1.0011,1.0011,1.001,1.001,32174.23,32209.570581,18,0.0,0.0,201912
1.0011,1.0012,1.001,1.0012,6220.13,6227.137133,16,3930.08,3934.719167,201912
1.0009,1.001,1.0009,1.0009,1766.49,1768.17936,6,0.0,0.0,201912
1.0012,1.0012,1.001,1.0012,230.08,230.31712,3,35.2,35.24224,201912
1.0009,1.0012,1.0008,1.0012,44010.32,44045.692029,3,352.31,352.732772,201912
1.001,1.001,1.001,1.001,451.41,451.86141,2,0.0,0.0,201912
1.001,1.0012,1.001,1.0012,1633.09,1634.793702,3,353.06,353.483672,201912
1.0011,1.0011,1.0009,1.001,4813.88,4818.777112,7,1208.35,1209.679185,201912
1.0011,1.0013,1.001,1.0013,2253.78,2256.197895,8,1239.26,1240.663375,201912
1.0012,1.0012,1.001,1.001,1144.74,1146.092482,4,0.0,0.0,201912
1.0011,1.0013,1.0009,1.001,1847.59,1849.68419,8,735.61,736.517932,201912
1.0009,1.0012,1.0009,1.001,782.69,783.596185,4,514.05,514.66686,201912
1.001,1.0012,1.001,1.0011,1000.34,1001.470082,4,315.72,316.098864,201912
1.001,1.0011,1.001,1.001,761.18,761.971786,4,0.0,0.0,201912
1.0013,1.0013,1.001,1.001,3674.93,3679.503506,12,2921.28,2925.077664,201912
1.0011,1.0013,1.001,1.001,6125.05,6131.492533,20,86.54,86.652502,201912
1.0011,1.0011,1.0011,1.0011,291.66,291.980826,1,0.0,0.0,201912
1.0011,1.0012,1.001,1.001,1770.85,1772.721721,6,285.7,286.04284,201912
1.001,1.0012,1.001,1.0011,1824.9,1826.912071,4,200.38,200.620456,201912
1.0013,1.0013,1.001,1.0013,2614.68,2617.901012,18,2016.11,2018.712228,201912
1.0013,1.0013,1.001,1.0013,8102.36,8112.515945,19,6866.63,6875.527579,201912
1.0011,1.0013,1.001,1.0013,3878.38,3882.372724,16,206.67,206.938671,201912
1.0013,1.0013,1.0009,1.0013,1748.94,1750.986994,15,385.48,385.981124,201912
1.001,1.0013,1.0008,1.0013,22419.44,22439.096309,10,453.14,453.729082,201912
1.0009,1.0013,1.0009,1.0013,1130.77,1131.906431,4,219.66,219.945558,201912
1.0009,1.0013,1.0009,1.0013,1281.28,1282.694054,10,531.99,532.639307,201912
1.0011,1.0013,1.0011,1.0013,3284.15,3288.096499,9,1669.67,1671.840571,201912
1.0013,1.0015,1.0012,1.0012,9450.34,9463.090581,12,9138.47,9150.846337,201912
1.0011,1.0015,1.0011,1.0011,8811.81,8823.138627,46,4451.71,4458.139805,201912
1.0011,1.0015,1.001,1.0014,6480.84,6488.518303,36,2342.34,2345.621272,201912
1.0012,1.0014,1.001,1.0014,1695.34,1697.365067,7,1255.97,1257.514724,201912
1.001,1.0014,1.001,1.0014,1528.32,1529.955453,4,18.96,18.986544,201912
1.0011,1.0012,1.0007,1.0007,52369.09,52412.241744,16,1198.7,1200.13844,201912
1.0008,1.0012,1.0008,1.0009,5010.4,5014.678323,6,427.93,428.403797,201912
1.0008,1.0012,1.0008,1.0008,302.28,302.601708,3,199.71,199.949652,201912
1.001,1.0012,1.001,1.0012,2516.99,2519.700151,5,1762.48,1764.435641,201912
1.0011,1.0011,1.0008,1.0008,6391.7,6398.099317,3,0.0,0.0,201912
1.0007,1.0012,1.0007,1.0012,2207.08,2209.206149,4,367.68,368.121216,201912
1.0008,1.0008,1.0006,1.0007,1156.97,1157.83721,5,0.0,0.0,201912
1.0007,1.0007,1.0007,1.0007,0.0,0.0,0,0.0,0.0,201912
1.0007,1.0007,1.0007,1.0007,311.45,311.668015,1,0.0,0.0,201912
1.0007,1.0012,1.0007,1.0008,1607.38,1608.942978,5,1034.83,1035.974929,201912
1.0012,1.0012,1.0007,1.0007,318.06,318.299877,2,34.47,34.511364,201912
1.0007,1.0011,1.0007,1.0011,1042.43,1043.316445,3,0.0,0.0,201912
1.0006,1.001,1.0006,1.0007,1578.37,1579.560786,6,504.02,504.52402,201912
1.0012,1.0012,1.0007,1.0007,1057.68,1058.60312,4,592.82,593.417718,201912
1.0007,1.0012,1.0007,1.0012,4006.64,4011.156501,10,3280.09,3284.014159,201912
1.001,1.001,1.0009,1.001,364.34,364.702839,3,0.0,0.0,201912
1.0009,1.0012,1.0009,1.001,3318.56,3321.903421,14,873.91,874.906255,201912
1.0011,1.0012,1.0011,1.0012,1173.15,1174.504529,4,1173.15,1174.504529,201912
1.0011,1.0012,1.0011,1.0012,888.87,889.897644,5,498.87,499.468644,201912
1.001,1.0012,1.001,1.0012,1288.31,1289.712951,10,648.35,649.104226,201912
1.0009,1.0012,1.0009,1.001,4013.54,4018.272256,4,3604.56,3608.885472,201912
1.0012,1.0012,1.0009,1.0009,2049.78,2052.149832,4,1657.83,1659.819396,201912
1.0011,1.0012,1.0009,1.0009,3973.76,3978.240399,9,2556.35,2559.330977,201912
1.0009,1.0012,1.0009,1.001,3334.26,3337.939298,6,1376.54,1378.191848,201912
1.0012,1.0012,1.0009,1.0009,2156.92,2159.152626,6,868.77,869.740607,201912
1.0009,1.0012,1.0009,1.0011,540.84,541.41012,5,317.07,317.420631,201912
1.0011,1.0011,1.001,1.001,1762.04,1763.925292,4,325.12,325.477632,201912
1.0012,1.0014,1.0011,1.0014,15558.52,15578.261968,33,9684.0,9696.955698,201912
1.0012,1.0015,1.0009,1.0011,12282.16,12296.888358,43,6381.88,6390.290873,201912
1.0011,1.0011,1.001,1.001,4899.56,4904.863582,14,0.0,0.0,201912
1.001,1.0014,1.001,1.0011,1701.41,1703.36636,13,395.15,395.70321,201912
1.0014,1.0014,1.0011,1.0011,2365.24,2368.220823,6,1444.94,1446.827351,201912
1.0011,1.0014,1.001,1.0014,8154.83,8164.248385,42,2660.32,2664.022981,201912
1.0009,1.0014,1.0008,1.001,14899.1,14914.342346,33,2848.96,2852.948544,201912
1.0013,1.0013,1.0007,1.0011,10649.78,10661.716931,34,7316.56,7325.334909,201912
1.0012,1.0012,1.0008,1.0012,10914.17,10924.500204,32,3119.62,3123.363544,201912
1.0012,1.0012,1.0006,1.0006,40856.28,40889.550394,77,4289.47,4294.617364,201912
1.0006,1.001,1.0006,1.0007,4823.58,4827.085048,15,250.16,250.41016,201912
1.0007,1.0009,1.0006,1.0009,16570.78,16582.909416,27,4101.46,4105.151314,201912
1.0007,1.001,1.0006,1.0006,7059.08,7064.298069,25,417.89,418.30789,201912
1.0006,1.001,1.0006,1.0006,6771.75,6776.165049,16,640.53,641.17053,201912
1.0006,1.0009,1.0005,1.0007,10730.42,10737.759611,20,2826.43,2828.787825,201912
1.0009,1.001,1.0006,1.001,4947.76,4951.378332,8,1698.4,1699.93686,201912
1.0007,1.0007,1.0005,1.0006,3142.85,3144.855086,19,0.0,0.0,201912
1.0007,1.001,1.0006,1.0007,5034.27,5038.00026,16,3420.1,3422.791048,201912
1.001,1.001,1.0006,1.0006,8926.86,8934.429157,40,5152.34,5157.49234,201912
1.0006,1.001,1.0005,1.0005,9662.17,9668.6599,39,2867.0,2869.423882,201912
1.0005,1.001,1.0005,1.001,10959.08,10968.910435,14,8464.31,8472.528285,201912
1.001,1.001,1.0006,1.001,11058.31,11066.243644,54,3513.61,3516.9082,201912
1.0008,1.0008,1.0007,1.0007,3450.2,3452.919012,5,0.0,0.0,201912
1.0007,1.001,1.0006,1.0006,2340.62,2342.414855,12,1291.48,1292.6052,201912
1.0006,1.001,1.0005,1.001,15600.81,15611.436581,33,3259.59,3262.805426,201912
1.0006,1.001,1.0006,1.0008,5292.45,5296.519063,16,1592.05,1593.64205,201912
1.0006,1.001,1.0006,1.001,4087.51,4090.017178,9,136.68,136.81668,201912
1.001,1.001,1.0007,1.001,4072.03,4075.64177,12,2537.83,2540.36783,201912
1.001,1.001,1.0006,1.0007,4479.07,4482.409433,18,1361.74,1363.094363,201912
1.0007,1.0008,1.0006,1.0008,3238.46,3240.604165,9,1990.91,1992.305635,201912
1.0006,1.001,1.0006,1.001,4848.44,4852.869233,10,4476.63,4480.836147,201912
1.0007,1.001,1.0006,1.0006,11035.09,11045.408958,15,9768.67,9778.123452,201912
1.0006,1.0009,1.0006,1.0008,3164.62,3167.169604,5,1181.14,1182.084912,201912
1.001,1.001,1.0007,1.0009,4115.08,4118.627232,7,117.81,117.92781,201912
1.001,1.0011,1.0008,1.0011,6100.75,6106.691611,17,4545.34,4549.91534,201912
1.0011,1.0012,1.001,1.0011,5293.52,5299.230672,8,4056.73,4061.203882,201912
1.0008,1.001,1.0008,1.0008,3104.22,3107.089631,7,0.0,0.0,201912
1.0011,1.0011,1.0008,1.0009,4081.39,4085.066312,10,1488.66,1490.1648,201912
1.0008,1.0011,1.0005,1.0011,15842.53,15856.731094,51,8018.04,8026.762499,201912
1.0007,1.0011,1.0006,1.0011,2355.29,2356.890724,20,162.78,162.954146,201912
1.0007,1.0007,1.0006,1.0006,1281.47,1282.277882,8,0.0,0.0,201912
1.0008,1.0011,1.0008,1.0008,2833.39,2835.779018,5,355.46,355.851006,201912
1.0011,1.0011,1.0006,1.0006,7174.19,7179.769609,9,547.78,548.276007,201912
1.0008,1.0011,1.0007,1.0011,6813.73,6818.704689,12,932.98,933.838164,201912
1.0008,1.0011,1.0007,1.0011,1981.2,1983.09993,6,1303.02,1304.340951,201912
1.0009,1.0011,1.0009,1.0009,3710.36,3714.134682,5,2176.79,2179.184469,201912
1.001,1.0012,1.001,1.001,18968.39,18989.007916,18,14573.65,14589.794011,201912
1.001,1.0012,1.001,1.0012,5384.47,5390.159285,5,0.0,0.0,201912
1.0012,1.0013,1.001,1.0012,3296.74,3300.6932,8,424.34,424.864131,201912
1.001,1.0013,1.001,1.001,6107.71,6114.879427,12,3431.18,3435.490674,201912
1.001,1.001,1.001,1.001,703.68,704.38368,4,0.0,0.0,201912
1.0012,1.0015,1.001,1.0014,15549.24,15570.162142,13,14009.96,14029.232052,201912
1.0012,1.0013,1.001,1.0013,2923.41,2926.974164,7,239.9,240.196935,201912
1.0011,1.0013,1.001,1.0013,654.71,655.451263,6,155.12,155.321656,201912
1.0013,1.0013,1.001,1.001,2736.48,2739.647072,12,0.0,0.0,201912
1.0011,1.0011,1.0011,1.0011,1009.5,1010.61045,2,0.0,0.0,201912
1.001,1.0014,1.001,1.001,5277.82,5283.504658,17,928.73,930.030222,201912
1.001,1.0013,1.0009,1.0009,9311.46,9321.447383,42,318.26,318.673738,201912
1.0009,1.0012,1.0009,1.001,3814.25,3818.227094,11,387.51,387.975012,201912
1.0012,1.0012,1.0009,1.0012,633.07,633.751145,6,69.75,69.8337,201912
1.0012,1.0012,1.0009,1.0012,2033.85,2036.075159,8,973.87,975.038644,201912
1.0009,1.0012,1.0009,1.001,2640.31,2643.086394,14,789.13,790.076956,201912
1.0013,1.0013,1.0009,1.001,2198.41,2200.797255,10,0.0,0.0,201912
1.0011,1.0013,1.0009,1.0009,4511.63,4517.052111,18,2449.83,2453.014779,201912
1.001,1.0013,1.001,1.001,1239.04,1240.492514,4,711.58,712.505054,201912
1.0013,1.0013,1.0011,1.0011,1111.27,1112.605109,3,771.16,772.120988,201912
1.001,1.0013,1.001,1.0011,1968.98,1971.262803,11,743.87,744.837031,201912
1.0011,1.0013,1.0009,1.0011,7392.01,7401.080699,21,6114.58,6122.289848,201912
1.0011,1.0012,1.0011,1.0011,893.87,894.892257,7,0.0,0.0,201912
1.0011,1.0012,1.001,1.001,4637.39,4642.567022,21,0.0,0.0,201912
1.001,1.0012,1.001,1.0012,1150.68,1152.032878,6,483.17,483.749804,201912
1.001,1.0012,1.001,1.0012,679.89,680.637477,4,98.46,98.578152,201912
1.0012,1.0015,1.0012,1.0015,882.47,883.665994,4,662.68,663.612246,201912
1.0015,1.0015,1.0011,1.0011,14695.36,14717.214706,4,13980.0,14000.97,201912
1.0013,1.0013,1.0011,1.0011,1120.57,1121.820463,4,660.64,661.38454,201912
1.001,1.0011,1.001,1.0011,6075.38,6082.050205,11,5948.25,5954.793075,201912
1.0011,1.0011,1.001,1.001,481.25,481.740255,4,90.05,90.149055,201912
1.001,1.001,1.001,1.001,66.18,66.24618,1,0.0,0.0,201912
1.001,1.0011,1.001,1.0011,11516.15,11528.234757,14,5686.07,5692.324677,201912
1.001,1.0011,1.0009,1.0009,5974.34,5980.481391,24,3129.99,3133.36761,201912
1.0009,1.0012,1.0008,1.0009,6364.87,6370.757714,27,1161.56,1162.879348,201912
1.0012,1.0013,1.0009,1.0009,1911.32,1913.346854,13,74.9,74.991775,201912
1.0013,1.0013,1.0009,1.0013,8004.88,8014.798723,27,6618.94,6627.348563,201912
1.001,1.0013,1.001,1.001,4627.58,4632.401075,22,43.46,43.516498,201912
1.0012,1.0013,1.001,1.0013,6841.99,6849.331915,23,32.76,32.801308,201912
1.0009,1.001,1.0009,1.0009,2722.49,2725.014804,10,0.0,0.0,201912
1.0011,1.0015,1.0009,1.001,14078.22,14096.286286,40,8020.08,8030.979362,201912
1.001,1.0014,1.0009,1.0009,13787.85,13802.270103,38,9558.57,9569.072005,201912
1.0009,1.0014,1.0009,1.0014,11166.68,11179.690332,27,6620.65,6629.280262,201912
1.001,1.0014,1.001,1.0011,9833.27,9844.542868,15,522.48,523.211472,201912
1.0014,1.0014,1.0009,1.0012,22750.98,22775.241055,17,5266.56,5272.88783,201912
1.0012,1.0014,1.001,1.0013,4916.49,4922.469176,20,3726.52,3731.279207,201912
1.0013,1.0013,1.001,1.0013,3817.79,3822.131326,9,1413.23,1414.984102,201912
1.0013,1.0014,1.0013,1.0014,719.31,720.255599,4,719.31,720.255599,201912
1.0014,1.0014,1.0011,1.0012,5410.53,5417.691411,10,3235.84,3240.075411,201912
1.001,1.0012,1.001,1.0012,1300.23,1301.671658,3,203.18,203.423816,201912
1.0011,1.0014,1.001,1.0014,4314.62,4320.362074,15,3327.74,3332.362992,201912
1.0014,1.0014,1.0009,1.0009,10612.33,10622.783824,29,946.65,947.909218,201912
1.001,1.0012,1.0009,1.0012,5552.73,5558.243644,19,134.12,134.267715,201912
1.001,1.0014,1.0009,1.0011,12117.9,12131.9322,27,1438.7,1440.654185,201912
1.0013,1.0013,1.001,1.001,5859.98,5866.096269,17,746.9,747.816423,201912
1.001,1.0013,1.001,1.0013,4687.02,4692.27975,9,1528.24,1530.226712,201912
1.0009,1.0012,1.0008,1.0009,24666.56,24688.414327,32,1881.91,1884.105448,201912
1.0012,1.0013,1.0009,1.0009,16784.86,16803.961025,37,8101.0,8110.887002,201912
1.0008,1.001,1.0007,1.0008,28954.14,28977.739012,47,4166.19,4169.881269,201912
1.0008,1.001,1.0007,1.0008,5263.15,5267.361194,5,4569.3,4572.958372,201912
1.0009,1.0011,1.0008,1.0011,1151.99,1153.101421,4,532.29,532.852289,201912
1.001,1.0011,1.001,1.0011,3485.21,3488.813856,3,2134.08,2136.332726,201912
1.0011,1.0011,1.0008,1.0011,9028.42,9038.32305,5,8934.38,8944.207818,201912
1.0011,1.0011,1.0008,1.0009,1727.15,1728.836014,9,848.68,849.613548,201912
1.0009,1.001,1.0009,1.001,2368.3,2370.589974,4,1585.04,1586.62504,201912
1.0008,1.0015,1.0008,1.0008,35152.98,35202.436754,14,34550.53,34599.504794,201912
1.0013,1.0013,1.0013,1.0013,154.81,155.011253,1,154.81,155.011253,201912
1.0009,1.0012,1.0008,1.0012,22142.17,22161.505013,16,11750.19,11761.1758,201912
1.0009,1.0015,1.0009,1.0015,4110.89,4116.121455,19,2993.29,2997.306069,201912
1.0015,1.0015,1.0012,1.0015,4698.48,4704.256968,8,462.64,463.33396,201912
1.0011,1.0011,1.0006,1.0008,58045.19,58088.259594,37,7003.15,7009.938735,201912
1.0008,1.0012,1.0008,1.0011,86118.31,86209.686959,104,77093.41,77176.664549,201912
1.0011,1.0014,1.0011,1.0014,60015.78,60089.544859,67,58933.3,59005.765883,201912
1.0011,1.0012,1.001,1.0011,23199.83,23223.813583,19,6562.37,6569.663208,201912
1.001,1.0014,1.001,1.0013,63297.83,63377.343947,68,59923.91,59999.918759,201912
1.0013,1.0014,1.001,1.001,3087.56,3091.6961,22,2980.48,2984.50902,201912
1.001,1.0011,1.0009,1.0009,9199.12,9208.501979,19,1839.88,1841.903868,201912
1.0011,1.0014,1.0011,1.0013,32329.96,32371.490808,52,32059.89,32101.069717,201912
1.0014,1.0015,1.0012,1.0012,1216.11,1217.607849,5,1120.08,1121.462613,201912
1.0014,1.0015,1.0012,1.0015,20497.38,20525.875526,35,20165.8,20193.864472,201912
1.0014,1.0016,1.0013,1.0016,23861.13,23895.260913,35,23798.14,23832.189026,201912
1.0014,1.0014,1.0014,1.0014,1780.57,1783.062798,2,1757.68,1760.140752,201912
1.0014,1.0015,1.0013,1.0015,2130.16,2133.20009,5,1908.82,1911.572348,201912
1.0014,1.0014,1.0014,1.0014,3783.35,3788.64669,4,3705.83,3711.018162,201912
1.0013,1.0014,1.0013,1.0014,3990.79,3996.24864,5,2706.13,2709.918582,201912
1.0013,1.0014,1.0012,1.0013,4944.54,4950.91257,5,3325.11,3329.539254,201912
1.0012,1.0015,1.0012,1.0014,8494.56,8506.653276,22,8413.49,8425.483572,201912
1.0014,1.0016,1.0012,1.0015,10720.22,10736.300798,30,10679.46,10695.491886,201912
1.0016,1.0016,1.0011,1.0011,483.9,484.620585,3,465.97,466.670862,201912
1.0011,1.0016,1.0011,1.0013,7909.8,7921.646065,33,6768.96,6779.530986,201912
1.0012,1.0016,1.0012,1.0015,2494.49,2498.028778,9,1493.09,1495.336648,201912
1.0016,1.0016,1.0016,1.0016,190.68,190.985088,2,190.68,190.985088,201912
1.0016,1.0019,1.0016,1.0017,8975.82,8991.125542,20,8975.82,8991.125542,201912
1.0017,1.0018,1.0013,1.0014,4337.29,4343.589716,5,873.54,875.029462,201912
1.0015,1.0016,1.0015,1.0016,407.59,408.21853,2,407.59,408.21853,201912
1.0017,1.0018,1.0013,1.0018,3487.02,3492.135278,7,938.75,940.349227,201912
1.0017,1.0018,1.0015,1.0017,1577.36,1580.040165,8,1577.36,1580.040165,201912
1.0017,1.0017,1.0013,1.0013,1504.02,1506.4777,3,1464.93,1467.336883,201912
1.0013,1.0017,1.0013,1.0013,1868.78,1871.610639,9,1671.29,1673.863902,201912
1.0016,1.0016,1.0013,1.0013,452.72,453.410986,7,341.5,342.0464,201912
1.0016,1.0016,1.0016,1.0016,169.15,169.42064,1,169.15,169.42064,201912
1.0013,1.0016,1.0013,1.0016,405.07,405.707705,2,370.38,370.972608,201912
1.0014,1.0016,1.0013,1.0013,1040.17,1041.71477,3,471.96,472.715136,201912
1.0013,1.0016,1.0013,1.0013,793.37,794.491813,7,385.85,386.432092,201912
1.0017,1.0018,1.0014,1.0016,1873.3,1876.249608,6,1873.3,1876.249608,201912
1.0017,1.0018,1.0015,1.0015,13832.34,13853.199164,9,520.45,521.341329,201912
1.0018,1.0018,1.0014,1.0015,1513.79,1516.2721,6,1131.95,1133.861137,201912
1.0016,1.0016,1.0016,1.0016,254.25,254.6568,1,254.25,254.6568,201912
1.0015,1.0015,1.0014,1.0014,655.31,656.233634,3,62.0,62.093,201912
1.0015,1.0015,1.0014,1.0014,5596.86,5604.817317,5,782.01,783.183015,201912
1.0012,1.0014,1.0012,1.0012,1376.33,1378.024104,8,212.54,212.837556,201912
1.0012,1.0015,1.0012,1.0015,3860.49,3865.871019,18,2176.46,2179.707367,201912
1.0014,1.0015,1.0012,1.0012,815.38,816.485951,3,459.73,460.409171,201912
1.0012,1.0013,1.0011,1.0011,6703.86,6711.811894,14,131.51,131.680963,201912
1.0013,1.0017,1.0011,1.0014,19775.68,19804.446312,17,14514.44,14537.392023,201912
1.0015,1.0015,1.0012,1.0012,3189.43,3193.974554,9,2506.31,2510.03481,201912
1.0015,1.0015,1.0009,1.0009,4418.52,4424.09326,14,2438.93,2442.436667,201912
1.0011,1.0018,1.0009,1.0013,21153.45,21182.239585,28,19478.68,19505.674546,201912
1.0012,1.0012,1.0012,1.0012,21.82,21.846184,1,21.82,21.846184,201912
1.0011,1.0011,1.001,1.0011,9565.76,9575.41,17,842.4,843.32664,201912
1.0009,1.001,1.0006,1.0006,5363.95,5368.033017,13,647.95,648.59795,201912
1.0006,1.0008,1.0006,1.0006,2602.78,2604.513427,4,1466.62,1467.671731,201912
1.0007,1.0007,1.0006,1.0006,14922.6,14932.967492,5,14139.32,14149.217524,201912
1.0006,1.0006,1.0005,1.0006,9570.25,9575.956541,11,1185.51,1186.221306,201912
1.0006,1.0008,1.0005,1.0008,3424.84,3426.96467,9,1460.64,1461.716436,201912
1.0008,1.0009,1.0007,1.0008,16388.36,16402.708134,7,14773.62,14786.837816,201912
1.0006,1.0009,1.0006,1.0009,4801.83,4805.967,13,4765.3,4769.415082,201912
1.0006,1.0009,1.0006,1.0007,15761.04,15774.946169,9,15354.32,15367.977056,201912
1.0007,1.001,1.0006,1.001,2990.4,2992.781689,16,1520.46,1521.813413,201912
1.0007,1.0009,1.0006,1.0009,721.21,721.811452,4,551.09,551.585981,201912
1.0006,1.0017,1.0006,1.0012,21227.74,21254.236507,15,14250.69,14269.771077,201912
1.0012,1.0013,1.001,1.001,1040.94,1042.032241,6,41.0,41.0533,201912
1.0012,1.0012,1.001,1.001,564.93,565.564184,3,346.27,346.685524,201912
1.001,1.0012,1.001,1.001,5575.58,5581.35943,10,626.83,627.582196,201912
1.0009,1.0009,1.0009,1.0009,176.89,177.049201,1,176.89,177.049201,201912
1.0009,1.0009,1.0009,1.0009,0.0,0.0,0,0.0,0.0,201912
1.0009,1.0009,1.0008,1.0008,1630.92,1632.282086,4,573.5,574.01615,201912
1.0008,1.0008,1.0008,1.0008,34.55,34.57764,1,0.0,0.0,201912
1.0009,1.0009,1.0009,1.0009,404.88,405.244392,1,404.88,405.244392,201912
1.0008,1.0008,1.0006,1.0006,4403.04,4406.49123,9,0.0,0.0,201912
1.0007,1.0008,1.0006,1.0006,4688.7,4691.63789,4,1110.98,1111.771258,201912
1.0006,1.0007,1.0006,1.0007,741.57,742.084642,3,697.0,697.4879,201912
1.0008,1.0008,1.0008,1.0008,7090.8,7096.47264,5,7090.8,7096.47264,201912
1.0007,1.0008,1.0005,1.0005,2885.69,2887.443586,16,504.98,505.37045,201912
1.0008,1.0008,1.0008,1.0008,1225.38,1226.360304,8,1225.38,1226.360304,201912
1.0008,1.0009,1.0006,1.0009,7762.36,7767.497217,11,2837.37,2839.552223,201912
1.0007,1.0008,1.0005,1.0005,987.51,988.140172,5,590.19,590.621512,201912
1.0009,1.0009,1.0008,1.0008,780.58,781.255646,2,780.58,781.255646,201912
1.0006,1.0009,1.0006,1.0008,1478.49,1479.702352,5,1265.29,1266.374432,201912
1.0008,1.0008,1.0008,1.0008,207.49,207.655992,2,207.49,207.655992,201912
1.0008,1.0008,1.0008,1.0008,126.21,126.310968,1,0.0,0.0,201912
1.0008,1.0009,1.0008,1.0008,286.14,286.372991,4,40.79,40.826711,201912
1.0008,1.0009,1.0008,1.0008,3325.78,3328.472401,17,317.77,318.055993,201912
1.0009,1.0009,1.0008,1.0009,3113.24,3115.788195,8,576.03,576.548427,201912
1.0008,1.0009,1.0008,1.0008,18487.03,18501.890117,10,704.93,705.564437,201912
1.0008,1.0008,1.0007,1.0007,732.19,732.739635,4,732.19,732.739635,201912
1.0007,1.0008,1.0007,1.0008,1252.9,1253.786256,2,1252.9,1253.786256,201912
1.0006,1.0007,1.0005,1.0007,5321.16,5324.19022,7,584.33,584.739031,201912
1.0008,1.0008,1.0005,1.0007,4069.78,4072.495182,11,3917.85,3920.478714,201912
1.0008,1.0008,1.0005,1.0007,3342.25,3344.792262,9,3288.78,3291.295527,201912
1.0005,1.0008,1.0005,1.0008,4376.22,4379.556468,11,3827.86,3830.922288,201912
1.0008,1.0008,1.0006,1.0008,20168.68,20184.662672,17,20168.68,20184.662672,201912
1.0007,1.0009,1.0005,1.0009,4599.32,4602.330332,12,3808.92,3811.471899,201912
1.0009,1.001,1.0008,1.001,15349.96,15364.942654,21,15349.96,15364.942654,201912
1.0008,1.0011,1.0008,1.001,2881.67,2884.163435,9,1083.73,1084.785083,201912
1.0008,1.0011,1.0008,1.0008,3469.65,3472.913274,10,2052.39,2054.519466,201912
1.0008,1.0011,1.0007,1.0008,8103.45,8110.608161,31,4578.64,4583.07102,201912
1.0007,1.0012,1.0007,1.0008,21041.44,21065.022771,20,20548.15,20571.341141,201912
1.0013,1.0014,1.001,1.001,3489.38,3493.933449,6,3272.72,3277.056789,201912
1.0013,1.0014,1.0013,1.0014,2467.6,2470.917997,6,2467.6,2470.917997,201912
1.0011,1.0014,1.001,1.001,5967.71,5974.754183,6,5599.5,5606.145973,201912
1.001,1.0014,1.001,1.0014,2237.84,2240.565058,6,1243.76,1245.426496,201912
1.0014,1.0014,1.0014,1.0014,0.0,0.0,0,0.0,0.0,201912
1.0013,1.0015,1.0012,1.0012,6054.24,6062.678621,17,5469.12,5476.856477,201912
1.0015,1.0017,1.0013,1.0016,4851.15,4858.315543,9,3216.59,3221.630615,201912
1.0015,1.0015,1.0012,1.0015,1710.84,1713.297516,4,1565.64,1567.923276,201912
1.0015,1.0019,1.0014,1.0017,9785.99,9801.320354,13,9772.98,9788.29214,201912
1.0018,1.0023,1.0018,1.0021,27560.73,27617.435157,31,27560.73,27617.435157,201912
1.0021,1.0021,1.0021,1.0021,0.0,0.0,0,0.0,0.0,201912
1.0018,1.0021,1.001,1.0021,11670.96,11689.406649,20,2390.24,2395.006876,201912
1.0017,1.0018,1.0013,1.0018,1629.19,1631.932548,3,1552.39,1555.032708,201912
1.0014,1.0017,1.0014,1.0017,1179.43,1181.350953,3,765.04,766.340568,201912
1.0014,1.0017,1.0014,1.0017,1418.38,1420.630147,5,1072.21,1073.975509,201912
1.0014,1.0016,1.0013,1.0016,1134.41,1136.172175,3,947.53,949.046048,201912
1.0017,1.0018,1.0014,1.0018,1459.04,1461.443036,9,928.45,930.07121,201912
1.0016,1.0017,1.0016,1.0016,866.6,868.056604,5,700.44,701.630748,201912
1.0016,1.0018,1.0014,1.0018,1024.04,1025.658141,9,484.49,485.330635,201912
1.0017,1.0017,1.0016,1.0016,1956.7,1959.891359,5,910.2,911.716959,201912
1.0015,1.0018,1.0015,1.0015,326.37,326.887702,6,128.81,129.031362,201912
1.0016,1.0017,1.0016,1.0016,495.11,495.928783,4,394.72,395.378159,201912
1.0013,1.0017,1.0013,1.0013,3432.72,3437.381018,7,899.45,900.817767,201912
1.0013,1.0017,1.0013,1.0017,904.81,906.039929,3,134.19,134.418123,201912
1.0013,1.0017,1.0013,1.0017,1352.56,1354.538027,7,243.62,244.011013,201912
1.0017,1.0021,1.0017,1.0019,9698.37,9715.59091,8,8814.71,8830.251956,201912
1.0018,1.002,1.0018,1.002,340.27,340.946398,2,319.56,320.19912,201912
1.0018,1.0021,1.0018,1.0021,878.45,880.237407,3,597.4,598.65454,201912
1.002,1.0021,1.002,1.0021,1719.15,1722.637515,10,1137.1,1139.423415,201912
1.0018,1.0021,1.0017,1.0021,674.78,676.102466,4,519.65,520.708745,201912
1.0021,1.0021,1.0021,1.0021,53.18,53.291678,1,53.18,53.291678,201912
1.0018,1.0021,1.0017,1.0021,1722.3,1725.513168,7,1523.44,1526.297266,201912
1.0018,1.002,1.0017,1.0017,1677.42,1680.451525,9,529.17,530.22834,201912
1.0017,1.0021,1.0017,1.0018,755.19,756.579777,8,300.24,300.822024,201912
1.0018,1.0023,1.0018,1.0021,36376.77,36458.067095,14,33943.6,34020.342151,201912
1.0019,1.0019,1.0018,1.0019,7385.71,7399.741136,15,1990.06,1993.841114,201912
1.0019,1.0019,1.0019,1.0019,0.0,0.0,0,0.0,0.0,201912
1.0018,1.0022,1.0017,1.0018,1750.77,1754.101385,10,594.81,596.064058,201912
1.0018,1.0023,1.0018,1.0019,27808.72,27868.435683,85,22941.87,22992.77722,201912
1.0022,1.0022,1.0016,1.002,14672.65,14700.807326,38,4883.38,4893.465296,201912
1.0019,1.0019,1.0016,1.0017,10124.12,10141.432929,10,4330.76,4338.435744,201912
1.0017,1.002,1.0016,1.0017,8842.04,8858.014719,15,5581.12,5591.559934,201912
1.0017,1.0019,1.0016,1.0018,7628.72,7641.964369,14,6989.52,7001.741649,201912
1.0018,1.0021,1.0017,1.002,12964.35,12989.869809,27,12475.39,12499.995481,201912
1.002,1.002,1.0019,1.0019,1947.8,1951.635576,4,1947.8,1951.635576,201912
1.0019,1.002,1.0018,1.002,6532.62,6544.94101,15,2134.81,2139.043752,201912
1.0021,1.0022,1.0021,1.0021,5081.46,5092.381392,12,5081.46,5092.381392,201912
1.0022,1.0022,1.0019,1.002,5665.84,5676.786073,6,3204.85,3211.120192,201912
1.0021,1.0021,1.0014,1.0014,3455.38,3461.105736,6,23.6,23.64956,201912
1.0019,1.0019,1.0015,1.0015,250.7,251.15963,2,208.95,209.347005,201912
1.0018,1.002,1.0018,1.002,784.13,785.57952,3,784.13,785.57952,201912
1.002,1.002,1.0019,1.0019,1323.93,1326.470853,2,1323.93,1326.470853,201912
1.0019,1.0019,1.0017,1.0017,693.0,694.241738,2,318.19,318.794561,201912
1.0016,1.0016,1.0016,1.0016,963.67,965.211872,6,0.0,0.0,201912
1.0017,1.002,1.0015,1.0015,5245.86,5254.557734,13,1774.28,1777.737731,201912
1.0017,1.0019,1.0017,1.0019,645.82,646.960496,2,645.82,646.960496,201912
1.0019,1.0023,1.0017,1.0023,15720.2,15754.503153,14,15013.79,15046.892256,201912
1.0017,1.002,1.0017,1.0018,1107.75,1109.748457,4,1057.6,1059.513202,201912
1.0018,1.0019,1.0017,1.0017,2136.63,2140.37424,10,1287.42,1289.664343,201912
1.0016,1.0019,1.0016,1.0019,2146.83,2150.721688,3,1960.57,1964.163672,201912
1.0016,1.0019,1.0016,1.0019,2001.69,2005.201527,4,1761.03,1764.156471,201912
1.0016,1.002,1.0016,1.002,188.42,188.726804,2,13.33,13.35666,201912
1.0018,1.0019,1.0015,1.0015,2981.14,2986.134031,4,1116.57,1118.668377,201912
1.0018,1.0019,1.0016,1.0018,1718.19,1721.287644,6,1288.07,1290.440453,201912
1.0018,1.0018,1.0018,1.0018,372.33,373.000194,1,372.33,373.000194,201912
1.0017,1.0023,1.0017,1.0023,65959.56,66109.050447,12,65824.8,65974.057986,201912
1.0022,1.0022,1.002,1.0021,3245.13,3251.745787,8,2969.14,2975.203807,201912
1.002,1.0021,1.002,1.002,744.14,745.631651,3,33.71,33.780791,201912
1.0019,1.0022,1.0018,1.0022,4978.93,4988.496032,7,2670.67,2675.961164,201912
1.0021,1.0022,1.0016,1.0022,8858.73,8874.20256,11,1051.15,1053.361018,201912
1.0018,1.002,1.0016,1.0016,1782.74,1785.987398,4,312.18,312.80436,201912
1.0021,1.0021,1.0016,1.002,8203.57,8219.075556,213,3706.36,3714.125392,201912
1.0017,1.0021,1.0016,1.0017,15519.22,15547.397549,313,4491.0,4500.4311,201912
1.0018,1.002,1.0017,1.002,2231.57,2235.815963,6,1377.66,1380.41532,201912
1.0017,1.0021,1.0015,1.0015,13202.67,13225.357365,317,4491.0,4499.93709,201912
1.0015,1.0018,1.0015,1.0015,17826.12,17856.24429,365,12554.92,12577.13749,201912
1.0017,1.0018,1.0012,1.0016,5185.47,5193.464731,133,2836.54,2841.330982,201912
1.0016,1.0016,1.0015,1.0015,1467.0,1469.31377,2,1467.0,1469.31377,201912
1.0015,1.0022,1.0014,1.0018,9580.08,9595.76869,215,6406.44,6417.416134,201912
1.0019,1.0021,1.0012,1.0016,15253.56,15278.581855,372,6694.51,6706.733651,201912
1.0013,1.0016,1.0011,1.0011,30393.42,30433.47877,61,7827.05,7837.791165,201912
1.0011,1.0014,1.0011,1.0012,28164.01,28200.163384,28,23958.77,23990.29762,201912
1.0011,1.0018,1.0011,1.0018,38429.91,38491.40554,46,37373.08,37433.413027,201912
1.0014,1.0019,1.0014,1.0019,4063.31,4070.222876,14,2934.08,2939.255414,201912
1.002,1.0022,1.0018,1.002,4963.4,4972.755156,9,4616.16,4624.890124,201912
1.0021,1.0022,1.0018,1.0018,5693.9,5704.842776,19,2365.85,2370.733286,201912
1.0019,1.0021,1.0018,1.0018,4253.21,4261.629716,5,3029.53,3035.663026,201912
1.0018,1.002,1.0017,1.0019,13547.74,13571.496477,17,2199.48,2203.579425,201912
1.0015,1.0019,1.0015,1.0018,12139.66,12160.062596,16,7477.85,7491.259881,201912
1.0019,1.0022,1.0019,1.0019,30558.54,30620.085337,39,26148.52,26201.686299,201912
1.0019,1.002,1.0009,1.0017,40432.62,40501.040841,45,14097.7,14123.020371,201912
1.0019,1.002,1.0016,1.002,2475.8,2480.584022,9,2061.19,2065.273798,201912
1.0021,1.0021,1.0016,1.0016,10495.81,10514.018859,16,1774.45,1778.061408,201912
1.0019,1.0019,1.0019,1.0019,1207.76,1210.054744,3,1207.76,1210.054744,201912
1.0019,1.0021,1.0016,1.0017,34549.05,34617.825869,22,33808.66,33876.156004,201912
1.0016,1.0016,1.0016,1.0016,1575.28,1577.800448,10,0.0,0.0,201912
1.0016,1.0016,1.0012,1.0013,7460.66,7470.83224,8,4858.69,4865.35006,201912
1.0013,1.0015,1.0009,1.0015,331381.44,331825.310315,115,323517.04,323951.577609,201912
1.0014,1.0018,1.0014,1.0018,12831.09,12850.611063,7,12831.09,12850.611063,201912
1.0018,1.0019,1.0014,1.0016,14873.89,14900.273518,17,13118.44,13142.089729,201912
1.0016,1.0021,1.0014,1.002,15275.57,15300.942722,32,11870.25,11890.726983,201912
1.002,1.0022,1.0017,1.0022,43863.94,43958.340878,27,42679.27,42771.551043,201912
1.0022,1.0022,1.0019,1.002,8397.25,8414.979156,12,8397.25,8414.979156,201912
1.0022,1.0022,1.0016,1.002,22510.61,22550.783284,28,8929.07,8946.690713,201912
1.002,1.0021,1.002,1.0021,8445.62,8463.060563,12,8445.62,8463.060563,201912
1.002,1.0022,1.0018,1.0022,8808.47,8825.744935,11,4683.2,4692.961236,201912
1.0022,1.0022,1.002,1.002,3562.75,3570.164432,7,3562.75,3570.164432,201912
1.002,1.0021,1.0016,1.0016,8409.81,8425.342955,13,3677.58,3684.866852,201912
1.0016,1.0022,1.0015,1.0017,30189.5,30245.096419,23,19287.05,19325.802031,201912
1.0017,1.0018,1.0015,1.0018,5273.49,5282.560637,11,3037.39,3042.747894,201912
1.0016,1.002,1.0015,1.0016,11214.88,11234.12415,34,6348.77,6360.306225,201912
1.002,1.0021,1.0018,1.0021,4799.02,4808.433949,11,3243.6,3250.214193,201912
1.0021,1.0021,1.002,1.0021,4041.27,4049.631416,15,4041.27,4049.631416,201912
1.002,1.002,1.0019,1.0019,1865.59,1869.24375,6,1477.5,1480.416379,201912
1.002,1.0022,1.0017,1.0022,19594.91,19636.273071,19,17940.1,17978.490034,201912
1.002,1.0022,1.0017,1.002,5203.4,5213.196899,10,2893.76,2899.627657,201912
1.0017,1.0017,1.0015,1.0015,11656.83,11675.227978,14,0.0,0.0,201912
1.0018,1.0018,1.0015,1.0016,10350.63,10367.316013,10,673.09,674.301562,201912
1.0016,1.0018,1.0016,1.0018,6338.77,6348.998098,9,787.35,788.695826,201912
1.0016,1.0016,1.0014,1.0016,8124.76,8137.657939,10,1508.46,1510.873536,201912
1.0014,1.0017,1.0013,1.0017,2986.7,2991.21547,15,1985.82,1988.96757,201912
1.0013,1.0016,1.0013,1.0016,484.25,485.021446,2,473.07,473.826912,201912
1.0017,1.0018,1.0015,1.0015,20977.24,21013.590497,36,20740.26,20776.255027,201912
1.0018,1.002,1.0018,1.002,725.98,727.294674,2,725.98,727.294674,201912
1.0017,1.002,1.0015,1.002,1815.3,1818.624063,10,1600.42,1603.421743,201912
1.002,1.002,1.0015,1.0017,3577.49,3583.875914,9,3377.43,3383.515824,201912
1.0019,1.002,1.0015,1.002,2174.58,2178.650465,9,2156.13,2160.17279,201912
1.0019,1.0019,1.0015,1.0018,1429.77,1432.345963,5,1282.39,1284.744893,201912
1.0015,1.0019,1.0015,1.0019,7092.73,7103.822745,10,1424.1,1426.6898,201912
1.0015,1.0018,1.0015,1.0018,546.22,547.166495,3,521.78,522.689835,201912
1.0018,1.0018,1.0016,1.0016,1031.32,1033.089148,5,695.89,697.12246,201912
1.0017,1.0019,1.0017,1.0019,541.05,542.011194,3,541.05,542.011194,201912
1.0016,1.0021,1.0015,1.0017,26503.23,26551.557309,26,23931.98,23975.953568,201912
1.0017,1.002,1.0016,1.0016,23177.31,23215.213289,32,778.82,780.270773,201912
1.002,1.002,1.0017,1.0018,1436.06,1438.62949,10,1059.7,1061.619086,201912
1.0014,1.0019,1.0014,1.0014,14133.09,14154.018822,27,1077.86,1079.773444,201912
1.0016,1.0016,1.0013,1.0013,13126.16,13143.535446,32,578.52,579.445632,201912
1.0013,1.0017,1.0009,1.0017,81601.14,81712.035615,51,42610.41,42678.392753,201912
1.0018,1.0022,1.0018,1.0018,2410.46,2415.350962,8,1534.23,1537.543748,201912
1.0018,1.0021,1.0015,1.0019,38188.8,38251.126613,12,28619.44,28665.519284,201912
1.0021,1.0021,1.0017,1.0017,11453.83,11475.487446,13,3541.44,3548.781258,201912
1.0019,1.0019,1.0016,1.0016,5853.5,5863.796299,8,1701.09,1704.322071,201912
1.0017,1.0019,1.0017,1.0017,2609.54,2614.014284,5,190.33,190.691627,201912
1.0018,1.0021,1.0016,1.0017,14650.78,14678.671431,14,10893.11,10914.626604,201912
1.0016,1.0019,1.0016,1.0017,2598.53,2603.038063,9,658.29,659.501751,201912
1.0016,1.0019,1.0016,1.0016,5501.98,5511.031294,11,620.19,621.309662,201912
1.0017,1.0017,1.0017,1.0017,958.85,960.480045,2,0.0,0.0,201912
1.0018,1.0018,1.0017,1.0017,2453.26,2457.621992,5,1914.5,1917.9461,201912
1.0017,1.0017,1.0014,1.0014,2794.44,2798.570399,12,0.0,0.0,201912
1.0014,1.0015,1.0011,1.0011,18237.91,18261.93351,17,1042.64,1044.083202,201912
1.0011,1.0015,1.0011,1.0012,10495.68,10510.027259,9,5590.3,5598.66015,201912
1.0012,1.0013,1.001,1.0013,5499.89,5506.598339,14,3349.07,3353.403183,201912
1.0013,1.0015,1.0012,1.0012,8248.49,8260.169522,13,7242.9,7253.305672,201912
1.0013,1.0015,1.0012,1.0015,2960.58,2964.571029,10,1330.51,1332.432806,201912
1.0013,1.0014,1.0013,1.0014,988.63,989.986755,5,715.36,716.361504,201912
1.0014,1.0014,1.001,1.0012,26085.36,26119.90757,39,23999.06,24031.031742,201912
1.0012,1.0016,1.0005,1.0011,132204.82,132339.958716,48,91031.59,91138.604457,201912
1.0014,1.0014,1.0009,1.0009,20495.09,20517.787209,14,1639.6,1641.577432,201912
1.0011,1.0014,1.0011,1.0013,5724.29,5731.644911,18,4887.76,4894.194728,201912
1.0012,1.0014,1.001,1.0012,7743.61,7752.596208,16,2396.33,2399.415563,201912
1.0014,1.0017,1.0011,1.0011,39600.27,39659.022837,7,38394.65,38452.076655,201912
1.001,1.0014,1.001,1.0014,8416.92,8426.407034,9,3112.19,3116.271492,201912
1.0014,1.0014,1.0011,1.0011,6087.75,6095.422679,21,2377.59,2380.918626,201912
1.0013,1.0013,1.001,1.0011,7740.9,7749.574402,10,0.0,0.0,201912
1.001,1.0011,1.0009,1.001,6624.02,6630.695129,18,89.19,89.288109,201912
1.001,1.0014,1.001,1.0012,3978.46,3982.906013,10,1355.38,1357.017028,201912
1.0013,1.0014,1.001,1.0014,3142.06,3146.063056,7,911.41,912.685974,201912
1.0014,1.0014,1.0011,1.0012,1955.01,1957.342644,3,1377.41,1379.107284,201912
1.0011,1.0014,1.001,1.001,4047.81,4052.309527,12,1592.48,1594.41184,201912
1.0011,1.0011,1.0011,1.0011,1032.15,1033.285365,3,0.0,0.0,201912
1.001,1.0014,1.001,1.001,3351.06,3354.637786,16,411.03,411.605442,201912
1.001,1.0014,1.001,1.0014,2654.47,2657.595343,11,1578.81,1580.838489,201912
1.0012,1.0013,1.0011,1.0012,590.76,591.489962,8,28.96,28.997648,201912
1.0012,1.0016,1.0011,1.0015,16311.23,16334.04741,27,15602.63,15624.618073,201912
1.0014,1.0017,1.0012,1.0016,2725.08,2729.057902,9,1017.65,1019.296107,201912
1.0016,1.0016,1.0014,1.0014,2030.84,2034.046599,7,1155.84,1157.689344,201912
1.0014,1.0018,1.0013,1.0014,29460.1,29512.46486,23,28577.91,28629.07614,201912
1.0013,1.0018,1.0013,1.0014,2153.58,2156.847662,10,1096.97,1098.791489,201912
1.0016,1.0018,1.0014,1.0018,14877.81,14904.227941,11,14291.07,14316.666505,201912
1.0015,1.0017,1.0013,1.0017,2075.6,2078.758681,8,1059.68,1061.428614,201912
1.0013,1.0017,1.0013,1.0013,6336.63,6345.316717,10,747.73,749.001141,201912
1.0014,1.0018,1.0013,1.0018,9244.42,9260.058059,25,8144.91,8159.023831,201912
1.0016,1.0018,1.0014,1.0015,6283.96,6294.798099,6,5653.76,5663.715819,201912
1.0014,1.0016,1.0013,1.0013,3119.42,3123.815246,9,984.34,985.914944,201912
1.0014,1.0014,1.0014,1.0014,1113.77,1115.329278,2,0.0,0.0,201912
1.0014,1.0016,1.0013,1.0013,3098.75,3103.296482,9,2208.58,2211.940809,201912
1.0015,1.0017,1.0014,1.0017,2715.04,2719.520274,5,2636.0,2640.369618,201912
1.0015,1.0017,1.0015,1.0017,2324.33,2327.976217,6,1250.1,1252.134872,201912
1.0013,1.0014,1.0013,1.0013,804.3,805.39935,6,26.0,26.0364,201912
1.0014,1.0017,1.0014,1.0017,1544.0,1546.43393,6,978.62,980.262398,201912
1.0016,1.0018,1.0014,1.0018,33540.02,33600.091811,35,32438.97,32497.325773,201912
1.0018,1.0021,1.0014,1.0017,7741.61,7756.033208,25,6140.95,6152.767706,201912
1.0018,1.002,1.0017,1.002,2173.44,2177.248056,6,17.49,17.52498,201912
1.002,1.002,1.0017,1.002,1979.9,1983.666944,9,1265.62,1268.15124,201912
1.002,1.0021,1.0018,1.0018,1727.75,1731.164751,9,925.51,927.425538,201912
1.0021,1.0021,1.0018,1.0019,3653.46,3660.869521,6,2360.53,2365.487113,201912
1.0019,1.0022,1.0017,1.0017,1963.71,1967.326458,12,278.26,278.829814,201912
1.0018,1.0021,1.0017,1.0018,1335.18,1337.738677,5,734.98,736.460236,201912
1.0021,1.0021,1.0018,1.0018,545.76,546.765555,3,77.29,77.452309,201912
1.0018,1.0018,1.0017,1.0017,1005.74,1007.522171,4,0.0,0.0,201912
1.0019,1.0021,1.0017,1.0021,3087.7,3093.620766,11,1745.17,1748.569534,201912
1.0021,1.0022,1.0019,1.0022,16779.25,16815.878065,9,16252.96,16288.546677,201912
1.002,1.0022,1.002,1.0021,19456.75,19499.328419,28,18600.06,18640.925039,201912
1.0022,1.0022,1.002,1.002,4932.66,4942.533896,17,4932.66,4942.533896,201912
1.002,1.0022,1.0019,1.002,21496.29,21541.460551,10,21316.44,21361.268836,201912
1.002,1.0022,1.002,1.002,4863.25,4873.623819,16,4065.73,4074.508779,201912
1.0019,1.0022,1.0018,1.0022,2907.67,2913.689613,13,2868.94,2874.886026,201912
1.0022,1.0023,1.0019,1.002,21101.8,21149.609849,18,19739.36,19784.487587,201912
1.002,1.002,1.0019,1.0019,6226.0,6237.935358,5,289.72,290.270468,201912
1.0019,1.002,1.0018,1.002,14964.66,14993.969522,22,14914.67,14943.88954,201912
1.0019,1.002,1.0016,1.0016,13401.21,13424.816584,57,2730.47,2735.845287,201912
1.0017,1.0021,1.0016,1.0017,38865.13,38939.675303,79,30764.93,30826.371963,201912
1.002,1.0028,1.0012,1.0028,109554.46,109782.818988,257,80809.98,80993.851458,201912
1.0023,1.003,1.0023,1.0028,224995.89,225649.930491,195,190739.11,191307.616647,201912
1.0028,1.0028,1.0021,1.0027,9813.12,9836.464555,40,2409.16,2415.230259,201912
1.0023,1.0026,1.0014,1.0018,24785.1,24833.980564,59,5076.06,5086.533972,201912
1.0017,1.002,1.0016,1.0018,25551.42,25599.510315,37,17889.89,17924.856132,201912
1.0018,1.002,1.0016,1.002,24294.04,24339.633571,26,18250.04,18285.159327,201912
1.0016,1.0019,1.0013,1.0019,8682.98,8697.650138,23,3312.08,3318.11797,201912
1.0019,1.002,1.0014,1.0016,9779.66,9795.559579,25,4781.36,4789.8821,201912
1.0016,1.0023,1.0012,1.0019,58495.89,58610.062169,120,45952.27,46045.691041,201912
1.0023,1.0025,1.002,1.0023,13408.87,13439.516816,32,6810.33,6826.311876,201912
1.0022,1.0025,1.002,1.002,13967.51,14000.960881,28,8846.18,8868.215496,201912
1.002,1.0026,1.0019,1.0024,20641.98,20688.451184,38,11191.23,11217.759222,201912
1.0024,1.0024,1.0018,1.0019,15947.53,15980.863272,42,4832.62,4843.792221,201912
1.0019,1.002,1.0013,1.0016,22500.94,22537.639196,48,4807.37,4815.610095,201912
1.0017,1.0022,1.0016,1.0019,22885.37,22929.386953,32,16969.36,17002.694083,201912
1.0021,1.0022,1.0016,1.0016,17739.1,17772.595856,44,7252.85,7267.738407,201912
1.0019,1.0028,1.0017,1.0021,47730.75,47834.735106,90,26646.13,26704.710681,201912
1.0022,1.0024,1.0019,1.0019,4740.03,4750.535271,9,2057.29,2061.664909,201912
1.0019,1.0025,1.0018,1.002,23434.01,23482.369544,39,7450.32,7467.334753,201912
1.002,1.0022,1.0016,1.0017,13988.37,14014.973877,26,6446.88,6459.665048,201912
1.0017,1.0019,1.0016,1.0018,6321.58,6333.034473,14,3715.31,3722.114872,201912
1.0019,1.002,1.0016,1.0016,8595.8,8612.089194,22,7979.57,7994.796212,201912
1.0019,1.002,1.0016,1.002,9412.15,9429.440539,19,7164.56,7177.852191,201912
1.002,1.0029,1.0016,1.002,25844.39,25898.216016,37,21098.76,21144.355138,201912
1.002,1.0021,1.002,1.002,2976.23,2982.334352,9,1333.42,1336.220182,201912
1.002,1.0024,1.0018,1.0023,14525.04,14553.923998,33,3660.41,3668.758797,201912
1.0023,1.0025,1.002,1.0025,11196.57,11222.215824,19,10457.32,10481.245012,201912
1.0021,1.0025,1.0021,1.0021,4419.72,4429.744424,22,2004.58,2009.513134,201912
1.0021,1.0024,1.0019,1.0019,23562.79,23610.565227,32,3817.38,3826.045515,201912
1.0023,1.0023,1.0019,1.0019,8208.04,8225.077523,21,3902.88,3911.371757,201912
1.0019,1.0023,1.0015,1.0018,12326.08,12350.166014,21,3793.97,3802.056918,201912
1.0018,1.002,1.0015,1.002,6560.08,6572.090521,23,6416.14,6427.934611,201912
1.0016,1.002,1.0016,1.002,13941.86,13969.673905,11,13913.69,13941.458833,201912
1.002,1.002,1.0018,1.0018,2345.27,2349.833239,10,1462.26,1465.18452,201912
1.0017,1.0019,1.0015,1.0015,10968.5,10986.274368,32,2144.23,2148.024545,201912
1.0015,1.0018,1.0014,1.0014,9131.21,9145.604967,39,2140.24,2143.93382,201912
1.0011,1.0016,1.0009,1.0011,109339.29,109473.932632,294,46244.7,46312.245723,201912
1.0015,1.0023,1.0013,1.0016,74238.1,74368.216877,176,42635.88,42718.406267,201912
1.0016,1.0019,1.001,1.001,11323.21,11339.533801,31,2331.84,2335.822029,201912
1.0013,1.0015,1.0007,1.0007,49860.64,49909.212707,112,13952.95,13967.946001,201912
1.0007,1.0014,1.0006,1.001,54548.87,54603.245084,132,30915.15,30950.534275,201912
1.001,1.0015,1.0009,1.0011,82408.94,82512.075947,224,52428.54,52500.314337,201912
1.0011,1.0016,1.0011,1.0011,22002.03,22028.884232,66,5725.03,5733.400289,201912
1.0015,1.0017,1.0011,1.0017,27520.34,27560.43254,65,21479.42,21512.077574,201912
1.0017,1.0025,1.0013,1.0021,15480.17,15512.808382,105,13380.26,13408.544697,201912
1.0025,1.0026,1.002,1.0023,26694.35,26751.946704,31,3780.15,3789.772818,201912
1.0025,1.0025,1.0017,1.0017,3148.78,3154.937733,11,1000.51,1002.792721,201912
1.0018,1.0021,1.0015,1.0021,2473.58,2477.818625,6,1573.6,1576.368656,201912
1.0016,1.0021,1.0013,1.0016,10161.48,10178.515237,35,7322.79,7335.72134,201912
1.0014,1.0018,1.0014,1.0015,8837.5,8851.043741,9,3528.04,3533.624833,201912
1.0018,1.0023,1.0016,1.0019,23152.94,23197.533234,14,21718.02,21760.043669,201912
1.0016,1.0026,1.0016,1.0017,29379.16,29442.754676,28,21542.99,21593.738996,201912
1.0017,1.002,1.0015,1.0018,17719.23,17749.350119,34,3822.34,3829.668332,201912
1.002,1.0021,1.0016,1.0021,6785.78,6799.277399,16,6666.79,6680.097015,201912
1.0018,1.0021,1.0018,1.0018,6777.25,6790.234737,22,3005.6,3011.739871,201912
1.0019,1.0021,1.0018,1.0021,11727.66,11751.316831,28,8835.31,8853.613014,201912
1.0022,1.003,1.002,1.0026,69384.14,69570.151539,76,52000.17,52144.348025,201912
1.0027,1.0027,1.0005,1.0005,107902.96,108051.609883,72,468.78,470.045706,201912
1.0012,1.0019,1.0005,1.0016,90226.58,90328.306636,61,28290.87,28337.645309,201912
1.0017,1.0018,1.0017,1.0018,2227.41,2231.214377,3,2227.41,2231.214377,201912
1.0018,1.002,1.0016,1.002,36453.93,36522.229251,46,33884.34,33948.493918,201912
1.0017,1.0021,1.0017,1.0017,9797.4,9816.545228,22,6337.0,6349.814744,201912
1.0021,1.0021,1.0019,1.0021,15919.78,15952.877254,16,15919.78,15952.877254,201912
1.0021,1.0024,1.0019,1.0024,7920.0,7937.23271,17,7165.89,7181.61449,201912
1.0023,1.0025,1.0022,1.0022,5867.05,5880.371339,8,1978.73,1983.266088,201912
1.0021,1.0026,1.0021,1.0022,1413.0,1416.478492,4,937.8,940.23828,201912
1.0023,1.0023,1.0022,1.0022,7324.64,7341.28957,11,5353.62,5365.933326,201912
1.0022,1.0022,1.0022,1.0022,1195.01,1197.639022,3,0.0,0.0,201912
1.0023,1.0026,1.0014,1.0021,4116.29,4125.13892,18,618.38,619.987785,201912
1.0021,1.0024,1.002,1.0021,5994.63,6006.95255,15,522.31,523.513026,201912
1.0021,1.0021,1.0014,1.0018,7686.51,7699.587056,17,44.32,44.409056,201912
1.0018,1.002,1.0018,1.0018,3009.2,3014.810101,10,1162.7,1164.986401,201912
1.0019,1.0023,1.0019,1.0023,7999.27,8015.791853,16,6939.49,6953.876879,201912
1.002,1.0022,1.0019,1.002,2731.93,2737.462552,12,0.0,0.0,201912
1.002,1.0021,1.002,1.002,878.53,880.315907,6,288.47,289.075787,201912
1.0019,1.0021,1.0019,1.0021,1273.21,1275.736343,7,114.69,114.930849,201912
1.002,1.0021,1.0019,1.0019,5601.57,5612.411905,12,18.25,18.288325,201912
1.0019,1.0019,1.0019,1.0019,575.65,576.743735,5,0.0,0.0,201912
1.0019,1.0019,1.0017,1.0017,1929.41,1932.843309,10,957.71,959.458509,201912
1.0017,1.0019,1.0017,1.0017,2463.95,2468.226623,14,10.18,10.199342,201912
1.0016,1.0019,1.0016,1.0016,13538.18,13560.109128,21,4381.36,4388.513751,201912
1.0016,1.0021,1.0016,1.002,14537.27,14566.178049,20,12412.8,12437.790215,201912
1.002,1.0021,1.002,1.002,967.96,969.928712,3,566.38,567.545552,201912
1.0021,1.0022,1.0021,1.0021,3451.7,3458.998344,5,3281.22,3288.160336,201912
1.002,1.0024,1.002,1.0024,2192.07,2196.739623,8,1514.78,1518.070939,201912
1.0024,1.0024,1.0022,1.0023,3876.94,3886.083197,10,2345.68,2351.23586,201912
1.0025,1.0025,1.0023,1.0024,1680.12,1684.090761,6,544.91,546.236693,201912
1.0024,1.0024,1.0024,1.0024,0.0,0.0,0,0.0,0.0,201912
1.0023,1.0023,1.0021,1.0023,1212.09,1214.707664,6,95.8,96.02034,201912
1.0021,1.0022,1.002,1.0021,1132.42,1134.876341,5,806.8,808.57496,201912
1.0023,1.0023,1.0022,1.0022,868.06,870.018029,2,0.0,0.0,201912
1.0023,1.0027,1.0022,1.0027,23120.07,23177.163256,46,22497.17,22552.859053,201912
1.0027,1.0029,1.0024,1.0025,29017.26,29095.799198,55,23526.37,23591.370019,201912
1.0025,1.0027,1.0023,1.0025,13010.3,13043.269448,33,6273.03,6289.574871,201912
1.0025,1.0025,1.0021,1.0022,10875.15,10900.082884,18,5548.22,5561.846212,201912
1.0021,1.0024,1.002,1.0021,6314.29,6327.765419,11,843.99,845.850076,201912
1.002,1.0024,1.0019,1.002,21189.1,21234.514556,33,11370.35,11396.466882,201912
1.0019,1.0023,1.0017,1.0017,25654.48,25706.657715,50,15141.96,15174.398872,201912
1.0017,1.0021,1.0017,1.0021,4309.09,4316.791385,12,1056.0,1058.07963,201912
1.002,1.0021,1.0018,1.0018,1555.97,1558.856921,6,104.87,105.090227,201912
1.002,1.002,1.0018,1.0019,1299.79,1302.26054,5,0.0,0.0,201912
1.0019,1.002,1.0018,1.002,4581.46,4590.05833,7,1029.01,1031.06802,201912
1.0018,1.0021,1.0017,1.002,3206.26,3212.31241,9,2062.66,2066.662865,201912
1.0017,1.0023,1.0017,1.002,6745.04,6758.139942,19,888.41,890.276391,201912
1.0019,1.002,1.0019,1.0019,1746.67,1750.046729,4,170.13,170.47026,201912
1.0019,1.0021,1.0016,1.0018,16840.21,16874.245174,28,13090.17,13117.299357,201912
1.0018,1.0022,1.0017,1.0019,25323.17,25374.250401,31,12652.77,12680.606094,201912
1.0019,1.0023,1.0018,1.0022,24301.63,24347.626068,54,1565.61,1568.953566,201912
1.0021,1.0025,1.0018,1.0021,75431.98,75612.856099,38,61156.01,61307.278416,201912
1.002,1.0028,1.0017,1.0023,49182.91,49286.682053,87,12522.56,12550.555113,201912
1.0018,1.0023,1.0017,1.0021,25827.38,25881.873038,40,14567.82,14600.704948,201912
1.0024,1.003,1.0021,1.0021,49338.47,49475.094898,36,37767.59,37878.704291,201912
1.002,1.0025,1.002,1.0021,13573.75,13604.292983,17,2008.01,2012.829224,201912
1.0022,1.0026,1.0018,1.0023,20052.55,20098.473627,45,12385.02,12414.024122,201912
1.0022,1.0026,1.0021,1.0021,8266.38,8285.178712,19,2081.27,2086.516276,201912
1.0021,1.0026,1.002,1.0021,14872.82,14903.554825,23,1818.03,1822.217901,201912
1.0022,1.0024,1.0018,1.002,9060.39,9078.764221,15,2981.16,2987.61748,201912
1.0022,1.0022,1.0015,1.0016,3917.04,3924.263274,29,775.54,777.246188,201912
1.0018,1.002,1.0015,1.0015,3403.9,3410.23541,12,2327.6,2332.199776,201912
1.0015,1.0019,1.0015,1.0017,6651.52,6663.111563,32,4058.63,4066.093925,201912
1.0018,1.002,1.0016,1.0017,16125.5,16155.998153,28,15495.05,15524.518127,201912
1.0021,1.0021,1.0016,1.0016,20905.55,20940.92094,43,854.18,855.908584,201912
1.0016,1.002,1.0016,1.002,9050.4,9066.951155,35,4526.03,4535.08206,201912
1.0017,1.0022,1.0016,1.0019,21399.25,21443.276009,44,13818.97,13848.36219,201912
1.0019,1.003,1.0017,1.0023,70125.19,70308.153666,74,57048.66,57204.080106,201912
1.0019,1.002,1.0018,1.0018,10829.95,10850.478112,20,0.0,0.0,201912
1.0018,1.0021,1.0017,1.0021,23623.68,23667.273572,62,10603.29,10624.526579,201912
1.0019,1.002,1.0017,1.0019,9113.6,9130.007766,31,1799.44,1802.914344,201912
1.0017,1.0019,1.0015,1.0015,17024.66,17053.119536,60,771.86,773.326534,201912
1.0015,1.0018,1.0011,1.0015,38835.28,38892.40444,90,19827.36,19859.527762,201912
1.0015,1.0016,1.0013,1.0013,5965.46,5974.368643,9,3466.15,3471.455066,201912
1.0015,1.0016,1.0012,1.0013,11732.47,11749.783876,27,6186.61,6196.308428,201912
1.0016,1.0017,1.0012,1.0017,5264.46,5272.288102,16,3095.16,3100.144835,201912
1.0014,1.0019,1.0014,1.0018,4662.2,4669.880911,16,1076.09,1078.061504,201912
1.0018,1.0019,1.0013,1.0017,18105.36,18138.295653,25,13163.98,13188.845083,201912
1.0017,1.0019,1.0015,1.0016,6370.37,6381.050077,19,2557.81,2562.440419,201912
1.0018,1.0019,1.0017,1.0019,4158.2,4165.887198,16,2468.72,2473.378318,201912
1.0019,1.0019,1.0016,1.0016,4267.82,4275.177158,10,1690.96,1693.966496,201912
1.0016,1.0019,1.0015,1.0016,4181.04,4187.505457,24,381.12,381.829347,201912
1.0016,1.0019,1.0016,1.0016,2563.73,2568.210265,6,1410.35,1412.984857,201912
1.0016,1.0019,1.0016,1.0018,2631.45,2635.897682,10,1536.87,1539.484071,201912
1.0017,1.0019,1.0017,1.0018,2476.19,2480.628762,11,0.0,0.0,201912
1.0019,1.0022,1.0018,1.0019,3169.15,3175.359766,11,1367.78,1370.6092,201912
1.0018,1.0022,1.0018,1.0019,2939.36,2945.174381,15,1048.34,1050.646348,201912
1.0022,1.0022,1.0017,1.0019,12373.05,12394.569973,17,198.63,199.038402,201912
1.0017,1.0018,1.0016,1.0017,6414.88,6425.846676,10,0.0,0.0,201912
1.0018,1.0019,1.0016,1.0017,5603.07,5612.79565,15,3873.82,3880.591067,201912
1.0017,1.002,1.0017,1.0018,8107.22,8122.592135,20,6760.95,6773.992193,201912
1.002,1.0022,1.0017,1.0022,12415.79,12442.302275,33,11026.34,11050.205899,201912
1.0022,1.0023,1.0018,1.002,15141.3,15172.270591,64,8448.98,8467.495722,201912
1.002,1.0022,1.0018,1.0018,3340.85,3347.244666,19,343.55,344.292949,201912
1.0021,1.0022,1.0018,1.0021,3499.34,3506.543008,18,1847.42,1851.427281,201912
1.002,1.0022,1.0018,1.0022,3855.58,3862.993193,12,1168.2,1170.658047,201912
1.0022,1.0022,1.0018,1.0019,3197.7,3203.809403,12,411.43,412.335146,201912
1.0019,1.0021,1.0018,1.0019,8221.01,8236.004163,14,273.23,273.803783,201912
1.0018,1.002,1.0018,1.0018,4696.2,4704.863183,17,653.41,654.71682,201912
1.0018,1.0022,1.0018,1.0018,1351.08,1353.552458,6,221.39,221.829016,201912
1.0019,1.0021,1.0016,1.0017,11077.75,11097.006842,20,964.48,966.46614,201912
1.0018,1.0018,1.0014,1.0014,3073.53,3078.536291,13,801.94,803.383492,201912
1.0015,1.0021,1.0015,1.0019,14630.02,14656.533212,31,9653.27,9671.387504,201912
1.0019,1.0027,1.0019,1.0022,51585.36,51696.950437,66,39323.81,39409.571512,201912
1.0022,1.0024,1.0017,1.0021,20355.44,20395.841097,59,4044.91,4053.189345,201912
1.0019,1.0023,1.0018,1.002,33946.88,34019.202864,34,26634.85,26693.056517,201912
1.002,1.0022,1.0013,1.0013,17283.29,17312.648087,34,2278.83,2283.055195,201912
1.0017,1.0018,1.0015,1.0018,7879.58,7892.532751,21,6471.5,6482.246776,201912
1.0018,1.0021,1.0016,1.0021,12534.99,12558.355839,28,10200.71,10220.162689,201912
1.0019,1.0022,1.0018,1.0021,10186.09,10206.641685,26,6866.96,6881.356368,201912
1.0021,1.0021,1.0018,1.002,11330.22,11352.362042,27,5925.6,5937.649708,201912
1.002,1.0024,1.0018,1.002,20870.15,20912.145381,36,14086.67,14115.748542,201912
1.0023,1.0023,1.0021,1.0021,855.79,857.669751,4,855.79,857.669751,201912
1.002,1.002,1.0018,1.0019,3229.97,3235.983503,8,1869.65,1873.202335,201912
1.0018,1.0021,1.0016,1.0018,14429.08,14454.68148,33,4973.59,4983.233144,201912
1.0018,1.0019,1.0016,1.0019,3836.4,3843.229562,17,1524.92,1527.780435,201912
1.0017,1.002,1.0015,1.0017,7146.64,7159.207903,31,5373.01,5382.82708,201912
1.0018,1.0022,1.0016,1.002,16187.81,16220.403523,30,14352.65,14382.029817,201912
1.0018,1.0021,1.0018,1.0021,4573.32,4581.853673,12,1390.47,1393.274543,201912
1.0019,1.0022,1.0018,1.0021,5607.14,5618.035327,29,3461.11,3468.142473,201912
1.0019,1.002,1.0016,1.0017,7010.27,7022.912264,24,1279.35,1281.794907,201912
1.0018,1.0019,1.0016,1.0016,1619.33,1622.19999,10,1573.95,1576.747382,201912
1.0016,1.0017,1.0015,1.0016,15909.54,15933.702861,16,1710.48,1713.318809,201912
1.0014,1.0017,1.0013,1.0016,6114.19,6122.884049,23,2123.68,2127.023102,201912
1.0013,1.0016,1.0013,1.0016,14659.24,14679.192264,21,1408.78,1410.965053,201912
1.0013,1.0015,1.0006,1.0013,55175.2,55222.126516,31,4881.02,4888.295781,201912
1.0013,1.0016,1.0012,1.0016,14738.91,14761.759078,21,14330.11,14352.426758,201912
1.0017,1.0017,1.0015,1.0017,2388.71,2392.703473,7,2320.95,2324.841833,201912
1.0015,1.0017,1.0015,1.0017,1057.46,1059.25445,3,1041.3,1043.07021,201912
1.0016,1.0019,1.0016,1.0018,6325.69,6337.411661,12,5801.23,5812.076488,201912
1.0018,1.002,1.0015,1.002,9869.71,9888.23273,22,5889.6,5900.977409,201912
1.0021,1.0021,1.0016,1.0017,13740.47,13765.685453,39,2542.56,2547.555722,201912
1.0017,1.0018,1.0015,1.0015,7042.01,7052.958399,29,1807.57,1810.541649,201912
1.0016,1.0016,1.0013,1.0013,6901.86,6912.07763,11,653.5,654.42705,201912
1.0012,1.0023,1.0012,1.0016,70386.07,70522.059942,43,62119.59,62241.556514,201912
1.0019,1.0019,1.0016,1.0019,12945.46,12966.966746,33,2967.66,2973.202266,201912
1.0019,1.0022,1.0012,1.0015,56072.84,56173.156795,59,26503.73,26556.768573,201912
1.0014,1.0014,1.0012,1.0013,21070.05,21096.026078,27,4763.01,4769.41763,201912
1.0014,1.0016,1.001,1.0013,13864.93,13882.549299,26,5532.0,5539.753395,201912
1.0015,1.0016,1.0013,1.0015,5561.51,5569.270604,9,5561.51,5569.270604,201912
1.0014,1.0015,1.0011,1.0011,7968.15,7977.91809,16,4052.18,4057.5253,201912
1.0011,1.0011,1.001,1.001,5330.59,5336.367765,15,2916.77,2919.978447,201912
1.001,1.0014,1.0009,1.001,24585.98,24611.12487,33,4206.67,4212.017685,201912
1.001,1.0013,1.0009,1.0012,4467.56,4472.547298,20,2343.37,2346.18526,201912
1.0009,1.0013,1.0009,1.0013,14049.32,14063.135725,32,4532.94,4538.146451,201912
1.0009,1.0013,1.0009,1.0011,6967.35,6975.011683,36,2994.41,2997.989561,201912
1.0012,1.0013,1.001,1.0012,3991.45,3996.031612,10,3679.57,3683.839732,201912
1.001,1.0013,1.0009,1.0009,45691.72,45739.702983,38,17656.23,17678.665345,201912
1.0012,1.0013,1.0009,1.0013,10743.36,10753.56985,18,2463.07,2465.827589,201912
1.0009,1.0013,1.0009,1.0013,4890.06,4895.388525,7,1879.95,1882.235826,201912
1.0013,1.0013,1.0009,1.0009,21277.31,21298.465469,40,5466.72,5473.08417,201912
1.0009,1.0017,1.0009,1.0015,53017.74,53081.93382,84,24368.65,24401.547703,201912
1.0015,1.0015,1.001,1.001,10922.2,10933.846709,23,1334.87,1336.690111,201912
1.0014,1.0014,1.0009,1.0009,8825.05,8834.493893,30,3867.42,3872.225486,201912
1.0009,1.0013,1.0009,1.0011,21600.89,21622.865148,31,5812.84,5819.038262,201912
1.0012,1.0012,1.0009,1.0012,3657.26,3661.203635,8,2801.14,2804.228882,201912
1.001,1.0012,1.0009,1.0009,10402.66,10412.838305,40,3213.89,3217.421919,201912
1.0009,1.0012,1.0009,1.0012,37587.22,37621.621577,49,2761.35,2764.408294,201912
1.0009,1.0011,1.0009,1.0009,8904.41,8912.709821,28,2470.78,2473.289554,201912
1.0009,1.0012,1.0009,1.0012,7898.62,7906.440785,21,3375.39,3379.139878,201912
1.0011,1.0013,1.001,1.001,20689.16,20713.24447,13,19439.62,19462.45493,201912
1.0011,1.0013,1.001,1.0011,18805.32,18828.277004,11,16019.93,16039.845204,201912
1.001,1.0011,1.0009,1.0009,3890.69,3894.689447,13,1845.75,1847.780325,201912
1.001,1.0012,1.0009,1.0011,3362.97,3366.557074,16,2485.55,2488.231182,201912
1.0011,1.0012,1.0009,1.0012,32067.6,32099.612195,24,24995.63,25020.956898,201912
1.0013,1.0013,1.0011,1.0012,1883.9,1886.085439,8,1593.68,1595.546197,201912
1.001,1.0013,1.0009,1.0009,9822.05,9831.241539,22,733.45,734.350071,201912
1.0009,1.0013,1.0009,1.0009,10552.93,10563.139783,29,1937.02,1939.241855,201912
1.001,1.001,1.0009,1.001,1473.12,1474.556185,7,1103.77,1104.87377,201912
1.0009,1.0012,1.0009,1.0011,6483.21,6489.464433,12,2697.56,2700.407348,201912
1.0012,1.0012,1.0009,1.0011,21348.1,21370.20516,24,6830.13,6837.748367,201912
1.0011,1.0012,1.0009,1.0012,9509.48,9518.387324,14,1978.5,1980.618423,201912
1.0009,1.0012,1.0007,1.0007,35124.89,35155.295446,43,2367.46,2369.922912,201912
1.001,1.0012,1.0002,1.0011,102747.56,102808.991852,98,23699.77,23724.678412,201912
1.0011,1.0016,1.0002,1.0009,65962.31,66017.767521,143,20969.29,20989.481445,201912
1.001,1.0015,1.0007,1.0013,27686.25,27720.574075,80,16830.32,16851.669756,201912
1.0013,1.0016,1.0012,1.0016,6920.69,6930.672008,21,6374.39,6383.657984,201912
1.0014,1.0017,1.0013,1.0013,8080.71,8092.514909,40,5418.46,5426.569007,201912
1.0016,1.0016,1.0012,1.0016,13945.34,13964.485615,27,7842.37,7853.778974,201912
1.0012,1.0016,1.0011,1.0015,23849.86,23882.640277,39,14763.75,14785.634726,201912
1.0011,1.0023,1.0008,1.0016,73954.69,74064.11727,118,37789.96,37851.168122,201912
1.0021,1.0021,1.0012,1.0019,14482.04,14506.375046,60,4360.35,4368.882504,201912
1.0013,1.0022,1.0012,1.0016,14193.37,14217.045479,42,8273.57,8288.525818,201912
1.0015,1.0019,1.0013,1.0016,19851.23,19883.07801,35,6183.07,6194.761111,201912
1.0013,1.0017,1.0009,1.0012,13060.71,13076.647772,55,4791.41,4797.734961,201912
1.0015,1.0015,1.0012,1.0015,1318.02,1319.82009,13,728.22,729.31233,201912
1.0012,1.0015,1.0011,1.0015,9500.34,9513.868409,36,9179.31,9192.466773,201912
1.0012,1.0014,1.0008,1.0013,12983.75,12997.813549,20,3703.16,3708.09254,201912
1.0009,1.0012,1.0008,1.0011,31033.06,31065.721224,30,22658.35,22683.449182,201912
1.0012,1.0012,1.0007,1.0008,3003.38,3006.071426,10,474.58,475.149496,201912
1.0008,1.0012,1.0007,1.0012,24734.01,24761.519626,44,21282.16,21306.602279,201912
1.0012,1.0014,1.001,1.0011,6045.84,6052.652401,20,3147.26,3150.993185,201912
1.0011,1.0016,1.001,1.0013,6693.31,6700.678086,23,3476.1,3480.016407,201912
1.0013,1.0014,1.001,1.001,11218.29,11232.008976,18,724.93,725.877144,201912
1.0014,1.0014,1.0009,1.0009,2105.11,2107.461074,14,1310.93,1312.496313,201912
1.0011,1.0014,1.0009,1.0013,1770.77,1772.855106,18,968.43,969.721045,201912
1.0011,1.0014,1.0009,1.0009,9454.01,9463.742323,26,2644.2,2647.314952,201912
1.0009,1.0013,1.0009,1.001,4504.82,4509.736104,24,2376.62,2379.589677,201912
1.001,1.0013,1.0009,1.001,6230.6,6236.757625,18,5019.96,5024.991282,201912
1.0009,1.0013,1.0009,1.0013,14043.6,14057.817523,45,4019.87,4024.850094,201912
1.001,1.0014,1.0009,1.001,18802.83,18822.787737,37,5942.48,5950.228259,201912
1.0014,1.0014,1.001,1.0014,9357.35,9367.069246,22,1104.38,1105.846276,201912
1.0012,1.0015,1.001,1.001,6417.83,6426.021234,26,3955.25,3960.807798,201912
1.0014,1.0014,1.001,1.0014,10512.13,10526.095001,47,8596.53,8608.548773,201912
1.0012,1.0014,1.001,1.0012,10718.78,10731.69636,42,5392.78,5400.107182,201912
1.0014,1.0014,1.001,1.0011,5505.35,5511.635967,16,4717.69,4723.178718,201912
1.0012,1.0019,1.001,1.0015,28497.92,28541.751894,34,17697.79,17727.381601,201912
1.0018,1.0018,1.0011,1.0011,8620.5,8632.495173,18,3028.82,3033.77253,201912
1.0013,1.0016,1.0009,1.0009,53694.76,53747.371264,44,2886.3,2890.518615,201912
1.0013,1.0013,1.0009,1.0011,3854.45,3858.898821,28,2281.89,2284.705814,201912
1.0012,1.0013,1.0009,1.0013,11444.44,11459.072825,24,9991.77,10004.613366,201912
1.0015,1.0018,1.0011,1.0014,11405.72,11422.525689,33,2943.12,2948.101155,201912
1.0014,1.0017,1.0014,1.0014,1811.24,1814.090918,8,887.26,888.746716,201912
1.0013,1.0015,1.0009,1.0009,44274.62,44320.124236,39,3750.99,3756.442583,201912
1.001,1.0013,1.001,1.001,5450.94,5457.535952,35,3698.37,3703.106944,201912
1.001,1.0012,1.0009,1.0009,4472.26,4476.754256,25,428.02,428.533624,201912
1.001,1.0012,1.0009,1.0011,21387.47,21407.105447,35,490.01,490.598012,201912
1.0013,1.0013,1.001,1.001,6335.6,6343.105248,18,2413.08,2415.990629,201912
1.0011,1.0013,1.001,1.0011,20095.13,20116.862992,40,4450.2,4455.480784,201912
1.0012,1.0013,1.001,1.001,15555.48,15571.663431,26,2356.56,2359.393909,201912
1.001,1.0013,1.0009,1.001,7098.86,7106.524979,23,2212.73,2215.310273,201912
1.0009,1.0013,1.0009,1.0009,10575.23,10585.766373,44,1888.99,1891.101556,201912
1.001,1.0012,1.0009,1.0012,14851.92,14867.172041,50,6168.16,6175.259915,201912
1.0009,1.0013,1.0009,1.001,10084.16,10095.718641,40,5851.04,5858.435471,201912
1.0009,1.0013,1.0009,1.0009,10439.54,10451.163513,32,2369.0,2371.974631,201912
1.0009,1.0013,1.0009,1.0013,5316.66,5322.294119,23,2227.78,2230.464906,201912
1.0013,1.0013,1.0009,1.0012,6924.34,6931.77151,22,2893.57,2897.17278,201912
1.001,1.0013,1.001,1.0011,2000.91,2003.243606,16,438.46,439.029998,201912
1.0012,1.0012,1.0009,1.0012,16191.01,16206.555763,30,1514.45,1516.26734,201912
1.0009,1.0013,1.0009,1.0009,2203.25,2205.525546,11,840.48,841.431328,201912
1.001,1.0013,1.0009,1.0011,8444.2,8452.428231,28,1435.78,1437.493235,201912
1.0012,1.0012,1.001,1.001,1448.3,1449.910168,10,635.04,635.759838,201912
1.0012,1.0012,1.0009,1.0009,3335.02,3338.412014,17,870.15,871.140723,201912
1.0009,1.0012,1.0009,1.0009,3235.0,3238.487531,17,1558.52,1560.356154,201912
1.001,1.0012,1.0009,1.0009,11703.15,11716.425099,28,9039.7,9050.44359,201912
1.001,1.0012,1.0009,1.0009,5394.11,5399.702997,33,1175.14,1176.550168,201912
1.0009,1.0012,1.0009,1.0009,47098.56,47141.636405,63,2233.14,2235.677916,201912
1.0009,1.0012,1.0004,1.0004,89677.42,89754.238555,104,387.15,387.44384,201912
1.0003,1.0013,1.0003,1.0008,47976.82,48014.534635,74,27257.07,27280.838564,201912
1.0008,1.0011,1.0007,1.0011,10536.92,10546.21587,18,533.63,534.216993,201912
1.0011,1.0011,1.0008,1.0008,6085.12,6090.855278,13,1758.09,1759.962797,201912
1.0007,1.0009,1.0006,1.0009,14644.76,14656.389473,18,7722.42,7729.244952,201912
1.0009,1.0011,1.0005,1.0011,40257.39,40293.935085,76,28872.97,28902.138819,201912
1.0011,1.0023,1.0004,1.0006,84452.01,84561.324024,195,58646.64,58739.706418,201912
1.0014,1.0023,1.0006,1.0011,64644.33,64737.832541,157,35931.38,35982.503301,201912
1.0012,1.0017,1.0012,1.0012,19744.76,19771.117448,63,3830.5,3836.261735,201912
1.0012,1.0017,1.0012,1.0015,32022.27,32064.784088,67,11705.6,11723.387577,201912
1.0015,1.0018,1.0012,1.0013,19591.62,19619.585906,62,10921.92,10938.463741,201912
1.0013,1.0018,1.0013,1.0014,21294.95,21327.342051,62,6080.38,6091.177266,201912
1.0014,1.0018,1.0014,1.0014,15446.14,15469.246398,31,5677.34,5686.561462,201912
1.0014,1.0017,1.0014,1.0014,13750.93,13772.770226,47,6186.07,6196.550264,201912
1.0014,1.0016,1.0012,1.0013,25935.06,25969.40565,51,4825.14,4832.13102,201912
1.0014,1.0016,1.0012,1.0016,7026.23,7035.845843,38,1931.24,1934.151418,201912
1.0012,1.0015,1.0009,1.0014,6185.25,6191.992415,31,1706.71,1708.87182,201912
1.0009,1.0013,1.0008,1.001,10979.56,10991.322658,46,6011.85,6019.105921,201912
1.0009,1.0014,1.0008,1.0014,17643.29,17663.734301,61,9565.26,9578.359342,201912
1.0009,1.0012,1.0004,1.0012,6776.07,6781.45916,32,1864.68,1866.347756,201912
1.0007,1.0012,1.0006,1.001,11061.75,11071.799333,57,4751.77,4756.878145,201912
1.0007,1.0011,1.0004,1.0004,10459.62,10466.805204,32,3099.4,3102.355506,201912
1.0004,1.0007,1.0003,1.0003,10750.73,10755.708876,53,523.2,523.51392,201912
1.0003,1.0009,1.0003,1.0005,15043.5,15050.390814,52,1541.16,1542.322633,201912
1.0005,1.001,1.0004,1.0007,14803.52,14815.725836,31,12057.72,12068.488885,201912
1.0006,1.0012,1.0006,1.0009,8327.5,8334.73999,25,2955.31,2958.29124,201912
1.0007,1.0027,1.0007,1.0012,30637.0,30694.786018,85,26023.38,26075.281031,201912
1.0013,1.0015,1.0008,1.0009,9786.35,9796.246133,44,3367.79,3371.216074,201912
1.0009,1.0013,1.0008,1.0009,13329.69,13342.383052,26,1135.08,1136.459896,201912
1.0009,1.0013,1.0007,1.0009,16232.68,16251.140873,39,8882.18,8893.349858,201912
1.0014,1.0018,1.001,1.0012,6739.12,6747.378287,27,1572.63,1575.092648,201912
1.0018,1.0019,1.0011,1.0019,1725.19,1727.878833,8,976.96,978.652234,201912
1.0016,1.0019,1.0009,1.0016,2648.76,2652.450643,17,649.5,650.568541,201912
1.0016,1.0016,1.0009,1.001,2592.88,2596.235333,18,1228.88,1230.732364,201912
1.001,1.0015,1.0007,1.0007,9729.24,9739.983107,24,4706.8,4712.858628,201912
1.0008,1.0015,1.0007,1.0008,2478.29,2480.426438,22,99.36,99.50904,201912
1.0013,1.0015,1.0007,1.0008,5325.8,5330.717748,22,14.97,14.992455,201912
1.0014,1.0015,1.0007,1.0012,11728.63,11740.719161,31,4234.27,4240.258964,201912
1.001,1.0015,1.0005,1.0005,27899.43,27919.817147,44,1190.57,1192.089161,201912
1.001,1.0015,1.0006,1.0006,1952.39,1954.19366,11,316.07,316.514106,201912
1.0007,1.0021,1.0006,1.0021,5383.31,5389.908794,30,3265.51,3270.46902,201912
1.0013,1.0013,1.0009,1.0009,21490.11,21514.612887,51,12064.51,12079.819006,201912
1.0009,1.0021,1.0,1.0005,113905.87,113988.940479,85,58379.65,58438.244763,201912
1.001,1.001,1.0001,1.0006,19532.14,19539.768785,92,4378.77,4382.557014,201912
1.0007,1.0012,1.0006,1.0006,7084.42,7090.137575,19,4137.51,4141.249574,201912
1.0006,1.0012,1.0006,1.0012,7419.08,7425.960013,21,2995.28,2998.450375,201912
1.0008,1.0013,1.0008,1.0013,18876.74,18897.871083,31,11782.44,11796.447037,201912
1.0011,1.0015,1.0009,1.0012,3567.79,3572.38521,18,1865.58,1868.198854,201912
1.0012,1.0017,1.0009,1.0017,12370.64,12386.073735,33,4325.69,4332.28962,201912
1.0017,1.0019,1.0011,1.0018,12783.93,12803.06842,65,7283.17,7295.610452,201912
1.0012,1.002,1.0011,1.0012,9074.24,9087.298995,42,2337.02,2341.690655,201912
1.0017,1.0017,1.0012,1.0012,3701.63,3707.178701,15,1620.36,1622.994097,201912
1.0014,1.0018,1.0006,1.0012,17132.44,17147.094916,39,9924.44,9932.403339,201912
1.0013,1.0013,1.0007,1.0013,9833.79,9845.651635,23,7956.21,7966.342584,201912
1.0013,1.0017,1.001,1.0015,5067.72,5074.977054,15,2751.54,2755.756042,201912
1.0015,1.0032,1.0015,1.0017,60232.44,60388.379472,63,56252.85,56401.269559,201912
1.0014,1.0018,1.0009,1.0018,3612.82,3618.011006,20,1090.54,1092.346992,201912
1.0018,1.0018,1.0011,1.0013,2410.42,2413.745442,13,369.62,370.285316,201912
1.0019,1.0021,1.0012,1.0013,8953.59,8969.065656,29,6185.3,6197.186296,201912
1.0021,1.0021,1.0012,1.0013,2680.22,2684.071505,10,634.57,635.769928,201912
1.0012,1.0017,1.0012,1.0012,2674.06,2677.632887,13,495.32,496.162044,201912
1.0018,1.0019,1.0013,1.0017,3115.19,3120.015762,19,1138.1,1140.084487,201912
1.0016,1.0023,1.0016,1.002,5486.92,5498.138413,16,3087.3,3094.34079,201912
1.0018,1.002,1.0016,1.002,3014.32,3019.58383,12,434.4,435.230808,201912
1.0019,1.0022,1.0015,1.0018,4881.47,4890.784456,25,2135.89,2140.364146,201912
1.0019,1.0021,1.0015,1.0016,3614.0,3620.543757,17,2147.76,2151.840197,201912
1.0015,1.002,1.0013,1.0013,11573.51,11590.325907,32,1445.38,1447.698117,201912
1.0014,1.002,1.0012,1.0014,6157.29,6165.995002,24,2527.98,2532.056132,201912
1.0016,1.0019,1.0012,1.0015,3049.87,3054.499017,31,92.62,92.790953,201912
1.0018,1.002,1.0011,1.002,8742.28,8755.619892,34,3975.97,3983.213843,201912
1.0021,1.0021,1.0013,1.0015,4783.18,4790.973489,28,1003.43,1005.372842,201912
1.0018,1.0019,1.0012,1.0019,4601.86,4609.283296,32,1893.47,1896.890719,201912
1.0014,1.0019,1.0012,1.0012,4756.0,4762.808071,24,2100.6,2104.054225,201912
1.0012,1.0015,1.0011,1.0011,3167.95,3171.570094,12,22.25,22.283375,201912
1.0011,1.0015,1.0008,1.0013,23384.44,23412.532356,77,21734.07,21760.295194,201912
1.0016,1.0018,1.0013,1.0014,5470.57,5478.612748,33,1269.45,1271.57523,201912
1.0014,1.0017,1.0013,1.0017,6496.69,6506.443948,42,3374.53,3380.219591,201912
1.0016,1.0021,1.0013,1.0017,5358.45,5367.328947,40,2914.83,2920.117003,201912
1.0017,1.002,1.0013,1.0017,18352.62,18380.883468,58,1428.77,1431.62754,201912
1.0015,1.0017,1.0013,1.0015,5057.15,5064.617462,41,1076.9,1078.73073,201912
1.0017,1.0017,1.0013,1.0013,7472.15,7484.415607,27,6450.6,6461.493872,201912
1.0013,1.0017,1.0013,1.0014,10250.99,10264.693809,37,853.94,855.194292,201912
1.0015,1.0017,1.0013,1.0013,2914.32,2918.412166,19,629.3,630.302354,201912
1.0013,1.0017,1.0013,1.0013,2085.82,2088.602284,27,42.08,42.151536,201912
1.0013,1.0017,1.0012,1.0014,5142.46,5149.021187,41,1720.32,1722.637027,201912
1.0012,1.0018,1.0012,1.0018,11840.3,11858.196738,19,9981.02,9996.214482,201912
1.0018,1.0018,1.0014,1.0016,9897.32,9912.999011,20,3952.62,3959.420957,201912
1.0016,1.0018,1.0014,1.0014,9846.15,9861.148056,46,4368.74,4376.030682,201912
1.0014,1.0018,1.0011,1.0012,20879.69,20912.425771,74,8983.18,8998.950999,201912
1.0012,1.0013,1.0009,1.0013,17529.22,17549.585627,51,3611.33,3615.834757,201912
1.0013,1.0013,1.0007,1.0007,19013.91,19031.230269,94,3877.47,3881.87857,201912
1.0008,1.0011,1.0007,1.0011,8455.59,8463.237194,38,5500.67,5506.240479,201912
1.0007,1.0011,1.0006,1.001,10687.5,10696.544135,51,5834.18,5839.666094,201912
1.0011,1.0014,1.0009,1.0011,19184.83,19207.02397,33,15507.97,15526.214852,201912
1.001,1.0014,1.001,1.0013,12188.6,12204.5553,23,11632.77,11648.095966,201912
1.0015,1.0017,1.0013,1.0015,6472.92,6482.531609,28,4651.89,4658.974105,201912
1.0014,1.0015,1.0011,1.0011,5367.26,5374.238092,23,2867.87,2871.804872,201912
1.0011,1.0016,1.0011,1.0014,8552.89,8564.556987,32,3830.19,3835.931849,201912
1.0014,1.0017,1.0013,1.0014,8361.26,8372.637172,37,1157.93,1159.605302,201912
1.0013,1.0014,1.001,1.0011,16194.62,16212.697479,39,736.22,737.147056,201912
1.001,1.0011,1.0009,1.001,19524.11,19543.188187,54,1175.5,1176.741439,201912
1.0009,1.0011,1.0008,1.0009,6668.98,6675.084859,29,2293.48,2295.766451,201912
1.0009,1.0012,1.0008,1.0009,4352.91,4357.031878,25,2451.19,2453.712676,201912
1.0009,1.0014,1.0009,1.0011,8392.13,8401.663829,37,6760.35,6768.28718,201912
1.0011,1.0014,1.0011,1.0013,2545.95,2549.259757,11,2415.93,2419.086184,201912
1.0011,1.0014,1.0011,1.0011,3687.28,3691.688454,29,1993.22,1995.685562,201912
1.0012,1.0014,1.0009,1.0011,2929.18,2932.494184,16,2073.11,2075.482507,201912
1.001,1.0012,1.0008,1.0011,11989.12,12001.95528,37,10667.74,10679.382478,201912
1.001,1.0013,1.001,1.0011,2644.26,2647.141264,13,1832.6,1834.653908,201912
1.0011,1.0013,1.0009,1.0012,7789.45,7798.329135,42,6000.69,6007.711906,201912
1.0012,1.0014,1.001,1.0013,33202.56,33245.383973,40,32910.38,32952.887036,201912
1.0013,1.0014,1.0012,1.0013,2938.93,2942.81011,12,2766.27,2769.942918,201912
1.0013,1.0013,1.0008,1.0008,7583.96,7591.802071,15,706.33,707.237145,201912
1.0009,1.0011,1.0009,1.0011,4441.31,4445.525993,17,1094.07,1095.273477,201912
1.0011,1.0012,1.0009,1.0011,8137.67,8145.939485,29,2588.06,2590.949665,201912
1.0011,1.0011,1.0009,1.0009,3354.78,3358.162381,15,1382.15,1383.644803,201912
1.0011,1.0012,1.0009,1.0012,3154.91,3158.272504,12,1887.51,1889.683652,201912
1.0009,1.0012,1.0008,1.001,5756.19,5761.243863,25,2241.0,2243.203918,201912
1.0008,1.0011,1.0006,1.0007,12675.59,12686.737432,47,6954.14,6961.078981,201912
1.0007,1.0013,1.0007,1.0007,7949.56,7957.520543,18,5496.5,5502.632891,201912
1.0007,1.0014,1.0007,1.0012,23526.77,23551.853033,39,12113.18,12127.59871,201912
1.0008,1.0014,1.0008,1.0012,19388.29,19410.921792,30,12282.17,12297.943785,201912
1.0011,1.0012,1.0009,1.0011,5791.06,5797.053583,26,3590.04,3593.982989,201912
1.0013,1.0013,1.0008,1.0008,15614.35,15628.439933,50,1948.43,1950.475723,201912
1.0008,1.001,1.0008,1.0008,19009.04,19024.542043,28,2058.99,2060.893003,201912
1.0007,1.0011,1.0007,1.0011,3346.26,3349.428699,14,2369.77,2372.137858,201912
1.001,1.0011,1.0006,1.0008,6894.54,6900.670413,16,2486.45,2488.973574,201912
1.0008,1.0009,1.0006,1.0007,13748.31,13758.631477,39,0.0,0.0,201912
1.0007,1.0011,1.0007,1.0009,7074.96,7081.935701,31,4776.81,4781.826541,201912
1.0008,1.0011,1.0007,1.0011,7486.41,7494.313569,18,6014.13,6020.745543,201912
1.001,1.0012,1.0008,1.0012,23516.98,23541.032871,48,11710.43,11723.371473,201912
1.0009,1.0012,1.0008,1.0012,28633.98,28665.635744,57,20626.48,20651.05284,201912
1.0008,1.0013,1.0008,1.0013,5647.21,5652.903657,27,1760.17,1762.254994,201912
1.001,1.0013,1.0008,1.001,6539.54,6546.313081,22,1925.17,1927.570864,201912
1.0012,1.0012,1.001,1.0011,11141.11,11152.977814,26,3395.99,3399.78071,201912
1.0011,1.0011,1.0008,1.0008,1774.51,1776.069059,10,236.0,236.2596,201912
1.0008,1.001,1.0004,1.0009,25426.32,25445.217211,25,828.87,829.654384,201912
1.0008,1.001,1.0007,1.001,2875.03,2877.293608,12,108.23,108.33823,201912
1.0009,1.001,1.0006,1.0008,9713.03,9720.26383,36,2982.15,2984.795896,201912
1.0006,1.0009,1.0004,1.0009,36414.31,36438.479945,84,14708.0,14720.799124,201912
1.0009,1.001,1.0008,1.0008,12927.21,12939.346422,33,9521.43,9530.350093,201912
1.0008,1.001,1.0007,1.001,30338.85,30365.976229,43,19369.17,19388.355895,201912
1.001,1.0014,1.0009,1.0009,13850.81,13865.725587,33,10100.96,10111.601922,201912
1.0009,1.0013,1.0009,1.0013,13000.96,13015.688148,40,10855.31,10867.872177,201912
1.0013,1.0014,1.0009,1.0011,14990.34,15006.880826,45,4871.01,4877.247543,201912
1.0011,1.0016,1.0009,1.0015,18724.12,18747.213908,41,9346.0,9358.54479,201912
1.0012,1.0014,1.0011,1.0013,8244.25,8254.467776,21,3653.92,3658.592965,201912
1.0013,1.0014,1.0011,1.0011,4488.99,4494.250772,9,1623.68,1625.735206,201912
1.0009,1.0011,1.0007,1.0007,9716.41,9725.971151,23,7927.78,7936.08911,201912
1.0007,1.0012,1.0007,1.0012,20914.12,20937.090782,25,17933.43,17954.298177,201912
1.0012,1.0016,1.0009,1.0014,4032.34,4037.333913,20,2951.89,2955.585758,201912
1.0012,1.0014,1.001,1.001,6116.19,6123.692172,19,1233.02,1234.690832,201912
1.001,1.0014,1.001,1.0013,4150.6,4155.424109,17,2586.3,2589.508787,201912
1.001,1.0014,1.0008,1.0008,12354.92,12366.894053,18,2273.14,2275.812373,201912
1.0012,1.0012,1.0007,1.001,5675.46,5680.683048,12,3404.2,3407.589275,201912
1.0007,1.001,1.0007,1.0009,2487.91,2489.965418,7,1714.35,1715.863926,201912
1.0009,1.0012,1.0008,1.0011,2936.59,2939.446929,12,1881.34,1883.352729,201912
1.0012,1.0013,1.001,1.0012,13062.5,13078.054019,33,10874.86,10888.196746,201912
1.0012,1.0012,1.0008,1.0008,7021.85,7028.847591,23,2877.96,2880.988586,201912
1.001,1.0011,1.0008,1.001,1821.17,1822.881215,12,1114.24,1115.359339,201912
1.0009,1.0011,1.0008,1.0008,5387.3,5392.084777,20,1176.67,1177.75528,201912
1.001,1.001,1.0009,1.0009,1123.03,1124.061184,6,857.37,858.16209,201912
1.001,1.0011,1.0009,1.0009,4270.74,4274.677562,11,1089.87,1090.944779,201912
1.0009,1.0011,1.0008,1.0011,4558.61,4562.739286,25,1403.95,1405.366821,201912
1.0008,1.0011,1.0008,1.0011,6352.12,6358.70421,20,5166.26,5171.864656,201912
1.0011,1.0013,1.001,1.0013,28618.16,28651.607076,28,17867.59,17890.286506,201912
1.0014,1.0014,1.0011,1.0012,6363.04,6371.04113,20,4042.36,4047.772282,201912
1.0012,1.0014,1.0011,1.0011,1225.37,1226.913952,8,914.87,916.063166,201912
1.0013,1.0015,1.0011,1.0015,8340.92,8351.448967,22,5046.15,5052.987942,201912
1.0015,1.0015,1.0011,1.0014,3093.09,3097.317697,13,3073.12,3077.32573,201912
1.0013,1.0014,1.001,1.0011,5273.15,5279.497169,16,3966.04,3970.946879,201912
1.0012,1.0014,1.0012,1.0013,3203.82,3207.857985,11,2423.91,2427.012093,201912
1.0013,1.0014,1.001,1.0012,8694.66,8704.15793,21,2841.39,2844.863658,201912
1.001,1.0012,1.001,1.001,1747.96,1749.881082,12,1217.72,1219.103157,201912
1.0012,1.0012,1.001,1.0012,3097.88,3101.117642,8,857.99,858.979762,201912
1.0013,1.0017,1.001,1.0017,32261.97,32313.372986,54,31752.94,31803.638183,201912
1.0013,1.0018,1.0013,1.0018,41391.39,41461.142237,59,39102.77,39169.538987,201912
1.0018,1.0018,1.0013,1.0015,3129.26,3134.338676,15,2741.47,2746.005231,201912
1.0016,1.0017,1.0013,1.0013,1116.96,1118.708,6,1094.2,1095.918412,201912
1.0016,1.0017,1.0013,1.0016,5814.55,5823.388152,10,3669.64,3675.552657,201912
1.0013,1.0017,1.0013,1.0016,5411.54,5419.031169,18,1995.68,1998.730551,201912
1.0014,1.0016,1.0012,1.0012,7509.15,7519.20547,23,2219.38,2222.567832,201912
1.0012,1.0016,1.0011,1.0016,11257.08,11271.72287,24,3396.1,3401.123196,201912
1.0016,1.0017,1.0012,1.0015,13254.59,13271.306793,24,1696.6,1699.298499,201912
1.0012,1.0016,1.0012,1.0013,11569.66,11584.435008,29,3042.43,3046.948214,201912
1.0013,1.0015,1.001,1.001,13922.18,13939.910766,26,2388.54,2391.872244,201912
1.0013,1.0014,1.0012,1.0014,4493.27,4499.24981,9,4493.27,4499.24981,201912
1.0014,1.0018,1.0012,1.0017,31435.06,31484.356016,43,30652.49,30700.70437,201912
1.0014,1.0017,1.0014,1.0014,3479.57,3484.900284,13,2877.27,2881.757064,201912
1.0015,1.0017,1.0014,1.0015,8293.43,8306.06221,11,4314.72,4321.52457,201912
1.0017,1.0017,1.0014,1.0015,7574.84,7587.347134,24,6752.22,6763.539204,201912
1.0014,1.0017,1.0014,1.0014,1902.94,1905.799641,12,712.49,713.676259,201912
1.0014,1.0015,1.001,1.001,9885.25,9897.197269,29,3364.85,3369.423229,201912
1.0011,1.0014,1.001,1.0014,5304.86,5311.514879,12,3959.5,3964.679531,201912
1.0011,1.0015,1.0011,1.0015,11992.32,12006.63606,24,3109.27,3113.694745,201912
1.0015,1.0015,1.001,1.0014,3579.7,3583.98139,24,1359.1,1361.064516,201912
1.0011,1.0015,1.001,1.001,11304.3,11317.026603,25,2007.83,2010.653405,201912
1.001,1.0014,1.001,1.001,9889.32,9901.61513,27,6845.15,6854.36196,201912
1.0009,1.0014,1.0009,1.001,12130.19,12143.462243,33,4522.04,4527.712456,201912
1.0013,1.0013,1.001,1.001,3973.78,3978.367459,13,2971.48,2975.065159,201912
1.0011,1.0012,1.001,1.0011,4176.28,4180.900717,13,2603.73,2606.679402,201912
1.0011,1.0013,1.0005,1.0013,45328.03,45369.812966,76,25107.33,25132.346145,201912
1.001,1.0013,1.0009,1.0011,3663.88,3668.037964,12,3302.59,3306.422803,201912
1.0011,1.0013,1.0009,1.0013,9659.83,9670.029639,23,6444.69,6451.771199,201912
1.0012,1.0013,1.0009,1.0009,7310.19,7318.391576,24,4456.4,4462.033165,201912
1.0009,1.0012,1.0008,1.0008,16254.8,16270.366575,27,2948.06,2951.453336,201912
1.0008,1.0012,1.0007,1.0007,6606.42,6612.777712,36,3848.52,3852.651738,201912
1.0007,1.0012,1.0005,1.0009,12088.21,12099.974827,44,8823.64,8832.788233,201912
1.001,1.0012,1.0009,1.0011,5252.79,5257.887148,22,1294.7,1296.125474,201912
1.0009,1.0012,1.0008,1.0008,6996.03,7002.085601,25,365.6,366.01191,201912
1.0008,1.001,1.0007,1.0009,10132.18,10141.047192,20,4410.0,4414.297363,201912
1.001,1.0013,1.0006,1.0006,29502.94,29531.156603,27,20226.49,20246.777621,201912
1.0011,1.0011,1.0006,1.0009,7995.19,8000.691623,20,1252.24,1253.25231,201912
1.0007,1.0009,1.0005,1.0006,7101.18,7105.91341,19,3401.34,3403.890563,201912
1.0005,1.0009,1.0002,1.0004,46192.54,46218.068221,112,18254.53,18268.334882,201912
1.0009,1.0011,1.0004,1.0008,8407.73,8415.042338,28,5653.84,5659.392261,201912
1.0008,1.001,1.0001,1.0003,86578.3,86620.758787,108,15295.42,15306.0406,201912
1.0007,1.0014,1.0004,1.0008,43508.83,43545.502161,119,27939.54,27963.717067,201912
1.0008,1.0012,1.0007,1.0007,19025.16,19041.266851,68,1190.05,1191.28082,201912
1.0007,1.0012,1.0005,1.001,30592.58,30617.944457,97,13148.64,13162.642349,201912
1.0005,1.0011,1.0005,1.0011,15275.08,15287.975599,80,10341.26,10351.300065,201912
1.0006,1.0012,1.0006,1.0011,10130.5,10138.66841,75,3741.57,3745.403874,201912
1.0011,1.0016,1.0004,1.0005,20609.68,20626.6952,65,7588.24,7597.022874,201912
1.0006,1.001,1.0003,1.0005,15470.67,15479.693761,56,3219.84,3222.60545,201912
1.0005,1.0012,1.0002,1.0003,19099.29,19112.747197,79,10536.1,10545.165141,201912
1.0004,1.0015,1.0002,1.0007,26854.54,26884.074694,75,21351.49,21377.877301,201912
1.0007,1.0016,1.0005,1.0005,8874.02,8884.246456,32,5458.37,5465.963827,201912
1.0005,1.001,1.0004,1.0008,9726.46,9732.016645,47,1203.36,1204.34156,201912
1.0008,1.0016,1.0003,1.0003,38942.06,38978.051195,83,18123.92,18148.600767,201912
1.0011,1.0011,1.0001,1.0001,33866.0,33875.009915,68,3556.86,3558.883168,201912
1.0005,1.0012,1.0001,1.0001,46494.29,46524.819179,89,30731.73,30756.560809,201912
1.0008,1.0011,1.0002,1.0007,22231.66,22243.199245,54,5974.17,5979.345316,201912
1.0009,1.0011,1.0005,1.0007,26626.36,26646.357573,57,8003.63,8011.643242,201912
1.0011,1.0011,1.0006,1.0008,13004.36,13016.265345,22,7600.19,7608.133007,201912
1.0007,1.0009,1.0002,1.0002,33883.26,33901.236617,60,11005.62,11011.70359,201912
1.0003,1.0008,1.0001,1.0008,11322.09,11326.283898,29,1349.51,1350.554061,201912
1.0007,1.0008,1.0003,1.0005,16070.39,16081.511242,27,12064.67,12074.271247,201912
1.0005,1.0008,1.0005,1.0005,8601.39,8606.514335,17,2308.61,2310.237142,201912
1.0005,1.0008,1.0003,1.0008,21240.51,21252.346523,31,1527.37,1528.591896,201912
1.0007,1.0009,1.0006,1.0009,14656.67,14666.902253,29,2118.15,2120.056335,201912
1.0009,1.0011,1.0006,1.001,18820.32,18836.108164,48,13362.41,13374.161124,201912
1.001,1.0014,1.0006,1.0014,15166.49,15182.288188,43,8602.24,8612.625399,201912
1.0013,1.0013,1.0005,1.0005,36970.29,36993.376402,66,4107.81,4111.613153,201912
1.0005,1.0009,1.0004,1.0004,44384.23,44407.074164,89,9457.45,9463.323438,201912
1.001,1.001,1.0001,1.0001,36106.75,36117.151739,68,3685.8,3689.15899,201912
1.0008,1.0011,1.0001,1.0009,70172.1,70189.188965,140,17796.21,17807.389518,201912
1.0008,1.0009,0.9996,0.9998,65382.12,65374.794189,134,3932.65,3934.126752,201912
0.9998,1.0003,0.9997,0.9998,67969.59,67956.887023,126,6786.5,6786.890072,201912
0.9998,1.0001,0.9997,0.9999,67279.99,67264.431051,99,3195.89,3195.803244,201912
0.9999,0.9999,0.9995,0.9997,85698.27,85670.096705,132,7838.66,7836.6101,201912
0.9997,1.0001,0.9995,0.9999,31544.7,31538.27439,61,19112.18,19109.930171,201912
0.9998,1.0001,0.9996,0.9999,44541.13,44533.95063,80,25900.19,25899.137634,201912
1.0,1.0018,0.9995,0.9997,108731.47,108769.524569,136,69434.12,69481.696782,201912
0.9996,1.0004,0.9995,0.9998,27896.89,27887.710545,62,4790.21,4788.606836,201912
0.9998,1.0001,0.9995,0.9995,51435.78,51423.843424,106,1277.22,1277.138706,201912
0.9998,0.9999,0.9993,0.9999,17603.47,17594.944956,47,1394.62,1394.136568,201912
0.9995,1.0,0.9995,1.0,7352.15,7350.83754,26,4866.85,4866.44512,201912
0.9997,1.0,0.9996,0.9997,22425.48,22421.740404,65,10355.43,10355.106555,201912
0.9998,1.0004,0.9997,0.9998,42102.08,42097.734285,93,12799.67,12800.314868,201912
0.9998,1.0001,0.9997,0.9998,42889.47,42880.997873,110,1304.42,1304.485692,201912
1.0,1.0001,0.9996,0.9997,26283.28,26277.65344,61,3697.02,3696.862826,201912
1.0001,1.0007,0.9997,1.0005,13720.86,13722.802027,45,5959.22,5961.925568,201912
1.0,1.0005,0.9996,0.9997,47454.27,47441.440732,73,10776.8,10774.43272,201912
0.9997,1.0,0.9996,0.9996,44793.86,44783.94978,73,548.48,548.432456,201912
0.9997,1.0,0.999,1.0,160467.25,160360.540881,75,19607.62,19606.69214,201912
0.9996,1.0001,0.9992,1.0,29251.5,29243.223079,67,11614.64,11614.377363,201912
1.0002,1.0007,0.9996,1.0001,13051.95,13052.15411,34,7343.2,7344.49461,201912
0.9997,1.0005,0.9996,1.0002,15621.62,15621.43088,43,4970.53,4972.54074,201912
1.0007,1.0009,0.9995,0.9999,21842.4,21845.533202,48,5174.55,5178.471648,201912
0.9999,1.0006,0.9999,0.9999,13960.62,13963.542202,29,4866.36,4868.939144,201912
0.9999,1.0003,0.9995,1.0002,30860.41,30851.805435,58,1142.21,1142.4034,201912
0.9999,1.0,0.9996,0.9996,22080.5,22074.177427,43,436.83,436.83,201912
0.9996,1.0001,0.9996,0.9999,5612.03,5611.417116,16,3129.39,3129.456691,201912
0.9999,1.0002,0.9994,1.0,15548.61,15546.046093,51,9209.89,9209.734935,201912
1.0002,1.0002,1.0,1.0,11106.63,11108.517574,39,9286.74,9288.536604,201912
1.0,1.0,0.9996,0.9999,6475.06,6474.457373,13,1276.79,1276.720837,201912
0.9998,1.0,0.9997,0.9997,14049.05,14046.16192,25,4795.79,4795.386894,201912
1.0001,1.0001,0.9994,0.9997,10699.85,10697.245338,33,3203.77,3203.424467,201912
0.9998,0.9999,0.9995,0.9995,7629.12,7627.19769,23,4038.01,4037.395964,201912
0.9995,1.0,0.9995,0.9998,9264.75,9262.695325,31,4862.4,4861.979583,201912
0.9997,1.0,0.9996,0.9997,6295.96,6294.220349,23,1404.21,1404.111584,201912
0.9997,1.0,0.9997,0.9997,4981.8,4981.024418,15,3619.37,3619.003147,201912
0.9997,0.9999,0.9993,0.9999,5810.01,5808.314538,30,1782.57,1782.347596,201912
0.9997,0.9999,0.9992,0.9994,26956.46,26943.740074,101,9609.81,9606.748769,201912
0.9994,0.9996,0.9992,0.9994,10086.44,10079.543268,66,1415.42,1414.712598,201912
0.9994,0.9998,0.9992,0.9996,14119.28,14110.221323,63,1794.21,1793.299505,201912
0.9995,0.9997,0.9993,0.9995,7874.95,7870.889112,24,2537.22,2536.166553,201912
0.9995,0.9998,0.9994,0.9997,7431.84,7428.84122,25,4665.89,4664.23041,201912
0.9995,0.9998,0.9995,0.9997,6340.86,6338.491962,28,2521.02,2520.411882,201912
0.9998,0.9998,0.9994,0.9998,7319.35,7317.41953,26,6842.84,6841.15405,201912
0.9994,0.9999,0.9993,0.9996,15491.4,15487.511569,31,12548.28,12545.839144,201912
0.9998,0.9999,0.9995,0.9997,12472.28,12469.725441,48,8562.1,8560.916005,201912
1.0,1.0001,0.9997,0.9997,4396.01,4395.120877,20,1931.82,1931.670134,201912
0.9997,1.0001,0.9997,1.0001,6696.65,6695.56579,24,2687.31,2687.163574,201912
0.9997,1.0001,0.9997,0.9999,7067.98,7066.769494,22,3577.35,3577.113987,201912
0.9997,1.0008,0.9997,0.9999,13841.48,13841.281482,32,2514.45,2515.346604,201912
1.0008,1.0012,0.9998,0.9998,48084.93,48114.348419,148,30570.26,30599.58506,201912
1.0003,1.0006,0.9997,1.0003,45748.01,45744.33651,108,10168.46,10171.399222,201912
0.9997,1.0003,0.9993,0.9993,36958.45,36938.563078,72,2868.76,2868.461986,201912
0.9994,1.0,0.999,0.9997,39688.73,39662.193203,55,1006.19,1005.922705,201912
0.9998,1.0001,0.9994,1.0,20149.72,20146.026277,59,11078.02,11077.229569,201912
0.9999,1.0,0.9996,0.9997,12119.28,12117.302233,37,7420.73,7420.114422,201912
0.9995,1.0005,0.9992,0.9994,24904.04,24896.360239,53,10579.36,10581.464827,201912
0.9998,1.0,0.9994,0.9997,16940.3,16933.637243,56,6368.99,6367.631603,201912
0.9999,1.0004,0.9992,0.9996,24941.51,24938.749033,49,21081.96,21080.105049,201912
1.0002,1.0003,0.9994,0.9994,11607.84,11606.363764,48,7184.78,7185.126735,201912
0.9994,1.0001,0.999,0.9995,68520.66,68475.764775,130,18375.73,18373.763072,201912
0.9999,1.0,0.9991,0.9995,42915.04,42895.494898,88,18739.89,18739.072485,201912
1.0,1.0003,0.9992,0.9996,19326.45,19322.981301,68,14279.84,14279.649047,201912
1.0,1.0004,0.9991,0.9993,26656.77,26648.853019,65,10572.64,10573.365638,201912
0.9993,1.0002,0.9992,0.9993,9841.35,9836.344065,34,1889.01,1888.84997,201912
0.9993,1.0,0.9993,0.9995,17942.75,17936.311422,53,7541.31,7540.456502,201912
0.9995,1.0002,0.999,0.9994,117411.75,117339.643011,190,26481.13,26478.92764,201912
0.9995,1.0,0.9992,0.9996,34844.4,34829.479032,69,12419.79,12417.380782,201912
0.9993,1.0001,0.9993,0.9997,18177.76,18175.565856,46,15695.9,15694.654795,201912
0.9996,1.0,0.9994,0.9994,28847.0,28842.475651,43,17978.72,17978.545268,201912
0.9994,0.9998,0.9992,0.9997,66848.32,66807.059868,80,10039.94,10037.384271,201912
0.9998,1.0002,0.9991,0.9996,124691.8,124653.370965,161,16677.02,16675.949979,201912
0.9996,1.0,0.9993,0.9996,72811.38,72778.501123,115,5873.31,5872.700005,201912
0.9999,1.0,0.9994,0.9997,37490.35,37476.059726,53,12650.93,12649.688189,201912
1.0,1.0004,0.9994,0.9998,105849.0,105825.094873,137,36017.31,36018.464409,201912
1.0002,1.0003,0.9996,0.9997,72191.4,72186.766224,60,35802.42,35806.771515,201912
0.9998,1.0001,0.9991,0.9998,119397.89,119377.486809,73,73373.44,73371.535442,201912
0.9999,1.0,0.9996,0.9996,10840.2,10838.10752,18,7284.6,7283.475509,201912
0.9998,1.0,0.9994,0.9996,22432.13,22421.471522,34,3904.16,3903.449202,201912
0.9995,0.9998,0.9994,0.9998,21693.45,21687.115341,16,19775.85,19770.584134,201912
0.9994,0.9997,0.9992,0.9992,7768.65,7764.782099,27,5267.74,5265.277739,201912
0.9993,0.9998,0.9991,0.9997,35171.67,35146.496355,61,11186.59,11180.892112,201912
0.9997,0.9997,0.9993,0.9996,7288.11,7284.309055,15,4357.18,4355.137613,201912
0.9995,0.9997,0.9992,0.9994,12638.58,12631.290846,34,4440.98,4439.324237,201912
0.9992,0.9995,0.9992,0.9994,13251.22,13242.33924,18,6155.47,6151.95212,201912
0.9993,0.9995,0.9993,0.9993,5954.48,5950.519417,7,4906.47,4903.243024,201912
0.9993,0.9994,0.9992,0.9993,13122.74,13113.808654,32,2735.34,2733.698796,201912
0.9993,0.9996,0.9991,0.9991,55786.05,55747.779602,44,27608.9,27592.795261,201912
0.9991,1.0,0.999,0.9999,82234.91,82197.836505,94,39639.68,39637.201931,201912
0.9993,1.0003,0.999,0.9991,86707.57,86675.757458,97,48096.45,48091.354133,201912
1.0,1.0004,0.999,0.9991,190155.86,190085.279947,274,81680.02,81684.728708,201912
0.9996,1.0003,0.999,1.0003,91590.49,91557.611688,107,38522.79,38513.238515,201912
0.9997,0.9997,0.999,0.9995,32129.1,32112.020745,103,12570.2,12564.702172,201912
0.9991,0.9995,0.9988,0.9993,33972.11,33940.578711,53,6198.14,6194.082862,201912
0.9989,0.9992,0.9988,0.9989,23202.89,23178.143125,43,7497.94,7491.300648,201912
0.9989,0.9995,0.9988,0.9995,26129.01,26101.810118,55,11932.31,11922.045429,201912
0.9991,0.9999,0.9991,0.9997,40890.87,40874.307705,75,30083.79,30072.264522,201912
0.9996,0.9998,0.9995,0.9997,10993.3,10989.176524,23,6278.53,6276.550591,201912
0.9996,1.0002,0.9991,1.0002,12363.82,12358.102355,42,8746.65,8743.280218,201912
0.9996,0.9996,0.9993,0.9995,18198.1,18189.808621,32,2706.74,2705.586463,201912
0.9995,0.9996,0.9993,0.9996,12099.77,12093.26146,25,4465.04,4463.156977,201912
0.9996,0.9996,0.9991,0.9993,14124.67,14115.553212,40,3033.5,3031.94844,201912
0.9992,1.001,0.9991,0.9997,74195.43,74198.367904,87,54656.93,54665.858728,201912
0.9993,0.9998,0.9992,0.9995,34201.0,34182.694998,67,18462.34,18455.554794,201912
0.9995,0.9997,0.9993,0.9997,14277.88,14270.666409,41,3918.62,3917.347712,201912
0.9997,0.9997,0.9993,0.9993,11523.9,11517.590951,64,2859.0,2857.957932,201912
0.9993,0.9995,0.9988,0.9993,150042.88,149868.770223,98,2041.55,2039.910649,201912
0.9993,0.9993,0.9988,0.9989,39477.53,39442.258515,70,20434.34,20418.885947,201912
0.9989,0.9992,0.9986,0.9986,154085.68,153896.61207,143,14740.02,14727.213565,201912
0.9988,0.9991,0.9986,0.9989,22177.28,22150.721704,90,10881.02,10869.08775,201912
0.9989,0.9989,0.9986,0.9987,43561.49,43501.478673,47,2007.96,2005.731644,201912
0.9989,0.999,0.9986,0.9988,111425.98,111273.376698,39,7460.47,7452.003061,201912
0.9989,0.9989,0.9986,0.9987,24475.98,24443.787886,27,6348.08,6340.4421,201912
0.9988,0.999,0.9987,0.9987,24322.73,24292.820615,57,11116.44,11103.698792,201912
0.9989,1.0001,0.9986,0.9987,164687.64,164490.105003,217,42176.06,42139.799777,201912
0.9987,0.9994,0.9987,0.999,24513.82,24485.519407,74,5212.46,5207.750103,201912
0.9988,0.999,0.9986,0.9987,20355.6,20331.33846,57,8073.22,8064.457885,201912
0.999,0.9994,0.999,0.9993,55265.7,55218.874581,91,27476.32,27455.04447,201912
0.999,0.9994,0.9989,0.9993,38263.09,38231.224689,61,19093.0,19078.471016,201912
0.9991,0.9993,0.9988,0.999,23609.64,23584.239401,36,2791.84,2789.178286,201912
0.999,0.999,0.9986,0.9989,23841.37,23811.40466,37,5547.37,5541.327299,201912
0.9989,0.999,0.9989,0.9989,5055.26,5049.974102,20,2755.49,2752.733849,201912
0.999,0.999,0.9987,0.9989,26866.81,26833.358257,41,1561.09,1559.467409,201912
0.9987,0.9989,0.9986,0.9988,3432.5,3428.477715,12,3172.66,3168.99358,201912
0.9988,0.9989,0.9987,0.9989,19178.74,19156.687844,51,16039.24,16021.269194,201912
0.9988,0.9991,0.9987,0.999,17027.06,17007.049238,32,4229.82,4225.431324,201912
0.9988,0.9991,0.9987,0.9988,36408.86,36362.952802,52,2754.25,2751.351893,201912
0.9988,0.9991,0.9988,0.9988,7128.95,7121.005607,40,2962.73,2959.749779,201912
0.9989,0.999,0.9987,0.9987,12542.86,12527.063253,28,1977.03,1974.946468,201912
0.9989,0.9991,0.9987,0.999,4963.86,4958.733763,23,4545.78,4541.194571,201912
0.999,0.9991,0.9987,0.9991,3601.3,3597.418822,18,3229.33,3225.932383,201912
0.9989,0.9991,0.9988,0.9988,11867.56,11854.855373,33,6372.38,6366.212424,201912
0.999,0.999,0.9987,0.9989,8545.8,8536.508979,39,6489.77,6483.151817,201912
0.9987,0.9989,0.9986,0.9988,31164.1,31123.60361,37,1334.95,1333.441368,201912
0.9989,0.9992,0.9988,0.999,32922.35,32890.484599,62,22645.3,22624.629355,201912
0.999,0.9992,0.9986,0.9988,52111.54,52049.899247,105,11855.59,11844.312474,201912
0.9988,0.9989,0.9986,0.9986,6275.33,6267.142423,18,2017.39,2014.916092,201912
0.9986,0.999,0.9986,0.9987,8037.29,8027.25105,26,3654.2,3650.084239,201912
0.9988,0.999,0.9987,0.9987,10338.04,10326.250423,30,6870.07,6862.649949,201912
0.9987,0.999,0.9987,0.999,11416.73,11403.713536,37,7140.87,7133.412154,201912
0.9988,0.9997,0.9988,0.9995,186993.95,186883.251806,112,106062.28,106005.35433,201912
0.9995,0.9995,0.9992,0.9995,77209.72,77161.016461,86,32310.1,32293.525692,201912
0.9995,0.9996,0.9991,0.9992,21506.15,21493.001295,46,7351.85,7348.617126,201912
0.9996,0.9996,0.9993,0.9994,5737.44,5734.265111,18,3450.91,3449.155395,201912
0.9996,0.9998,0.9994,0.9998,8723.88,8719.703608,28,4684.43,4682.438244,201912
0.9997,0.9997,0.9991,0.9991,35699.05,35673.500973,70,6613.06,6609.263147,201912
0.9991,0.9992,0.9989,0.999,13283.16,13270.293592,30,5607.59,5602.163786,201912
0.9989,0.9992,0.9988,0.9992,18750.65,18732.836896,64,10972.12,10963.049362,201912
0.9992,0.9992,0.9989,0.9989,5188.43,5183.102369,21,1025.36,1024.440046,201912
0.999,0.9993,0.999,0.9991,7436.64,7430.764185,21,4398.18,4394.933682,201912
0.9992,0.9993,0.9988,0.999,31930.56,31898.830852,69,13705.29,13693.38721,201912
0.999,0.9992,0.9986,0.9992,44191.76,44136.244102,54,10102.13,10093.700301,201912
0.999,0.9993,0.9989,0.9991,14014.59,14002.756753,36,10927.58,10918.918805,201912
0.9992,0.9993,0.9989,0.9992,15941.34,15929.66103,30,15874.79,15863.180831,201912
0.9992,0.9994,0.9991,0.9994,5220.95,5216.917459,12,2718.13,2716.071446,201912
0.9992,0.9996,0.9992,0.9996,6194.03,6190.900889,18,5571.45,5568.702383,201912
0.9995,0.9998,0.9995,0.9998,11673.69,11669.124116,28,4784.24,4782.443117,201912
0.9998,0.9998,0.9995,0.9998,3397.71,3396.707126,15,2357.43,2356.835022,201912
0.9996,0.9999,0.9995,0.9995,7966.26,7962.946354,21,2928.36,2927.530895,201912
0.9998,0.9998,0.9994,0.9995,16833.35,16826.636694,25,9580.5,9577.612545,201912
0.9996,0.9996,0.999,0.9994,22849.82,22835.011564,46,10702.98,10697.591487,201912
0.9994,0.9994,0.9991,0.9992,6773.78,6769.522198,15,3442.59,3440.416709,201912
0.9993,0.9995,0.9989,0.9993,23934.65,23918.000821,52,8995.59,8990.091345,201912
0.9991,0.9995,0.999,0.9993,27263.04,27243.732226,46,16738.26,16727.466812,201912
0.9992,0.9996,0.9989,0.999,38059.2,38028.470986,68,15113.23,15103.888244,201912
0.9991,1.0001,0.999,0.999,48940.65,48920.5936,109,25744.04,25733.215821,201912
0.9998,1.0001,0.9993,0.9995,49206.13,49186.509878,95,27051.8,27041.582687,201912
0.9995,0.9995,0.9992,0.9992,15700.85,15692.154343,75,12493.11,12486.716906,201912
0.9992,0.9995,0.999,0.9992,26752.29,26729.858116,103,9071.96,9066.034477,201912
0.9992,0.9996,0.9991,0.9996,19648.65,19637.560793,43,12482.51,12475.624837,201912
0.9997,0.9999,0.9995,0.9996,11058.91,11055.284429,32,9508.96,9506.089474,201912
0.9997,1.0001,0.9995,0.9998,22268.05,22261.667942,74,4126.4,4125.828622,201912
0.9997,0.9998,0.999,0.9998,46198.23,46170.963468,74,19958.61,19949.12939,201912
0.9993,0.9997,0.9992,0.9992,28831.29,28815.826864,44,15205.12,15198.626392,201912
0.9995,0.9998,0.9993,0.9997,32576.76,32564.837749,85,25118.04,25110.084661,201912
0.9998,0.9999,0.999,0.9996,54328.02,54299.34443,76,23399.58,23389.72548,201912
0.9995,0.9996,0.9993,0.9994,11127.94,11121.936551,57,6944.8,6941.657014,201912
0.9996,0.9996,0.9996,0.9996,4275.53,4273.819788,15,4275.53,4273.819788,201912
0.9996,1.0,0.9995,0.9999,9067.79,9065.807956,15,6281.63,6280.5578,201912
0.9997,1.0001,0.9997,1.0001,10298.92,10298.790279,14,9280.13,9280.302282,201912
0.9998,1.0001,0.9998,1.0,15581.86,15582.596254,21,12843.42,12844.582837,201912
0.9999,1.0001,0.9999,1.0001,7471.34,7471.573515,15,6615.43,6615.749106,201912
1.0001,1.0002,0.9998,1.0002,14003.87,14003.621051,53,7455.05,7456.110815,201912
1.0001,1.0001,0.9997,1.0,7783.68,7783.323518,19,1245.58,1245.585992,201912
1.0,1.0003,0.9997,1.0001,164508.05,164539.392256,23,161609.92,161641.995923,201912
1.0001,1.0005,0.9997,1.0004,14630.55,14633.601694,25,11075.38,11078.294855,201912
1.0002,1.0004,1.0,1.0,11085.47,11086.957686,27,5404.86,5405.991619,201912
1.0003,1.0004,1.0001,1.0001,7443.48,7445.195656,8,4964.59,4965.809878,201912
1.0002,1.0005,1.0002,1.0002,8450.28,8453.139814,19,7538.74,7541.417506,201912
1.0003,1.0004,1.0,1.0003,10201.23,10203.896269,25,8717.54,8719.980514,201912
1.0002,1.0006,1.0001,1.0004,15556.81,15563.739361,64,13944.6,13951.101201,201912
1.0003,1.0006,1.0002,1.0003,15851.72,15857.787361,35,5735.11,5738.419487,201912
1.0003,1.0006,1.0003,1.0004,5408.16,5410.603284,19,363.61,363.800313,201912
1.0004,1.0006,1.0,1.0001,50568.75,50580.567934,74,12062.29,12067.60768,201912
1.0001,1.0003,0.9998,1.0003,6042.2,6042.794384,22,3620.65,3621.443081,201912
1.0002,1.0004,0.9998,0.9998,18558.86,18559.508737,26,7844.44,7845.330048,201912
0.9998,1.0008,0.9998,1.0003,38382.88,38389.670584,38,20586.55,20592.176748,201912
1.0,1.0003,0.9993,0.9997,23103.74,23104.351527,34,499.13,499.221319,201912
0.9993,0.9999,0.9992,0.9999,16332.67,16327.488624,37,11128.89,11126.856855,201912
0.9999,1.0002,0.9996,1.0002,55071.15,55069.120044,58,45396.22,45396.994297,201912
1.0,1.0005,1.0,1.0004,4664.0,4665.207161,19,3814.59,3815.715161,201912
1.0005,1.0005,0.9999,1.0002,35422.43,35423.69852,55,2259.51,2260.010363,201912
1.0002,1.0004,1.0,1.0,15026.28,15028.799235,69,7915.44,7917.762078,201912
1.0,1.0001,1.0,1.0,69150.29,69150.534854,43,2448.54,2448.784854,201912
1.0004,1.0004,1.0,1.0004,10647.33,10650.703438,25,9613.77,9617.143438,201912
1.0002,1.0004,1.0,1.0,20052.11,20052.906537,37,2120.94,2121.602257,201912
1.0001,1.0004,1.0,1.0004,5009.63,5010.486871,30,2532.15,2532.889774,201912
1.0004,1.0004,0.9999,1.0002,13676.52,13678.203895,32,3318.24,3319.365556,201912
1.0,1.0004,0.9999,1.0002,14540.68,14540.097456,12,449.81,449.989924,201912
1.0003,1.0004,1.0,1.0,4264.42,4265.01201,7,1164.29,1164.533914,201912
1.0002,1.0002,1.0001,1.0001,685.93,686.01101,3,410.67,410.723484,201912
1.0001,1.0005,1.0,1.0002,30639.08,30645.692918,28,14244.52,14250.66103,201912
1.0,1.0002,0.9999,1.0002,9243.31,9243.667981,71,4028.59,4029.32118,201912
1.0001,1.0004,0.9998,1.0004,14790.63,14793.724136,49,12991.58,12994.782983,201912
1.0004,1.0006,1.0,1.0002,4382.47,4383.391986,15,2645.13,2646.011387,201912
1.0001,1.001,1.0,1.0001,52427.24,52449.886691,67,29049.97,29066.216254,201912
1.0001,1.0006,1.0,1.0005,40118.85,40131.700991,51,25198.47,25209.828953,201912
1.0004,1.0007,1.0003,1.0003,15116.26,15123.747767,36,8317.98,8323.428283,201912
1.0007,1.0014,1.0006,1.0013,38337.31,38374.073019,130,30147.97,30177.150946,201912
1.0013,1.0015,1.0006,1.0006,35301.42,35338.344695,144,20798.99,20825.828527,201912
1.0007,1.001,1.0005,1.001,21770.98,21788.751119,48,13796.15,13809.134497,201912
1.001,1.0012,1.0007,1.0012,15539.04,15554.039917,66,5318.05,5323.716607,201912
1.0012,1.0017,1.0011,1.0015,34579.36,34626.266764,58,18466.72,18495.053736,201912
1.0015,1.0015,1.0006,1.0009,34413.88,34444.133175,93,8520.56,8530.236107,201912
1.001,1.0011,1.0007,1.0007,7261.88,7268.095263,30,1940.56,1942.489617,201912
1.0007,1.0012,1.0007,1.0011,39284.18,39320.591008,102,18819.33,18839.824485,201912
1.0009,1.0011,1.0007,1.0007,19178.98,19196.82717,48,10776.33,10787.503914,201912
1.001,1.0011,1.0007,1.001,12212.35,12224.969393,37,9380.82,9390.915507,201912
1.0011,1.0011,1.001,1.0011,6402.33,6408.892677,24,188.73,188.937603,201912
1.001,1.0018,1.0007,1.0018,28100.75,28137.94226,63,14939.82,14964.286855,201912
1.0012,1.0015,1.001,1.0012,14643.51,14660.521127,51,3602.94,3607.724197,201912
1.0012,1.0012,1.001,1.001,3767.16,3771.08648,19,1353.1,1354.61242,201912
1.0011,1.0011,1.0009,1.0009,3239.07,3242.23278,18,326.47,326.825812,201912
1.0009,1.001,1.0007,1.0009,27189.04,27213.115979,93,1272.62,1273.795169,201912
1.0009,1.0011,1.0008,1.001,16956.11,16972.764708,53,5795.8,5802.02954,201912
1.001,1.0011,1.0007,1.001,9076.1,9084.54292,56,1976.04,1978.093644,201912
1.0007,1.0011,1.0006,1.0007,17633.72,17648.098172,68,7314.46,7321.660542,201912
1.0008,1.001,1.0006,1.001,10656.3,10665.984592,60,7302.46,7309.652001,201912
1.001,1.001,1.0007,1.0008,5542.07,5547.143617,47,2681.2,2683.8812,201912
1.001,1.0013,1.0009,1.0013,3401.03,3404.578719,27,1189.0,1190.326103,201912
1.001,1.0012,1.0006,1.0009,8082.3,8090.042536,51,1823.92,1825.977182,201912
1.0011,1.0011,1.0008,1.0008,3994.89,3998.511383,22,422.13,422.536848,201912
1.0009,1.001,1.0005,1.0008,23015.25,23033.750767,65,5990.75,5996.031164,201912
1.0009,1.001,1.0005,1.001,29796.09,29820.6192,66,16864.16,16880.51526,201912
1.0008,1.001,1.0006,1.0006,12239.97,12250.370841,50,4722.89,4727.555271,201912
1.0006,1.001,1.0006,1.0008,39879.47,39911.467997,146,32688.29,32715.133998,201912
1.0007,1.0017,1.0006,1.0014,35907.77,35951.283189,111,24225.23,24254.919157,201912
1.0014,1.0017,1.0012,1.0017,12953.03,12971.849011,58,5758.83,5767.82678,201912
1.0013,1.0017,1.0011,1.0014,26936.4,26972.645226,63,8931.01,8944.264003,201912
1.0014,1.0017,1.0013,1.0015,7858.81,7870.569755,29,2117.99,2121.406983,201912
1.0016,1.002,1.0014,1.0015,30809.64,30862.004081,120,8528.82,8544.494216,201912
1.0015,1.0017,1.0012,1.0014,42339.2,42398.345904,57,24577.03,24612.265886,201912
1.0013,1.0015,1.0006,1.0009,48247.94,48294.519469,113,3252.44,3256.408182,201912
1.001,1.0013,1.0009,1.0012,14092.92,14108.959838,45,11049.29,11062.287513,201912
1.0011,1.0013,1.001,1.0012,8884.01,8894.492794,31,4214.15,4219.407756,201912
1.001,1.0013,1.0006,1.0008,46596.8,46641.850065,82,11427.14,11439.288504,201912
1.0008,1.001,1.0003,1.0005,37594.35,37619.20347,66,7429.68,7434.868787,201912
1.0003,1.0007,1.0001,1.0007,17287.49,17293.685711,52,8383.57,8387.641907,201912
1.0007,1.0007,1.0002,1.0002,50623.1,50648.005989,94,23916.86,23931.841027,201912
1.0004,1.0008,1.0002,1.0005,20033.98,20045.790604,35,12738.75,12747.540807,201912
1.0008,1.001,1.0005,1.0006,25426.8,25445.738102,51,14909.81,14921.865386,201912
1.0006,1.001,1.0005,1.0009,13314.38,13325.172133,60,5628.39,5633.656243,201912
1.0009,1.001,1.0006,1.0006,12964.94,12975.412065,40,10169.79,10178.573963,201912
1.0007,1.001,1.0005,1.0005,10352.51,10359.653625,50,3641.04,3644.357364,201912
1.0006,1.0009,1.0004,1.0005,25403.98,25417.627553,86,4022.96,4026.571205,201912
1.0005,1.0008,1.0004,1.0008,27163.56,27181.469504,84,15661.11,15673.367376,201912
1.0004,1.0008,1.0004,1.0007,25095.49,25111.972249,94,15811.74,15823.950778,201912
1.0007,1.0009,1.0004,1.0009,8850.68,8856.560935,59,4650.02,4653.556469,201912
1.0007,1.0009,1.0006,1.0006,4075.48,4078.291049,38,1350.65,1351.743281,201912
1.0006,1.001,1.0006,1.001,12263.07,12274.18935,40,8858.73,8867.023963,201912
1.0009,1.001,1.0006,1.0006,16929.87,16943.917647,65,11510.28,11520.407989,201912
1.0006,1.0009,1.0003,1.0007,55292.31,55313.769801,61,9649.7,9656.943286,201912
1.001,1.0012,1.0008,1.001,8248.56,8256.715532,41,5154.65,5160.202901,201912
1.0008,1.0008,1.0004,1.0005,11020.57,11027.990006,38,1183.44,1184.303832,201912
1.0007,1.0007,1.0004,1.0007,8930.89,8936.013728,31,4962.62,4966.054834,201912
1.0007,1.0009,1.0004,1.0004,6468.37,6472.05225,29,2692.19,2694.127013,201912
1.0006,1.0008,1.0004,1.0007,10610.07,10616.009888,40,4773.35,4776.846107,201912
1.0007,1.0008,1.0003,1.0008,4048.53,4051.096719,27,2871.15,2873.225872,201912
1.0008,1.0008,1.0005,1.0005,8336.99,8343.007683,23,7573.9,7579.536138,201912
1.0007,1.0007,1.0005,1.0007,2593.21,2594.938697,7,1889.0,1890.3223,201912
1.0008,1.0008,1.0006,1.0007,2696.78,2698.800698,21,1993.8,1995.347391,201912
1.0006,1.0008,1.0004,1.0008,2628.11,2629.995438,19,1063.59,1064.404962,201912
1.0008,1.0008,1.0004,1.0005,15586.85,15597.649081,18,1009.18,1009.920418,201912
1.0007,1.0008,1.0003,1.0007,8989.41,8995.346478,34,7035.15,7040.325086,201912
1.0007,1.0008,1.0004,1.0004,7393.11,7398.130414,22,6415.11,6419.602585,201912
1.0007,1.0007,1.0003,1.0005,2448.72,2450.046249,18,1185.86,1186.62424,201912
1.0005,1.0007,1.0003,1.0004,6066.91,6070.576856,9,5099.38,5102.567471,201912
1.0007,1.0007,1.0003,1.0003,3761.39,3763.29999,14,2482.52,2483.924359,201912
1.0004,1.0007,1.0003,1.0006,12207.67,12215.863036,24,9863.41,9870.296951,201912
1.0006,1.0007,1.0004,1.0007,2056.86,2058.11831,18,1543.29,1544.328896,201912
1.0005,1.0008,1.0002,1.0002,11041.74,11046.98308,55,3420.3,3422.45254,201912
1.0005,1.0008,1.0004,1.0008,13363.9,13373.143545,27,13363.9,13373.143545,201912
1.0005,1.0008,1.0004,1.0007,2910.17,2911.781702,22,1384.11,1384.999104,201912
1.0008,1.0008,1.0004,1.0004,3759.88,3762.231037,15,2689.26,2691.182789,201912
1.0008,1.0008,1.0004,1.0006,4821.26,4824.151082,41,2346.86,2348.706602,201912
1.0007,1.0008,1.0004,1.0007,2882.02,2884.067835,23,1767.12,1768.498855,201912
1.0008,1.0008,1.0004,1.0004,6287.73,6290.894584,32,812.36,813.003725,201912
1.0004,1.0008,1.0002,1.0003,10541.79,10545.58549,35,2810.54,2812.40345,201912
1.0003,1.0007,1.0003,1.0005,6477.92,6480.947812,40,3168.67,3170.568673,201912
1.0003,1.0007,1.0002,1.0007,10180.56,10185.363805,37,5476.18,5479.58447,201912
1.0005,1.0007,1.0003,1.0007,4756.12,4758.118343,24,2263.24,2264.490479,201912
1.0005,1.0007,1.0003,1.0004,1448.89,1449.579545,12,823.68,824.15446,201912
1.0003,1.0006,1.0002,1.0003,3958.68,3960.070137,21,2313.88,2314.793253,201912
1.0004,1.0006,1.0001,1.0006,11825.78,11830.138364,33,9590.01,9593.919548,201912
1.0002,1.0007,1.0002,1.0006,6394.59,6398.133497,19,6120.67,6124.157523,201912
1.0004,1.0007,1.0004,1.0006,3974.82,3977.086124,20,2161.41,2162.78361,201912
1.0004,1.0007,1.0003,1.0007,7649.16,7652.433761,20,6191.23,6194.008439,201912
1.0003,1.0007,1.0003,1.0005,4486.15,4488.180201,12,2605.58,2607.04603,201912
1.0006,1.0007,1.0003,1.0007,3872.98,3875.411076,15,3752.27,3754.664863,201912
1.0003,1.0008,1.0,1.0005,95373.13,95404.452681,81,30051.85,30072.022128,201912
1.0003,1.0007,1.0003,1.0005,9300.42,9305.251069,11,8870.26,8874.915407,201912
1.0003,1.0007,1.0003,1.0007,23794.03,23808.238498,35,15818.36,15829.135696,201912
1.0007,1.0007,1.0004,1.0004,2249.47,2250.72106,4,665.71,666.175997,201912
1.0004,1.0007,1.0004,1.0007,6921.17,6925.001581,24,4004.36,4006.921794,201912
1.0007,1.0007,1.0004,1.0007,10633.88,10639.730722,24,7271.47,7275.956976,201912
1.0007,1.0007,1.0004,1.0006,15991.41,16001.013816,23,14217.16,14225.912396,201912
1.0005,1.0007,1.0003,1.0003,12577.57,12581.976072,17,1463.95,1464.751585,201912
1.0005,1.0006,1.0004,1.0006,5179.26,5181.904747,20,4459.47,4461.754852,201912
1.0005,1.0008,1.0001,1.0006,66843.84,66894.706062,33,64783.74,64833.737807,201912
1.0009,1.0012,1.0006,1.0012,3724.21,3727.744104,12,1830.26,1831.975062,201912
1.0012,1.0013,1.0009,1.0009,10776.39,10787.253895,38,503.91,504.553692,201912
1.001,1.001,1.0004,1.0004,66771.84,66814.703489,86,10396.02,10403.899775,201912
1.0004,1.0008,1.0003,1.0006,13358.55,13364.721752,35,3863.11,3865.533847,201912
1.0006,1.0006,1.0002,1.0003,13530.14,13534.978299,44,3112.48,3114.153266,201912
1.0006,1.0008,1.0005,1.0007,19137.94,19149.340764,18,15140.31,15149.380667,201912
1.0004,1.0009,1.0004,1.0009,15396.59,15406.522359,20,4016.86,4019.922288,201912
1.0006,1.0008,1.0005,1.0008,16770.27,16779.777023,36,1738.39,1739.639748,201912
1.0005,1.0008,1.0002,1.0003,69252.29,69283.527655,170,4568.04,4570.813843,201912
1.0003,1.0007,1.0002,1.0007,9383.36,9389.552483,36,9005.95,9012.060861,201912
1.0003,1.0006,1.0002,1.0005,28691.91,28705.434496,57,17343.01,17352.746287,201912
1.0006,1.0007,1.0003,1.0005,10535.81,10540.607758,36,6423.75,6427.293481,201912
1.0003,1.0004,1.0002,1.0004,14273.41,14277.500794,34,3917.13,3918.64562,201912
1.0002,1.0006,1.0001,1.0002,44842.64,44850.931426,114,4726.88,4729.372202,201912
1.0002,1.0003,1.0001,1.0001,13852.59,13854.308342,61,1398.19,1398.469638,201912
1.0001,1.0005,1.0001,1.0004,11946.9,11950.046484,46,6025.29,6027.641337,201912
1.0005,1.0006,1.0002,1.0002,6770.48,6773.242098,15,5570.48,5573.002098,201912
1.0005,1.0006,1.0002,1.0002,5819.88,5821.671027,10,3419.89,3421.201029,201912
1.0003,1.0005,1.0001,1.0005,10633.74,10637.956986,19,7760.72,7764.351794,201912
1.0005,1.0005,1.0001,1.0005,3621.96,3622.87102,10,1065.21,1065.725631,201912
1.0005,1.0005,1.0001,1.0001,23016.15,23022.370762,120,9289.31,9293.954655,201912
1.0001,1.0006,1.0001,1.0003,11095.2,11098.902001,39,5541.26,5543.877323,201912
1.0006,1.0006,1.0001,1.0001,9478.87,9481.791876,23,1998.43,1999.537991,201912
1.0003,1.0005,0.9999,1.0,7913.51,7914.33468,26,2854.89,2855.275568,201912
1.0002,1.0002,0.9997,1.0,56928.99,56928.475792,83,37469.85,37468.388454,201912
1.0002,1.0004,0.9999,1.0,18863.03,18864.977167,64,9649.66,9651.474541,201912
0.9999,1.0003,0.9999,1.0002,13057.95,13059.770609,42,8489.66,8491.413559,201912
1.0,1.0005,0.9999,1.0002,32700.5,32707.537052,85,14597.88,14602.790643,201912
1.0004,1.0004,0.9999,1.0,10797.5,10798.291352,42,3778.49,3779.146089,201912
1.0,1.0004,0.9999,1.0003,8584.85,8585.586354,41,2053.82,2054.225962,201912
1.0,1.0004,1.0,1.0001,10066.87,10068.245926,45,3448.31,3449.279896,201912
1.0002,1.0002,1.0001,1.0001,12398.81,12400.667257,32,6173.76,6174.994752,201912
1.0001,1.0005,1.0001,1.0001,7566.12,7568.790786,14,6579.71,6582.282145,201912
1.0004,1.0005,1.0001,1.0005,8774.96,8777.70205,19,5711.71,5714.021917,201912
1.0005,1.0006,1.0001,1.0006,14415.42,14420.969125,31,9427.37,9431.96015,201912
1.0005,1.0006,1.0002,1.0002,4881.26,4883.930667,5,3913.07,3915.384035,201912
1.0002,1.0005,1.0002,1.0004,3216.27,3217.617504,5,1444.95,1445.466771,201912
1.0004,1.0005,1.0002,1.0002,2079.85,2080.524388,7,1218.43,1218.932104,201912
1.0004,1.0006,1.0002,1.0003,1940.63,1941.364144,14,1643.92,1644.590305,201912
1.0005,1.0008,1.0001,1.0002,46313.57,46332.840964,185,25364.62,25378.479392,201912
1.0001,1.0006,0.9998,1.0002,106404.37,106413.093849,142,4297.42,4298.62968,201912
1.0001,1.0002,0.9998,0.9999,7603.52,7604.330106,22,7133.59,7134.459326,201912
0.9999,1.0002,0.9999,1.0002,13641.94,13643.355448,55,9723.23,9724.929425,201912
1.0002,1.0003,0.9999,0.9999,11753.25,11755.086001,23,10699.3,10701.157316,201912
0.9999,1.0008,0.9999,1.0007,25333.26,25341.449211,39,19225.86,19231.423232,201912
1.0008,1.0009,1.0005,1.0005,7721.74,7726.797778,20,3321.87,3324.324125,201912
1.0005,1.0009,1.0005,1.0009,5904.46,5908.407136,16,3617.85,3620.617214,201912
1.0008,1.0008,1.0003,1.0003,11823.04,11828.580125,28,4142.8,4145.396771,201912
1.0003,1.0007,1.0003,1.0005,9788.91,9792.72418,37,3469.22,3471.049505,201912
1.0006,1.0007,1.0004,1.0007,5048.13,5051.176314,22,4346.51,4349.23899,201912
1.0006,1.001,1.0005,1.0009,12177.12,12186.867055,31,8826.71,8834.209619,201912
1.001,1.001,1.0007,1.0009,5072.66,5076.988359,22,2681.43,2683.778852,201912
1.0007,1.0009,1.0003,1.0003,15520.08,15530.028377,25,2996.31,2998.423733,201912
1.0005,1.0006,1.0002,1.0003,3344.7,3346.154539,14,2356.07,2357.178215,201912
1.0005,1.0006,1.0003,1.0005,8761.64,8766.382933,23,7904.95,7909.37518,201912
1.0006,1.0006,1.0003,1.0005,6488.0,6491.397676,12,5689.28,5692.43806,201912
1.0005,1.0006,1.0003,1.0004,10548.03,10551.832872,27,4219.81,4221.714406,201912
1.0005,1.0006,1.0002,1.0006,21009.0,21018.93871,95,13119.18,13126.765205,201912
1.0003,1.0006,1.0003,1.0005,9372.25,9376.210393,23,5845.75,5848.464513,201912
1.0006,1.0006,1.0004,1.0006,8095.1,8099.278445,23,5695.11,5698.328449,201912
1.0003,1.0005,1.0002,1.0002,11444.17,11447.364575,36,3300.28,3301.483518,201912
1.0003,1.0007,1.0002,1.0006,6141.94,6144.720064,25,3139.76,3141.363036,201912
1.0004,1.0006,1.0001,1.0005,11843.72,11846.83738,39,4184.64,4186.291314,201912
1.0003,1.0004,1.0,1.0002,9560.62,9562.045062,25,2588.6,2589.34371,201912
1.0002,1.0003,1.0,1.0002,4462.42,4462.813054,15,1640.79,1641.118604,201912
1.0,1.0003,1.0,1.0003,10289.57,10291.495338,23,7171.9,7173.825338,201912
1.0002,1.0005,1.0001,1.0003,9184.92,9188.130627,24,5327.08,5329.351993,201912
1.0002,1.0005,1.0,1.0003,11033.0,11035.107856,22,2614.89,2615.930928,201912
1.0002,1.0003,1.0002,1.0003,3261.07,3261.919864,8,1976.5,1977.09295,201912
1.0002,1.0004,1.0002,1.0002,2743.96,2744.8085,8,1986.9,1987.549604,201912
1.0002,1.0003,1.0001,1.0001,4675.09,4676.010594,10,1068.52,1068.840556,201912
1.0001,1.0003,1.0,1.0003,22017.39,22019.597163,23,1452.46,1452.754051,201912
1.0003,1.0004,1.0,1.0002,7227.83,7229.787607,30,2622.05,2623.041575,201912
1.0002,1.0004,1.0002,1.0002,7601.79,7604.416618,16,5241.52,5243.59294,201912
1.0002,1.0005,1.0002,1.0003,2497.78,2498.666246,11,405.64,405.84282,201912
1.0003,1.0006,1.0001,1.0002,4595.05,4596.312432,17,1469.27,1469.926756,201912
1.0004,1.0004,1.0001,1.0002,3035.13,3035.884792,18,996.29,996.638232,201912
1.0002,1.0004,1.0001,1.0003,2737.39,2738.158238,10,0.0,0.0,201912
1.0004,1.0005,1.0001,1.0004,6249.45,6251.156118,36,2537.43,2538.46768,201912
1.0004,1.0007,1.0002,1.0004,21270.03,21279.072049,37,15660.04,15667.119047,201912
1.0003,1.0007,1.0003,1.0004,13321.68,13328.918052,37,10206.35,10212.428708,201912
1.0007,1.0011,1.0005,1.0011,9753.75,9760.91235,18,7935.61,7941.439331,201912
1.0011,1.0012,1.0007,1.001,7162.27,7168.958761,25,2651.5,2654.175164,201912
1.001,1.0011,1.0007,1.0007,6375.58,6381.54887,17,1210.85,1211.960385,201912
1.0008,1.0011,1.0007,1.0007,7420.49,7426.212833,24,1004.14,1005.159744,201912
1.0009,1.0011,1.0006,1.0007,6800.73,6805.438013,18,225.72,225.938038,201912
1.0007,1.001,1.0006,1.0007,2536.96,2538.882424,9,1017.7,1018.585838,201912
1.001,1.0011,1.0006,1.0006,3516.71,3519.483943,11,693.7,694.271003,201912
1.0007,1.0008,1.0006,1.0006,1730.27,1731.582785,10,354.92,355.203936,201912
1.0006,1.0009,1.0006,1.0009,4797.67,4801.162558,24,2643.39,2645.48747,201912
1.0008,1.0013,1.0008,1.0012,2030.64,2033.027127,8,1205.21,1206.653775,201912
1.0011,1.0012,1.0009,1.001,5395.17,5401.165153,17,4363.12,4368.151502,201912
1.0011,1.0013,1.001,1.0011,5854.93,5861.996231,16,5287.86,5294.338072,201912
1.0009,1.001,1.0008,1.0009,4531.54,4535.486791,11,2231.86,2233.936619,201912
1.0008,1.0008,1.0005,1.0005,3433.61,3436.212039,15,0.0,0.0,201912
1.0008,1.0008,1.0005,1.0007,7999.91,8006.065025,13,7639.59,7645.495697,201912
1.0008,1.0013,1.0008,1.001,3304.65,3308.125518,12,2416.54,2419.119768,201912
1.0012,1.0012,1.001,1.0011,4104.41,4109.07744,16,3229.93,3233.72296,201912
1.0012,1.0012,1.001,1.001,11955.08,11968.512348,29,7964.31,7973.751578,201912
1.0011,1.0013,1.001,1.0011,5864.62,5871.477555,23,4284.38,4289.547427,201912
1.0011,1.0013,1.0009,1.0013,3073.17,3076.67415,15,925.36,926.492386,201912
1.0009,1.0011,1.0006,1.0006,7647.68,7654.565761,22,1043.68,1044.828048,201912
1.0007,1.0011,1.0006,1.0008,3543.13,3545.977372,11,742.35,743.09388,201912
1.0009,1.001,1.0006,1.0008,2641.76,2644.077591,9,1374.33,1375.605049,201912
1.0008,1.0011,1.0006,1.0007,3736.27,3739.154364,17,1141.32,1142.329795,201912
1.0007,1.0009,1.0006,1.0008,9072.17,9078.002894,22,507.05,507.45564,201912
1.0006,1.0009,1.0006,1.0009,2722.71,2724.886901,10,1703.72,1705.185723,201912
1.0009,1.0013,1.0007,1.0011,11088.73,11100.059205,35,7027.86,7035.268019,201912
1.0012,1.0012,1.001,1.0011,4304.24,4308.786232,8,0.0,0.0,201912
1.0011,1.0011,1.0007,1.0007,1885.04,1886.78977,9,0.0,0.0,201912
1.0008,1.0011,1.0007,1.0009,3059.19,3062.12053,17,1570.84,1572.476086,201912
1.0009,1.001,1.0008,1.0009,1887.7,1889.381664,6,196.37,196.56637,201912
1.0009,1.0011,1.0008,1.001,6249.66,6256.009192,12,3667.55,3671.584305,201912
1.0008,1.001,1.0007,1.0008,5825.85,5830.440382,22,177.24,177.399516,201912
1.0009,1.0011,1.0008,1.0009,3881.19,3884.881006,17,2656.61,2659.143236,201912
1.0009,1.0009,1.0002,1.0006,16143.71,16151.070851,28,365.03,365.249018,201912
1.0005,1.0007,1.0002,1.0002,4310.41,4312.142243,25,1467.86,1468.544448,201912
1.0004,1.0004,1.0003,1.0004,2506.75,2507.623821,11,840.3,840.63612,201912
1.0003,1.0005,1.0001,1.0004,26189.66,26193.775534,22,315.95,316.107975,201912
1.0005,1.0006,1.0004,1.0005,5704.11,5707.111265,18,3005.55,3007.317094,201912
1.0004,1.0005,1.0002,1.0005,3417.61,3418.689205,10,1037.91,1038.306999,201912
1.0004,1.0005,1.0001,1.0001,3832.46,3833.657832,12,1475.34,1475.965676,201912
1.0002,1.0005,1.0002,1.0005,6040.12,6042.009443,22,2303.67,2304.649731,201912
1.0003,1.0006,1.0002,1.0002,6738.92,6741.592398,19,3098.48,3100.028152,201912
1.0003,1.0005,1.0002,1.0005,9992.64,9995.504257,20,685.96,686.258387,201912
1.0003,1.0006,1.0001,1.0002,13175.49,13178.348197,38,2487.53,2488.672127,201912
1.0002,1.0004,1.0001,1.0003,6839.48,6841.159632,53,1893.94,1894.547181,201912
1.0003,1.0003,1.0001,1.0001,2870.13,2870.604386,7,698.92,699.059784,201912
1.0001,1.0003,1.0001,1.0003,1712.08,1712.387734,6,0.0,0.0,201912
1.0002,1.0003,1.0002,1.0002,2254.48,2254.946945,4,2254.48,2254.946945,201912
1.0003,1.0006,1.0001,1.0006,1240.52,1240.930153,9,1143.54,1143.9174,201912
1.0005,1.0006,1.0002,1.0005,4066.52,4068.208288,16,4004.72,4006.395926,201912
1.0004,1.0005,1.0002,1.0004,3698.98,3700.142266,14,2262.35,2263.138674,201912
1.0004,1.0005,1.0002,1.0003,9477.16,9479.562644,24,2616.06,2617.00993,201912
1.0004,1.0005,1.0001,1.0004,9694.72,9696.76938,17,2785.82,2786.892261,201912
1.0001,1.0004,1.0001,1.0003,5435.77,5437.308721,17,3549.02,3550.230184,201912
1.0002,1.0004,1.0001,1.0001,6003.29,6004.177777,12,1808.0,1808.468248,201912
1.0003,1.0004,1.0002,1.0004,2693.04,2693.891283,15,1913.04,1913.696283,201912
1.0004,1.0005,1.0004,1.0004,5695.18,5697.791034,9,5695.18,5697.791034,201912
1.0005,1.0006,1.0004,1.0004,4648.7,4650.772991,13,1467.05,1467.850331,201912
1.0006,1.0007,1.0004,1.0004,3951.01,3952.932975,16,1397.63,1398.492623,201912
1.0006,1.0006,1.0005,1.0005,741.41,741.788156,4,741.41,741.788156,201912
1.0005,1.0005,1.0002,1.0004,5850.79,5852.976094,17,1116.01,1116.51402,201912
1.0002,1.0005,1.0002,1.0004,1177.21,1177.731229,6,1160.06,1160.577799,201912
1.0003,1.0006,1.0003,1.0006,1712.68,1713.422522,7,1316.74,1317.36374,201912
1.0006,1.0006,1.0003,1.0006,6705.75,6709.243397,23,4969.63,4972.40935,201912
1.0007,1.0007,1.0003,1.0004,2807.62,2809.229514,20,1306.54,1307.384545,201912
1.0005,1.0007,1.0003,1.0003,11251.08,11258.041003,24,9012.59,9018.605076,201912
1.0003,1.0003,1.0,1.0002,2232.22,2232.639688,8,828.52,828.685704,201912
1.0,1.0003,1.0,1.0,12033.95,12035.833892,38,5835.56,5837.195452,201912
1.0002,1.0003,1.0,1.0001,4936.53,4937.026667,25,1795.26,1795.587923,201912
1.0001,1.0002,1.0,1.0,8555.02,8555.512824,20,2347.34,2347.772896,201912
1.0001,1.0003,1.0,1.0002,7272.85,7274.138909,28,4916.15,4917.327275,201912
1.0002,1.0002,1.0,1.0,4151.06,4151.713493,12,4026.95,4027.603493,201912
1.0002,1.0002,1.0001,1.0001,6789.34,6790.628537,17,6096.03,6097.249206,201912
1.0002,1.0005,1.0001,1.0005,8144.48,8146.365865,27,8104.55,8106.431872,201912
1.0001,1.0005,1.0,1.0005,3576.14,3577.122646,19,2361.76,2362.586853,201912
1.0004,1.0004,1.0,1.0003,3526.49,3527.05076,12,2843.12,2843.68076,201912
1.0003,1.0003,0.9999,0.9999,13126.8,13127.542526,15,2489.72,2490.248793,201912
1.0001,1.0004,1.0,1.0003,9083.83,9085.6876,23,8988.01,8989.8676,201912
1.0004,1.0005,1.0002,1.0004,16700.83,16706.772093,27,9772.78,9776.673799,201912
1.0004,1.0006,1.0003,1.0004,8213.5,8217.341669,23,7668.99,7672.645061,201912
1.0004,1.0006,1.0002,1.0002,7623.42,7627.068759,27,5433.96,5436.790343,201912
1.0002,1.0006,1.0002,1.0002,5137.96,5140.160025,18,3945.53,3947.435282,201912
1.0003,1.0006,1.0003,1.0006,8860.16,8864.599386,17,8860.16,8864.599386,201912
1.0006,1.0008,1.0004,1.0008,10511.06,10517.219737,25,10069.99,10075.929202,201912
1.0009,1.0009,1.0003,1.0004,10899.97,10906.798374,29,1713.52,1714.825734,201912
1.0004,1.0004,0.9999,0.9999,35279.36,35287.06568,75,4460.43,4461.142478,201912
0.9999,1.0005,0.9999,1.0005,26159.21,26161.855524,96,6424.68,6427.162101,201912
1.0002,1.0005,1.0001,1.0005,7199.38,7202.113172,12,5085.89,5088.205699,201912
1.0002,1.0005,1.0001,1.0002,12416.19,12419.180784,24,323.75,323.911875,201912
1.0001,1.0004,1.0001,1.0002,4934.42,4935.674303,8,2643.68,2644.496104,201912
1.0002,1.0005,1.0001,1.0002,7843.48,7846.072762,15,3257.72,3259.34886,201912
1.0001,1.0006,1.0001,1.0006,38092.12,38107.340694,48,23302.7,23314.082422,201912
1.0002,1.0006,1.0001,1.0003,11137.48,11140.430751,37,1708.94,1709.854181,201912
1.0002,1.0004,1.0002,1.0002,5045.53,5047.004679,21,1033.88,1034.293552,201912
1.0003,1.0003,1.0002,1.0002,2581.77,2582.438945,20,357.65,357.757295,201912
1.0002,1.0004,1.0002,1.0002,5734.77,5736.512053,15,2288.31,2289.194565,201912
1.0003,1.0005,1.0003,1.0005,5767.97,5770.226335,17,4869.44,4871.426776,201912
1.0006,1.0007,1.0003,1.0004,4010.91,4012.561755,27,767.22,767.719331,201912
1.0005,1.0007,1.0005,1.0006,5179.64,5182.748565,17,3001.67,3003.621794,201912
1.0006,1.0007,1.0003,1.0003,5333.2,5336.120612,13,2776.68,2778.505007,201912
1.0007,1.0008,1.0003,1.0006,4784.62,4787.735763,14,4665.05,4668.118892,201912
1.0008,1.0008,1.0004,1.0004,3301.89,3303.629637,27,469.79,470.134268,201912
1.0006,1.0007,1.0004,1.0005,2469.73,2471.027649,9,2041.73,2042.856449,201912
1.0005,1.0007,1.0004,1.0005,5505.72,5508.129202,15,1739.59,1740.476351,201912
1.0006,1.0007,1.0005,1.0007,3357.97,3359.907795,9,3088.33,3090.132975,201912
1.0007,1.0007,1.0003,1.0004,12026.75,12032.352152,33,2820.87,2822.783753,201912
1.0004,1.0006,1.0004,1.0006,4199.75,4201.647098,15,605.28,605.592458,201912
1.0004,1.0007,1.0003,1.0003,33799.17,33809.919034,18,1320.63,1321.342565,201912
1.0006,1.0009,1.0003,1.0005,22631.79,22648.269815,19,20372.44,20387.952463,201912
1.0006,1.0008,1.0005,1.0008,2505.88,2507.526745,9,1538.58,1539.619467,201912
1.0004,1.0011,1.0004,1.0011,5700.54,5705.10516,9,5291.82,5296.148,201912
1.0009,1.0011,1.0009,1.0011,3886.93,3890.435019,4,2717.36,2719.812406,201912
1.0006,1.0009,1.0006,1.0008,3612.81,3615.672649,6,3093.51,3096.029209,201912
1.001,1.0012,1.0008,1.0012,3199.45,3202.309096,13,2362.28,2364.46936,201912
1.0009,1.0011,1.0008,1.0008,6191.24,6196.840122,16,198.82,199.038702,201912
1.0008,1.0009,1.0008,1.0008,521.7,522.13806,3,0.0,0.0,201912
1.0008,1.0011,1.0008,1.0008,1093.56,1094.486112,10,234.3,234.527226,201912
1.0008,1.0011,1.0008,1.0009,3911.38,3914.932016,16,2189.2,2191.374272,201912
1.0009,1.001,1.0008,1.001,3466.9,3469.881408,11,1714.61,1716.189576,201912
1.0008,1.0009,1.0006,1.0007,4555.01,4557.984623,12,848.89,849.497361,201912
1.0006,1.0009,1.0006,1.0006,2747.19,2749.023095,9,847.81,848.503467,201912
1.0007,1.0016,1.0007,1.0009,22691.37,22717.51234,35,17595.85,17617.39617,201912
1.0007,1.0009,1.0007,1.0009,4523.99,4527.454081,17,1486.44,1487.777796,201912
1.0007,1.001,1.0006,1.0006,4016.42,4019.491469,14,1522.07,1523.437644,201912
1.0007,1.001,1.0007,1.0009,1433.73,1435.034223,8,1433.73,1435.034223,201912
1.0006,1.001,1.0006,1.0009,4863.41,4868.05645,11,4583.06,4587.512715,201912
1.001,1.0012,1.0008,1.001,8587.58,8595.964639,15,7445.42,7452.890911,201912
1.001,1.001,1.0006,1.0006,9417.7,9424.759902,20,1653.28,1654.8905,201912
1.0009,1.001,1.0007,1.001,2861.38,2863.889158,9,2861.38,2863.889158,201912
1.0009,1.001,1.0006,1.0006,1917.32,1918.926098,6,1103.39,1104.385048,201912
1.0009,1.001,1.0005,1.0005,2318.31,2319.981129,10,1358.46,1359.629731,201912
1.0007,1.001,1.0005,1.0005,8049.17,8054.882617,33,4080.17,4083.648283,201912
1.0008,1.0008,1.0003,1.0007,13448.82,13455.554042,29,5867.92,5871.842532,201912
1.0005,1.001,1.0005,1.0008,10414.79,10422.114594,22,9245.29,9252.023658,201912
1.0007,1.001,1.0007,1.0009,6377.85,6383.032935,18,3217.19,3220.071016,201912
1.0007,1.001,1.0006,1.0009,7496.87,7502.44827,34,2583.4,2585.556236,201912
1.0006,1.001,1.0006,1.001,9806.51,9815.253403,45,8427.3,8435.139039,201912
1.0008,1.001,1.0005,1.0009,13270.79,13279.40932,42,2681.34,2683.617028,201912
1.0005,1.0015,1.0003,1.0005,19212.42,19225.066601,36,7852.28,7859.703493,201912
1.0005,1.0007,1.0005,1.0007,225.24,225.387584,4,174.82,174.942374,201912
1.0006,1.0006,1.0003,1.0003,6642.44,6644.770165,20,1124.77,1125.444862,201912
1.0003,1.0007,1.0003,1.0003,5654.13,5656.576738,9,1516.17,1517.089882,201912
1.0007,1.0007,1.0003,1.0003,13706.71,13714.088943,22,8364.2,8369.755063,201912
1.0003,1.0007,1.0002,1.0002,36832.9,36843.927984,66,1268.21,1268.924012,201912
1.0006,1.0006,0.9999,1.0002,12276.93,12280.326797,33,6091.38,6093.721534,201912
0.9999,1.0002,0.9999,1.0002,13540.1,13540.248086,35,1475.54,1475.835108,201912
1.0002,1.0002,0.9998,1.0001,15669.93,15672.141389,38,1953.38,1953.308496,201912
1.0001,1.0001,0.9999,0.9999,4762.59,4762.3341,27,3173.15,3173.053044,201912
0.9999,1.0,0.9998,0.9999,10135.24,10134.270297,16,1638.58,1638.492046,201912
1.0,1.0,0.9997,0.9998,5204.92,5204.06981,18,3100.7,3100.421545,201912
0.9998,1.0002,0.9998,0.9999,8149.51,8148.611774,15,4029.64,4029.200941,201912
1.0002,1.0002,0.9998,0.9999,10380.45,10378.930323,21,1233.68,1233.715825,201912
0.9999,1.0,0.9998,0.9998,2968.25,2967.949853,7,1913.43,1913.340817,201912
1.0001,1.0002,0.9998,0.9999,7870.35,7870.462391,21,4377.91,4378.343586,201912
0.9999,1.0002,0.9998,0.9999,7837.2,7837.326846,22,5030.69,5031.117898,201912
1.0001,1.0002,0.9998,0.9999,27257.01,27253.052445,33,2980.91,2981.295465,201912
0.9999,1.0003,0.9999,1.0002,43900.45,43906.271217,73,36072.75,36078.7043,201912
1.0001,1.0003,1.0001,1.0003,15530.53,15534.827474,23,15189.47,15193.733368,201912
1.0002,1.0003,1.0,1.0,3790.73,3791.34432,9,3418.29,3418.87432,201912
1.0003,1.0006,1.0001,1.0006,4676.93,4678.037518,8,4676.93,4678.037518,201912
1.0005,1.0005,1.0003,1.0004,6169.11,6171.694926,16,3025.1,3026.501723,201912
1.0003,1.0006,1.0003,1.0006,2863.83,2865.113508,14,2146.14,2147.168688,201912
1.0006,1.0007,1.0003,1.0003,3084.93,3086.313322,20,1787.15,1788.143988,201912
1.0003,1.0004,0.9999,1.0002,25401.11,25405.398632,54,8693.35,8695.485604,201912
1.0001,1.0002,1.0,1.0,4222.58,4223.051017,14,2036.08,2036.430982,201912
1.0,1.0003,1.0,1.0003,7338.77,7340.647288,13,6372.69,6374.519278,201912
1.0002,1.0003,1.0,1.0001,4121.91,4122.673946,22,2869.95,2870.609543,201912
1.0001,1.0003,1.0001,1.0003,5408.56,5409.497708,44,2381.26,2381.814712,201912
1.0003,1.0004,1.0001,1.0001,8156.96,8158.849268,35,713.63,713.913988,201912
1.0002,1.0005,1.0,1.0,17176.15,17179.111076,41,3340.36,3341.440368,201912
1.0,1.0003,1.0,1.0002,2964.41,2964.886889,12,2588.34,2588.788204,201912
1.0,1.0003,1.0,1.0003,289.59,289.604382,5,110.12,110.132765,201912
1.0003,1.0005,1.0001,1.0004,13818.05,13823.220915,30,13208.85,13213.920995,201912
1.0001,1.0006,1.0001,1.0005,2442.52,2443.522039,18,1467.02,1467.680847,201912
1.0005,1.0009,1.0004,1.0009,15639.85,15647.908584,29,15347.22,15355.161531,201912
1.0005,1.0005,1.0004,1.0004,9419.17,9423.542823,33,666.05,666.383025,201912
1.0004,1.0009,1.0004,1.0009,8008.28,8014.432434,17,6528.65,6534.000637,201912
1.0008,1.0009,1.0005,1.0005,8753.0,8760.059387,35,5071.28,5075.821411,201912
1.0008,1.0008,1.0005,1.0006,9963.07,9969.994784,26,6265.01,6269.931425,201912
1.0008,1.0009,1.0005,1.0009,9187.05,9193.53043,41,2777.55,2779.949788,201912
1.0009,1.0016,1.0007,1.001,48324.59,48379.008177,90,31670.17,31709.427454,201912
1.0009,1.0012,1.0006,1.0009,28973.2,28997.277875,54,6062.95,6068.803009,201912
1.0009,1.001,1.0007,1.001,3409.63,3412.349531,9,3247.88,3250.453956,201912
1.0006,1.001,1.0006,1.0007,2259.25,2260.913451,15,1625.15,1626.432991,201912
1.0006,1.0006,1.0006,1.0006,3111.99,3113.857194,18,0.0,0.0,201912
1.001,1.001,1.0006,1.0008,1487.46,1488.582866,8,956.84,957.644494,201912
1.001,1.001,1.0006,1.0006,1108.55,1109.509238,4,972.36,973.237524,201912
1.0006,1.001,1.0006,1.001,1826.03,1827.776658,11,1698.83,1700.500338,201912
1.0007,1.0009,1.0005,1.0005,2144.09,2145.576401,9,297.14,297.407426,201912
1.0006,1.001,1.0006,1.001,3071.51,3074.286114,15,2886.95,2889.615378,201912
1.0006,1.001,1.0006,1.0006,1145.83,1146.720754,7,974.71,975.498082,201912
1.0007,1.0007,1.0003,1.0003,5343.74,5346.750249,24,3458.61,3460.920846,201912
1.0003,1.0008,1.0003,1.0008,2623.09,2624.979808,5,2114.37,2116.061496,201912
1.0007,1.0008,1.0007,1.0007,2696.53,2698.653025,8,2696.53,2698.653025,201912
1.0004,1.0006,1.0004,1.0004,855.95,856.381072,6,443.46,443.726076,201912
1.0004,1.0008,1.0004,1.0008,2803.6,2805.347448,14,1917.69,1919.083084,201912
1.0005,1.0005,1.0002,1.0003,6135.57,6138.127822,17,144.9,144.97245,201912
1.0004,1.001,1.0003,1.0003,3961.64,3963.574878,22,1527.15,1528.31681,201912
1.0008,1.0008,1.0003,1.0003,348.99,349.252087,4,314.78,315.031824,201912
1.0006,1.0007,1.0003,1.0005,1666.67,1667.569334,11,560.29,560.672263,201912
1.0005,1.0005,1.0002,1.0002,3322.29,3323.410833,12,0.0,0.0,201912
1.0002,1.0005,1.0001,1.0005,1237.03,1237.424425,7,811.68,811.99421,201912
1.0001,1.0006,1.0,1.0,4852.94,4854.595918,26,3509.81,3511.342903,201912
1.0004,1.0007,1.0002,1.0005,20279.69,20288.018346,27,17357.46,17364.929899,201912
1.0004,1.0007,1.0004,1.0004,8644.42,8648.625151,15,7086.03,7089.611795,201912
1.0004,1.0005,1.0004,1.0005,5762.18,5765.041814,8,5569.42,5572.20471,201912
1.0004,1.0005,1.0004,1.0005,2044.74,2045.657261,13,993.65,994.146825,201912
1.0004,1.0007,1.0002,1.0002,3516.16,3517.647234,17,1254.72,1255.39572,201912
1.0005,1.0007,1.0004,1.0004,4309.8,4312.162642,9,3960.2,3962.422802,201912
1.0005,1.0005,1.0003,1.0003,1665.62,1666.365888,7,0.0,0.0,201912
1.0003,1.0006,1.0003,1.0005,790.45,790.810372,7,439.42,439.675063,201912
1.0005,1.0005,1.0003,1.0003,3804.41,3805.718589,12,407.25,407.453625,201912
1.0003,1.0003,1.0,1.0,14823.45,14827.043726,31,0.0,0.0,201912
1.0,1.0003,1.0,1.0002,3860.04,3861.069329,10,3077.78,3078.652877,201912
1.0002,1.0003,0.9998,0.9998,14420.34,14419.913335,19,2024.28,2024.740429,201912
1.0003,1.0003,0.9998,1.0003,4241.22,4241.938125,17,4209.09,4209.814551,201912
1.0,1.0003,0.9999,1.0003,12644.74,12647.810753,16,10715.89,10718.900165,201912
1.0003,1.0003,1.0001,1.0003,4364.97,4366.212898,16,4336.88,4338.120089,201912
1.0003,1.0003,1.0001,1.0001,1778.17,1778.553753,8,1388.18,1388.485755,201912
1.0001,1.0003,0.9998,0.9998,12517.97,12517.22683,17,2828.27,2828.9957,201912
0.9998,1.0002,0.9998,1.0,5673.28,5672.581416,6,1981.12,1981.159848,201912
0.9999,1.0002,0.9997,1.0001,13173.75,13171.182605,20,2132.9,2133.014226,201912
0.9998,1.0001,0.9998,1.0001,5008.25,5008.395133,6,3822.61,3822.992261,201912
1.0,1.0,1.0,1.0,722.6,722.6,1,722.6,722.6,201912
0.9999,1.0001,0.9998,0.9999,3825.49,3824.997453,12,823.84,823.784292,201912
1.0,1.0001,0.9998,0.9998,1526.09,1525.895022,13,500.52,500.530136,201912
0.9998,0.9998,0.9997,0.9998,4348.1,4347.084939,19,0.0,0.0,201912
1.0,1.0,0.9996,0.9996,13746.37,13742.912922,27,6904.21,6903.489786,201912
0.9996,0.9999,0.9996,0.9998,1764.21,1763.867145,8,907.41,907.319259,201912
0.9998,0.9998,0.9998,0.9998,785.27,785.112946,1,0.0,0.0,201912
0.9999,1.0002,0.9999,0.9999,4372.54,4372.327174,13,1102.16,1102.274212,201912
0.9999,1.0002,0.9999,1.0002,4032.82,4033.494584,5,3919.46,3920.14592,201912
1.0,1.0002,0.9999,1.0001,3339.12,3339.605492,8,2910.62,2911.070344,201912
1.0002,1.0002,1.0002,1.0002,105.83,105.851166,2,105.83,105.851166,201912
1.0001,1.0001,0.9997,0.9998,14612.87,14611.007103,30,2877.78,2878.000407,201912
1.0001,1.0001,0.9998,1.0001,4090.52,4090.336586,15,1892.07,1892.259207,201912
1.0,1.0001,1.0,1.0001,3022.67,3022.925989,3,2559.89,2560.145989,201912
1.0,1.0001,0.9998,0.9998,6756.17,6756.048985,12,6329.85,6329.814249,201912
1.0001,1.0001,1.0001,1.0001,1523.69,1523.842369,13,1523.69,1523.842369,201912
1.0001,1.0001,0.9998,1.0,1036.39,1036.333335,4,728.02,728.025009,201912
1.0001,1.0001,0.9998,0.9998,3715.18,3715.007036,9,1997.52,1997.531568,201912
0.9998,0.9999,0.9997,0.9998,7169.92,7168.393832,17,576.92,576.862308,201912
0.9998,0.9998,0.9998,0.9998,0.0,0.0,0,0.0,0.0,201912
0.9998,0.9998,0.9998,0.9998,0.0,0.0,0,0.0,0.0,201912
0.9998,0.9998,0.9996,0.9997,7432.59,7429.884639,12,542.59,542.427223,201912
0.9996,0.9997,0.9996,0.9996,7771.58,7768.548517,5,0.0,0.0,201912
0.9998,0.9998,0.9996,0.9996,2689.37,2688.559238,6,641.71,641.581658,201912
0.9997,0.9997,0.9997,0.9997,310.37,310.276889,1,310.37,310.276889,201912
0.9996,0.9997,0.9996,0.9997,1285.88,1285.479117,3,1134.69,1134.349593,201912
0.9997,0.9999,0.9997,0.9999,123.46,123.432384,3,47.11,47.105289,201912
0.9999,1.0001,0.9999,1.0001,181.86,181.84607,2,181.86,181.84607,201912
1.0,1.0,0.9998,0.9998,5353.0,5351.997702,5,341.51,341.51,201912
1.0,1.0,1.0,1.0,1158.42,1158.42,1,1158.42,1158.42,201912
0.9999,0.9999,0.9995,0.9998,7926.14,7922.614002,15,953.57,953.408184,201912
0.9999,0.9999,0.9995,0.9995,2400.08,2399.311296,8,1393.39,1393.124641,201912
0.9999,0.9999,0.9995,0.9997,2181.85,2181.452069,13,2032.76,2032.436614,201912
0.9995,0.9999,0.9995,0.9999,15653.27,15651.688866,21,15608.25,15606.689175,201912
0.9999,0.9999,0.9996,0.9996,127.34,127.320834,2,0.0,0.0,201912
0.9996,0.9999,0.9996,0.9999,4054.43,4053.22749,6,744.03,743.806791,201912
0.9996,1.0003,0.9996,1.0003,8135.47,8135.251867,39,5146.68,5147.080972,201912
1.0003,1.0006,1.0,1.0,4736.86,4737.977549,17,2670.53,2671.477699,201912
1.0005,1.0005,1.0,1.0,1378.02,1378.110741,10,46.62,46.64331,201912
1.0,1.0005,1.0,1.0001,6864.45,6865.259814,26,1658.17,1658.835164,201912
1.0001,1.0001,0.9995,0.9995,21713.33,21710.508107,45,149.9,149.91499,201912
0.9996,1.0,0.9996,0.9997,6521.43,6519.956937,28,4198.85,4198.131553,201912
0.9997,1.0,0.9997,0.9999,3018.14,3017.66712,8,2108.36,2108.160054,201912
0.9997,1.0,0.9997,1.0,883.74,883.529409,8,591.14,591.017189,201912
0.9996,1.0,0.9996,1.0,1672.53,1672.180242,5,66.32,66.32,201912
0.9996,1.0,0.9996,0.9999,4532.31,4531.118529,16,1221.85,1221.712963,201912
0.9998,1.0,0.9996,1.0,2330.74,2330.551144,10,2054.29,2054.17156,201912
1.0,1.0,0.9995,0.9995,1415.81,1415.303282,22,440.09,440.026656,201912
0.9997,0.9998,0.9996,0.9998,14171.69,14168.513802,18,12582.33,12579.789546,201912
0.9998,1.0001,0.9998,1.0001,16507.08,16505.265687,16,11550.07,11547.759986,201912
1.0003,1.0004,1.0003,1.0004,318.52,318.623191,3,318.52,318.623191,201912
1.0001,1.0003,0.9998,1.0001,4299.13,4299.770436,14,1806.61,1807.151983,201912
1.0003,1.0003,0.9999,0.9999,7237.17,7237.49103,21,2919.43,2920.182804,201912
0.9999,1.0003,0.9998,1.0002,6285.4,6286.408299,19,3580.72,3581.497127,201912
1.0002,1.0004,0.9996,0.9996,12794.84,12795.572811,34,39.45,39.465779,201912
0.9996,1.0001,0.9996,1.0001,8762.21,8760.472921,17,3821.81,3822.049081,201912
0.9997,0.9999,0.9997,0.9997,2761.1,2760.368568,7,0.0,0.0,201912
0.9999,1.0001,0.9997,0.9997,3805.44,3804.39322,12,282.68,282.690048,201912
0.9999,0.9999,0.9996,0.9996,934.34,934.095313,8,144.41,144.395559,201912
0.9995,0.9999,0.9995,0.9995,3189.58,3188.067414,10,205.51,205.489449,201912
0.9996,0.9999,0.9996,0.9998,3610.69,3609.932967,8,700.63,700.559937,201912
0.9996,0.9999,0.9996,0.9996,3624.98,3624.420374,9,3300.4,3299.970206,201912
0.9999,0.9999,0.9996,0.9996,954.7,954.466947,13,676.49,676.368231,201912
0.9996,0.9999,0.9995,0.9995,10747.18,10742.904522,24,268.45,268.398133,201912
0.9999,0.9999,0.9995,0.9997,1885.57,1885.142475,5,932.04,931.946796,201912
0.9999,0.9999,0.9995,0.9995,660.32,660.043208,3,133.42,133.406658,201912
0.9995,0.9999,0.9995,0.9997,1706.04,1705.356227,11,775.16,774.941667,201912
0.9999,0.9999,0.9995,0.9995,1199.79,1199.457401,8,1130.43,1130.129089,201912
0.9995,0.9999,0.9995,0.9999,632.83,632.611922,8,24.6,24.59754,201912
0.9995,0.9997,0.9995,0.9997,1415.18,1414.673919,3,633.07,632.816772,201912
0.9999,1.0,0.9995,1.0,7473.12,7470.837922,10,3601.63,3601.283667,201912
0.9996,0.9999,0.9996,0.9997,711.22,710.981147,5,374.51,374.405831,201912
0.9996,0.9999,0.9996,0.9999,9628.18,9624.350148,23,71.4,71.39286,201912
0.9996,0.9996,0.9995,0.9995,4000.87,3998.904708,13,351.42,351.279432,201912
0.9995,0.9998,0.9995,0.9995,24468.29,24456.110782,37,183.09,183.053382,201912
0.9998,0.9998,0.9994,0.9994,13259.09,13252.289955,38,1566.59,1566.019909,201912
0.9994,0.9997,0.9992,0.9993,42089.27,42061.72616,71,53.2,53.18404,201912
0.9995,0.9995,0.9993,0.9995,11430.07,11424.097265,20,9774.16,9769.257467,201912
0.9993,0.9997,0.9993,0.9994,16487.71,16478.633658,52,8565.14,8561.078373,201912
0.9996,0.9998,0.9993,0.9994,14869.86,14863.712085,45,11634.05,11629.853028,201912
0.9994,0.9998,0.9994,0.9997,2840.67,2839.703379,6,1931.37,1930.760498,201912
0.9994,0.9998,0.9994,0.9994,2751.21,2750.076358,7,1869.18,1868.575576,201912
0.9994,0.9998,0.9994,0.9994,20411.17,20405.17791,16,19995.69,19989.947198,201912
0.9998,0.9998,0.9996,0.9996,581.85,581.654666,5,187.03,186.992594,201912
0.9996,0.9999,0.9996,0.9997,1334.04,1333.637354,8,647.52,647.391962,201912
0.9996,1.0,0.9996,0.9996,25579.55,25571.176027,55,1511.02,1510.758967,201912
0.9996,0.9998,0.9992,0.9992,10063.57,10059.208962,21,4056.13,4054.926786,201912
0.9992,0.9997,0.9992,0.9994,7771.2,7765.147944,18,1062.43,1061.74496,201912
0.9992,0.9993,0.9992,0.9993,960.88,960.154876,7,0.0,0.0,201912
0.9995,0.9997,0.9993,0.9993,7570.68,7565.936623,14,976.52,976.038106,201912
0.9993,0.9997,0.9993,0.9993,52179.7,52144.980947,95,3024.77,3023.545311,201912
0.9997,0.9997,0.9993,0.9993,14354.1,14344.607996,26,2735.34,2733.981128,201912
0.9997,0.9997,0.9989,0.9995,47416.26,47379.703471,85,3416.69,3414.932716,201912
0.999,0.9993,0.9989,0.9993,6365.59,6359.183756,11,2772.42,2769.804653,201912
0.9993,0.9993,0.9989,0.9989,3895.06,3891.347716,18,1240.84,1239.837974,201912
0.999,0.9993,0.999,0.9991,5754.68,5749.4439,12,2233.08,2231.314405,201912
0.9991,0.9993,0.999,0.9993,10517.84,10508.665144,61,6774.73,6769.223298,201912
0.9993,0.9993,0.999,0.9991,4562.42,4558.149706,11,1348.57,1347.397569,201912
0.999,0.9993,0.999,0.999,3703.02,3699.485182,9,181.49,181.331659,201912
0.9993,0.9993,0.999,0.999,2168.88,2166.971141,9,1038.37,1037.591651,201912
0.999,0.999,0.999,0.999,8786.82,8778.03318,16,0.0,0.0,201912
0.999,0.9992,0.9989,0.9989,11192.31,11181.017683,25,3652.27,3648.907594,201912
0.9989,0.9993,0.9989,0.9993,8268.07,8259.825973,20,3138.58,3135.868983,201912
0.999,0.9993,0.999,0.9991,7823.14,7815.606064,9,1849.94,1848.379264,201912
0.999,0.9992,0.999,0.9991,9723.62,9714.60201,23,4236.02,4232.383698,201912
0.9991,0.9991,0.999,0.999,121.76,121.639502,2,0.0,0.0,201912
0.999,0.9993,0.999,0.9993,1766.81,1765.128345,11,283.85,283.651305,201912
0.9991,0.9993,0.999,0.999,1623.48,1621.981679,8,616.05,615.559109,201912
0.999,0.9993,0.9989,0.9989,13280.56,13266.879355,31,257.9,257.67323,201912
0.9989,0.9993,0.9989,0.9992,13800.97,13786.53344,25,12.62,12.611166,201912
0.999,0.9993,0.9989,0.9989,16266.38,16250.172815,30,38.36,38.333148,201912
0.9991,0.9993,0.9989,0.9993,2632.59,2630.690477,6,2360.07,2358.417951,201912
0.999,0.9993,0.999,0.9993,4915.98,4911.251722,10,52.86,52.822998,201912
0.999,0.9993,0.999,0.9993,3072.08,3069.644082,11,2120.54,2119.055622,201912
0.999,0.9993,0.999,0.9993,5456.1,5451.75519,11,3925.16,3922.34613,201912
0.9993,0.9993,0.999,0.9991,8294.36,8286.760581,10,3112.01,3109.592931,201912
0.999,0.9993,0.999,0.9993,1870.19,1868.635662,10,1052.84,1052.103012,201912
0.9992,0.9992,0.999,0.999,3537.17,3533.900464,3,1338.17,1337.099464,201912
0.9992,0.9993,0.9992,0.9993,543.58,543.199493,3,543.58,543.199493,201912
0.9993,0.9993,0.9993,0.9993,0.0,0.0,0,0.0,0.0,201912
0.9993,0.9993,0.9993,0.9993,3836.63,3833.944359,4,3836.63,3833.944359,201912
0.9992,0.9993,0.9992,0.9993,4517.54,4514.259363,7,3333.95,3331.616235,201912
0.9992,0.9993,0.9992,0.9992,16755.15,16742.923982,46,0.0,0.0,201912
0.9992,0.9992,0.9992,0.9992,14729.02,14717.236784,32,0.0,0.0,201912
0.9992,0.9995,0.9991,0.9991,17175.44,17160.750474,43,949.7,949.040794,201912
0.9991,0.9994,0.9991,0.9991,17715.13,17699.547674,38,1660.95,1659.816436,201912
0.9991,0.9994,0.9991,0.9993,2097.69,2096.096289,5,1044.18,1043.450916,201912
0.9991,0.9994,0.9991,0.9993,7517.48,7512.767436,23,6969.08,6964.818946,201912
0.9994,0.9995,0.9993,0.9993,12842.6,12834.901192,13,11209.09,11202.380319,201912
0.9994,0.9996,0.9993,0.9993,5389.28,5385.926654,12,2419.14,2417.865752,201912
0.9996,0.9996,0.9993,0.9996,423.08,422.903196,4,397.84,397.680864,201912
0.9996,0.9996,0.9994,0.9995,871.37,870.901014,4,523.32,523.059844,201912
0.9995,0.9995,0.9994,0.9994,1472.27,1471.511626,3,1249.88,1249.25506,201912
0.9996,0.9996,0.9994,0.9995,4101.59,4099.418918,7,1608.35,1607.674862,201912
0.9994,0.9995,0.9993,0.9995,11907.58,11899.826905,9,0.0,0.0,201912
0.9994,0.9994,0.9994,0.9994,347.57,347.361458,3,0.0,0.0,201912
0.9994,0.9994,0.9993,0.9994,3689.36,3687.021741,12,0.0,0.0,201912
0.9994,0.9996,0.9993,0.9996,7124.94,7120.693788,15,1398.72,1398.142064,201912
0.9997,0.9997,0.9993,0.9993,14554.24,14547.077253,28,4899.18,4897.61496,201912
0.9995,0.9996,0.9993,0.9993,10673.3,10667.41081,26,5168.31,5166.033401,201912
0.9993,0.9994,0.9991,0.9994,11631.87,11623.875853,34,5020.16,5017.147904,201912
0.9992,0.9994,0.9991,0.9991,11732.43,11722.947243,33,1088.67,1087.91398,201912
0.9991,0.9994,0.9991,0.9991,11727.85,11718.940691,21,5936.6,5932.902816,201912
0.9993,0.9993,0.9991,0.9991,3325.21,3322.569169,5,1869.4,1867.90448,201912
0.9991,0.9994,0.9991,0.9994,13101.57,13091.006055,37,4096.2,4093.678512,201912
0.9993,0.9994,0.9991,0.9991,2662.11,2659.990157,6,1346.22,1345.284458,201912
0.9991,0.9991,0.9991,0.9991,5083.6,5079.02476,11,0.0,0.0,201912
0.9991,0.9994,0.9991,0.9991,5444.72,5440.026331,10,183.23,183.120062,201912
0.9991,0.9994,0.9991,0.9992,4319.82,4316.316213,8,2250.24,2248.513476,201912
0.9991,0.9993,0.9991,0.9993,4034.67,4031.340054,6,1090.83,1090.066419,201912
0.9991,0.9994,0.999,0.9994,7351.33,7345.803201,9,4534.67,4531.872146,201912
0.9993,0.9994,0.9992,0.9994,9883.9,9877.791086,12,9084.45,9078.980646,201912
0.9994,0.9994,0.9992,0.9994,4282.71,4279.69002,15,1614.48,1613.511312,201912
0.9994,0.9995,0.9994,0.9994,4437.33,4434.759941,11,2807.41,2805.817893,201912
0.9995,0.9995,0.9994,0.9994,1207.33,1206.69897,4,0.0,0.0,201912
0.9996,0.9997,0.9996,0.9996,7531.82,7529.178909,18,6351.13,6348.961185,201912
0.9995,0.9995,0.9994,0.9994,1280.88,1280.205979,2,945.07,944.597465,201912
0.9997,0.9997,0.9994,0.9994,7488.7,7486.405722,6,7083.54,7081.414938,201912
0.9994,0.9998,0.9994,0.9998,12996.99,12992.308832,16,10762.78,10759.439358,201912
0.9994,0.9998,0.9994,0.9995,1872.87,1872.101565,9,1442.07,1441.560045,201912
0.9997,0.9997,0.9995,0.9995,229.41,229.305577,2,229.41,229.305577,201912
0.9995,0.9997,0.9994,0.9997,5552.05,5549.397495,11,2099.87,2099.202753,201912
0.9997,0.9997,0.9994,0.9994,2828.9,2827.473113,7,1988.51,1987.587347,201912
0.9994,0.9997,0.9994,0.9997,11376.26,11369.568414,24,485.85,485.670317,201912
0.9994,0.9996,0.9993,0.9993,16757.96,16746.678969,45,1215.99,1215.376178,201912
0.9993,0.9997,0.9991,0.9993,78948.89,78903.434321,242,42271.72,42252.072918,201912
0.9993,0.9995,0.9993,0.9993,4759.2,4755.953864,23,426.52,426.30674,201912
0.9993,0.9993,0.999,0.999,38132.24,38096.462186,45,1034.89,1034.062088,201912
0.9994,0.9996,0.9993,0.9993,17248.08,17237.869046,22,17233.35,17223.149357,201912
0.9997,0.9997,0.9993,0.9994,7407.79,7403.421093,26,1636.9,1636.320363,201912
0.9995,0.9996,0.9993,0.9994,16393.58,16384.198748,39,5677.78,5675.290476,201912
0.9994,0.9997,0.9993,0.9995,11433.96,11426.514797,31,1383.73,1383.106927,201912
0.9994,0.9997,0.9994,0.9996,24572.08,24561.489592,42,12484.18,12480.300524,201912
0.9997,0.9997,0.9995,0.9996,15336.0,15330.035593,30,8799.26,8796.563963,201912
0.9995,0.9998,0.9994,0.9998,9206.58,9203.076542,35,5277.01,5275.69196,201912
0.9996,0.9997,0.9996,0.9996,2175.39,2174.572009,11,521.65,521.493505,201912
0.9996,0.9998,0.9995,0.9995,7824.23,7821.323733,35,2451.32,2450.629808,201912
0.9995,0.9998,0.9995,0.9997,5404.45,5402.629073,18,2629.9,2629.311757,201912
0.9996,0.9996,0.9995,0.9995,7961.87,7957.96104,13,719.75,719.4621,201912
0.9995,0.9998,0.9995,0.9996,5196.76,5194.224814,33,220.65,220.60137,201912
0.9996,0.9998,0.9995,0.9997,8669.33,8665.616686,29,2196.34,2195.730288,201912
0.9998,0.9998,0.9996,0.9997,6470.99,6469.639149,13,6005.42,6004.218916,201912
0.9997,0.9999,0.9997,0.9998,2182.05,2181.488371,7,901.22,901.04262,201912
0.9999,0.9999,0.9997,0.9998,14686.13,14682.974143,40,5800.91,5800.184309,201912
0.9997,0.9999,0.9997,0.9999,9380.01,9377.724319,16,3005.48,3005.106678,201912
0.9997,0.9997,0.9997,0.9997,5921.65,5919.873505,9,0.0,0.0,201912
0.9997,0.9997,0.9996,0.9996,1638.06,1637.404777,4,0.0,0.0,201912
0.9999,0.9999,0.9997,0.9997,1107.42,1107.19435,4,1107.42,1107.19435,201912
0.9996,0.9998,0.9996,0.9996,5871.48,5869.29065,9,1330.05,1329.677222,201912
0.9999,0.9999,0.9996,0.9996,2354.48,2353.802505,8,524.59,524.537541,201912
0.9996,0.9997,0.9996,0.9996,4269.15,4267.462892,11,0.0,0.0,201912
0.9996,0.9998,0.9996,0.9996,45248.36,45230.414516,33,1352.62,1352.232812,201912
0.9995,0.9999,0.9995,0.9997,4753.56,4751.638218,16,992.23,991.953851,201912
0.9996,0.9998,0.9995,0.9998,27035.67,27025.073111,25,2434.05,2433.56319,201912
0.9996,0.9998,0.9996,0.9996,11665.67,11662.225461,15,6519.81,6518.423805,201912
0.9998,1.0,0.9998,0.9998,28382.79,28379.126682,41,21348.02,21345.722079,201912
0.9997,0.9999,0.9996,0.9997,29645.97,29638.381968,65,856.68,856.508664,201912
0.9997,1.0,0.9996,0.9998,23946.4,23942.274593,53,7600.52,7600.361804,201912
0.9998,1.0,0.9996,0.9997,24169.26,24162.483115,43,1668.46,1668.272669,201912
0.9999,0.9999,0.9995,0.9996,15864.59,15858.472774,34,774.61,774.455078,201912
0.9995,0.9999,0.9995,0.9995,35016.52,35000.131252,30,1390.74,1390.592085,201912
0.9995,0.9997,0.9994,0.9997,17581.4,17572.656564,39,2501.61,2500.498457,201912
0.9995,0.9998,0.9994,0.9994,5214.21,5211.854661,17,1831.17,1830.703421,201912
0.9994,0.9998,0.9994,0.9998,12574.8,12567.263788,16,21.67,21.665666,201912
0.9994,0.9998,0.9994,0.9998,5072.18,5069.771432,17,2018.95,2018.37337,201912
0.9994,0.9998,0.9994,0.9998,5107.16,5105.999122,15,4452.05,4451.15959,201912
0.9997,0.9998,0.9996,0.9998,23361.4,23356.537641,17,22704.47,22699.793446,201912
0.9998,0.9999,0.9998,0.9998,2696.22,2695.690715,24,99.59,99.580041,201912
0.9998,0.9998,0.9998,0.9998,1958.1,1957.70838,13,0.0,0.0,201912
0.9998,0.9998,0.9998,0.9998,0.0,0.0,0,0.0,0.0,201912
0.9998,1.0002,0.9998,1.0002,11499.84,11499.823721,28,9974.53,9974.550185,201912
1.0,1.0,0.9998,1.0,27375.86,27371.190659,31,262.12,262.12,201912
0.9998,1.0,0.9998,1.0,5089.86,5089.060117,8,1019.62,1019.569807,201912
0.9998,1.0001,0.9997,1.0,11189.12,11187.018217,30,590.65,590.688323,201912
0.9999,1.0001,0.9997,0.9999,4638.65,4637.962592,7,2505.01,2504.962684,201912
0.9997,1.0,0.9997,1.0,13357.8,13355.966191,25,7194.67,7194.322338,201912
1.0,1.0006,0.9997,1.0002,27190.44,27193.889415,58,25135.68,25138.828113,201912
1.0002,1.0005,0.9998,1.0001,26173.13,26175.01017,41,1162.85,1163.076852,201912
0.9997,1.0001,0.9997,0.9997,3828.22,3827.239638,30,831.57,831.488633,201912
1.0001,1.0001,0.9997,0.9998,8726.32,8725.326333,19,2905.21,2905.500521,201912
0.9998,0.9998,0.9997,0.9998,15206.19,15202.704851,28,417.79,417.706442,201912
0.9998,1.0001,0.9997,0.9999,9954.87,9952.433241,25,2513.03,2512.793397,201912
0.9997,0.9999,0.9997,0.9997,7709.5,7707.379248,17,324.08,324.047592,201912
0.9999,1.0,0.9997,0.9998,10838.5,10836.017108,16,1432.23,1432.180716,201912
0.9998,1.0002,0.9998,0.9999,7658.29,7657.986336,20,4584.95,4585.1784,201912
1.0001,1.0001,1.0001,1.0001,17814.02,17815.801402,14,16778.78,16780.457878,201912
1.0,1.0001,0.9999,0.9999,921.74,921.780736,3,820.74,820.790836,201912
0.9999,1.0002,0.9999,0.9999,3741.66,3741.980463,12,1771.1,1771.265208,201912
1.0,1.0,0.9999,0.9999,7581.44,7581.005069,14,1306.13,1306.13,201912
0.9999,1.0001,0.9999,1.0,7344.09,7343.687493,18,2155.51,2155.567931,201912
1.0,1.0001,0.9999,0.9999,2220.18,2220.047305,7,1133.24,1133.215999,201912
0.9999,0.9999,0.9998,0.9998,1532.84,1532.570801,5,373.69,373.652631,201912
0.9999,1.0,0.9998,0.9999,3353.25,3352.887134,6,1445.08,1445.054692,201912
0.9998,0.9999,0.9997,0.9998,14712.07,14708.596649,40,301.94,301.909806,201912
0.9998,1.0001,0.9997,1.0001,4126.62,4125.809238,20,743.16,743.214322,201912
0.9998,1.0001,0.9997,0.9998,3081.88,3081.670749,9,1664.93,1665.096493,201912
0.9998,1.0001,0.9998,0.9998,6679.88,6678.741914,14,4596.08,4595.208674,201912
1.0,1.0,0.9998,0.9998,1874.53,1874.350246,3,838.86,838.86,201912
0.9998,1.0001,0.9998,0.9999,2504.19,2503.818547,6,135.61,135.623561,201912
1.0,1.0001,0.9998,0.9998,2106.56,2106.377101,9,1009.59,1009.626495,201912
0.9998,1.0,0.9998,1.0,621.94,621.88831,2,0.0,0.0,201912
1.0,1.0002,1.0,1.0,1355.18,1355.277744,10,1200.56,1200.657744,201912
0.9998,1.0001,0.9996,0.9997,18823.81,18819.609472,27,3021.94,3021.686313,201912
1.0001,1.0001,0.9998,1.0,8010.2,8010.138639,6,5459.32,5459.768815,201912
0.9998,0.9998,0.9996,0.9996,8456.21,8453.428673,13,0.0,0.0,201912
0.9997,1.0001,0.9996,0.9999,30057.77,30057.316776,32,23144.17,23146.376823,201912
1.0001,1.0001,0.9996,1.0001,6792.15,6791.518084,14,693.07,693.061159,201912
0.9998,1.0001,0.9996,0.9996,21619.79,21614.767493,27,1860.64,1860.609388,201912
0.9997,1.0001,0.9996,1.0,3765.19,3764.753109,10,2558.01,2557.963221,201912
0.9999,1.0001,0.9996,0.9998,5485.68,5484.702383,20,2802.25,2802.243859,201912
0.9999,0.9999,0.9999,0.9999,4488.8,4488.35112,4,3292.9,3292.57071,201912
1.0,1.0001,0.9996,0.9997,4401.46,4400.718512,15,2019.67,2019.422171,201912
0.9998,0.9998,0.9995,0.9998,3057.5,3056.486238,8,688.38,688.242324,201912
0.9999,0.9999,0.9995,0.9999,2506.68,2506.139106,6,2303.65,2303.210621,201912
0.9996,0.9999,0.9996,0.9999,7160.43,7159.271069,14,5376.69,5376.152331,201912
0.9997,1.0,0.9997,1.0,10872.71,10871.602066,6,10619.4,10618.368059,201912
0.9997,0.9999,0.9997,0.9997,706.53,706.344121,7,0.0,0.0,201912
0.9998,0.9998,0.9997,0.9998,4154.3,4153.200564,8,1468.54,1468.246292,201912
0.9997,0.9999,0.9997,0.9997,1046.44,1046.200739,7,432.39,432.334954,201912
0.9997,1.0,0.9997,0.9997,1149.56,1149.313322,10,327.3,327.3,201912
0.9998,1.0,0.9997,0.9997,4648.18,4646.949461,24,1029.88,1029.734951,201912
0.9997,1.0,0.9997,0.9998,32049.3,32041.889433,28,6526.14,6526.106781,201912
1.0,1.0,0.9997,0.9999,22277.39,22273.127694,23,4693.65,4693.65,201912
0.9997,1.0005,0.9996,0.9997,30953.4,30953.545983,45,18396.88,18400.293899,201912
0.9998,1.0,0.9996,0.9997,56097.89,56092.523715,46,30205.56,30205.44,201912
0.9997,1.0,0.9997,0.9998,2905.69,2905.133877,9,2091.91,2091.495812,201912
0.9999,0.9999,0.9997,0.9997,10638.37,10635.490718,17,1242.84,1242.715716,201912
0.9997,1.0,0.9996,0.9996,2273.01,2272.510981,10,958.78,958.68568,201912
0.9996,1.0,0.9996,1.0,5875.8,5875.427518,23,4167.69,4167.595546,201912
1.0,1.0,0.9998,0.9999,1763.45,1763.201411,7,381.46,381.46,201912
1.0,1.0,0.9997,1.0,19970.64,19968.948835,18,13815.2,13815.170576,201912
0.9998,1.0,0.9998,1.0,1403.92,1403.86132,2,1110.52,1110.52,201912
1.0,1.0,0.9998,0.9998,889.32,889.242549,7,0.0,0.0,201912
0.9998,0.9999,0.9998,0.9998,3045.37,3044.871765,5,1108.39,1108.279161,201912
0.9999,0.9999,0.9997,0.9998,11404.9,11402.259231,12,1085.46,1085.351454,201912
1.0001,1.0001,0.9996,1.0,17347.25,17347.960036,22,17273.46,17274.19955,201912
0.9999,0.9999,0.9997,0.9998,1964.48,1964.146974,3,828.7,828.61713,201912
1.0,1.0,1.0,1.0,210.73,210.73,1,210.73,210.73,201912
1.0001,1.0001,1.0001,1.0001,529.34,529.392934,1,529.34,529.392934,201912
0.9999,0.9999,0.9999,0.9999,1398.86,1398.720114,3,1368.47,1368.333153,201912
0.9998,1.0001,0.9998,1.0001,2962.68,2962.158591,12,317.19,317.197689,201912
1.0001,1.0001,0.9998,0.9999,2421.23,2420.805058,9,237.58,237.591788,201912
0.9997,1.0001,0.9997,0.9999,4628.22,4627.813583,9,2284.69,2284.81345,201912
0.9997,0.9998,0.9997,0.9998,311.69,311.625344,3,288.51,288.452298,201912
0.9997,1.0001,0.9997,1.0001,2584.13,2583.559164,3,836.26,836.213525,201912
0.9997,1.0001,0.9997,0.9997,444.41,444.359951,6,302.43,302.422545,201912
0.9997,0.9998,0.9997,0.9997,7301.26,7299.120823,9,512.01,511.907598,201912
0.9998,0.9998,0.9997,0.9998,8302.81,8301.113708,13,461.82,461.727636,201912
0.9998,0.9999,0.9996,0.9997,4675.32,4674.084826,10,177.62,177.587794,201912
0.9999,0.9999,0.9996,0.9996,3777.06,3776.159814,16,1414.16,1414.018584,201912
0.9996,0.9998,0.9996,0.9996,10765.63,10761.379012,11,276.32,276.264736,201912
0.9996,0.9999,0.9996,0.9999,5032.18,5030.454604,9,923.52,923.256758,201912
0.9999,1.0005,0.9996,0.9999,25045.59,25044.455236,32,23107.57,23106.694087,201912
1.0,1.0,1.0,1.0,18.43,18.43,1,18.43,18.43,201912
0.9999,0.9999,0.9997,0.9997,815.54,815.33434,6,0.0,0.0,201912
0.9997,1.0005,0.9997,1.0001,7973.42,7974.343722,11,3672.78,3673.28193,201912
1.0005,1.0005,1.0001,1.0001,475.66,475.720418,3,32.13,32.146065,201912
1.0001,1.0005,1.0001,1.0001,834.7,834.838436,7,15.55,15.557775,201912
1.0001,1.0002,1.0,1.0,8348.44,8349.075084,28,607.47,607.591494,201912
1.0,1.0002,0.9999,1.0002,8843.32,8842.948408,12,1036.32,1036.448208,201912
0.9999,1.0002,0.9996,1.0,2107.91,2107.567752,12,130.44,130.449418,201912
1.0,1.0,0.9998,0.9998,1035.09,1035.030394,3,1035.09,1035.030394,201912
0.9997,0.9997,0.9997,0.9997,952.16,951.874352,1,952.16,951.874352,201912
1.0,1.0,0.9996,0.9996,3490.48,3489.094284,7,26.19,26.19,201912
1.0,1.0,0.9997,0.9997,4645.19,4645.088279,8,4306.12,4306.12,201912
1.0,1.0,0.9998,0.9998,1243.22,1243.09275,5,1243.22,1243.09275,201912
1.0,1.0,0.9997,1.0,5343.61,5343.478119,13,4857.04,4857.033223,201912
0.9999,1.0007,0.9999,1.0002,18182.52,18187.470751,14,17841.06,17845.944559,201912
1.0002,1.0002,1.0002,1.0002,186.11,186.147222,1,186.11,186.147222,201912
1.0004,1.0006,1.0,1.0004,15057.55,15063.358668,30,9241.85,9246.059321,201912
1.0004,1.0005,1.0001,1.0003,1387.04,1387.45433,7,655.3,655.494808,201912
1.0002,1.0005,0.9999,1.0002,6181.56,6182.702175,11,775.36,775.543695,201912
1.0,1.0004,0.9999,1.0,21608.23,21611.366627,37,11992.11,11995.708539,201912
0.9999,1.0005,0.9999,1.0005,3930.62,3932.033364,10,3134.35,3135.610111,201912
1.0005,1.0005,1.0001,1.0001,2749.28,2749.924329,7,1890.49,1891.04845,201912
1.0002,1.0005,1.0001,1.0001,2419.84,2420.140486,6,403.16,403.258818,201912
1.0001,1.0005,1.0001,1.0005,366.43,366.547619,3,152.64,152.71632,201912
1.0005,1.0005,1.0001,1.0001,10458.06,10461.041411,22,4530.95,4533.019681,201912
1.0001,1.0004,1.0001,1.0002,18787.56,18790.461566,51,2400.0,2400.96,201912
1.0002,1.0004,0.9999,1.0004,31866.94,31873.906124,31,19183.15,19188.990058,201912
1.0,1.0004,1.0,1.0001,7102.69,7103.300879,12,6026.05,6026.660879,201912
1.0002,1.0002,1.0,1.0001,2422.51,2422.803894,5,0.0,0.0,201912
1.0,1.0003,1.0,1.0002,5996.7,5997.221899,9,1002.59,1002.795029,201912
1.0002,1.0003,1.0,1.0,9712.63,9713.495818,22,3091.21,3091.90976,201912
1.0,1.0002,0.9999,1.0002,21462.31,21465.961437,7,19656.0,19659.536564,201912
1.0002,1.0005,1.0002,1.0005,2291.9,2292.70853,4,1753.08,1753.726884,201912
1.0003,1.0006,1.0003,1.0003,2609.32,2610.144925,9,316.65,316.787124,201912
1.0006,1.0007,1.0003,1.0003,5812.0,5814.985947,14,2581.08,2582.886427,201912
1.0005,1.0005,1.0,1.0,4938.1,4938.781567,11,144.06,144.103218,201912
1.0,1.0002,1.0,1.0002,10669.01,10669.392541,10,2042.17,2042.552541,201912
1.0003,1.0003,1.0003,1.0003,739.24,739.461772,3,739.24,739.461772,201912
1.0,1.0001,0.9996,0.9998,29814.59,29811.000039,44,12190.51,12190.191323,201912
0.9999,0.9999,0.9996,0.9996,985.08,984.836118,10,500.5,500.44995,201912
0.9999,0.9999,0.9996,0.9999,4845.0,4843.124712,6,209.04,209.019096,201912
0.9996,0.9997,0.9996,0.9996,17898.33,17891.341568,27,1709.0,1708.4873,201912
0.9997,0.9999,0.9996,0.9999,7617.2,7614.573207,17,1447.49,1447.222413,201912
0.9996,0.9999,0.9996,0.9999,4320.27,4318.798855,14,491.33,491.217513,201912
0.9996,0.9999,0.9996,0.9999,4025.1,4024.55484,9,3549.6,3549.24504,201912
0.9996,0.9999,0.9996,0.9996,3270.03,3269.152586,6,601.06,600.999894,201912
0.9996,0.9999,0.9996,0.9999,2971.96,2970.890249,8,767.53,767.342021,201912
0.9997,0.9999,0.9997,0.9997,3588.83,3587.782325,8,836.3,836.055072,201912
0.9997,0.9999,0.9996,0.9996,685.09,684.882305,5,133.64,133.605408,201912
0.9996,0.9999,0.9994,0.9999,67681.96,67651.229976,86,9711.91,9709.554945,201912
0.9998,0.9999,0.9998,0.9999,9226.33,9225.237723,15,8250.99,8250.092791,201912
0.9999,0.9999,0.9996,0.9999,5225.36,5223.816567,13,1416.26,1416.118374,201912
0.9996,0.9998,0.9994,0.9994,10516.64,10512.320403,31,827.74,827.542508,201912
0.9997,0.9997,0.9994,0.9994,1606.2,1605.432761,11,1131.81,1131.327395,201912
0.9996,0.9996,0.9994,0.9996,823.04,822.646366,3,0.0,0.0,201912
0.9995,0.9997,0.9994,0.9996,3744.5,3742.850223,7,2674.16,2673.054341,201912
0.9994,0.9997,0.9994,0.9994,4266.41,4264.385447,10,2960.31,2959.069107,201912
0.9995,0.9998,0.9994,0.9996,2503.18,2502.149244,11,720.54,720.242841,201912
0.9996,0.9997,0.9995,0.9997,555.55,555.342229,3,0.0,0.0,201912
0.9998,0.9999,0.9997,0.9997,15018.06,15015.461853,18,14964.82,14962.237825,201912
0.9998,0.9999,0.9997,0.9999,693.18,693.040368,5,651.21,651.082959,201912
0.9997,1.0,0.9997,1.0,13664.39,13664.03222,16,12360.25,12360.049845,201912
1.0,1.0,0.9998,0.9999,1192.9,1192.873815,6,953.43,953.43,201912
0.9999,0.9999,0.9999,0.9999,1173.92,1173.802608,1,1173.92,1173.802608,201912
0.9999,1.0,0.9999,0.9999,13683.53,13683.393509,17,13683.53,13683.393509,201912
0.9998,1.0,0.9998,0.9998,2174.81,2174.434687,7,97.25,97.25,201912
0.9998,0.9998,0.9998,0.9998,1845.94,1845.570812,3,0.0,0.0,201912
1.0,1.0,0.9997,0.9998,7960.65,7959.884341,18,4276.87,4276.87,201912
1.0,1.0,0.9997,1.0,586.88,586.792541,3,295.35,295.35,201912
1.0,1.0,0.9997,0.9999,766.77,766.700826,7,666.78,666.740823,201912
0.9997,1.0,0.9997,0.9997,1707.93,1707.66295,10,750.85,750.74231,201912
0.9999,0.9999,0.9997,0.9998,5163.71,5162.194303,16,177.46,177.440178,201912
0.9998,0.9999,0.9996,0.9999,3798.4,3797.808118,8,3484.67,3484.203609,201912
0.9999,0.9999,0.9996,0.9999,3683.16,3682.619969,23,2209.51,2209.289049,201912
0.9997,1.0003,0.9997,0.9998,104758.57,104767.430369,29,103731.94,103741.05535,201912
0.9998,1.0001,0.9998,1.0,11846.32,11844.328176,29,503.33,503.315087,201912
1.0001,1.0003,0.9999,1.0,21191.17,21194.382859,21,17334.23,17337.445369,201912
1.0002,1.0002,0.9999,0.9999,2673.25,2673.319436,13,733.65,733.79673,201912
0.9999,1.0,0.9997,1.0,3807.73,3807.646835,9,3230.25,3230.25,201912
0.9999,1.0,0.9999,0.9999,2390.84,2390.649853,6,1497.66,1497.559171,201912
1.0,1.0001,0.9999,1.0001,4586.15,4586.255104,19,4331.87,4331.983937,201912
0.9999,1.0001,0.9994,0.9995,37495.03,37476.411918,23,1685.42,1685.481634,201912
0.9999,0.9999,0.9996,0.9998,4129.44,4128.512929,12,2760.87,2760.490357,201912
0.9998,0.9998,0.9998,0.9998,0.0,0.0,0,0.0,0.0,201912
0.9998,1.0,0.9998,1.0,382.9,382.899998,4,382.9,382.899998,201912
1.0,1.0003,0.9998,1.0002,8430.68,8431.320699,18,7804.02,7804.569057,201912
1.0003,1.0004,1.0,1.0,28658.52,28666.913223,21,24905.97,24914.333842,201912
1.0,1.0002,0.9999,1.0001,4470.23,4470.288322,10,1924.79,1924.909892,201912
0.9999,1.0,0.9997,0.9997,13572.59,13569.480842,17,1441.05,1440.93,201912
0.9998,1.0,0.9997,1.0,9399.8,9398.64582,15,6542.7,6542.40295,201912
0.9998,1.0,0.9998,0.9998,14464.31,14463.92752,15,9999.5,9999.5,201912
0.9998,1.0001,0.9996,0.9999,39006.2,39001.66564,23,22419.52,22419.13549,201912
0.9998,0.9999,0.9997,0.9998,3048.69,3047.953624,5,926.83,926.680151,201912
1.0,1.0,0.9997,1.0,9241.49,9240.611345,12,5060.4,5060.4,201912
0.9999,1.0,0.9998,1.0,2769.65,2769.47653,4,2517.16,2517.037028,201912
0.9999,1.0002,0.9999,1.0,2886.41,2886.586328,7,1970.15,1970.299546,201912
1.0,1.0,0.9998,1.0,7244.2,7243.590924,23,1142.85,1142.85,201912
0.9999,1.0002,0.9999,0.9999,6040.39,6040.224403,16,1617.94,1618.216648,201912
1.0001,1.0002,0.9999,0.9999,4766.48,4766.311433,21,373.43,373.469284,201912
1.0,1.0002,1.0,1.0,8917.82,8919.519574,7,8879.44,8881.139574,201912
1.0,1.0,0.9999,1.0,3865.61,3865.332677,23,686.36,686.36,201912
0.9999,1.0001,0.9999,0.9999,3402.28,3402.269925,7,300.0,300.03,201912
1.0002,1.0002,0.9999,1.0002,6963.89,6965.253564,7,6866.51,6867.883302,201912
1.0003,1.0003,0.9999,1.0003,1716.31,1716.645217,10,1319.44,1319.729773,201912
1.0003,1.0003,0.9999,1.0002,4207.99,4207.9926,11,1593.13,1593.394086,201912
1.0002,1.0002,0.9997,0.9999,13370.5,13370.463253,16,7962.11,7963.151894,201912
1.0001,1.0001,0.9999,0.9999,14334.01,14332.625793,36,375.38,375.391656,201912
0.9999,1.0002,0.9998,0.9998,21934.14,21934.627004,41,11088.61,11090.720455,201912
0.9998,1.0002,0.9995,0.9997,10493.55,10491.963891,28,2870.25,2870.701446,201912
1.0,1.0001,0.9997,1.0001,35234.07,35231.258207,58,25859.91,25859.79136,201912
0.9998,1.0001,0.9997,1.0001,12215.98,12214.199052,29,6353.5,6353.451648,201912
1.0001,1.0001,0.9997,0.9999,28394.74,28392.640248,75,4812.49,4812.263447,201912
0.9999,0.9999,0.9996,0.9996,28850.84,28844.576139,17,25211.09,25206.228096,201912
0.9996,0.9999,0.9996,0.9998,18212.98,18208.495895,21,5888.08,5887.316692,201912
0.9998,1.0,0.9998,1.0,13011.7,13010.556953,23,9947.27,9946.739839,201912
1.0,1.0001,0.9999,1.0,6033.22,6033.272778,13,5518.12,5518.224288,201912
0.9999,1.0001,0.9998,1.0,5649.43,5648.977204,14,2804.89,2804.892526,201912
0.9998,1.0,0.9998,1.0,3712.73,3712.464916,4,2387.31,2387.31,201912
0.9998,1.0,0.9997,1.0,17710.36,17709.303982,15,12481.36,12481.36,201912
0.9998,1.0,0.9997,0.9999,18913.73,18911.065552,14,7241.41,7241.255056,201912
0.9997,1.0,0.9997,0.9999,15946.08,15944.940021,26,10115.59,10115.31925,201912
1.0001,1.0002,0.9999,0.9999,901.6,901.630619,6,581.22,581.282657,201912
1.0001,1.0002,0.9999,0.9999,3288.18,3288.445636,8,1118.39,1118.558393,201912
0.9999,1.0004,0.9999,1.0004,16482.49,16486.189278,36,13987.11,13991.058816,201912
1.0004,1.0004,1.0,1.0001,8822.99,8825.237988,15,6315.12,6317.165006,201912
1.0002,1.0003,1.0,1.0003,1889.1,1889.550095,3,899.99,900.259997,201912
1.0004,1.0004,1.0001,1.0004,1636.77,1637.418162,4,1614.95,1615.59598,201912
1.0005,1.0005,1.0,1.0005,12633.85,12638.150423,27,8827.41,8831.282844,201912
1.0005,1.0005,1.0002,1.0004,15563.78,15571.284848,7,14594.25,14601.367036,201912
1.0006,1.0006,1.0002,1.0004,2674.83,2676.397274,3,2498.4,2499.89904,201912
1.0003,1.0004,1.0002,1.0002,7774.96,7776.569061,9,0.0,0.0,201912
1.0002,1.0002,1.0002,1.0002,25.26,25.265052,1,0.0,0.0,201912
1.0004,1.0004,1.0002,1.0002,1152.04,1152.452738,2,0.0,0.0,201912
1.0002,1.0004,1.0002,1.0004,3279.17,3280.165836,4,1700.01,1700.690004,201912
1.0004,1.0004,1.0004,1.0004,0.0,0.0,0,0.0,0.0,201912
1.0003,1.0003,1.0001,1.0001,7549.42,7550.349801,7,1171.69,1171.982028,201912
1.0001,1.0001,1.0001,1.0001,83.99,83.998399,1,0.0,0.0,201912
1.0,1.0003,1.0,1.0003,7826.66,7828.261892,8,5360.71,5362.311892,201912
1.0001,1.0005,0.9999,0.9999,26432.21,26433.866661,45,10427.93,10428.777109,201912
0.9999,0.9999,0.9999,0.9999,817.66,817.578234,4,0.0,0.0,201912
1.0003,1.0003,0.9999,1.0001,3946.82,3947.41467,15,2065.41,2066.029623,201912
1.0001,1.0003,0.9998,1.0,49552.16,49552.113783,56,19236.47,19238.342979,201912
1.0,1.0,0.9996,0.9996,22438.34,22436.859262,33,332.66,332.626734,201912
0.9997,0.9999,0.9997,0.9998,8902.65,8900.788845,18,0.0,0.0,201912
1.0001,1.0001,0.9996,0.9997,6591.64,6589.973171,31,81.0,81.0081,201912
1.0,1.0001,0.9992,0.9992,32134.39,32126.523672,57,12739.68,12739.297992,201912
0.9996,0.9996,0.9992,0.9992,16881.59,16871.533279,25,10253.84,10248.597284,201912
0.9993,0.9996,0.9992,0.9994,16662.86,16651.663732,26,2547.25,2545.96953,201912
0.9994,0.9997,0.9993,0.9995,6017.03,6013.707509,10,3574.12,3572.080883,201912
0.9994,0.9996,0.9993,0.9993,19226.97,19217.274322,36,14342.5,14336.16238,201912
0.9993,0.9996,0.9993,0.9996,26550.89,26535.721507,23,8015.26,8011.123821,201912
0.9996,0.9996,0.9994,0.9994,3121.66,3120.103714,5,1583.55,1582.91658,201912
0.9994,0.9996,0.9994,0.9994,7322.59,7318.483774,16,1436.64,1436.065344,201912
0.9996,0.9998,0.9995,0.9995,22014.84,22006.239731,43,12012.84,12009.240731,201912
0.9997,0.9997,0.9994,0.9994,8094.01,8090.042477,13,3213.61,3212.570717,201912
0.9994,0.9995,0.9994,0.9994,8507.69,8502.617757,20,0.0,0.0,201912
0.9994,0.9994,0.9994,0.9994,3868.74,3866.418756,5,0.0,0.0,201912
0.9997,0.9997,0.9994,0.9994,3992.35,3989.992414,3,126.08,126.042176,201912
0.9994,0.9998,0.9994,0.9996,20490.22,20484.274303,18,14011.57,14008.322802,201912
0.9997,0.9999,0.9996,0.9997,10286.69,10283.876343,39,3379.87,3379.298335,201912
0.9997,0.9999,0.9995,0.9999,35241.55,35229.390574,82,4068.14,4067.733186,201912
0.9996,1.0001,0.9996,0.9998,17453.06,17448.506154,56,5506.04,5505.69973,201912
0.9996,1.0005,0.9994,0.9995,43650.89,43647.486342,42,23397.74,23399.52817,201912
0.9996,0.9998,0.9994,0.9996,9742.17,9737.616218,6,2953.78,2952.9925,201912
0.9995,0.9997,0.9995,0.9997,2004.55,2003.943633,2,1979.54,1978.946138,201912
0.9995,0.9998,0.9995,0.9995,8583.31,8579.860544,30,2407.33,2406.848534,201912
0.9995,0.9999,0.9994,0.9995,32163.33,32152.807921,26,19440.37,19436.381933,201912
0.9995,0.9998,0.9995,0.9996,6946.34,6943.133257,14,1083.56,1083.165334,201912
0.9995,0.9997,0.9995,0.9995,1766.92,1766.318352,6,1409.06,1408.637282,201912
0.9996,0.9998,0.9995,0.9997,3654.03,3652.838624,8,3114.86,3113.935851,201912
0.9995,0.9999,0.9995,0.9997,4639.38,4638.083853,40,1417.64,1417.432487,201912
0.9997,1.0001,0.9994,0.9998,56722.47,56707.329409,116,22001.87,21999.664662,201912
0.9995,0.9998,0.9995,0.9995,3787.16,3786.157159,12,2969.13,2968.536174,201912
0.9996,0.9999,0.9995,0.9998,20031.41,20027.400104,9,19627.17,19623.292144,201912
0.9998,1.0007,0.9998,1.0001,23049.59,23053.105285,23,17452.69,17455.765577,201912
1.0002,1.0007,0.9995,0.9998,28759.84,28769.572067,23,14490.0,14498.416927,201912
0.9997,0.9999,0.9995,0.9996,20540.67,20532.370822,35,0.0,0.0,201912
0.9996,1.0007,0.9994,0.9996,45087.01,45088.440739,45,20248.04,20257.227747,201912
0.9996,1.0,0.9995,1.0,11145.91,11141.824367,28,1738.03,1738.03,201912
0.9997,1.0,0.9997,1.0,231.95,231.903485,3,200.2,200.16301,201912
0.9998,1.0002,0.9997,1.0002,11324.65,11324.097783,6,8560.48,8560.543952,201912
1.0002,1.0005,1.0,1.0004,17354.11,17357.498924,9,15228.9,15231.909994,201912
1.0005,1.0005,1.0,1.0004,3579.14,3580.254239,7,3244.59,3245.638809,201912
1.0006,1.0006,1.0002,1.0002,1398.59,1399.217581,3,48.49,48.519094,201912
1.0005,1.0008,1.0002,1.0004,27896.84,27913.43486,85,19420.77,19434.458299,201912
1.0007,1.0007,1.0004,1.0005,11198.84,11204.346627,34,6541.07,6544.713519,201912
1.0004,1.0007,1.0003,1.0005,10139.86,10144.840662,18,5568.77,5572.135113,201912
1.0003,1.0007,1.0003,1.0007,13087.34,13093.566191,27,6975.0,6979.237814,201912
1.0007,1.0007,1.0003,1.0004,8606.9,8610.533503,14,615.07,615.500549,201912
1.0004,1.0004,1.0001,1.0001,27241.5,27247.567175,43,1575.99,1576.462797,201912
1.0,1.0006,1.0,1.0001,3822.91,3824.15957,18,2022.99,2024.070762,201912
1.0001,1.0001,0.9998,0.9998,6675.66,6675.346572,5,1398.97,1398.97,201912
1.0,1.0002,0.9997,1.0002,14667.58,14666.967474,33,2543.04,2543.548608,201912
1.0003,1.0005,0.9999,1.0005,18863.42,18868.215947,27,16742.6,16747.608029,201912
1.0002,1.0002,1.0002,1.0002,4289.56,4290.417912,6,0.0,0.0,201912
1.0002,1.0004,1.0002,1.0004,3907.74,3908.652996,8,657.24,657.502896,201912
1.0002,1.0004,1.0001,1.0002,6119.49,6120.761049,12,890.55,890.90622,201912
1.0003,1.0006,1.0003,1.0005,4440.59,4442.77768,7,4440.59,4442.77768,201912
1.0001,1.0003,1.0001,1.0001,8693.99,8695.448094,11,973.02,973.311906,201912
1.0001,1.0004,1.0,1.0001,26449.78,26453.79675,30,9844.39,9847.843117,201912
1.0005,1.0005,1.0001,1.0003,6276.62,6278.747421,12,2350.64,2351.81532,201912
1.0003,1.0004,1.0002,1.0002,4319.55,4320.866325,11,0.0,0.0,201912
1.0003,1.0004,1.0001,1.0001,9283.71,9286.19759,14,4457.54,4459.323016,201912
1.0001,1.0004,1.0,1.0003,18957.96,18960.989391,30,8859.79,8862.46393,201912
1.0004,1.0007,1.0001,1.0007,3287.66,3288.757451,12,1917.28,1918.240413,201912
1.0002,1.0006,1.0001,1.0004,9772.29,9774.595077,20,1796.72,1797.716552,201912
1.0003,1.0004,1.0001,1.0003,5589.83,5591.036786,7,0.0,0.0,201912
1.0003,1.0007,1.0003,1.0005,3789.81,3791.320218,10,936.4,936.885475,201912
1.0006,1.0007,1.0002,1.0006,3954.78,3957.051564,18,2378.84,2380.347742,201912
1.0003,1.0004,1.0003,1.0003,2726.36,2727.248941,5,0.0,0.0,201912
1.0004,1.0006,1.0002,1.0006,5330.03,5331.648392,26,1141.07,1141.618312,201912
1.0006,1.0006,0.9997,1.0003,36103.55,36108.066657,43,17605.79,17607.271302,201912
1.0004,1.0006,1.0003,1.0005,1638.04,1638.679064,7,462.05,462.294343,201912
1.0006,1.0007,1.0003,1.0004,2293.21,2294.234928,11,1909.2,1910.073802,201912
1.0004,1.0007,1.0004,1.0004,5339.53,5342.230325,19,2040.81,2042.190837,201912
1.0005,1.0007,1.0004,1.0004,1521.54,1522.27547,9,1110.4,1110.971014,201912
1.0004,1.0006,1.0003,1.0003,2796.86,2798.094905,7,1182.52,1183.147075,201912
1.0003,1.0006,1.0,1.0,7269.66,7270.88435,17,317.91,318.072454,201912
1.0002,1.0005,1.0,1.0005,32601.41,32612.654252,18,23564.05,23574.294852,201912
1.0003,1.0006,1.0002,1.0005,8089.94,8092.121429,19,1423.42,1424.093825,201912
1.0003,1.0006,1.0002,1.0003,3747.98,3749.278043,12,852.94,853.376671,201912
1.0005,1.0006,1.0003,1.0003,5004.4,5006.100481,11,963.14,963.628103,201912
1.0003,1.0004,0.9999,1.0004,10585.99,10588.071275,20,0.0,0.0,201912
1.0001,1.0005,1.0001,1.0005,1747.35,1747.922587,10,994.63,995.127315,201912
1.0001,1.0005,1.0001,1.0003,537.38,537.585754,4,502.42,502.622258,201912
1.0003,1.0005,0.9995,1.0004,22718.35,22718.749628,13,10171.41,10174.526875,201912
1.0004,1.0004,1.0003,1.0003,1144.88,1145.250346,7,268.82,268.927528,201912
1.0003,1.0003,1.0003,1.0003,886.5,886.76595,2,829.38,829.628814,201912
1.0004,1.0006,1.0002,1.0002,3310.43,3311.557074,9,62.14,62.174284,201912
1.0004,1.0005,1.0002,1.0005,5090.25,5091.506822,8,553.11,553.347183,201912
1.0005,1.0005,1.0001,1.0001,4719.1,4721.10422,7,4076.21,4078.149931,201912
1.0001,1.0004,1.0,1.0001,2473.43,2473.982706,8,1172.17,1172.602071,201912
1.0001,1.0002,1.0,1.0002,5896.39,5896.503428,11,380.16,380.236032,201912
1.0001,1.0005,1.0001,1.0005,1451.97,1452.473781,6,594.03,594.24702,201912
1.0003,1.0006,1.0002,1.0006,1774.86,1775.849998,9,1644.23,1645.184211,201912
1.0003,1.0006,1.0002,1.0006,8220.27,8223.622816,25,3515.33,3517.401412,201912
1.0006,1.0006,1.0,1.0002,18495.14,18501.572549,34,10409.64,10414.007824,201912
1.0001,1.0005,0.9999,0.9999,37149.05,37156.85355,39,20580.98,20588.33162,201912
0.9999,1.0003,0.9999,1.0003,701.87,701.841357,3,0.0,0.0,201912
1.0002,1.0005,1.0002,1.0002,867.59,867.767811,5,14.31,14.317155,201912
1.0005,1.0005,1.0001,1.0002,6219.4,6220.181583,15,893.66,893.876184,201912
1.0005,1.0005,0.9998,0.9999,2143.92,2144.486238,6,14.36,14.36718,201912
0.9999,1.0005,0.9995,0.9997,72657.79,72641.869426,65,21197.96,21195.433232,201912
0.9997,1.0001,0.9997,1.0,17780.25,17776.355404,36,3127.08,3127.273597,201912
0.9998,1.0001,0.9998,1.0001,8130.62,8130.795848,27,6660.44,6660.909884,201912
1.0001,1.0002,0.9998,1.0001,19495.08,19498.421024,36,19306.44,19309.818752,201912
1.0006,1.0007,1.0003,1.0004,14647.03,14653.477686,15,7765.34,7769.156866,201912
1.0004,1.0005,1.0,1.0001,6785.03,6786.542362,11,2173.3,2174.237858,201912
1.0006,1.0008,1.0003,1.0008,9549.42,9555.417518,16,8980.08,8985.890201,201912
1.0004,1.0008,1.0004,1.0005,17115.2,17127.226913,24,12787.87,12798.04311,201912
1.0007,1.0007,1.0003,1.0007,12087.87,12095.233707,16,8454.98,8460.787856,201912
1.0005,1.0007,1.0002,1.0006,42245.49,42263.068477,31,22029.55,22039.843527,201912
1.0006,1.0007,1.0001,1.0003,35524.18,35538.701663,23,23820.83,23833.068606,201912
1.0006,1.0006,1.0001,1.0001,14132.28,14138.174876,26,8402.42,8407.416197,201912
1.0005,1.0006,1.0,1.0006,50747.3,50764.375256,40,29818.62,29832.329744,201912
1.0003,1.0006,1.0,1.0006,9597.27,9600.761032,17,5022.26,5024.907068,201912
1.0004,1.0006,1.0004,1.0006,3754.66,3756.70183,4,3754.66,3756.70183,201912
1.0003,1.0008,1.0003,1.0004,18590.35,18600.1982,42,3596.2,3598.859923,201912
1.0004,1.0007,1.0,1.0002,79009.6,79039.330656,71,32793.37,32812.549228,201912
1.0005,1.0006,1.0,1.0001,70023.42,70041.65059,98,6074.44,6077.828644,201912
1.0,1.0006,0.9995,0.9998,36512.94,36511.657528,63,15544.29,15545.896902,201912
1.0,1.0003,0.9996,0.9998,40276.6,40276.539737,63,16587.55,16589.39727,201912
1.0002,1.0002,0.9996,0.9996,17875.65,17872.489503,17,32.48,32.486496,201912
0.9996,1.0002,0.9996,1.0002,14974.73,14972.327223,19,5129.22,5129.990859,201912
0.9999,1.0002,0.9998,1.0002,17675.1,17677.889712,30,15433.81,15436.610453,201912
1.0001,1.0001,0.9999,0.9999,2926.94,2926.988325,8,0.0,0.0,201912
1.0002,1.0002,0.9999,1.0,27872.45,27873.03935,15,13300.53,13300.661758,201912
0.9996,1.0001,0.9995,1.0001,89287.86,89274.734726,71,34923.99,34923.048765,201912
1.0,1.0001,0.9998,1.0001,9427.87,9427.416294,17,4869.07,4869.254759,201912
0.9999,1.0,0.9998,0.9998,4493.76,4493.529394,9,1422.15,1422.15,201912
0.9998,1.0001,0.9997,1.0001,42273.03,42272.013631,45,26102.54,26104.759729,201912
1.0,1.0002,0.9998,1.0,2628.82,2628.787923,6,1912.76,1912.801285,201912
1.0,1.0,0.9998,1.0,7780.23,7779.125126,10,0.0,0.0,201912
1.0,1.0001,0.9996,0.9997,16932.7,16929.31323,25,132.7,132.71327,201912
0.9997,1.0001,0.9993,0.9994,5416.54,5415.924616,20,2091.14,2091.349114,201912
0.9995,0.9998,0.9992,0.9992,14518.39,14509.92079,24,1577.07,1576.692734,201912
0.9992,0.9997,0.9992,0.9994,10955.57,10949.326098,19,4593.66,4591.865068,201912
0.9995,0.9997,0.9994,0.9997,50358.74,50335.7024,35,33905.6,33892.269411,201912
0.9996,0.9998,0.9992,0.9994,25863.09,25847.11189,41,4829.99,4828.439991,201912
0.9993,0.9997,0.9992,0.9994,53870.19,53843.434563,61,24609.77,24599.329618,201912
0.9994,0.9998,0.9993,0.9998,52838.5,52812.547966,76,20276.06,20270.065832,201912
0.9995,1.0,0.9995,0.9997,14606.68,14604.208357,13,11425.21,11423.992567,201912
1.0,1.0001,0.9993,0.9998,10895.98,10892.160506,23,2503.7,2503.497974,201912
0.9995,0.9998,0.9994,0.9994,28483.34,28469.601998,30,8909.58,8905.632888,201912
0.9995,0.9996,0.9992,0.9994,48780.17,48748.608573,48,7128.72,7124.439417,201912
0.9993,0.9995,0.9993,0.9994,11429.64,11422.551677,18,6047.67,6044.178402,201912
0.9995,0.9998,0.9992,0.9996,13408.56,13401.255834,20,7726.4,7723.330061,201912
0.9998,0.9999,0.9992,0.9995,61105.43,61071.846221,52,19766.36,19757.028044,201912
0.9997,0.9997,0.9992,0.9993,49872.53,49842.02215,63,6137.35,6134.618809,201912
0.9993,0.9998,0.9993,0.9995,23509.28,23498.632643,31,14001.85,13996.88165,201912
0.9992,0.9994,0.999,0.9994,52436.46,52396.349081,36,18316.7,18304.131357,201912
0.9993,0.9997,0.9991,0.9994,27354.76,27340.598401,46,19550.31,19540.846929,201912
0.9994,0.9996,0.999,0.9994,74773.87,74722.370594,67,28053.07,28037.328177,201912
0.9993,0.9995,0.9992,0.9994,14907.79,14897.652043,26,9030.36,9024.814405,201912
0.9994,0.9995,0.9991,0.9993,57609.64,57566.394905,60,23452.23,23438.927149,201912
0.9991,0.9993,0.9991,0.9991,12883.01,12872.112824,19,7194.83,7189.052186,201912
0.9991,0.9994,0.999,0.9992,23434.19,23414.862957,29,9853.06,9846.235156,201912
0.999,0.9993,0.9989,0.9989,30303.52,30276.921227,45,14528.12,14516.374695,201912
0.9989,0.9992,0.9989,0.9992,9917.44,9908.835938,9,6836.28,6830.5489,201912
0.999,0.9993,0.9989,0.9992,23112.42,23089.290535,36,2426.98,2425.161114,201912
0.9993,0.9995,0.9989,0.9989,84895.36,84820.331223,101,8874.34,8868.369512,201912
0.999,0.9993,0.999,0.9992,36899.13,36870.136028,34,26419.54,26400.405318,201912
0.9992,0.9993,0.9989,0.9991,11820.62,11809.542582,25,3662.55,3659.68837,201912
0.9991,0.9993,0.999,0.9993,12240.17,12229.125055,27,4798.86,4795.158487,201912
0.9993,0.9993,0.9989,0.9993,24254.52,24234.289605,33,13208.15,13198.645339,201912
0.9993,0.9994,0.999,0.9994,13071.48,13062.438302,27,9906.42,9900.303599,201912
0.9994,0.9996,0.9994,0.9996,4066.6,4064.482315,8,4066.6,4064.482315,201912
0.9996,0.9998,0.9993,0.9993,25185.74,25172.440161,26,897.64,897.294338,201912
0.9993,0.9996,0.9993,0.9993,10013.7,10006.885395,27,1340.85,1340.08169,201912
0.9995,0.9995,0.9989,0.9991,51672.65,51629.78701,62,20196.4,20181.570001,201912
0.9992,0.9992,0.9992,0.9992,5392.7,5388.38584,10,5392.7,5388.38584,201912
0.9992,0.9992,0.9989,0.9989,41456.9,41413.979263,60,508.48,508.071016,201912
0.9989,0.9992,0.9989,0.9991,35186.39,35149.727965,50,5697.48,5692.12187,201912
0.9991,0.9992,0.999,0.999,9250.92,9243.122303,18,6650.09,6644.705547,201912
0.999,0.9992,0.999,0.9992,11336.81,11326.832834,17,6798.22,6792.780324,201912
0.9992,0.9993,0.9992,0.9993,2335.14,2333.414841,5,1838.9,1837.522209,201912
0.9993,0.9993,0.9992,0.9993,1249.78,1248.866675,6,864.99,864.384507,201912
0.9992,0.9995,0.999,0.9995,11504.66,11496.407071,24,7520.09,7515.339365,201912
0.9994,0.9995,0.9989,0.9995,8674.52,8666.031091,24,1073.21,1072.549381,201912
0.9996,0.9996,0.9995,0.9995,929.89,929.435059,6,918.89,918.440559,201912
0.9994,0.9995,0.9994,0.9994,3598.48,3596.322012,8,11.0,10.9945,201912
0.9995,0.9997,0.9995,0.9997,10514.89,10509.967474,26,2747.7,2746.659969,201912
0.9995,0.9996,0.9994,0.9995,30978.81,30965.042698,27,17615.51,17608.433288,201912
0.9994,0.9994,0.9991,0.9993,22802.07,22784.352098,29,431.78,431.476654,201912
0.9992,0.9993,0.9992,0.9992,12189.85,12180.111603,17,134.83,134.735619,201912
0.9991,0.9991,0.9991,0.9991,3173.01,3170.154291,8,0.0,0.0,201912
0.9992,0.9993,0.9991,0.9991,41486.71,41453.185587,38,123.78,123.691155,201912
0.9992,0.9994,0.9991,0.9993,43633.12,43600.190159,51,19312.26,19300.594283,201912
0.9992,0.9994,0.9992,0.9993,14997.55,14985.670682,24,1080.75,1080.002901,201912
0.9993,0.9994,0.9992,0.9992,51994.83,51958.130958,94,1414.99,1414.064451,201912
0.9992,0.9995,0.9992,0.9994,26833.72,26815.926943,36,9214.5,9208.816141,201912
0.9994,0.9996,0.9994,0.9996,970.75,970.17476,6,36.05,36.03558,201912
0.9996,0.9996,0.9995,0.9995,6880.86,6877.534324,9,1147.54,1147.080984,201912
0.9995,0.9997,0.9994,0.9995,32798.88,32780.301683,37,1862.61,1861.767865,201912
0.9994,0.9995,0.9994,0.9994,18646.74,18635.831504,29,2806.48,2805.07566,201912
0.9993,0.9993,0.9989,0.9991,166231.71,166085.181244,228,59823.9,59781.481651,201912
0.9991,0.9993,0.9989,0.9989,122933.86,122805.755296,130,10960.2,10951.851354,201912
0.999,0.9993,0.9989,0.9992,260405.86,260140.374061,295,38973.47,38943.348261,201912
0.9992,0.9994,0.9989,0.9993,97251.87,97171.959366,130,27699.86,27680.548514,201912
0.9993,0.9995,0.9993,0.9994,81605.66,81554.926004,67,3964.5,3962.515551,201912
0.9995,0.9995,0.9992,0.9993,46473.9,46446.538493,58,13849.33,13842.209921,201912
0.9993,1.0004,0.999,0.9995,111497.14,111437.036096,118,46242.06,46224.097688,201912
0.9994,0.9995,0.9992,0.9995,53973.18,53939.45546,73,14735.29,14727.849727,201912
0.9995,0.9995,0.9989,0.9991,240211.36,240014.449868,220,79620.01,79573.197614,201912
0.9992,0.9996,0.9991,0.9996,57553.19,57524.017005,68,36344.95,36329.063513,201912
0.9994,0.9997,0.9994,0.9997,43331.48,43312.635271,50,28790.15,28779.6203,201912
0.9995,0.9997,0.9993,0.9996,32729.74,32716.099923,49,13024.41,13020.313898,201912
0.9997,1.0,0.9995,0.9998,91664.83,91653.446754,90,46236.85,46235.06732,201912
0.9999,1.0001,0.9997,0.9999,46370.57,46366.214307,67,14109.9,14109.106964,201912
1.0,1.0,0.9996,0.9999,70942.3,70929.964808,97,31360.55,31357.591328,201912
0.9999,0.9999,0.9996,0.9998,23673.03,23668.452487,43,10161.86,10160.713111,201912
0.9998,1.0,0.9995,0.9998,81043.08,81024.864257,101,26437.29,26433.153473,201912
0.9997,0.9998,0.9992,0.9996,165747.67,165678.199608,128,79397.68,79376.246186,201912
0.9996,1.0001,0.9994,0.9997,127360.57,127308.123809,110,67797.47,67775.3545,201912
0.9995,0.9998,0.9995,0.9997,13224.02,13220.107072,21,9430.12,9427.902106,201912
0.9997,0.9999,0.9992,0.9997,88725.5,88694.760401,147,45956.58,45946.026248,201912
0.9997,1.0,0.9997,0.9999,31791.86,31785.263355,57,9716.0,9715.111844,201912
0.9999,1.0,0.9997,0.9999,58009.24,58003.829107,85,19433.09,19433.0801,201912
0.9998,1.0,0.9993,1.0,61310.04,61294.277999,73,19773.78,19772.327394,201912
0.9998,1.0,0.9989,0.9996,263030.02,262928.339064,248,131123.11,131088.177478,201912
0.9997,0.9997,0.9992,0.9994,146248.35,146181.830216,123,73543.75,73519.140771,201912
0.9994,0.9998,0.9991,0.9994,157131.95,157043.446118,159,60597.35,60569.428219,201912
0.9996,0.9997,0.9992,0.9997,46660.73,46632.665262,70,22705.08,22694.082485,201912
0.9997,0.9997,0.9993,0.9996,75535.92,75502.372042,70,41194.28,41181.698192,201912
0.9997,0.9997,0.999,0.9996,135509.51,135427.433856,124,59762.75,59733.519021,201912
0.9996,1.0,0.9991,0.9991,132763.57,132684.832201,123,43918.79,43900.6359,201912
0.9991,0.9997,0.9991,0.9993,174854.05,174753.521042,119,92416.28,92372.161733,201912
0.9993,0.9997,0.9992,0.9995,141114.55,141047.686627,165,81870.13,81837.662272,201912
0.9995,0.9997,0.9989,0.9995,98690.31,98628.405578,103,41115.13,41094.626343,201912
0.9996,0.9996,0.9992,0.9994,108371.34,108314.978151,136,45362.3,45343.684576,201912
0.9994,0.9997,0.9993,0.9997,106467.72,106415.176341,130,50882.63,50862.870817,201912
0.9997,0.9998,0.9997,0.9997,7768.57,7766.68094,15,4705.76,4704.789783,201912
0.9997,0.9998,0.9995,0.9997,102607.33,102576.037654,87,46716.78,46707.313344,201912
0.9997,1.0001,0.9996,0.9999,33118.51,33109.712695,85,6121.31,6120.475511,201912
0.9998,0.9999,0.9996,0.9997,37520.65,37511.768705,70,13225.31,13223.646997,201912
0.9999,0.9999,0.9996,0.9998,75500.36,75479.905239,122,16459.86,16456.857525,201912
0.9998,0.9999,0.9996,0.9997,48547.58,48534.466258,67,10703.87,10702.607704,201912
0.9998,0.9998,0.9996,0.9996,2526.79,2525.8621,11,0.0,0.0,201912
0.9995,1.0,0.9991,0.9996,143459.28,143390.182143,164,59869.34,59847.449354,201912
0.9995,1.0,0.9994,0.9998,44119.09,44099.619009,59,22073.09,22064.797533,201912
0.9997,0.9997,0.9992,0.9996,127349.42,127290.737829,123,60903.84,60880.722955,201912
0.9997,1.0,0.9996,1.0,37659.48,37651.485662,39,27591.56,27586.59293,201912
1.0,1.0002,0.9999,1.0,34895.08,34897.676608,68,17474.78,17477.317403,201912
1.0001,1.0002,0.9995,1.0001,22545.67,22546.745829,52,11896.25,11897.531952,201912
1.0002,1.0003,0.9999,1.0001,67115.38,67118.978426,109,4842.47,4843.76253,201912
1.0001,1.0002,0.9995,0.9996,83542.42,83532.374655,104,35309.85,35308.317979,201912
0.9997,0.9999,0.9996,0.9997,6880.3,6878.340492,23,197.65,197.61047,201912
0.9999,0.9999,0.9996,0.9996,12004.61,12002.534172,32,7969.48,7968.640321,201912
0.9998,0.9999,0.9996,0.9999,25461.87,25455.030118,64,8515.19,8514.305789,201912
0.9998,0.9999,0.9997,0.9998,37597.4,37590.527861,42,21856.96,21854.767781,201912
0.9998,1.0002,0.9997,0.9999,22733.7,22730.094929,57,11179.67,11178.443894,201912
0.9998,1.0,0.9996,0.9998,36224.29,36217.194661,68,17090.18,17088.508133,201912
0.9999,1.0001,0.9998,1.0,2346.51,2346.351486,16,1069.29,1069.358158,201912
1.0,1.0002,0.9999,1.0001,7096.33,7096.94097,23,5413.7,5414.217683,201912
1.0001,1.0001,0.9999,1.0001,1172.19,1172.083781,11,22.0,22.0011,201912
1.0,1.0002,0.9998,0.9999,31520.0,31518.193233,60,5847.99,5848.790867,201912
0.9998,0.9998,0.9994,0.9994,17199.81,17191.093121,31,492.43,492.233028,201912
0.9994,0.9994,0.9989,0.9992,17818.4,17803.596672,36,743.98,743.313718,201912
0.999,0.9993,0.999,0.999,22434.26,22417.178482,22,16814.83,16803.007912,201912
0.9993,0.9993,0.9991,0.9992,4487.09,4483.365231,8,481.27,480.933111,201912
0.9992,0.9993,0.9992,0.9992,1208.24,1207.284682,4,112.74,112.661082,201912
0.9993,0.9993,0.9993,0.9993,949.5,948.83535,3,949.5,948.83535,201912
0.9992,0.9992,0.9992,0.9992,471.06,470.683152,2,363.65,363.35908,201912
0.9992,0.9994,0.9992,0.9994,4127.13,4124.565762,10,3292.85,3290.856256,201912
0.9994,0.9995,0.9994,0.9995,4515.22,4512.575292,9,11.0,10.9945,201912
0.9994,0.9996,0.9992,0.9993,12272.73,12265.749213,28,3346.55,3345.194118,201912
0.9993,0.9995,0.9993,0.9994,4699.46,4696.522839,10,0.0,0.0,201912
0.9996,0.9997,0.999,0.9994,23563.12,23548.72592,58,5924.64,5921.202489,201912
0.9994,0.9996,0.9993,0.9994,2175.22,2173.905095,15,741.81,741.368426,201912
0.9993,0.9994,0.999,0.9993,39187.12,39153.307386,48,13232.06,13221.429733,201912
0.9991,0.9995,0.999,0.9993,11662.16,11652.609633,24,5717.41,5713.416673,201912
0.9993,0.9993,0.9992,0.9993,5336.48,5332.731663,5,905.67,905.036031,201912
0.9992,0.9994,0.9991,0.9994,58004.15,57956.775738,42,898.55,897.923215,201912
0.9994,0.9995,0.9989,0.9992,90073.84,89999.493732,55,28655.17,28637.146997,201912
0.9992,1.0002,0.9992,0.9998,88775.44,88749.371728,153,63139.44,63125.57967,201912
0.9999,0.9999,0.9994,0.9998,34064.93,34056.569461,55,15015.71,15013.738222,201912
0.9995,0.9999,0.9995,0.9999,17455.32,17450.319372,37,12088.39,12086.001751,201912
0.9999,0.9999,0.9994,0.9995,7885.24,7883.635278,39,7170.19,7168.945409,201912
0.9995,0.9998,0.9995,0.9995,6109.83,6107.916808,27,4466.41,4465.178496,201912
0.9995,1.0002,0.9995,1.0002,20640.74,20636.947836,34,15900.06,15898.500978,201912
0.9997,1.0001,0.9994,1.0,27417.07,27411.183528,42,11159.07,11159.349601,201912
1.0,1.0,0.9997,0.9999,4882.85,4881.557168,12,269.48,269.48,201912
0.9997,0.9997,0.9997,0.9997,1724.17,1723.652749,6,0.0,0.0,201912
1.0,1.0001,0.9999,0.9999,10561.48,10561.360525,20,9177.7,9177.718903,201912
1.0,1.0,0.9999,1.0,1468.57,1468.568029,5,1101.14,1101.14,201912
1.0,1.0001,0.9998,0.9999,8806.42,8805.641661,18,2397.24,2397.243717,201912
0.9999,1.0001,0.9998,1.0001,5766.91,5767.032545,29,4649.28,4649.609312,201912
0.9998,1.0,0.9995,0.9999,11113.54,11111.551578,21,2024.02,2023.890907,201912
0.9999,0.9999,0.9996,0.9998,9983.95,9982.845385,5,9932.24,9931.156069,201912
0.9997,0.9999,0.9996,0.9996,24277.79,24270.803543,25,10183.21,10181.810028,201912
0.9997,0.9999,0.9996,0.9997,12133.37,12131.637217,12,11361.84,11360.383255,201912
0.9997,0.9999,0.9997,0.9997,4003.47,4002.591173,4,4003.47,4002.591173,201912
0.9996,0.9999,0.9995,0.9996,7685.84,7682.348866,16,1122.24,1121.68824,201912
0.9998,0.9998,0.9995,0.9997,28038.84,28028.040316,11,24449.88,24440.144084,201912
0.9996,0.9999,0.9996,0.9999,2577.83,2577.186051,7,1931.85,1931.399845,201912
0.9998,0.9998,0.9997,0.9997,1479.08,1478.650679,3,1352.74,1352.348581,201912
0.9999,0.9999,0.9995,0.9995,611.7,611.485034,4,63.77,63.763623,201912
0.9996,0.9999,0.9996,0.9997,3304.85,3303.806591,5,1016.6,1016.380857,201912
0.9997,1.0002,0.9997,0.9999,8504.67,8504.221402,18,7344.75,7344.336903,201912
0.9999,1.0001,0.9999,0.9999,3095.94,3095.758865,7,1008.12,1008.147647,201912
0.9999,1.0,0.9994,0.9998,26028.28,26023.906961,50,5317.02,5317.018774,201912
1.0001,1.0001,0.9997,0.9999,6725.8,6724.520834,17,753.36,753.244214,201912
0.9999,0.9999,0.9997,0.9997,3332.52,3332.007795,11,968.83,968.733117,201912
0.9998,1.0001,0.9998,1.0,15543.1,15542.977462,12,15543.1,15542.977462,201912
0.9997,0.9999,0.9996,0.9996,1940.76,1940.304803,5,1834.78,1834.367195,201912
0.9998,0.9999,0.9996,0.9999,18078.58,18072.992745,30,2285.34,2285.001138,201912
0.9997,1.0,0.9994,1.0,9660.9,9657.608144,11,6398.2,6396.352949,201912
0.9997,0.9998,0.9995,0.9998,1154.54,1154.25727,4,438.03,437.898591,201912
0.9997,1.0,0.9994,0.9994,4699.1,4696.74797,13,415.66,415.555453,201912
0.9994,0.9998,0.9992,0.9996,12453.72,12444.86015,35,1945.19,1944.086294,201912
0.9994,0.9996,0.9994,0.9995,14750.86,14744.890055,17,14065.85,14060.22366,201912
0.9995,0.9996,0.9995,0.9995,3412.87,3411.241511,10,779.46,779.148216,201912
0.9995,0.9998,0.9995,0.9996,51.31,51.288728,5,14.61,14.605978,201912
0.9995,0.9999,0.9995,0.9998,4211.55,4210.584979,8,4168.65,4167.706429,201912
0.9998,0.9999,0.9997,0.9999,3876.09,3875.402872,11,3849.5,3848.820849,201912
0.9998,1.0,0.9998,0.9998,1194.37,1194.14306,5,1016.13,1015.938708,201912
0.9998,1.0001,0.9998,0.9999,4058.41,4058.256188,11,3361.2,3361.18563,201912
0.9998,1.0001,0.9998,1.0,15373.0,15370.503007,15,1292.61,1292.667675,201912
0.9998,1.0001,0.9998,1.0001,3302.56,3302.043797,12,700.63,700.634183,201912
0.9998,0.9999,0.9997,0.9998,6964.12,6962.860994,21,1433.03,1432.886697,201912
0.9999,1.0,0.9998,0.9999,7620.64,7620.367207,9,6084.62,6084.412136,201912
0.9998,1.0,0.9997,0.9999,5433.64,5432.807384,13,1503.35,1503.305637,201912
0.9997,1.0001,0.9997,0.9998,560.83,560.771835,4,38.38,38.383838,201912
1.0,1.0001,0.999,0.9997,108329.14,108279.386412,79,40544.69,40532.035366,201912
0.9998,0.9998,0.9996,0.9997,2835.17,2834.25224,15,1506.24,1505.796286,201912
0.9998,0.9998,0.9997,0.9998,6453.29,6451.997264,9,6432.51,6431.223498,201912
0.9998,0.9999,0.9994,0.9995,7376.05,7373.14489,26,1769.71,1769.202578,201912
0.9998,0.9998,0.9997,0.9997,4095.73,4094.909304,6,4080.23,4079.413954,201912
0.9997,0.9998,0.9997,0.9998,5084.46,5083.35402,10,3459.12,3458.427076,201912
0.9998,0.9998,0.9998,0.9998,767.34,767.186532,2,438.64,438.552272,201912
0.9998,0.9999,0.9997,0.9999,4098.75,4097.971177,11,3142.97,3142.477911,201912
0.9997,0.9999,0.9997,0.9999,22893.28,22886.793566,6,213.87,213.848613,201912
1.0,1.0002,0.9998,1.0002,9882.2,9882.220708,19,9500.76,9500.839285,201912
1.0002,1.0002,0.9998,0.9998,5136.15,5136.419959,38,4089.57,4090.001789,201912
1.0,1.0001,0.9998,1.0001,13166.67,13165.387654,14,11496.42,11495.374943,201912
0.9999,1.0001,0.9998,0.9999,4999.35,4998.731306,15,2999.82,2999.537448,201912
0.9999,1.0,0.9998,0.9999,803.51,803.429625,5,767.61,767.536805,201912
0.9999,1.0001,0.9998,1.0,3402.25,3401.811995,12,1791.36,1791.244173,201912
1.0,1.0,0.9999,1.0,1164.29,1164.274612,4,1164.29,1164.274612,201912
1.0001,1.0001,0.9999,1.0,5204.22,5204.301496,15,3726.98,3727.151696,201912
1.0,1.0,1.0,1.0,812.09,812.09,5,0.0,0.0,201912
1.0,1.0,1.0,1.0,377.58,377.58,1,0.0,0.0,201912
1.0,1.0,1.0,1.0,2801.48,2801.48,6,0.0,0.0,201912
1.0,1.0,1.0,1.0,2307.22,2307.22,7,0.0,0.0,201912
1.0,1.0,1.0,1.0,115.29,115.29,2,0.0,0.0,201912
1.0,1.0,1.0,1.0,430.15,430.15,4,0.0,0.0,201912
1.0,1.0,1.0,1.0,300.01,300.01,1,0.0,0.0,201912
1.0001,1.0002,1.0001,1.0001,218.8,218.834681,6,128.02,128.045603,201912
1.0002,1.0002,1.0002,1.0002,811.1,811.26222,2,811.1,811.26222,201912
1.0002,1.0002,0.9999,1.0,1354.09,1354.256519,8,1274.09,1274.256518,201912
0.9999,1.0001,0.9998,1.0,2149.8,2149.693711,7,1087.22,1087.225011,201912
1.0,1.0002,0.9999,1.0,10128.64,10129.658807,17,7039.3,7040.108078,201912
1.0001,1.0001,1.0,1.0,2515.36,2515.524898,5,1648.98,1649.144898,201912
1.0,1.0004,1.0,1.0001,13540.01,13543.411837,16,12210.01,12213.348159,201912
1.0003,1.0004,1.0001,1.0004,6116.35,6118.356125,11,5561.71,5563.660661,201912
1.0001,1.0004,1.0,1.0002,6920.97,6921.698975,18,2927.52,2928.192277,201912
0.9999,1.0002,0.9999,1.0001,12488.15,12488.036925,15,3960.27,3960.602026,201912
1.0,1.0002,0.9998,0.9999,4208.62,4208.528855,12,2786.21,2786.309638,201912
1.0,1.0001,0.9999,1.0001,1872.06,1872.062465,10,1374.82,1374.854566,201912
1.0,1.0,0.9999,1.0,2268.33,2268.235453,11,1322.86,1322.86,201912
1.0,1.0001,1.0,1.0001,15019.92,15020.032213,4,15019.92,15020.032213,201912
1.0001,1.0001,1.0,1.0001,4277.76,4278.075166,9,3151.66,3151.975166,201912
1.0002,1.0004,1.0,1.0003,17323.72,17329.410838,17,15464.96,15470.518387,201912
1.0002,1.0004,1.0,1.0003,1793.78,1794.206463,9,1754.48,1754.906463,201912
1.0,1.0003,1.0,1.0001,25318.97,25320.156075,45,5359.86,5360.939191,201912
1.0002,1.0004,1.0,1.0001,4703.31,4704.217336,20,3405.89,3406.787206,201912
1.0003,1.0005,1.0,1.0,6362.8,6364.401329,14,4187.58,4188.87617,201912
1.0004,1.0004,1.0,1.0003,12870.73,12871.483062,14,2761.61,2762.363062,201912
1.0003,1.0004,1.0,1.0002,6348.88,6349.914972,11,3803.39,3804.302507,201912
1.0002,1.0003,1.0,1.0002,9707.55,9709.377281,14,6890.56,6892.33916,201912
1.0001,1.0003,1.0,1.0003,2991.53,2992.024304,6,1603.71,1604.089399,201912
1.0,1.0004,1.0,1.0004,3062.49,3063.403844,11,1863.75,1864.378173,201912
1.0003,1.0004,1.0,1.0,8385.32,8386.362258,22,3243.64,3244.529438,201912
1.0003,1.0004,1.0,1.0003,3996.16,3996.952332,9,3091.91,3092.702332,201912
1.0001,1.0005,1.0001,1.0002,26553.28,26566.144228,10,26078.18,26090.996718,201912
1.0001,1.0004,1.0,1.0003,2688.85,2689.162095,20,678.47,678.679258,201912
1.0002,1.0004,1.0,1.0004,2918.18,2918.739078,8,2558.08,2558.636304,201912
1.0001,1.0004,1.0001,1.0001,9900.41,9902.258034,21,2779.47,2780.288786,201912
1.0003,1.0003,1.0,1.0,7206.87,7208.477838,12,5820.73,5822.205803,201912
1.0001,1.0002,1.0,1.0001,3146.18,3146.414167,19,2050.35,2050.584167,201912
1.0001,1.0003,1.0,1.0001,3102.98,3103.328852,8,2449.52,2449.824551,201912
1.0,1.0002,1.0,1.0002,5224.95,5225.219642,11,1464.41,1464.679642,201912
1.0001,1.0003,1.0,1.0002,5158.67,5159.52541,18,2996.8,2997.460161,201912
1.0,1.0003,1.0,1.0003,6335.5,6336.32511,27,2075.11,2075.572884,201912
1.0001,1.0002,0.9997,0.9999,8504.88,8504.073559,37,2084.76,2084.913128,201912
0.9998,0.9999,0.9997,0.9998,1959.0,1958.615049,6,79.97,79.962003,201912
0.9999,1.0,0.9998,1.0,10817.08,10815.278591,19,1516.7,1516.618038,201912
0.9999,1.0,0.9997,0.9999,5201.81,5201.045021,13,360.8,360.766473,201912
0.9999,1.0001,0.9997,0.9997,13642.43,13640.145126,24,762.45,762.480706,201912
0.9999,1.0,0.9997,1.0,2904.53,2904.083182,11,1497.75,1497.631561,201912
1.0,1.0,0.9997,1.0,12695.3,12693.436051,29,5978.0,5977.873999,201912
0.9998,1.0001,0.9998,0.9999,21843.06,21843.028145,66,17266.22,17266.980804,201912
0.9999,1.0005,0.9997,1.0005,22340.34,22342.220256,53,17325.69,17328.581032,201912
1.0005,1.0005,0.9999,1.0003,13472.57,13475.116598,43,7302.41,7304.574114,201912
1.0003,1.0005,1.0001,1.0004,9190.84,9193.240256,17,6214.59,6216.387375,201912
1.0001,1.0003,1.0,1.0,21445.39,21447.985384,48,2969.79,2970.395579,201912
1.0,1.0002,0.9998,0.9999,14022.76,14024.002573,38,8426.79,8428.098204,201912
0.9999,1.0014,0.9999,1.0006,177010.4,177177.802235,100,155910.57,156061.617911,201912
1.0006,1.0008,1.0006,1.0007,1587.39,1588.462573,13,21.89,21.906412,201912
1.0007,1.0012,1.0001,1.0002,22410.96,22422.445842,57,6514.09,6518.006263,201912
1.0002,1.0006,1.0002,1.0005,9007.03,9010.114464,21,8928.68,8931.748794,201912
1.0003,1.0005,1.0003,1.0003,13904.37,13909.39561,25,5731.9,5734.361347,201912
1.0004,1.0004,1.0003,1.0003,1220.05,1220.419367,11,33.52,33.533408,201912
1.0004,1.0006,1.0003,1.0005,5271.5,5273.782538,11,3050.28,3051.677507,201912
1.0005,1.0007,1.0003,1.0003,11139.21,11144.60805,28,7177.92,7182.064396,201912
1.0003,1.0015,0.9997,1.0003,86897.24,86934.384049,188,43799.24,43831.755577,201912
1.0003,1.0012,1.0,1.0006,35610.53,35632.755655,73,27350.68,27367.940785,201912
1.0007,1.0009,1.0004,1.0008,14230.67,14240.156626,38,13386.3,13395.398774,201912
1.0005,1.001,1.0005,1.0007,14039.65,14051.890709,26,11751.48,11762.23371,201912
1.0007,1.0011,1.0002,1.0005,28679.63,28697.190138,99,7816.52,7822.545529,201912
1.0007,1.0007,1.0003,1.0006,11895.85,11901.536831,40,4252.18,4254.609189,201912
1.0003,1.0006,1.0003,1.0004,3764.12,3765.746254,20,840.71,841.094126,201912
1.0004,1.0004,1.0003,1.0003,6106.41,6108.395331,23,0.0,0.0,201912
1.0003,1.0006,0.9998,0.9999,30738.17,30748.909206,60,7146.99,7150.91984,201912
0.9999,1.0003,0.9998,1.0003,35881.97,35885.657466,48,10645.28,10648.271236,201912
1.0001,1.0001,0.9997,1.0,51874.81,51864.894347,69,9443.74,9443.671035,201912
1.0,1.0002,0.9999,1.0001,11249.72,11250.813838,33,10200.77,10201.930441,201912
1.0002,1.0002,1.0,1.0,25745.58,25746.328378,31,5219.91,5220.489941,201912
1.0001,1.0004,1.0,1.0004,17675.88,17677.065129,25,6439.08,6440.265129,201912
1.0003,1.0004,1.0,1.0,23425.46,23426.563393,11,3547.14,3548.243393,201912
1.0003,1.0006,1.0002,1.0005,12094.27,12098.889491,19,10727.02,10731.229316,201912
1.0005,1.0006,1.0002,1.0003,8497.68,8501.211049,27,5349.71,5352.117847,201912
1.0005,1.0006,1.0002,1.0003,29587.66,29598.116632,30,6879.89,6883.296443,201912
1.0003,1.0005,1.0002,1.0004,35084.86,35095.588104,36,6500.69,6503.186589,201912
1.0001,1.0004,1.0001,1.0003,10768.85,10771.735562,15,6557.05,6559.098684,201912
1.0001,1.0003,1.0,1.0001,13344.3,13346.150724,32,8043.33,8044.686456,201912
1.0002,1.0004,1.0,1.0003,17665.6,17668.506348,25,9367.44,9370.076349,201912
1.0003,1.0004,1.0001,1.0002,6231.84,6233.054136,11,4476.16,4477.018957,201912
1.0001,1.0003,1.0,1.0001,10726.59,10728.293943,13,7637.28,7638.684476,201912
1.0001,1.0006,1.0,1.0005,12811.45,12816.063303,16,7946.28,7949.861847,201912
1.0005,1.0008,1.0004,1.0008,33471.17,33491.417562,15,30343.49,30361.588186,201912
1.0009,1.0009,1.0002,1.0002,65688.35,65733.210527,39,1781.62,1782.927741,201912
1.0005,1.0007,1.0004,1.0004,11457.02,11462.788329,17,8195.73,8200.193813,201912
1.0005,1.0008,1.0004,1.0007,12573.32,12580.917806,30,11277.52,11284.599486,201912
1.0008,1.0012,1.0006,1.0008,40887.04,40922.091473,41,21215.01,21235.883387,201912
1.0007,1.0007,1.0003,1.0005,22705.27,22716.998201,27,5814.55,5817.375586,201912
1.0004,1.0006,1.0002,1.0002,8340.82,8344.414718,14,7205.18,7208.325178,201912
1.0002,1.0004,1.0,1.0004,16251.13,16254.039324,20,5638.93,5640.584986,201912
1.0004,1.0005,1.0001,1.0001,5688.73,5690.57268,8,3568.34,3569.843483,201912
1.0004,1.0006,1.0,1.0005,8893.25,8897.264693,9,7236.0,7239.687627,201912
1.0005,1.0006,1.0001,1.0001,7033.66,7035.849795,13,7012.21,7014.39765,201912
1.0004,1.0006,1.0003,1.0005,12888.62,12894.090778,16,12402.04,12407.316146,201912
1.0005,1.0006,1.0001,1.0004,7988.77,7991.819362,15,5162.33,5164.791432,201912
1.0004,1.0006,1.0003,1.0004,9028.67,9032.805539,18,8986.97,8991.088859,201912
1.0005,1.0005,1.0001,1.0002,7551.06,7553.649227,16,7250.33,7252.889154,201912
1.0002,1.0004,1.0001,1.0002,2563.22,2563.859508,10,2393.95,2394.572581,201912
1.0002,1.0005,1.0001,1.0002,6906.67,6908.215854,17,5435.4,5436.692057,201912
1.0002,1.0005,1.0002,1.0005,2886.27,2887.263332,10,2575.4,2576.307165,201912
1.0002,1.0006,1.0002,1.0006,12236.51,12241.037768,20,5614.62,5617.716628,201912
1.0006,1.0006,1.0003,1.0003,5563.91,5566.389688,16,4554.26,4556.345828,201912
1.0004,1.0006,1.0001,1.0001,13285.75,13289.879091,40,1798.04,1798.892721,201912
1.0001,1.0006,1.0001,1.0003,5779.19,5781.428804,24,4245.71,4247.622716,201912
1.0005,1.0005,1.0001,1.0003,11134.95,11138.142204,28,8898.83,8901.586686,201912
1.0001,1.0004,1.0001,1.0004,14069.35,14072.678068,34,8570.45,8573.200313,201912
1.0003,1.0005,1.0001,1.0002,11890.38,11892.734492,23,3891.03,3892.096832,201912
1.0001,1.0006,1.0001,1.0004,14739.13,14744.566216,20,7250.47,7254.131659,201912
1.0002,1.0005,1.0001,1.0005,15906.78,15909.986761,28,4010.99,4012.436543,201912
1.0005,1.0005,1.0003,1.0005,2946.64,2947.74128,6,2747.59,2748.591755,201912
1.0006,1.0006,1.0001,1.0003,4700.3,4702.24639,11,3781.09,3782.695217,201912
1.0001,1.0005,1.0001,1.0004,4971.64,4973.17999,8,2713.13,2714.326564,201912
1.0003,1.0006,1.0001,1.0006,3618.16,3619.277033,16,2524.5,2525.381491,201912
1.0005,1.0005,1.0002,1.0003,3845.24,3846.684229,18,3043.66,3044.85818,201912
1.0004,1.0004,1.0001,1.0001,18242.21,18244.960563,46,2312.91,2313.802724,201912
1.0001,1.0004,1.0,1.0004,9747.18,9749.988354,28,8896.64,8899.430571,201912
1.0004,1.0005,1.0001,1.0003,6438.6,6440.603755,16,4794.41,4796.160428,201912
1.0004,1.0005,1.0,1.0,43919.83,43930.909786,55,17323.72,17332.18989,201912
1.0,1.0002,1.0,1.0002,1288.46,1288.575847,7,500.35,500.400035,201912
1.0004,1.0005,1.0001,1.0002,10441.26,10443.928438,14,5535.04,5536.790573,201912
1.0001,1.0005,1.0001,1.0002,12540.35,12542.894831,27,3429.33,3430.576966,201912
1.0004,1.0006,1.0001,1.0006,9000.83,9004.503232,28,7257.84,7261.220907,201912
1.0005,1.0007,1.0003,1.0003,10696.13,10701.305707,25,1571.15,1571.958351,201912
1.0003,1.0005,1.0002,1.0003,9606.59,9610.105462,19,1227.74,1228.35387,201912
1.0003,1.0006,1.0002,1.0004,3921.23,3922.520041,10,249.27,249.372852,201912
1.0003,1.0006,1.0002,1.0005,6514.89,6517.150855,17,2761.35,2762.609591,201912
1.0003,1.0005,1.0002,1.0002,7850.95,7853.393105,18,0.0,0.0,201912
1.0003,1.0003,1.0,1.0003,8090.46,8092.017097,21,2082.28,2082.820246,201912
1.0002,1.0005,1.0001,1.0003,12876.58,12880.92079,26,10636.9,10640.831508,201912
1.0003,1.0008,1.0003,1.0006,16016.39,16025.688246,17,13185.86,13193.950738,201912
1.0006,1.001,1.0005,1.001,4222.1,4225.396255,14,2641.65,2643.860153,201912
1.0007,1.0009,1.0006,1.0009,5068.99,5073.11794,14,1904.82,1906.534338,201912
1.0008,1.001,1.0007,1.0009,2747.22,2749.556891,13,540.38,540.920379,201912
1.0008,1.001,1.0008,1.001,2700.68,2703.107436,8,44.17,44.21417,201912
1.0009,1.0012,1.0009,1.001,3630.56,3634.166905,22,847.48,848.414334,201912
1.0009,1.0009,1.0007,1.0009,4509.89,4513.641993,17,389.99,390.340991,201912
1.0008,1.001,1.0006,1.0008,5938.57,5942.835637,39,1590.77,1592.120663,201912
1.0008,1.0008,1.0006,1.0007,3923.47,3926.045758,30,560.66,561.108528,201912
1.0006,1.0007,1.0004,1.0005,2320.24,2321.74971,9,1106.98,1107.754886,201912
1.0004,1.0006,1.0004,1.0004,6255.17,6257.823923,19,37.14,37.162284,201912
1.0005,1.0006,1.0004,1.0006,2914.49,2915.884812,10,182.12,182.229272,201912
1.0005,1.0006,1.0004,1.0005,6223.9,6226.824813,10,1299.79,1300.569874,201912
1.0005,1.0006,1.0004,1.0004,3492.07,3493.640082,15,21.36,21.372816,201912
1.0004,1.0006,1.0004,1.0005,1417.2,1417.868426,8,93.04,93.095824,201912
1.0004,1.0006,1.0004,1.0006,3692.19,3694.138516,13,1619.22,1620.191532,201912
1.0006,1.0006,1.0004,1.0004,4029.03,4030.768159,13,425.38,425.611138,201912
1.0004,1.0006,1.0004,1.0004,4654.71,4656.992785,25,1556.14,1557.058774,201912
1.0005,1.0006,1.0004,1.0004,2921.6,2922.939812,10,150.8,150.89048,201912
1.0005,1.0008,1.0005,1.0008,4205.89,4208.219603,15,900.36,900.943926,201912
1.0004,1.0009,1.0004,1.0009,6059.99,6064.734669,23,4032.93,4036.348847,201912
1.0009,1.0009,1.0004,1.0004,13203.16,13210.647183,29,3305.38,3307.914109,201912
1.0005,1.0007,1.0005,1.0007,2644.43,2645.934333,7,617.44,617.872208,201912
1.0006,1.0008,1.0004,1.0006,4767.41,4770.428385,18,2105.71,2107.245171,201912
1.0006,1.0006,1.0004,1.0004,13926.48,13932.50005,22,480.32,480.608192,201912
1.0005,1.0006,1.0003,1.0003,7491.86,7494.986818,22,1401.17,1402.010702,201912
1.0003,1.0007,1.0003,1.0006,12994.99,13000.075102,35,3040.95,3042.780616,201912
1.0006,1.0006,1.0001,1.0003,5878.85,5880.708994,21,512.53,512.765327,201912
1.0003,1.0005,1.0002,1.0004,13462.0,13466.389662,21,1919.22,1920.048076,201912
1.0003,1.0004,1.0003,1.0004,15725.76,15730.878008,29,0.0,0.0,201912
1.0005,1.0005,1.0003,1.0004,4259.87,4261.704046,9,1373.89,1374.576945,201912
1.0004,1.0005,1.0003,1.0004,3299.0,3300.418966,9,531.32,531.58566,201912
1.0004,1.0005,1.0003,1.0003,5587.89,5590.154202,11,1093.86,1094.40693,201912
1.0006,1.0006,1.0003,1.0006,10704.12,10707.929271,31,1304.63,1305.31184,201912
1.0004,1.0007,1.0003,1.0005,8113.85,8117.763731,15,3707.5,3709.654832,201912
1.0005,1.0006,1.0004,1.0004,5071.99,5074.368203,13,924.7,925.16235,201912
1.0004,1.0006,1.0003,1.0006,3358.26,3359.748782,8,1019.24,1019.77962,201912
1.0004,1.0005,1.0004,1.0005,2007.43,2008.324844,5,12.08,12.08604,201912
1.0005,1.0006,1.0003,1.0004,4247.71,4249.837732,10,2295.51,2296.857934,201912
1.0007,1.0008,1.0004,1.0004,4367.4,4369.554478,15,743.92,744.44562,201912
1.0005,1.0008,1.0004,1.0008,4346.1,4348.767271,14,1971.62,1973.087958,201912
1.0007,1.0008,1.0004,1.0008,3019.7,3021.496917,9,1637.84,1638.92955,201912
1.0006,1.0008,1.0005,1.0006,3712.33,3714.712787,14,1256.95,1257.869635,201912
1.0007,1.0008,1.0005,1.0006,3863.36,3865.795873,15,400.29,400.610232,201912
1.0004,1.0008,1.0004,1.0008,5208.54,5211.310007,15,1551.31,1552.401048,201912
1.0007,1.0008,1.0005,1.0006,8997.02,9001.9381,28,19.68,19.695744,201912
1.0006,1.0006,1.0005,1.0006,9535.19,9540.217247,11,1264.18,1264.938508,201912
1.0007,1.0007,1.0004,1.0004,2695.85,2697.29104,8,1134.38,1135.07803,201912
1.0006,1.0007,1.0004,1.0007,3971.1,3973.412087,11,1294.39,1295.265638,201912
1.0005,1.0006,1.0005,1.0006,3635.64,3637.633677,6,1494.01,1494.906406,201912
1.0004,1.0007,1.0004,1.0006,712.14,712.499237,4,342.34,342.551317,201912
1.0004,1.0006,1.0003,1.0004,1781.37,1782.198677,8,1714.75,1715.558248,201912
1.0003,1.0006,1.0003,1.0004,2736.07,2737.395423,12,1470.58,1471.403412,201912
1.0004,1.0008,1.0004,1.0008,2766.29,2768.383868,8,2755.7,2757.789632,201912
1.0008,1.0009,1.0006,1.0006,1455.08,1456.185363,8,1294.1,1295.108775,201912
1.0006,1.0009,1.0006,1.0008,2714.95,2717.207865,8,2428.4,2430.460825,201912
1.0007,1.0007,1.0007,1.0007,491.09,491.433763,2,491.09,491.433763,201912
1.0008,1.0009,1.0008,1.0009,1617.08,1618.486428,2,1617.08,1618.486428,201912
1.0008,1.0008,1.0003,1.0008,15788.55,15793.997704,11,788.55,789.120333,201912
1.0007,1.0008,1.0005,1.0007,5518.38,5522.414894,7,4484.86,4488.378134,201912
1.0008,1.0009,1.0005,1.0009,5695.08,5699.559226,13,5672.05,5676.517711,201912
1.0008,1.0008,1.0006,1.0006,1342.52,1343.536522,5,1285.66,1286.642406,201912
1.0006,1.0009,1.0005,1.0008,5620.56,5625.269506,15,4938.99,4943.334408,201912
1.0008,1.0009,1.0005,1.0008,2603.74,2605.800395,8,2507.58,2509.592315,201912
1.0005,1.0009,1.0005,1.0008,2771.44,2773.08373,25,807.49,808.151755,201912
1.0008,1.0011,1.0007,1.0007,11183.04,11193.224549,18,11161.75,11171.919646,201912
1.001,1.001,1.001,1.001,780.11,780.89011,1,780.11,780.89011,201912
1.0009,1.0012,1.0009,1.0012,14994.89,15012.691169,34,14975.64,14993.423844,201912
1.0007,1.0012,1.0007,1.001,979.94,980.811675,15,657.73,658.340104,201912
1.0011,1.0011,1.0007,1.0009,2250.16,2252.224626,11,1653.64,1655.236903,201912
1.001,1.0015,1.001,1.0015,42966.44,43025.507518,38,42731.44,42790.249018,201912
1.0015,1.0015,1.0011,1.0011,4459.34,4465.317384,19,3031.51,3035.898023,201912
1.0011,1.0015,1.0011,1.0014,2808.6,2811.970001,15,2574.32,2577.422192,201912
1.0014,1.0015,1.0011,1.0011,6666.11,6674.108515,12,2130.67,2133.564375,201912
1.0014,1.0014,1.0008,1.0011,12881.78,12894.434665,27,2980.36,2983.891013,201912
1.0008,1.0011,1.0008,1.0011,2464.81,2467.09926,3,362.8,363.19908,201912
1.0011,1.0012,1.0009,1.0009,2727.53,2730.257544,4,2727.53,2730.257544,201912
1.0008,1.0012,1.0008,1.0008,2403.6,2405.929766,6,1214.19,1215.568238,201912
1.0011,1.0011,1.0007,1.0008,1419.2,1420.743483,5,1369.9,1371.40689,201912
1.0011,1.0012,1.0008,1.0011,3306.56,3309.908599,5,3292.68,3296.017495,201912
1.001,1.001,1.0008,1.001,4934.5,4938.934896,7,1532.19,1533.72219,201912
1.0008,1.0012,1.0008,1.0008,2244.04,2246.363056,7,1755.77,1757.70244,201912
1.0008,1.0012,1.0008,1.0012,3281.85,3285.059331,14,2273.87,2276.272947,201912
1.0008,1.0011,1.0008,1.0009,670.91,671.599226,3,442.25,442.736475,201912
1.0011,1.0012,1.0009,1.0011,864.17,865.097597,5,849.08,849.994016,201912
1.0012,1.0012,1.0009,1.0012,1321.45,1322.77722,6,1287.12,1288.414552,201912
1.0009,1.0012,1.0009,1.0009,4782.37,4786.968386,14,1069.03,1070.208825,201912
1.0009,1.0011,1.0009,1.0009,9727.81,9736.773429,13,1402.83,1404.300947,201912
1.0011,1.0012,1.0009,1.0012,1570.37,1571.987328,6,989.79,990.884806,201912
1.0009,1.0011,1.0009,1.0011,7161.04,7167.810974,9,2643.66,2646.365332,201912
1.0011,1.0011,1.0011,1.0011,38.75,38.792625,1,0.0,0.0,201912
1.0011,1.0012,1.0011,1.0012,1568.34,1570.219451,8,1542.77,1544.621324,201912
1.0012,1.0012,1.0011,1.0011,8216.49,8225.529314,11,11.75,11.7641,201912
1.0011,1.0011,1.0011,1.0011,12241.83,12255.296013,11,0.0,0.0,201912
1.0011,1.0012,1.0011,1.0011,4202.15,4206.778389,9,60.24,60.312288,201912
1.0011,1.0011,1.001,1.001,28412.61,28443.63533,22,0.0,0.0,201912
1.001,1.0012,1.0009,1.0009,50999.87,51051.162686,80,2673.0,2675.976768,201912
1.0009,1.0012,1.0009,1.001,16866.82,16883.135638,35,7240.05,7247.701545,201912
1.0012,1.0012,1.0009,1.0009,9301.5,9310.628267,21,4746.92,4751.938445,201912
1.0012,1.0012,1.0009,1.001,8367.82,8376.513825,14,1492.62,1494.271575,201912
1.0009,1.0011,1.0009,1.0011,5872.55,5878.329908,3,3267.72,3271.155561,201912
1.0009,1.0011,1.0009,1.0009,9028.62,9037.087374,5,1708.08,1709.958888,201912
1.001,1.0013,1.0009,1.0013,15094.95,15110.200446,26,4863.93,4869.600979,201912
1.0013,1.0013,1.0009,1.0012,3669.02,3672.994494,8,3628.07,3632.007639,201912
1.001,1.0013,1.001,1.0013,2438.42,2441.246486,8,1912.72,1915.020786,201912
1.0013,1.0014,1.001,1.0014,2743.34,2746.839136,8,1267.42,1269.15662,201912
1.0013,1.0014,1.0011,1.0014,13498.82,13516.545479,17,9269.87,9282.717639,201912
1.0012,1.0013,1.0011,1.0012,4246.06,4251.114678,12,3112.19,3115.997421,201912
1.0013,1.0013,1.0012,1.0012,3710.8,3715.317536,3,645.76,646.599488,201912
1.0012,1.0014,1.0012,1.0013,3354.33,3358.396109,4,354.49,354.956301,201912
1.0012,1.0013,1.0012,1.0013,3265.58,3269.570471,7,717.75,718.683075,201912
1.0012,1.0014,1.0011,1.0014,13286.0,13302.832672,16,5912.45,5920.72743,201912
1.0011,1.0014,1.0011,1.0012,31512.49,31550.389841,43,1577.67,1579.878738,201912
1.0012,1.0015,1.0012,1.0012,7755.07,7764.826699,35,1488.56,1490.775278,201912
1.0012,1.0014,1.0011,1.0013,35725.66,35768.26958,53,4694.84,4700.94588,201912
1.0011,1.0012,1.0011,1.0011,19695.58,19717.615845,44,3707.07,3711.518484,201912
1.0011,1.0012,1.0011,1.0011,36833.46,36874.413563,49,4367.57,4372.811084,201912
1.0011,1.0012,1.0011,1.0011,83121.61,83221.225663,17,81818.92,81917.102704,201912
1.0012,1.0015,1.0011,1.0012,15634.6,15653.774645,10,14992.09,15010.503109,201912
1.0012,1.0015,1.0012,1.0012,6545.03,6553.167473,17,944.79,946.207185,201912
1.0012,1.0015,1.0012,1.0012,7291.06,7300.902718,11,3428.53,3433.672795,201912
1.0013,1.0014,1.0012,1.0013,5372.84,5379.860665,5,4980.84,4987.390265,201912
1.0013,1.0013,1.0013,1.0013,3124.67,3128.732071,12,320.29,320.706377,201912
1.0013,1.0016,1.0013,1.0013,22654.26,22685.582185,48,7624.41,7636.19338,201912
1.0013,1.0013,1.0013,1.0013,18864.78,18889.304214,13,0.0,0.0,201912
1.0013,1.0013,1.0012,1.0012,16686.16,16706.35433,19,1709.37,1711.592181,201912
1.0012,1.0013,1.0012,1.0013,2276.72,2279.488742,5,366.78,367.256814,201912
1.0012,1.0014,1.0011,1.0014,13717.31,13733.64036,13,12965.95,12981.453864,201912
1.0009,1.0013,1.0009,1.0011,7872.51,7881.730433,24,3159.61,3163.717493,201912
1.0014,1.0014,1.0014,1.0014,2521.72,2525.250408,5,2521.72,2525.250408,201912
1.0013,1.0014,1.0011,1.0013,6321.04,6328.931389,20,2463.27,2466.590977,201912
1.0011,1.0012,1.0011,1.0012,4214.28,4219.074708,12,1590.0,1591.908,201912
1.0011,1.0014,1.0011,1.0011,8429.93,8439.982198,28,3946.46,3951.580381,201912
1.0011,1.0015,1.0011,1.0011,6969.79,6978.78822,13,6091.68,6099.712299,201912
1.0014,1.0015,1.0012,1.0015,5056.0,5062.550138,5,4156.0,4161.470138,201912
1.0012,1.0016,1.0012,1.0013,3526.01,3530.882042,8,2122.82,2125.869625,201912
1.0016,1.0016,1.0013,1.0014,11389.6,11407.519456,14,10164.57,10180.778753,201912
1.0015,1.0017,1.0015,1.0015,1986.49,1989.590267,9,612.75,613.789657,201912
1.0017,1.0017,1.0014,1.0014,9931.68,9947.680437,11,7976.64,7989.892574,201912
1.0017,1.0017,1.0014,1.0014,4057.11,4063.392339,15,2969.3,2974.059405,201912
1.0017,1.0017,1.0014,1.0017,24081.05,24114.885727,18,582.01,582.947071,201912
1.0014,1.0017,1.0014,1.0016,611.49,612.456955,4,543.93,544.802371,201912
1.0014,1.0017,1.0014,1.0014,6609.66,6620.282118,13,4744.84,4752.85137,201912
1.0016,1.0017,1.0014,1.0014,1778.83,1781.570926,11,845.33,846.688116,201912
1.0014,1.0016,1.0014,1.0014,1851.26,1854.094198,8,1335.86,1337.972638,201912
1.0014,1.0017,1.0013,1.0013,3537.31,3542.427646,12,1551.23,1553.59585,201912
1.0014,1.0017,1.0014,1.0016,4198.85,4205.320574,11,3217.7,3222.796964,201912
1.0017,1.0018,1.0014,1.0014,19968.77,19997.572982,20,7566.15,7577.589314,201912
1.0014,1.0016,1.0013,1.0013,11432.59,11448.401303,6,605.42,606.388672,201912
1.0016,1.0016,1.0013,1.0014,3018.16,3022.585671,11,1514.89,1517.143174,201912
1.0014,1.0015,1.0013,1.0013,2097.42,2100.190882,8,90.7,90.83605,201912
1.0013,1.0014,1.0013,1.0013,3131.33,3135.498625,6,978.96,980.330544,201912
1.0013,1.0014,1.0013,1.0014,1374.52,1376.344111,8,372.35,372.87129,201912
1.0014,1.0016,1.0013,1.0013,10363.38,10377.805249,23,902.23,903.673568,201912
1.0016,1.0016,1.0011,1.0014,3005.97,3010.069736,9,2204.78,2207.916612,201912
1.0013,1.0014,1.001,1.0013,1515.41,1517.301303,6,1246.3,1247.922193,201912
1.0012,1.0013,1.001,1.0013,2063.78,2066.143371,9,1418.4,1420.11166,201912
1.0011,1.0014,1.0011,1.0012,6880.57,6888.521878,24,3406.35,3410.480236,201912
1.0011,1.0014,1.0011,1.0014,2721.12,2724.404154,11,1849.08,1851.40491,201912
1.0011,1.0013,1.0011,1.0013,811.63,812.634899,4,714.4,715.297946,201912
1.0011,1.0014,1.001,1.0013,20618.34,20641.097745,14,416.83,417.382879,201912
1.001,1.0013,1.001,1.0013,1177.71,1179.115558,3,989.24,990.457088,201912
1.0011,1.0014,1.001,1.0013,1174.7,1176.044147,9,259.95,260.290058,201912
1.0013,1.0013,1.001,1.0013,1141.45,1142.786727,5,765.08,766.040357,201912
1.001,1.0015,1.001,1.0015,11998.05,12010.176447,20,472.77,473.358978,201912
1.0012,1.0014,1.0011,1.0013,2197.4,2200.028627,12,832.3,833.390232,201912
1.0011,1.0014,1.0011,1.0013,1473.09,1474.998854,8,1138.04,1139.580299,201912
1.0012,1.0013,1.0011,1.0013,2971.96,2975.410651,10,803.37,804.414381,201912
1.0011,1.0014,1.001,1.0013,2693.2,2696.280294,13,717.01,717.944121,201912
1.0014,1.0014,1.001,1.0011,6512.36,6521.182903,17,5671.06,5678.939933,201912
1.0014,1.0014,1.0011,1.0011,6880.17,6889.414853,21,5135.61,5142.737853,201912
1.0011,1.0013,1.0011,1.0013,3126.21,3129.821344,9,734.44,735.394772,201912
1.0013,1.0013,1.0012,1.0012,1413.11,1414.840643,2,1413.11,1414.840643,201912
1.0014,1.0014,1.001,1.001,7091.77,7099.389177,20,1106.45,1107.820594,201912
1.001,1.0013,1.001,1.0013,860.48,861.560089,2,732.03,732.981639,201912
1.0012,1.0014,1.001,1.001,7188.72,7198.100845,14,6834.18,6843.19071,201912
1.001,1.0022,1.001,1.0016,44459.08,44535.782036,49,24058.32,24100.576067,201912
1.0014,1.0014,1.001,1.001,19125.39,19144.962189,31,240.49,240.826686,201912
1.001,1.0013,1.001,1.0013,22149.43,22173.396928,26,4825.79,4832.015356,201912
1.0014,1.0014,1.0008,1.0012,4951.8,4957.327235,21,2181.22,2183.842896,201912
1.0009,1.0012,1.0009,1.0011,5998.85,6005.058586,11,4224.23,4228.72478,201912
1.0009,1.0012,1.0009,1.0009,10362.27,10372.796997,27,3613.18,3617.515816,201912
1.0009,1.0011,1.0007,1.0007,3165.59,3168.727329,14,2058.95,2061.12448,201912
1.0008,1.0012,1.0007,1.0008,19395.79,19411.274986,43,4227.98,4232.220456,201912
1.0008,1.0012,1.0007,1.0012,8300.79,8307.976466,22,2058.84,2061.310608,201912
1.0011,1.0011,1.0009,1.0011,28889.44,28921.147306,37,585.31,585.953841,201912
1.0011,1.0012,1.0011,1.0012,13843.96,13860.483519,6,12951.63,12967.171956,201912
1.0012,1.0017,1.0012,1.0014,6988.7,6998.821644,8,878.15,879.596933,201912
1.0014,1.0014,1.001,1.0011,33945.28,33982.43684,59,1032.71,1034.020669,201912
1.0013,1.0015,1.0011,1.0015,11553.85,11568.529603,32,5624.14,5631.736814,201912
1.0014,1.0016,1.0011,1.0012,29233.08,29269.453512,62,6676.62,6686.510145,201912
1.0012,1.0015,1.0011,1.0012,24547.57,24576.583525,38,833.63,834.829711,201912
1.0014,1.0014,1.0011,1.0011,4080.74,4085.943591,19,2171.06,2173.972983,201912
1.0011,1.0014,1.0011,1.0014,5905.8,5913.214516,13,3051.83,3055.924959,201912
1.0013,1.0015,1.0011,1.0013,8767.63,8780.012269,9,7883.46,7894.715688,201912
1.0011,1.0015,1.0011,1.0012,1719.25,1721.592806,9,1671.04,1673.329775,201912
1.0015,1.0015,1.0011,1.0014,7124.57,7134.369285,13,5269.78,5277.272132,201912
1.0013,1.0015,1.001,1.0011,12429.63,12445.454089,16,10565.24,10578.851453,201912
1.0013,1.0015,1.0013,1.0013,7206.26,7216.025986,16,7206.26,7216.025986,201912
1.0014,1.0015,1.0011,1.0015,13310.24,13328.413594,26,10927.98,10943.265467,201912
1.0011,1.0014,1.0011,1.0011,8311.62,8321.994517,12,4206.28,4212.126993,201912
1.0011,1.0015,1.0011,1.0015,2144.64,2147.077756,8,196.63,196.924945,201912
1.0015,1.0015,1.0001,1.0006,69827.65,69882.302508,111,19697.88,19714.751575,201912
1.0002,1.001,1.0002,1.001,1830.16,1831.271073,11,1315.25,1316.105638,201912
1.0007,1.001,1.0007,1.001,4642.36,4646.249255,14,2132.01,2134.14201,201912
1.001,1.001,1.0007,1.001,10778.18,10786.734158,29,5123.52,5128.115896,201912
1.0007,1.0014,1.0007,1.001,7406.13,7413.533138,22,1447.45,1449.184162,201912
1.0009,1.0013,1.0009,1.0009,5492.17,5497.192425,15,198.68,198.938284,201912
1.0009,1.0011,1.0008,1.0011,7361.33,7367.858077,17,2595.06,2597.77506,201912
1.0009,1.0011,1.0008,1.0011,6491.36,6497.275578,14,743.8,744.61818,201912
1.0011,1.0013,1.0009,1.0013,5099.81,5105.778141,17,3643.53,3648.187489,201912
1.0013,1.0014,1.001,1.001,4189.8,4194.48055,16,2689.81,2692.99056,201912
1.0009,1.0012,1.0008,1.001,9734.49,9742.959093,22,523.9,524.460628,201912
1.0012,1.0012,1.0008,1.001,14383.78,14398.891654,17,10209.12,10220.843522,201912
1.0008,1.0012,1.0008,1.0012,230.93,231.180664,2,164.8,164.99776,201912
1.0008,1.0012,1.0008,1.0008,90.59,90.669568,3,17.74,17.761288,201912
1.0008,1.0009,1.0008,1.0008,5458.7,5463.106574,7,0.0,0.0,201912
1.0008,1.0011,1.0008,1.0008,894.3,895.266237,3,835.99,836.909589,201912
1.001,1.001,1.0008,1.001,2988.65,2991.466794,5,2129.37,2131.49937,201912
1.0012,1.0012,1.0008,1.0008,244.34,244.624928,3,223.64,223.908368,201912
1.0009,1.0012,1.0008,1.0009,1715.18,1716.793864,7,476.92,477.492304,201912
1.0008,1.0012,1.0007,1.001,12974.06,12984.236729,15,847.21,848.060006,201912
1.0007,1.0012,1.0007,1.0009,6833.22,6838.721703,28,2129.82,2132.029323,201912
1.001,1.0012,1.0007,1.0007,10625.69,10634.793273,23,2472.85,2475.652873,201912
1.0012,1.0012,1.0007,1.0008,1077.57,1078.67291,10,608.08,608.809696,201912
1.0009,1.0012,1.0007,1.0007,6332.77,6338.090518,13,2483.53,2486.009962,201912
1.0008,1.0008,1.0007,1.0007,734.75,735.335801,3,0.0,0.0,201912
1.0012,1.0012,1.0008,1.0011,6840.21,6847.776261,11,4109.6,4114.440281,201912
1.0012,1.0014,1.0007,1.0008,14724.66,14738.738093,28,7910.18,7918.89947,201912
1.0011,1.0014,1.0007,1.001,19191.9,19211.417348,42,10564.86,10576.700796,201912
1.0009,1.0014,1.0007,1.0008,12475.22,12485.910971,26,645.78,646.592016,201912
1.0012,1.0013,1.0008,1.0008,5096.97,5101.507289,10,709.22,710.141986,201912
1.0013,1.0013,1.0007,1.0007,18880.38,18895.993744,35,4076.45,4081.274095,201912
1.0008,1.0011,1.0007,1.0011,12702.5,12715.505286,23,10710.93,10722.432463,201912
1.0011,1.0011,1.0007,1.0007,2767.87,2770.138019,8,42.63,42.676893,201912
1.0008,1.0008,1.0007,1.0007,3263.3,3265.853559,7,0.0,0.0,201912
1.0007,1.0011,1.0007,1.0011,1572.36,1573.688109,6,499.18,499.685839,201912
1.0007,1.0015,1.0007,1.001,8509.64,8519.530728,20,6526.28,6534.506255,201912
1.0014,1.0014,1.0009,1.0009,4330.61,4335.384656,14,2387.65,2390.54649,201912
1.0009,1.0013,1.0009,1.001,5760.39,5766.031229,8,699.69,700.599597,201912
1.001,1.0014,1.0008,1.0012,11754.67,11766.638801,30,279.63,280.016916,201912
1.0012,1.0013,1.0007,1.0009,7637.47,7646.493183,21,5798.26,5805.582391,201912
1.0009,1.0013,1.0009,1.0012,4337.0,4341.35206,7,1178.22,1179.636213,201912
1.0009,1.001,1.0007,1.001,4029.06,4032.557172,5,594.16,594.75416,201912
1.0007,1.0011,1.0007,1.0011,6346.58,6351.077599,18,18.41,18.430251,201912
1.0007,1.0011,1.0007,1.0008,4713.63,4718.080274,11,2535.4,2538.18894,201912
1.0007,1.0018,1.0007,1.001,23423.91,23452.30867,35,14254.67,14272.401744,201912
1.001,1.0015,1.0008,1.0013,5324.84,5330.154264,22,912.31,913.53481,201912
1.0013,1.0013,1.0009,1.0009,14233.77,14250.381633,35,7947.23,7957.478066,201912
1.0013,1.0013,1.0009,1.001,7203.85,7212.798604,17,5963.04,5970.761115,201912
1.0013,1.0014,1.0009,1.0014,4966.23,4972.216824,8,2971.57,2975.479182,201912
1.0011,1.0012,1.0011,1.0012,8339.01,8349.013183,23,8302.72,8312.683264,201912
1.0012,1.0012,1.0011,1.0012,687.8,688.610322,8,537.42,538.064904,201912
1.0012,1.0012,1.0011,1.0012,159.41,159.597534,4,121.83,121.976196,201912
1.0012,1.0014,1.0009,1.0012,9024.08,9034.643987,33,3758.7,3763.558238,201912
1.001,1.0014,1.001,1.0012,3119.55,3123.317081,12,1776.14,1778.499216,201912
1.001,1.0014,1.001,1.0014,2880.04,2883.889259,15,2205.31,2208.395662,201912
1.001,1.0014,1.001,1.001,4184.02,4188.586508,16,489.79,490.428157,201912
1.001,1.0014,1.001,1.0011,2857.74,2861.241832,16,2234.67,2237.51586,201912
1.001,1.0014,1.001,1.0011,469.0,469.497734,4,11.63,11.646282,201912
1.0014,1.0014,1.0011,1.0011,758.73,759.612672,3,170.23,170.465322,201912
1.0012,1.0014,1.0011,1.0014,1598.9,1600.88947,6,1191.18,1192.720978,201912
1.0011,1.0014,1.001,1.0011,2928.15,2931.352948,13,796.0,796.97808,201912
1.0012,1.0012,1.0009,1.0012,5974.15,5981.10636,10,4839.17,4844.977004,201912
1.0012,1.0012,1.001,1.001,1014.13,1015.187589,9,32.41,32.448892,201912
1.001,1.0012,1.001,1.0012,985.25,986.278082,7,113.29,113.425948,201912
1.0011,1.0011,1.0011,1.0011,317.8,318.14958,1,0.0,0.0,201912
1.0012,1.0013,1.001,1.0013,7872.27,7882.019102,20,6556.0,6564.422871,201912
1.0012,1.0015,1.0011,1.0015,1497.91,1499.874378,6,1216.77,1218.425124,201912
1.0011,1.0013,1.0011,1.0011,2393.69,2396.469565,5,0.0,0.0,201912
1.0012,1.0015,1.0011,1.0011,969.19,970.408744,7,640.83,641.669351,201912
1.0015,1.0015,1.0011,1.0015,544.77,545.446872,4,83.41,83.535115,201912
1.0011,1.0015,1.0011,1.0012,3806.21,3810.568974,10,684.45,685.348009,201912
1.0015,1.0017,1.0014,1.0017,1282.02,1284.059376,5,1141.09,1142.932074,201912
1.0015,1.0019,1.0015,1.0019,1044.48,1046.149156,4,83.96,84.11575,201912
1.0016,1.0018,1.0015,1.0015,4702.92,4710.322014,17,800.8,802.24144,201912
1.0015,1.0015,1.0007,1.0009,29287.24,29319.919603,23,722.33,723.196796,201912
1.0009,1.0011,1.0009,1.001,2223.19,2225.425674,7,514.83,515.396313,201912
1.0009,1.0012,1.0008,1.0012,5468.37,5473.062404,16,442.0,442.5304,201912
1.0008,1.0012,1.0008,1.0009,3891.69,3895.380034,7,1494.8,1496.3948,201912
1.0009,1.0009,1.0008,1.0008,550.81,551.284797,5,0.0,0.0,201912
1.0008,1.0012,1.0008,1.0009,2227.88,2230.256674,8,1720.3,1722.229651,201912
1.0009,1.0011,1.0009,1.0011,5051.84,5056.708446,8,3025.29,3028.334551,201912
1.0012,1.0012,1.0007,1.0007,2316.67,2318.699405,8,370.14,370.553679,201912
1.0009,1.0009,1.0007,1.0007,1615.04,1616.256868,4,21.58,21.599422,201912
1.0012,1.0012,1.0007,1.0008,2696.84,2699.072195,7,812.73,813.56273,201912
1.0007,1.0007,1.0007,1.0007,1162.71,1163.523897,4,0.0,0.0,201912
1.0008,1.0012,1.0008,1.0008,248.5,248.708112,5,23.28,23.307936,201912
1.0008,1.0012,1.0008,1.0009,2056.48,2058.402212,29,393.62,394.081644,201912
1.0012,1.0015,1.0011,1.0015,4027.82,4032.684502,15,2913.44,2917.07018,201912
1.0015,1.0015,1.0012,1.0015,21390.88,21420.954442,15,15084.62,15107.12693,201912
1.0014,1.0014,1.0013,1.0013,1374.93,1376.816906,2,994.97,996.362958,201912
1.0015,1.0016,1.0011,1.0013,5174.13,5181.472175,18,2974.28,2978.866393,201912
1.0012,1.0016,1.001,1.001,12442.36,12456.300368,21,1470.76,1472.684341,201912
1.001,1.0013,1.001,1.0011,4696.84,4702.250178,6,0.0,0.0,201912
1.0014,1.0014,1.001,1.0014,2558.64,2561.42696,14,570.8,571.59912,201912
1.001,1.0013,1.001,1.0011,3428.98,3432.880998,7,0.0,0.0,201912
1.0011,1.0012,1.0011,1.0012,2106.89,2109.334179,2,1266.0,1267.5192,201912
1.001,1.0012,1.0007,1.0012,2253.3,2255.066989,7,509.79,510.263511,201912
1.0012,1.0012,1.0007,1.0007,689.45,690.021261,4,117.06,117.200472,201912
1.0011,1.0011,1.0008,1.0008,2029.24,2031.015708,5,359.98,360.375978,201912
1.0007,1.0012,1.0007,1.0012,2517.13,2519.465885,10,2140.74,2142.788014,201912
1.0008,1.0011,1.0008,1.0011,1877.92,1879.925082,5,184.61,184.813071,201912
1.0009,1.0009,1.0008,1.0009,866.85,867.628385,6,0.0,0.0,201912
1.0012,1.0012,1.0009,1.0009,1482.16,1483.640982,3,776.76,777.606122,201912
1.0008,1.0012,1.0008,1.0008,1189.94,1190.993273,4,120.0,120.144,201912
1.001,1.0012,1.0007,1.0007,5049.48,5053.454418,16,280.03,280.314582,201912
1.0007,1.0012,1.0007,1.0011,4492.68,4496.315099,14,616.69,617.370028,201912
1.0008,1.0012,1.0006,1.0011,10619.69,10628.771985,33,4897.73,4902.785506,201912
1.0011,1.0011,1.0008,1.0011,2456.33,2458.907573,11,1854.81,1856.850291,201912
1.0011,1.002,1.0009,1.0015,25568.92,25606.620183,74,25122.77,25159.917856,201912
1.0015,1.0019,1.0014,1.0015,12197.64,12216.085467,36,33.51,33.573669,201912
1.0015,1.0019,1.0013,1.0013,12872.23,12891.697757,31,54.72,54.823968,201912
1.0013,1.0019,1.0012,1.0017,1123.27,1124.880893,8,428.24,428.935267,201912
1.0017,1.0017,1.0017,1.0017,0.0,0.0,0,0.0,0.0,201912
1.0015,1.0017,1.0012,1.0017,2895.23,2899.741823,5,2499.61,2503.620491,201912
1.0011,1.0011,1.0011,1.0011,390.0,390.429,1,0.0,0.0,201912
1.001,1.0017,1.001,1.0011,2206.06,2208.678885,4,1161.71,1163.255507,201912
1.001,1.0013,1.001,1.0013,1521.66,1523.507465,8,214.42,214.698746,201912
1.0013,1.0014,1.0009,1.0009,2651.9,2655.062235,14,1213.01,1214.657469,201912
1.001,1.0015,1.0009,1.0011,5318.39,5325.496209,23,3871.01,3876.565267,201912
1.0015,1.0015,1.0011,1.0012,2103.08,2105.7262,8,1153.59,1155.148211,201912
1.0012,1.0013,1.0012,1.0012,719.34,720.257613,3,0.0,0.0,201912
1.0012,1.0015,1.0012,1.0012,2252.5,2255.464269,10,852.18,853.383339,201912
1.0012,1.0013,1.0009,1.0013,15730.98,15750.753991,26,12545.33,12561.565965,201912
1.001,1.0013,1.0009,1.001,9133.72,9143.628601,29,3181.7,3185.72879,201912
1.0013,1.0014,1.0011,1.0014,5737.3,5744.767157,14,2689.3,2692.870528,201912
1.0011,1.0014,1.0011,1.0011,6991.36,6999.647521,23,2310.71,2313.722208,201912
1.0011,1.0014,1.0011,1.0014,4658.17,4663.6244,23,696.56,697.480651,201912
1.0011,1.0014,1.001,1.0011,4701.27,4706.620529,18,20.07,20.098098,201912
1.0012,1.0014,1.001,1.0014,8135.43,8146.523192,20,8105.88,8116.943642,201912
1.0012,1.0016,1.0012,1.0012,418.88,419.388408,4,14.38,14.403008,201912
1.0012,1.0016,1.0012,1.0015,4702.02,4708.609385,7,2899.5,2903.852361,201912
1.0012,1.0012,1.0012,1.0012,1308.6,1310.17032,17,0.0,0.0,201912
1.0012,1.0014,1.0011,1.0014,4354.43,4359.616095,19,418.28,418.818119,201912
1.0014,1.0015,1.0012,1.0012,5519.16,5526.531633,15,2969.62,2973.86242,201912
1.0013,1.0015,1.0012,1.0015,4714.72,4721.569009,9,4183.43,4189.589987,201912
1.0013,1.0017,1.0013,1.0016,3551.9,3557.001832,11,645.9,646.968028,201912
1.0017,1.0017,1.0014,1.0014,3670.51,3676.213498,11,1222.11,1224.085369,201912
1.0014,1.0015,1.0014,1.0015,888.59,889.880531,8,0.0,0.0,201912
1.0017,1.0017,1.0015,1.0015,1689.22,1691.884282,3,1288.67,1290.733457,201912
1.0014,1.0017,1.0013,1.0013,5455.68,5463.171562,11,15.0,15.0255,201912
1.0014,1.0016,1.0013,1.0013,6884.81,6894.572806,17,2443.64,2447.522954,201912
1.0016,1.0016,1.0014,1.0014,950.1,951.529112,5,0.0,0.0,201912
1.0015,1.0015,1.0013,1.0013,2357.51,2360.777243,10,0.0,0.0,201912
1.0014,1.0015,1.0013,1.0013,2819.54,2823.693616,5,2088.72,2091.85308,201912
1.0013,1.0014,1.0013,1.0013,398.56,399.113243,3,0.0,0.0,201912
1.0013,1.0013,1.0013,1.0013,315.61,316.020293,2,0.0,0.0,201912
1.0014,1.0015,1.0013,1.0013,4564.19,4570.366402,19,0.0,0.0,201912
1.0014,1.0014,1.0014,1.0014,696.87,697.845618,2,0.0,0.0,201912
1.0014,1.0016,1.0013,1.0013,1115.75,1117.311331,5,343.02,343.56453,201912
1.0017,1.0017,1.0014,1.0017,2084.24,2087.622246,7,1573.39,1576.012101,201912
1.0017,1.0017,1.0014,1.0016,16655.82,16683.791024,8,14869.3,14894.57781,201912
1.0015,1.0015,1.0015,1.0015,590.32,591.20548,1,0.0,0.0,201912
1.0019,1.0019,1.0015,1.0016,2309.51,2313.247566,8,600.0,601.11,201912
1.0015,1.0019,1.0015,1.0015,1954.83,1957.796245,8,85.0,85.1615,201912
1.0019,1.002,1.0015,1.0019,15346.7,15376.08967,14,13545.0,13571.620229,201912
1.0015,1.0022,1.0015,1.0022,7471.69,7486.639859,15,6455.25,6468.675199,201912
1.0019,1.0019,1.0018,1.0018,2714.46,2719.356124,7,0.0,0.0,201912
1.0018,1.002,1.0015,1.0015,3076.07,3081.651051,8,367.08,367.782818,201912
1.0015,1.002,1.0015,1.0015,2954.2,2958.667916,15,15.04,15.07008,201912
1.0018,1.0018,1.0006,1.0013,24345.47,24369.109103,16,1177.22,1179.088708,201912
1.0016,1.0016,1.0013,1.0013,1847.1,1849.68021,4,1028.96,1030.476628,201912
1.0013,1.0013,1.0013,1.0013,1647.85,1649.992205,1,0.0,0.0,201912
1.0013,1.0013,1.0013,1.0013,0.0,0.0,0,0.0,0.0,201912
1.0016,1.0016,1.0012,1.0016,2194.0,2196.998341,6,840.67,842.015072,201912
1.0013,1.0016,1.0013,1.0013,2623.22,2626.749997,3,399.37,400.008992,201912
1.0013,1.0013,1.0013,1.0013,715.3,716.22989,1,0.0,0.0,201912
1.0013,1.0015,1.0013,1.0014,1912.18,1914.927252,3,0.0,0.0,201912
1.0014,1.0016,1.0014,1.0016,755.99,757.083974,4,177.94,178.224704,201912
1.0015,1.0015,1.0014,1.0014,900.2,901.538932,6,124.92,125.10738,201912
1.0015,1.0015,1.0015,1.0015,663.11,664.104665,4,0.0,0.0,201912
1.0015,1.0016,1.0015,1.0016,3402.66,3408.076181,7,3146.48,3151.511911,201912
1.0017,1.0017,1.0016,1.0016,1150.17,1152.048854,3,0.0,0.0,201912
1.0017,1.0017,1.0016,1.0016,856.76,858.18887,5,0.0,0.0,201912
1.0016,1.0017,1.0015,1.0015,6243.6,6253.326545,19,1199.64,1201.679388,201912
1.0016,1.0016,1.0016,1.0016,472.3,473.05568,3,0.0,0.0,201912
1.0015,1.0018,1.0014,1.0017,13745.5,13769.147659,18,12075.54,12096.674689,201912
1.0014,1.0015,1.0014,1.0014,4142.29,4148.157101,9,0.0,0.0,201912
1.0014,1.0015,1.0014,1.0015,1050.87,1052.357768,4,0.0,0.0,201912
1.0016,1.0016,1.0004,1.001,74583.5,74623.711544,25,2569.67,2572.23967,201912
1.0007,1.0015,1.0,1.0015,103919.13,103972.181757,50,30914.37,30937.795584,201912
1.0012,1.0014,1.0012,1.0012,6370.85,6378.695354,17,518.49,519.215886,201912
1.0013,1.0013,1.0013,1.0013,1257.38,1259.014594,1,0.0,0.0,201912
1.0014,1.0014,1.0008,1.0009,5749.89,5756.870846,11,4532.33,4538.26426,201912
1.0009,1.0013,1.0009,1.0011,3113.28,3116.904042,14,1347.31,1349.061503,201912
1.0011,1.0014,1.001,1.0013,4176.96,4182.520418,11,2920.19,2924.212161,201912
1.0014,1.0016,1.0012,1.0013,5850.3,5858.552791,17,2313.05,2316.378541,201912
1.0012,1.0015,1.0012,1.0014,9146.89,9158.881529,19,4920.85,4927.553939,201912
1.0013,1.0018,1.0013,1.0018,4790.0,4797.204163,6,659.19,660.276642,201912
1.0014,1.0015,1.0014,1.0014,353.43,353.947702,4,0.0,0.0,201912
1.0014,1.0016,1.0014,1.0016,1859.01,1861.825546,3,0.0,0.0,201912
1.0018,1.0018,1.0014,1.0014,23.39,23.42695,2,10.51,10.528918,201912
1.0017,1.0017,1.0016,1.0016,2314.43,2318.357279,4,307.95,308.473515,201912
1.0017,1.0017,1.0015,1.0015,2982.39,2987.209446,4,0.0,0.0,201912
1.0015,1.0018,1.0015,1.0018,4638.17,4645.130255,4,10.0,10.018,201912
1.0017,1.0017,1.0015,1.0015,1464.82,1467.246116,2,1144.43,1146.375531,201912
1.0018,1.0018,1.0018,1.0018,548.79,549.777822,1,548.79,549.777822,201912
1.0016,1.0018,1.0015,1.0015,1521.59,1523.952737,7,561.54,562.462662,201912
1.0015,1.0016,1.0015,1.0016,1998.09,2001.186355,4,992.2,993.78752,201912
1.0014,1.0016,1.0014,1.0015,1561.29,1563.660961,5,0.0,0.0,201912
1.0015,1.0016,1.0013,1.0014,2621.76,2625.452484,8,0.0,0.0,201912
1.0013,1.0016,1.0013,1.0014,4595.47,4601.967235,15,1508.84,1511.254144,201912
1.0015,1.0015,1.0015,1.0015,149.76,149.98464,1,0.0,0.0,201912
1.0015,1.0015,1.0015,1.0015,0.0,0.0,0,0.0,0.0,201912
1.0015,1.0016,1.0014,1.0016,465.18,465.875389,5,192.0,192.304778,201912
1.0015,1.0015,1.0013,1.0013,1850.33,1852.809613,4,349.99,350.514985,201912
1.0014,1.0015,1.0014,1.0015,626.44,627.321576,3,45.6,45.6684,201912
1.0015,1.0015,1.0013,1.0013,1180.7,1182.41831,3,713.95,715.020925,201912
1.0014,1.0016,1.0013,1.0013,2345.66,2349.094424,12,1336.99,1339.0186,201912
1.0013,1.0014,1.0012,1.0014,2229.63,2232.458943,10,46.54,46.605156,201912
1.0013,1.0015,1.0012,1.0013,3351.57,3355.832169,17,610.97,611.848908,201912
1.0013,1.0016,1.0012,1.0016,881.65,882.841499,7,22.06,22.095296,201912
1.0016,1.0016,1.0012,1.0016,1124.11,1125.671671,7,394.11,394.740576,201912
1.0014,1.0017,1.0013,1.0013,6755.68,6764.773758,9,549.69,550.624473,201912
1.0016,1.0016,1.0014,1.0015,1957.33,1960.294036,4,505.9,506.70944,201912
1.0014,1.0015,1.0013,1.0015,4530.62,4536.780919,9,781.99,783.162985,201912
1.0015,1.0015,1.0014,1.0014,794.16,795.274951,2,31.27,31.316905,201912
1.0013,1.0015,1.0012,1.0015,7208.26,7217.39572,17,447.16,447.796719,201912
1.0013,1.0015,1.0011,1.0012,85790.85,85890.158624,8,848.57,849.766142,201912
1.0015,1.0015,1.0013,1.0015,5550.71,5558.884895,16,4972.98,4980.403846,201912
1.0013,1.0013,1.001,1.0012,41279.26,41323.636883,30,186.02,186.243224,201912
1.001,1.001,1.001,1.001,214.1,214.3141,3,0.0,0.0,201912
1.0013,1.0015,1.0012,1.0015,1959.38,1961.85645,7,638.7,639.546992,201912
1.0012,1.0015,1.0012,1.0013,3614.57,3619.495793,11,2084.53,2087.50685,201912
1.0013,1.0015,1.0013,1.0015,5611.29,5618.771114,4,119.77,119.949655,201912
1.0014,1.0017,1.0014,1.0014,5677.1,5685.429861,14,3789.21,3794.896815,201912
1.0015,1.0015,1.0014,1.0014,5548.41,5556.272406,4,0.0,0.0,201912
1.0014,1.0016,1.0013,1.0014,7484.54,7494.918317,7,1744.0,1746.7904,201912
1.0017,1.0017,1.0014,1.0015,2737.1,2741.267063,5,1943.91,1946.966597,201912
1.0014,1.0017,1.0014,1.0017,948.13,949.511439,3,180.19,180.496323,201912
1.0014,1.0017,1.0013,1.0014,3078.8,3083.251781,7,1377.22,1379.294216,201912
1.0013,1.0017,1.0013,1.0017,6434.76,6443.691652,5,1416.16,1418.567472,201912
1.0016,1.0017,1.0013,1.0017,1873.16,1875.946808,4,970.98,972.535863,201912
1.0014,1.0015,1.0013,1.0015,1102.18,1103.782271,4,605.35,606.258025,201912
1.0013,1.0016,1.0013,1.0014,9360.36,9372.839781,14,1001.03,1002.631648,201912
1.0016,1.0016,1.0014,1.0014,1236.61,1238.533548,2,0.0,0.0,201912
1.0016,1.0017,1.0013,1.0017,3226.72,3231.177575,12,379.51,380.118866,201912
1.0016,1.0016,1.0012,1.0016,2482.72,2486.448565,9,1481.21,1483.579936,201912
1.0012,1.0014,1.0012,1.0012,2406.37,2409.611819,8,1297.18,1298.996052,201912
1.0012,1.0015,1.001,1.001,4998.73,5004.256717,22,1071.16,1072.683087,201912
1.0011,1.0015,1.0011,1.0011,4580.76,4586.679536,19,2201.75,2205.052625,201912
1.0011,1.0015,1.0011,1.0015,9760.41,9771.792573,17,1714.3,1716.781676,201912
1.0015,1.0016,1.0011,1.0012,13605.26,13623.130138,38,5642.63,5651.230776,201912
1.0014,1.0016,1.0013,1.0013,4691.72,4698.1927,9,1518.86,1521.176007,201912
1.0014,1.0016,1.0013,1.0013,2372.53,2375.771804,10,187.3,187.59968,201912
1.0013,1.0016,1.0013,1.0013,5142.16,5149.178657,6,890.11,891.495197,201912
1.0013,1.0016,1.0013,1.0014,1756.92,1759.435404,7,283.58,284.033728,201912
1.0014,1.0015,1.0014,1.0015,1238.08,1239.85865,2,453.38,454.06007,201912
1.0013,1.0016,1.0013,1.0014,10053.09,10066.26212,20,198.45,198.76752,201912
1.0016,1.0016,1.0013,1.0014,2583.88,2587.415704,9,1504.9,1507.03303,201912
1.0014,1.0014,1.0013,1.0014,5390.61,5398.154861,16,5370.68,5378.198952,201912
1.0013,1.0014,1.0013,1.0013,1486.36,1488.382885,5,906.17,907.438638,201912
1.0013,1.0014,1.0013,1.0014,8979.34,8991.146573,43,1334.31,1336.178034,201912
1.0014,1.0014,1.0013,1.0013,8719.2,8730.8118,12,1884.68,1887.318552,201912
1.0013,1.0015,1.0013,1.0013,11858.75,11874.29309,14,267.7,268.10155,201912
1.0013,1.0015,1.0013,1.0014,4048.88,4054.366257,4,0.0,0.0,201912
1.0013,1.0014,1.0013,1.0014,4447.55,4453.424233,5,0.0,0.0,201912
1.0016,1.0016,1.0013,1.0013,7934.54,7945.89952,15,3612.06,3617.800296,201912
1.0016,1.0016,1.0014,1.0016,1296.32,1298.344196,6,1046.74,1048.414784,201912
1.0014,1.0016,1.0013,1.0013,500.21,500.892279,6,154.86,155.093324,201912
1.0015,1.0016,1.0013,1.0013,1957.18,1959.92793,7,131.68,131.890688,201912
1.0012,1.0012,1.0012,1.0012,1292.17,1293.720604,4,0.0,0.0,201912
1.0013,1.0013,1.0013,1.0013,803.08,804.124004,1,0.0,0.0,201912
1.0013,1.0014,1.0012,1.0012,1866.58,1869.019133,6,855.67,856.860067,201912
1.0016,1.0016,1.0012,1.0012,228.65,228.947377,3,10.42,10.436672,201912
1.0013,1.0015,1.0012,1.0013,2990.55,2994.288593,9,159.09,159.328635,201912
1.0012,1.0016,1.0012,1.0013,3564.44,3569.022378,10,1133.5,1135.139596,201912
1.0012,1.0015,1.0012,1.0012,22824.47,22851.944945,27,415.27,415.853905,201912
1.0012,1.0015,1.0012,1.0012,2422.07,2425.286118,15,364.73,365.277095,201912
1.0012,1.0015,1.0012,1.0015,1424.06,1425.796533,5,39.33,39.388995,201912
1.0014,1.0015,1.0012,1.0012,15483.71,15503.402818,13,2091.17,2094.097638,201912
1.0012,1.0012,1.0012,1.0012,400.42,400.900504,3,0.0,0.0,201912
1.0012,1.0016,1.0012,1.0016,800.54,801.550671,5,19.66,19.691456,201912
1.0015,1.0015,1.0012,1.0012,2503.91,2507.534877,4,0.0,0.0,201912
1.0012,1.0015,1.0012,1.0012,1405.68,1407.579025,8,434.44,435.09166,201912
1.0013,1.0016,1.0012,1.0013,3000.59,3004.659901,6,183.12,183.412992,201912
1.0016,1.0016,1.0012,1.0013,2918.51,2922.959587,11,1708.9,1711.63424,201912
1.0012,1.0013,1.0012,1.0012,829.35,830.40178,7,0.0,0.0,201912
1.0012,1.0015,1.0012,1.0012,7096.33,7104.874654,11,96.86,97.00529,201912
1.0014,1.0015,1.0012,1.0015,1921.61,1924.233824,5,1247.4,1249.153809,201912
1.0014,1.0014,1.0012,1.0012,949.58,950.841989,5,367.76,368.274864,201912
1.0012,1.0014,1.0012,1.0012,3814.59,3819.366741,9,0.0,0.0,201912
1.0012,1.0016,1.0012,1.0012,5735.44,5742.640886,16,1347.26,1349.164616,201912
1.0013,1.0016,1.0013,1.0016,384.55,385.053065,2,10.5,10.5168,201912
1.0012,1.0016,1.0012,1.0012,4291.04,4296.442433,13,1106.34,1107.904104,201912
1.0012,1.0016,1.0012,1.0012,1794.08,1796.341528,10,562.3,563.058218,201912
1.0012,1.0016,1.0012,1.0016,394.33,394.932212,3,322.54,323.056064,201912
1.0012,1.0016,1.0012,1.0013,2873.88,2877.823075,11,599.26,600.218816,201912
1.0016,1.0016,1.0012,1.0012,7506.54,7516.967701,11,2650.74,2654.894211,201912
1.0012,1.0016,1.0012,1.0013,2466.88,2469.98742,12,457.67,458.334735,201912
1.0012,1.0016,1.0012,1.0016,1483.36,1485.384294,11,702.73,703.794461,201912
1.0016,1.0016,1.0013,1.0013,2258.27,2261.540494,6,956.79,958.320864,201912
1.0012,1.0014,1.0012,1.0013,1998.18,2000.854236,5,1000.39,1001.790546,201912
1.0012,1.0016,1.0012,1.0015,3877.68,3882.699177,10,888.43,889.808689,201912
1.0014,1.0016,1.0012,1.0013,6964.11,6974.962456,12,6384.75,6394.856727,201912
1.0012,1.0016,1.0012,1.0016,746.15,747.178453,7,238.87,239.252192,201912
1.0017,1.0017,1.0014,1.0014,2072.62,2075.528319,9,22.17,22.207689,201912
1.0016,1.0017,1.0015,1.0016,7089.53,7101.309916,16,6562.44,6573.404246,201912
1.0017,1.0018,1.0015,1.0017,2209.32,2213.215243,10,1566.53,1569.317162,201912
1.0017,1.0021,1.0017,1.0017,4594.45,4603.249022,12,3027.29,3033.357309,201912
1.0021,1.0022,1.0017,1.0021,4591.04,4599.989932,9,2610.27,2615.852623,201912
1.0021,1.0021,1.0017,1.0017,2589.11,2593.960336,13,930.4,932.35384,201912
1.0017,1.0021,1.0017,1.0018,1977.49,1981.126313,7,553.14,554.252992,201912
1.0021,1.0022,1.0017,1.0018,2645.49,2650.744483,14,1425.0,1427.994302,201912
1.0018,1.0018,1.0017,1.0017,652.09,653.254346,4,557.93,558.934274,201912
1.0017,1.0021,1.0017,1.0017,1185.46,1187.648903,7,323.12,323.775316,201912
1.0018,1.0022,1.0017,1.0018,1923.92,1927.841644,9,1367.32,1370.253359,201912
1.0019,1.002,1.0018,1.0018,5879.03,5889.731287,8,389.42,390.19884,201912
1.0016,1.0019,1.0016,1.0018,1064.56,1066.39858,7,492.92,493.809011,201912
1.0016,1.0016,1.0016,1.0016,2401.34,2405.182144,5,0.0,0.0,201912
1.0017,1.0019,1.0016,1.0017,2585.85,2590.280038,10,893.33,894.959229,201912
1.0016,1.0019,1.0016,1.0016,1752.01,1754.861129,14,159.71,160.013449,201912
1.0016,1.0018,1.0016,1.0016,1728.88,1731.921673,7,1140.91,1142.963638,201912
1.0016,1.0016,1.0016,1.0016,6104.28,6114.046848,8,0.0,0.0,201912
1.0018,1.0019,1.0014,1.0019,4430.35,4437.008039,6,20.43,20.468817,201912
1.0019,1.0019,1.0015,1.0016,6656.44,6666.856163,19,357.04,357.718376,201912
1.0016,1.0017,1.0016,1.0016,4357.98,4364.960401,11,76.33,76.459761,201912
1.0016,1.0017,1.0016,1.0016,2891.33,2896.003146,10,0.0,0.0,201912
1.0016,1.0018,1.0016,1.0016,6706.51,6717.351389,11,144.96,145.220928,201912
1.0017,1.0018,1.0017,1.0018,414.04,414.766191,5,223.23,223.631814,201912
1.0018,1.0022,1.0018,1.0018,7218.44,7233.226418,8,6166.86,6179.753574,201912
1.0017,1.0019,1.0017,1.0018,523.54,524.499213,3,180.0,180.342,201912
1.0017,1.0017,1.0017,1.0017,6321.26,6332.006142,10,83.45,83.591865,201912
1.0015,1.0015,1.0013,1.0015,2307.49,2310.8284,5,763.37,764.515055,201912
1.0017,1.0017,1.0014,1.0014,4791.35,4798.910998,14,2770.58,2775.289986,201912
1.0015,1.0015,1.0014,1.0014,453.51,454.187661,2,0.0,0.0,201912
1.0015,1.0016,1.0015,1.0016,1344.23,1346.282521,5,361.76,362.338816,201912
1.0016,1.0017,1.0016,1.0017,43.85,43.922533,2,43.85,43.922533,201912
1.0014,1.0017,1.0014,1.0014,2402.63,2406.380433,5,1087.4,1089.24858,201912
1.0014,1.0017,1.0014,1.0014,1223.31,1225.077501,9,182.89,183.200913,201912
1.0017,1.0017,1.0012,1.0012,1614.02,1616.251638,7,615.75,616.688243,201912
1.0016,1.0017,1.0012,1.0017,1693.96,1696.358134,6,862.18,863.520928,201912
1.0017,1.0019,1.0013,1.0016,18539.4,18570.775987,29,17720.45,17750.642231,201912
1.0016,1.0017,1.0013,1.0017,4346.63,4352.574026,12,670.41,671.521232,201912
1.0013,1.0018,1.0012,1.0012,1818.4,1820.820133,8,88.14,88.298651,201912
1.0018,1.0018,1.0013,1.0017,541.62,542.540166,4,435.52,436.302236,201912
1.0017,1.0017,1.0013,1.0013,4560.43,4566.402557,11,38.16,38.224872,201912
1.0017,1.0017,1.0012,1.0012,15904.59,15923.847046,34,102.58,102.73883,201912
1.0012,1.0014,1.0012,1.0013,4536.13,4542.037423,11,0.0,0.0,201912
1.0013,1.0016,1.0013,1.0016,4234.4,4240.912675,16,616.98,617.967168,201912
1.0013,1.0015,1.0012,1.0012,15485.46,15505.433689,21,2467.24,2470.94086,201912
1.0012,1.0013,1.0011,1.0013,12908.19,12923.618837,24,1075.07,1076.467591,201912
1.0013,1.0013,1.0011,1.0011,3164.96,3168.899225,3,1485.47,1487.401111,201912
1.0012,1.0012,1.0011,1.0011,444.27,444.766781,5,80.84,80.937008,201912
1.0011,1.0017,1.0011,1.0014,12410.11,12428.243279,17,7513.65,7525.484648,201912
1.0014,1.0015,1.0014,1.0015,12880.49,12899.192355,25,0.0,0.0,201912
1.0014,1.0014,1.0011,1.0012,494.84,495.429518,4,0.0,0.0,201912
1.0011,1.0011,1.0011,1.0011,4624.54,4629.626994,8,0.0,0.0,201912
1.0011,1.0016,1.0011,1.0012,4158.94,4164.45816,5,2690.14,2693.920038,201912
1.0012,1.0016,1.0012,1.0016,419.71,420.225536,2,29.71,29.757536,201912
1.0012,1.0015,1.0012,1.0015,1234.0,1235.68027,2,664.9,665.89735,201912
1.0012,1.0016,1.0012,1.0016,1420.78,1422.947952,5,1157.54,1159.392064,201912
1.0012,1.0016,1.0012,1.0016,1017.11,1018.559976,7,627.11,628.091976,201912
1.0012,1.0015,1.0012,1.0013,2896.82,2900.749058,10,221.07,221.401605,201912
1.0016,1.0016,1.0013,1.0016,820.72,821.804615,3,58.93,59.024288,201912
1.0013,1.0015,1.0013,1.0013,1608.74,1611.015843,8,0.0,0.0,201912
1.0013,1.0013,1.0013,1.0013,0.0,0.0,0,0.0,0.0,201912
1.0013,1.0015,1.0011,1.0011,1587.95,1590.029582,9,207.64,207.936717,201912
1.0011,1.0015,1.0011,1.0015,1051.16,1052.382741,6,39.22,39.27883,201912
1.0011,1.0015,1.0011,1.0011,1949.15,1951.456233,7,405.42,406.02813,201912
1.0012,1.0016,1.0012,1.0016,2158.14,2160.957474,12,743.05,744.169366,201912
1.0012,1.0013,1.0011,1.0011,2566.59,2569.436349,10,0.0,0.0,201912
1.0011,1.0014,1.0011,1.0014,1276.27,1277.678445,6,15.16,15.181224,201912
1.0013,1.0014,1.0012,1.0014,1115.66,1117.116327,6,978.32,979.611519,201912
1.0013,1.0013,1.0012,1.0012,899.2,900.347752,2,0.0,0.0,201912
1.0013,1.0013,1.0012,1.0012,849.28,850.360742,2,616.06,616.860878,201912
1.0014,1.0015,1.0013,1.0013,721.49,722.481608,5,312.26,312.719609,201912
1.0015,1.0015,1.0011,1.0011,1369.75,1371.38536,8,240.17,240.530255,201912
1.0011,1.0016,1.0011,1.0016,4489.33,4494.54826,12,333.58,334.085536,201912
1.0011,1.0016,1.0011,1.0016,597.41,598.144301,5,58.17,58.263072,201912
1.0011,1.0022,1.0011,1.0019,35578.74,35638.339776,40,23636.27,23678.611262,201912
1.0022,1.0022,1.0017,1.0018,3973.05,3980.192675,8,12.01,12.036422,201912
1.0017,1.0017,1.0015,1.0015,3653.05,3658.742337,5,0.0,0.0,201912
1.0017,1.0022,1.0017,1.0018,4136.84,4145.325535,38,3218.97,3225.83183,201912
1.0018,1.0018,1.0017,1.0017,2496.65,2501.012629,9,0.0,0.0,201912
1.0017,1.0021,1.0017,1.0017,3486.42,3492.790837,10,1142.21,1144.544079,201912
1.0017,1.0018,1.0014,1.0014,2253.88,2257.762654,13,0.0,0.0,201912
1.0015,1.0019,1.0015,1.0015,2669.82,2674.10185,10,673.76,674.925808,201912
1.0015,1.0019,1.0015,1.0016,1831.37,1834.507734,5,34.82,34.886158,201912
1.0016,1.0016,1.0016,1.0016,0.0,0.0,0,0.0,0.0,201912
1.0019,1.0019,1.0015,1.0015,416.66,417.38075,3,239.4,239.85486,201912
1.0015,1.0018,1.0015,1.0015,6756.37,6767.331509,6,2530.06,2534.614108,201912
1.0016,1.0016,1.0016,1.0016,953.27,954.795232,1,0.0,0.0,201912
1.0019,1.0019,1.0015,1.0017,1361.98,1364.06935,7,183.96,184.28232,201912
1.0014,1.0017,1.0014,1.0017,2131.77,2135.141743,19,1050.44,1052.225748,201912
1.0014,1.0015,1.0014,1.0015,1180.97,1182.680555,3,0.0,0.0,201912
1.0014,1.0014,1.0014,1.0014,479.26,479.930964,5,0.0,0.0,201912
1.0015,1.0018,1.0014,1.0018,6159.05,6169.621199,16,5522.08,5531.71033,201912
1.0018,1.0018,1.0014,1.0015,4874.25,4882.945754,10,4718.23,4726.695981,201912
1.0014,1.0018,1.0014,1.0018,612.03,613.124778,4,594.84,595.910712,201912
1.0015,1.0015,1.0014,1.0014,4231.39,4237.358041,6,0.0,0.0,201912
1.0014,1.0014,1.0014,1.0014,3608.68,3613.732152,4,0.0,0.0,201912
1.0015,1.0018,1.0014,1.0018,4824.58,4832.16193,15,2478.55,2482.698094,201912
1.0014,1.0018,1.0014,1.0015,2938.5,2942.852187,6,435.69,436.433211,201912
1.0014,1.0018,1.0014,1.0015,980.95,982.486572,6,323.8,324.38284,201912
1.0015,1.0018,1.0015,1.0018,779.91,781.303251,4,744.62,745.960316,201912
1.0017,1.0017,1.0015,1.0015,2643.0,2647.382543,3,1576.69,1579.370373,201912
1.0016,1.0016,1.0016,1.0016,1187.91,1189.810656,3,0.0,0.0,201912
1.0016,1.0018,1.0016,1.0018,71.12,71.238934,3,25.71,25.756278,201912
1.0017,1.0017,1.0016,1.0016,721.97,723.172404,3,0.0,0.0,201912
1.0016,1.0018,1.0016,1.0018,911.45,912.954567,5,48.13,48.216634,201912
1.0016,1.002,1.0016,1.0017,3783.25,3790.286234,6,3595.0,3601.71731,201912
1.0016,1.002,1.0016,1.002,103.5,103.686232,2,51.58,51.68316,201912
1.0016,1.0018,1.0016,1.0018,901.65,903.188373,3,204.51,204.878118,201912
1.0017,1.0019,1.0017,1.0017,830.91,832.432629,4,361.16,361.846204,201912
1.0018,1.0018,1.0018,1.0018,294.69,295.220442,2,0.0,0.0,201912
1.0018,1.0018,1.0018,1.0018,0.0,0.0,0,0.0,0.0,201912
1.0021,1.0021,1.0019,1.0019,986.72,988.673833,3,765.82,767.354123,201912
1.0018,1.0018,1.0018,1.0018,194.24,194.589632,1,0.0,0.0,201912
1.0019,1.0019,1.0018,1.0018,650.57,651.76232,3,0.0,0.0,201912
1.002,1.002,1.0019,1.0019,944.28,946.15935,5,99.55,99.7491,201912
1.0019,1.0021,1.0018,1.0018,1317.75,1320.256844,8,47.16,47.259036,201912
1.0018,1.0021,1.0018,1.0019,1304.28,1306.754472,5,359.53,360.285013,201912
1.0018,1.0021,1.0018,1.002,2631.02,2635.950016,12,664.65,666.004983,201912
1.002,1.002,1.0018,1.0018,814.81,816.412911,4,0.0,0.0,201912
1.002,1.002,1.002,1.002,34.03,34.09806,2,34.03,34.09806,201912
1.002,1.002,1.0018,1.0019,654.28,655.524165,5,47.14,47.23428,201912
1.002,1.002,1.002,1.002,101.37,101.57274,2,101.37,101.57274,201912
1.0018,1.0018,1.0014,1.0014,2271.28,2275.186924,6,0.0,0.0,201912
1.0017,1.0017,1.0014,1.0014,818.6,819.911693,5,99.05,99.218385,201912
1.0016,1.0017,1.0014,1.0016,1982.3,1985.510518,5,1390.75,1393.07452,201912
1.0017,1.0017,1.0016,1.0016,7748.38,7760.779688,20,22.8,22.83876,201912
1.0016,1.0017,1.0016,1.0016,5785.47,5794.742287,12,155.35,155.614095,201912
1.0016,1.0016,1.0016,1.0016,164.26,164.522816,3,0.0,0.0,201912
1.0016,1.0017,1.0016,1.0016,635.56,636.593938,7,170.42,170.709714,201912
1.0013,1.0015,1.0013,1.0014,3336.53,3341.326744,8,663.19,664.118466,201912
1.0013,1.0014,1.0013,1.0014,4603.16,4609.226963,4,0.0,0.0,201912
1.0016,1.0016,1.0013,1.0013,294.27,294.692398,3,89.93,90.073888,201912
1.0017,1.0017,1.0015,1.0015,1761.63,1764.293575,3,105.65,105.829605,201912
1.0014,1.0017,1.0014,1.0017,496.57,497.324108,6,340.64,341.175806,201912
1.0015,1.0017,1.0015,1.0017,1165.56,1167.4325,3,620.8,621.85536,201912
1.0015,1.0017,1.0015,1.0017,589.24,590.215214,2,456.77,457.546509,201912
1.0017,1.0018,1.0017,1.0018,1702.09,1705.070425,5,518.11,519.042598,201912
1.0017,1.0017,1.0016,1.0016,696.53,697.674761,5,0.0,0.0,201912
1.0017,1.0019,1.0017,1.0019,1288.92,1291.333324,3,1110.8,1112.91052,201912
1.0016,1.0018,1.0016,1.0018,642.84,643.959125,3,300.53,301.070954,201912
1.0018,1.0018,1.0018,1.0018,0.0,0.0,0,0.0,0.0,201912
1.0016,1.0018,1.0016,1.0018,1358.91,1361.266385,3,855.74,857.280332,201912
1.0017,1.0017,1.0017,1.0017,91.24,91.395108,1,0.0,0.0,201912
1.0019,1.0019,1.0016,1.0016,842.43,843.867999,4,300.37,300.940703,201912
1.0019,1.0019,1.0016,1.0016,208.58,208.940775,4,44.87,44.955253,201912
1.0018,1.0019,1.0017,1.0019,458.55,459.347741,3,152.23,152.506997,201912
1.0019,1.0019,1.0016,1.0016,465.5,466.324567,5,265.89,266.395191,201912
1.0018,1.0018,1.0016,1.0016,988.18,989.863763,6,257.81,258.274058,201912
1.0017,1.0019,1.0017,1.0017,6573.18,6585.505073,8,5438.82,5449.153758,201912
1.0019,1.0019,1.0018,1.0018,1290.97,1293.332589,5,388.43,389.168017,201912
1.0018,1.0019,1.0016,1.0017,2183.76,2187.657919,8,972.53,974.377807,201912
1.0017,1.0017,1.0017,1.0017,145.79,146.037843,1,145.79,146.037843,201912
1.0019,1.002,1.0016,1.0017,3643.88,3650.651128,9,2354.48,2359.112192,201912
1.0017,1.0017,1.0017,1.0017,0.0,0.0,0,0.0,0.0,201912
1.0017,1.002,1.0016,1.0016,1601.06,1603.84783,6,893.21,894.830378,201912
1.0016,1.0016,1.0016,1.0016,673.33,674.407328,2,0.0,0.0,201912
1.002,1.002,1.0016,1.0016,1274.49,1276.744174,5,773.89,775.299464,201912
1.0016,1.002,1.0016,1.0016,225.84,226.24814,5,116.99,117.22398,201912
1.0016,1.0019,1.0016,1.0016,791.92,793.313674,4,257.17,257.658623,201912
1.0016,1.002,1.0016,1.002,1298.16,1300.356944,9,299.72,300.31944,201912
1.0019,1.002,1.0017,1.002,789.06,790.54389,3,699.87,701.202267,201912
1.002,1.002,1.0018,1.0018,1570.85,1573.799554,5,1015.77,1017.72041,201912
1.0018,1.002,1.0017,1.002,235.12,235.544069,4,75.34,75.49068,201912
1.0019,1.0019,1.0018,1.0018,732.15,733.481991,3,0.0,0.0,201912
1.002,1.002,1.0018,1.0018,658.53,659.740062,5,129.0,129.256908,201912
1.0017,1.0017,1.0017,1.0017,30.05,30.101085,1,0.0,0.0,201912
1.0017,1.002,1.0016,1.002,1457.49,1459.969278,11,69.56,69.69912,201912
1.0016,1.002,1.0016,1.002,1947.99,1951.677334,9,955.44,957.35088,201912
1.002,1.002,1.0017,1.002,3440.77,3447.25254,7,2110.77,2114.99154,201912
1.0019,1.0019,1.0017,1.0017,2230.09,2234.10534,6,0.0,0.0,201912
1.0021,1.0021,1.0018,1.0018,1401.03,1403.741299,13,809.45,811.096455,201912
1.0018,1.0018,1.0018,1.0018,113.3,113.50394,2,0.0,0.0,201912
1.0018,1.0019,1.0015,1.0019,64478.62,64581.372075,12,2007.59,2011.361742,201912
1.0016,1.002,1.0016,1.0018,3960.25,3967.596097,13,2727.56,2732.691243,201912
1.0018,1.002,1.0017,1.0017,9819.47,9836.293216,10,4793.22,4801.494918,201912
1.002,1.002,1.002,1.002,1325.97,1328.62194,3,1325.97,1328.62194,201912
1.002,1.0021,1.0017,1.0018,1863.88,1867.349174,5,750.81,752.31378,201912
1.0018,1.0021,1.0018,1.0021,5652.1,5663.560105,7,4766.68,4776.497489,201912
1.0021,1.0021,1.0018,1.0019,7896.7,7912.331084,9,5165.68,5176.264315,201912
1.0018,1.0018,1.0018,1.0018,105.21,105.399378,3,0.0,0.0,201912
1.0019,1.0022,1.0018,1.0022,1972.8,1976.554267,6,47.62,47.724764,201912
1.0022,1.0022,1.0022,1.0022,627.23,628.609906,2,627.23,628.609906,201912
1.0021,1.0022,1.0019,1.0022,3558.96,3566.518978,9,1293.03,1295.835841,201912
1.0022,1.0022,1.002,1.002,1584.7,1588.109448,3,1200.24,1202.880528,201912
1.0023,1.0023,1.0019,1.0023,2934.31,2940.559476,10,1282.0,1284.9486,201912
1.0019,1.0024,1.0019,1.0024,547.97,549.186274,7,387.73,388.641818,201912
1.0021,1.0025,1.0021,1.0025,785.05,786.714689,5,40.21,40.310525,201912
1.0024,1.0024,1.0021,1.0021,1882.49,1886.782685,4,883.1,885.21944,201912
1.0021,1.0021,1.0021,1.0021,2634.25,2639.781925,4,0.0,0.0,201912
1.0021,1.0024,1.0017,1.0018,7164.59,7178.163925,13,73.59,73.766616,201912
1.0022,1.0022,1.0016,1.0016,5203.59,5212.53443,20,199.64,200.079208,201912
1.0017,1.0018,1.0017,1.0017,3671.66,3678.029617,8,0.0,0.0,201912
1.0017,1.0022,1.0017,1.0017,5675.95,5686.48426,19,1719.93,1723.609686,201912
1.0016,1.002,1.0016,1.0016,389.23,389.947568,8,237.0,237.474,201912
1.0016,1.0017,1.0016,1.0017,640.49,641.555057,4,0.0,0.0,201912
1.0017,1.002,1.0017,1.002,2278.01,2282.562144,4,2265.09,2269.62018,201912
1.002,1.002,1.002,1.002,530.74,531.80148,4,530.74,531.80148,201912
1.002,1.002,1.0015,1.002,4893.03,4901.455288,19,1421.23,1423.941071,201912
1.0015,1.0015,1.0015,1.0015,1780.68,1783.35102,4,0.0,0.0,201912
1.0016,1.002,1.0015,1.0015,616.11,617.089788,5,22.41,22.45482,201912
1.002,1.002,1.0016,1.0019,5898.13,5908.550626,20,2364.64,2369.365957,201912
1.0016,1.0016,1.0016,1.0016,580.86,581.789376,3,0.0,0.0,201912
1.0016,1.0019,1.0016,1.0016,819.68,821.046603,5,63.41,63.530479,201912
1.0016,1.0016,1.0016,1.0016,2225.92,2229.481472,8,0.0,0.0,201912
1.0015,1.0019,1.0015,1.0019,2390.85,2395.357711,10,2303.59,2307.966821,201912
1.0019,1.0019,1.0017,1.0017,6239.0,6250.7579,4,5758.0,5768.9402,201912
1.0015,1.0019,1.0015,1.0015,247.18,247.575642,4,62.18,62.298142,201912
1.0015,1.0015,1.0015,1.0015,21.1,21.13165,1,0.0,0.0,201912
1.0018,1.0019,1.0015,1.0015,2499.89,2504.377466,6,1872.13,1875.614875,201912
1.0019,1.0019,1.0017,1.0017,3095.12,3100.812954,9,2434.45,2439.019815,201912
1.0016,1.0016,1.0016,1.0016,23.19,23.227104,1,0.0,0.0,201912
1.0016,1.0019,1.0016,1.0019,2420.74,2425.152429,12,2160.21,2164.205581,201912
1.0019,1.002,1.0016,1.002,5047.48,5056.965402,14,4329.24,4337.506381,201912
1.0017,1.002,1.0017,1.002,430.96,431.802027,2,364.65,365.3793,201912
1.0018,1.002,1.0018,1.002,1382.03,1384.580058,2,312.02,312.64404,201912
1.0018,1.002,1.0018,1.0019,2177.44,2181.512662,8,709.9,711.250749,201912
1.0018,1.002,1.0018,1.002,1075.5,1077.553914,11,646.52,647.80175,201912
1.0018,1.0019,1.0017,1.0017,774.86,776.216905,6,11.0,11.0209,201912
1.0018,1.0018,1.0018,1.0018,156.54,156.821772,1,0.0,0.0,201912
1.0017,1.002,1.0017,1.002,3287.73,3293.866397,15,2106.17,2110.249903,201912
1.0017,1.002,1.0017,1.0017,586.2,587.323653,4,423.71,424.55742,201912
1.002,1.002,1.0017,1.002,1434.86,1437.687902,7,1276.36,1278.91272,201912
1.002,1.0022,1.0018,1.0019,6567.51,6580.767585,19,6163.49,6175.98988,201912
1.0019,1.0022,1.0019,1.0022,2116.99,2121.472121,11,1624.96,1628.507264,201912
1.0019,1.0022,1.0019,1.0022,2390.28,2395.390315,5,1661.45,1665.10519,201912
1.0019,1.0022,1.0019,1.0019,301.4,301.982893,4,34.11,34.185042,201912
1.0021,1.0021,1.002,1.0021,4026.15,4034.531084,4,3287.84,3294.744464,201912
1.0019,1.0021,1.0019,1.0019,1076.73,1078.792111,3,81.62,81.791402,201912
1.0019,1.002,1.0019,1.002,1181.19,1183.476249,4,0.0,0.0,201912
1.0019,1.0021,1.0019,1.0021,466.85,467.756645,6,98.15,98.356115,201912
1.0019,1.0019,1.0019,1.0019,2596.11,2601.042609,8,0.0,0.0,201912
1.0018,1.0021,1.0018,1.0021,2987.68,2993.595876,9,1532.38,1535.597998,201912
1.0018,1.002,1.0018,1.0018,11866.65,11888.174637,6,748.48,749.97696,201912
1.0021,1.0022,1.0018,1.0018,2267.16,2271.821047,8,1729.23,1732.871328,201912
1.0018,1.0022,1.0018,1.0019,2926.41,2932.223492,7,1190.89,1193.447484,201912
1.0022,1.0022,1.0019,1.0019,2248.69,2253.257539,3,50.68,50.791496,201912
1.0018,1.0021,1.0018,1.0019,5612.55,5623.849772,4,0.0,0.0,201912
1.0022,1.0022,1.0018,1.0018,3874.69,3881.708542,6,110.25,110.49255,201912
1.0018,1.0019,1.0018,1.0019,1248.17,1250.53653,2,0.0,0.0,201912
1.0018,1.0018,1.0018,1.0018,2718.04,2722.932472,4,0.0,0.0,201912
1.0018,1.0022,1.0018,1.0018,250.59,251.101074,4,150.03,150.360066,201912
1.0018,1.0022,1.0018,1.0018,1237.26,1239.505888,4,47.05,47.15351,201912
1.0018,1.0022,1.0018,1.0022,2845.95,2851.680678,9,1519.92,1523.263824,201912
1.0022,1.0022,1.0018,1.0018,1951.05,1954.634394,4,181.26,181.658772,201912
1.0019,1.0022,1.0019,1.0022,977.62,979.515656,2,127.26,127.539972,201912
1.0018,1.0022,1.0018,1.0022,980.2,981.982864,4,41.09,41.180398,201912
1.0022,1.0025,1.002,1.0022,8680.77,8701.872634,15,7096.14,7113.619456,201912
1.0022,1.0022,1.0022,1.0022,1021.48,1023.727256,5,0.0,0.0,201912
1.0022,1.0025,1.0021,1.0021,4479.1,4488.966983,15,36.03,36.120075,201912
1.002,1.0023,1.0019,1.0019,6330.96,6343.716096,11,475.52,476.604216,201912
1.0018,1.002,1.0018,1.002,325.4,325.999374,4,68.27,68.40654,201912
1.0018,1.002,1.0018,1.002,7614.94,7628.650304,13,17.06,17.09412,201912
1.0018,1.002,1.0018,1.0019,7867.93,7882.94825,17,3748.87,3756.36774,201912
1.0019,1.002,1.0018,1.002,2412.01,2416.39558,11,72.1,72.2442,201912
1.0019,1.0019,1.0018,1.0018,549.31,550.34367,2,0.0,0.0,201912
1.0019,1.002,1.0019,1.002,3189.36,3195.619784,2,2000.0,2004.0,201912
1.0018,1.002,1.0018,1.002,13021.9,13045.583606,47,1220.93,1223.37186,201912
1.002,1.002,1.0018,1.0018,501.03,501.976538,5,223.42,223.86684,201912
1.0018,1.0019,1.0018,1.0018,1103.87,1105.935365,8,0.0,0.0,201912
1.0019,1.002,1.0018,1.0018,7219.19,7233.531574,5,6300.07,6312.67014,201912
1.002,1.002,1.002,1.002,271.35,271.8927,1,271.35,271.8927,201912
1.002,1.002,1.0019,1.0019,927.22,928.986734,2,50.16,50.26032,201912
1.002,1.002,1.0018,1.0018,142.72,142.990897,3,55.41,55.52082,201912
1.0018,1.002,1.0017,1.002,1135.83,1137.813355,7,54.75,54.8595,201912
1.0017,1.002,1.0017,1.0017,15538.92,15565.590426,12,847.54,849.23508,201912
1.0019,1.0019,1.0017,1.0017,4360.66,4368.343188,3,0.0,0.0,201912
1.0017,1.0019,1.0017,1.0017,1016.12,1018.024,8,984.12,985.9696,201912
1.0017,1.0018,1.0015,1.0015,762.2,763.440536,14,245.03,245.468854,201912
1.0016,1.0016,1.0013,1.0013,1279.81,1281.827573,4,0.0,0.0,201912
1.0013,1.0015,1.0013,1.0015,1798.46,1800.82857,5,152.86,153.08929,201912
1.0015,1.0015,1.0012,1.0012,880.62,881.740593,13,172.35,172.608525,201912
1.0013,1.0015,1.0012,1.0012,1647.22,1649.406515,5,568.33,569.161653,201912
1.0015,1.0015,1.0012,1.0013,217.21,217.494507,3,21.18,21.21177,201912
1.0015,1.0015,1.0012,1.0012,5887.48,5896.288113,18,5817.79,5826.514485,201912
1.0016,1.0016,1.0013,1.0013,837.89,839.080585,8,248.69,249.087904,201912
1.0013,1.0015,1.0012,1.0015,3817.19,3822.783503,13,3379.58,3384.61837,201912
1.0013,1.0016,1.0012,1.0014,8773.73,8787.216518,19,7513.15,7524.892656,201912
1.0017,1.0019,1.0015,1.0018,7501.87,7513.960751,27,2542.28,2546.929166,201912
1.0015,1.0015,1.0011,1.0011,23877.87,23908.446897,14,1073.85,1075.031235,201912
1.0013,1.0013,1.001,1.0013,1458.16,1459.743895,8,61.0,61.0793,201912
1.001,1.0014,1.001,1.001,6242.1,6249.445456,16,2763.89,2767.756146,201912
1.0011,1.0011,1.001,1.001,4155.57,4159.72777,7,11.0,11.0121,201912
1.001,1.0013,1.001,1.001,4789.96,4795.2161,21,1637.93,1639.904424,201912
1.0009,1.0016,1.0009,1.0012,18649.09,18672.497366,37,11588.27,11603.465388,201912
1.0015,1.0016,1.0013,1.0015,24532.52,24569.443353,55,11240.63,11257.629616,201912
1.0016,1.0018,1.001,1.0012,15300.21,15322.409021,53,6756.44,6767.20728,201912
1.0012,1.0017,1.0012,1.0017,8147.77,8159.537246,31,5830.15,5838.993671,201912
1.0015,1.0019,1.0012,1.0017,25940.01,25980.789663,67,13500.66,13523.707384,201912
1.0017,1.0018,1.0014,1.0014,23210.06,23243.535102,65,871.41,872.925227,201912
1.0014,1.0017,1.0011,1.0014,18064.41,18089.631198,38,3005.15,3009.656005,201912
1.0014,1.0014,1.0009,1.0013,4204.5,4209.841008,12,2939.73,2943.780359,201912
1.0013,1.0014,1.0009,1.0014,14890.64,14909.363331,45,8691.15,8702.117563,201912
1.0013,1.0015,1.001,1.0014,16851.23,16872.165775,48,7819.32,7830.207394,201912
1.0011,1.0017,1.0011,1.0013,3521.33,3526.239383,10,2440.76,2444.363506,201912
1.0013,1.0018,1.0013,1.0014,2273.17,2276.557286,21,988.56,990.237224,201912
1.0014,1.0017,1.001,1.0015,25485.18,25514.404478,33,4471.42,4477.727091,201912
1.0015,1.0015,1.0011,1.0011,5426.68,5433.654952,9,2514.01,2517.781015,201912
1.0014,1.0018,1.0014,1.0014,4176.36,4183.036074,16,3520.13,3525.887352,201912
1.0016,1.0018,1.0014,1.0014,9677.82,9692.165578,13,2915.17,2919.938108,201912
1.0017,1.0017,1.0011,1.0011,11553.83,11567.462862,22,829.35,830.683287,201912
1.0013,1.0014,1.001,1.0014,1171.23,1172.58102,8,599.3,600.07909,201912
1.0013,1.0014,1.0011,1.0014,1152.33,1153.83959,9,846.09,847.262726,201912
1.0014,1.0015,1.001,1.001,2428.6,2431.541382,8,1955.45,1957.918232,201912
1.0015,1.0017,1.0012,1.0016,6851.15,6861.022367,16,4624.41,4631.607595,201912
1.0012,1.0015,1.0012,1.0012,5944.07,5951.559805,11,2953.67,2957.571325,201912
1.0012,1.0014,1.001,1.001,512.66,513.220874,9,110.98,111.135372,201912
1.0013,1.0014,1.001,1.0014,9569.87,9582.939306,14,9005.03,9017.530066,201912
1.0014,1.002,1.0011,1.0015,13604.03,13625.728866,26,12949.69,12970.426345,201912
1.0015,1.0019,1.0015,1.0015,3669.25,3674.960052,10,1955.57,1958.709532,201912
1.0015,1.0019,1.0015,1.0015,2042.88,2045.985404,10,102.71,102.905149,201912
1.0015,1.0019,1.0014,1.0015,5198.37,5207.045405,29,1614.63,1617.654255,201912
1.0015,1.0017,1.001,1.0011,8635.04,8645.404709,38,29.87,29.920779,201912
1.0013,1.0015,1.0011,1.0015,7417.2,7426.802866,20,3151.43,3156.157145,201912
1.0012,1.0016,1.0011,1.0014,19248.79,19277.011874,38,16133.73,16158.048297,201912
1.0014,1.0015,1.0013,1.0013,5252.7,5259.60377,24,235.01,235.362515,201912
1.0013,1.0019,1.0013,1.0015,5702.76,5711.715324,27,1682.78,1685.820557,201912
1.0015,1.0018,1.0013,1.0013,6706.97,6716.75803,29,643.32,644.477976,201912
1.0013,1.0018,1.0011,1.0012,17259.89,17285.491847,38,7149.74,7162.437554,201912
1.0012,1.0016,1.001,1.0015,19582.32,19606.711584,45,4323.93,4330.818595,201912
1.0015,1.0015,1.001,1.0011,8502.82,8512.780575,40,2745.34,2749.356765,201912
1.0011,1.0015,1.0011,1.0011,21141.32,21169.841032,51,13506.91,13526.848685,201912
1.0015,1.0017,1.001,1.0013,24104.72,24137.897804,70,14465.64,14487.391151,201912
1.0013,1.0016,1.0011,1.0011,5633.8,5640.456508,23,145.02,145.252032,201912
1.0011,1.0014,1.001,1.001,4753.04,4758.542765,24,2954.2,2957.755793,201912
1.0012,1.0012,1.001,1.0011,16610.35,16627.738403,26,4455.84,4460.877118,201912
1.001,1.0015,1.001,1.0015,10622.53,10634.814747,30,4697.09,4703.449307,201912
1.0011,1.0015,1.0011,1.0015,7986.65,7996.892976,33,5724.73,5732.484864,201912
1.0015,1.0015,1.0011,1.0011,3710.47,3715.657025,20,2710.27,2714.335405,201912
1.0011,1.0015,1.0011,1.0011,1388.06,1389.795826,13,522.4,523.1836,201912
1.0011,1.0015,1.0011,1.0015,1165.39,1166.706597,5,86.67,86.800005,201912
1.0015,1.0017,1.0015,1.0016,1831.22,1834.026664,17,1831.22,1834.026664,201912
1.0016,1.0016,1.0011,1.0014,8574.71,8585.975059,37,3267.77,3272.613188,201912
1.0014,1.0014,1.0011,1.0014,5099.37,5106.461211,12,4939.68,4946.595552,201912
1.0014,1.002,1.0011,1.002,3921.46,3928.412243,14,3701.29,3708.000056,201912
1.002,1.0024,1.0017,1.0018,9825.78,9846.55306,38,4625.61,4635.535481,201912
1.0023,1.0023,1.0018,1.0018,586.88,588.044699,13,216.63,217.128249,201912
1.0018,1.002,1.0014,1.0015,7774.91,7787.552388,19,0.0,0.0,201912
1.0019,1.0019,1.0015,1.0015,97.75,97.926133,2,73.77,73.910163,201912
1.0015,1.0016,1.0015,1.0015,4895.56,4903.022492,9,0.0,0.0,201912
1.0017,1.0018,1.0015,1.0015,2042.14,2045.26529,10,210.6,210.97798,201912
1.0015,1.002,1.0013,1.0019,13913.47,13936.621646,31,6546.94,6559.191422,201912
1.0015,1.0019,1.0015,1.0019,390.11,390.763238,6,217.14,217.533783,201912
1.0019,1.0019,1.0015,1.0015,6508.13,6520.175974,23,5993.82,6005.088258,201912
1.0015,1.0019,1.0015,1.0015,1996.57,1999.789735,11,562.2,563.26818,201912
1.0019,1.0019,1.0015,1.0015,248.92,249.372812,3,198.58,198.957302,201912
1.0015,1.0015,1.0015,1.0015,773.73,774.890595,2,0.0,0.0,201912
1.0015,1.0019,1.0015,1.0017,1236.3,1238.4193,15,445.18,445.988224,201912
1.0017,1.0019,1.0017,1.0017,1354.7,1357.22597,16,1114.9,1117.01831,201912
1.0017,1.0019,1.0015,1.0019,7182.68,7195.830696,18,4982.26,4991.726294,201912
1.0015,1.0015,1.0015,1.0015,820.82,822.05123,6,0.0,0.0,201912
1.0017,1.0017,1.0013,1.0013,4904.8,4911.716729,27,1747.2,1750.005136,201912
1.0013,1.0016,1.0012,1.0015,14057.11,14074.519283,34,830.97,832.266466,201912
1.0011,1.0014,1.001,1.0014,9855.4,9868.687789,36,8388.94,8400.684516,201912
1.0014,1.0014,1.001,1.001,5590.47,5597.521378,16,3652.27,3657.383178,201912
1.0014,1.0014,1.0014,1.0014,5317.44,5324.884416,13,5317.44,5324.884416,201912
1.0014,1.0018,1.0014,1.0018,6373.48,6382.772614,13,6019.05,6027.825062,201912
1.0018,1.0018,1.0012,1.0013,6656.86,6666.027562,23,39.35,39.42083,201912
1.0013,1.0018,1.0013,1.0015,10742.76,10758.967746,27,5391.84,5400.780513,201912
1.0013,1.0017,1.0012,1.0013,15516.72,15537.197611,26,5927.16,5935.17822,201912
1.0017,1.0017,1.0011,1.0016,4663.36,4670.00346,35,3090.27,3094.956869,201912
1.0016,1.0016,1.0016,1.0016,381.2,381.80992,3,381.2,381.80992,201912
1.0016,1.0016,1.0015,1.0016,13222.22,13243.325753,13,13222.22,13243.325753,201912
1.0011,1.0018,1.0011,1.0015,4814.62,4822.121667,15,2764.49,2769.151779,201912
1.0017,1.002,1.0015,1.0019,3354.41,3360.37142,13,2110.45,2114.269092,201912
1.0016,1.0021,1.0016,1.0016,6236.03,6246.027851,19,46.02,46.113835,201912
1.002,1.002,1.002,1.002,164.05,164.3781,1,164.05,164.3781,201912
1.0018,1.0018,1.0016,1.0016,1251.38,1253.554824,3,0.0,0.0,201912
1.0016,1.0017,1.0016,1.0017,377.96,378.565835,3,0.0,0.0,201912
1.0017,1.002,1.0016,1.002,2781.79,2786.808431,15,1815.45,1818.922286,201912
1.0016,1.002,1.0016,1.0019,1104.17,1106.24597,7,651.79,653.070192,201912
1.0018,1.0019,1.0018,1.0018,1494.34,1497.144535,5,0.0,0.0,201912
1.0018,1.0018,1.0018,1.0018,81.12,81.266016,3,0.0,0.0,201912
1.002,1.0022,1.0018,1.0018,1461.46,1464.31714,13,496.04,497.073959,201912
1.0018,1.0018,1.0018,1.0018,28.23,28.280814,1,0.0,0.0,201912
1.0018,1.0018,1.0017,1.0017,494.26,495.127494,3,0.0,0.0,201912
1.0018,1.0018,1.0018,1.0018,419.17,419.924506,2,0.0,0.0,201912
1.0018,1.0021,1.0018,1.0018,2169.14,2173.140267,10,473.04,473.987287,201912
1.0018,1.0021,1.0018,1.0021,188.12,188.485277,6,88.87,89.056627,201912
1.0021,1.0021,1.0018,1.0018,908.11,909.952759,8,693.87,695.327127,201912
1.0019,1.0019,1.0018,1.0018,1161.9,1164.051299,5,598.79,599.927701,201912
1.0018,1.0021,1.0018,1.0021,318.35,318.97664,6,178.7,179.07527,201912
1.0021,1.0021,1.0018,1.0021,1184.37,1186.63749,11,452.08,453.029368,201912
1.0019,1.0019,1.0018,1.0018,453.86,454.720336,2,433.88,434.704372,201912
1.0019,1.002,1.0019,1.002,870.06,871.734192,2,870.06,871.734192,201912
1.0018,1.0019,1.0018,1.0018,1211.17,1213.42824,5,781.34,782.824546,201912
1.002,1.002,1.0018,1.0018,713.58,714.87208,5,38.18,38.25636,201912
1.0019,1.002,1.0018,1.0018,1098.77,1100.764011,3,1098.77,1100.764011,201912
1.0018,1.0018,1.0018,1.0018,0.0,0.0,0,0.0,0.0,201912
1.0018,1.0018,1.0018,1.0018,0.0,0.0,0,0.0,0.0,201912
1.0019,1.0019,1.0012,1.0013,8747.5,8759.092718,19,7196.53,7206.101207,201912
1.0013,1.0013,1.0013,1.0013,0.0,0.0,0,0.0,0.0,201912
1.0013,1.0016,1.0013,1.0016,1077.16,1078.611227,2,1077.16,1078.611227,201912
1.0016,1.0016,1.0012,1.0016,92.45,92.59242,4,81.45,81.57922,201912
1.0014,1.0014,1.0012,1.0012,1211.29,1212.957802,3,1071.27,1072.769778,201912
1.0012,1.0012,1.0012,1.0012,40.36,40.408432,1,0.0,0.0,201912
1.0016,1.0016,1.0016,1.0016,19.96,19.991936,1,19.96,19.991936,201912
1.0014,1.0016,1.0014,1.0016,1902.83,1905.819342,12,1902.83,1905.819342,201912
1.0016,1.0016,1.0016,1.0016,34.16,34.214656,1,34.16,34.214656,201912
1.0015,1.0015,1.0015,1.0015,693.55,694.590325,1,693.55,694.590325,201912
1.0012,1.0018,1.0011,1.0015,14430.55,14450.213952,44,3831.98,3838.281626,201912
1.0012,1.0017,1.0012,1.0013,25086.68,25123.634822,73,11606.41,11625.585467,201912
1.0017,1.002,1.0013,1.0014,28986.84,29034.000546,76,14776.27,14802.916273,201912
1.0014,1.002,1.0012,1.002,38967.14,39031.326515,96,25717.14,25763.115679,201912
1.0016,1.002,1.0015,1.0015,17648.95,17678.154825,35,2610.35,2615.523299,201912
1.0015,1.0023,1.0013,1.0023,25859.94,25904.151141,61,12755.61,12779.586494,201912
1.0018,1.0023,1.0016,1.0021,15192.6,15220.732922,38,1998.18,2002.631748,201912
1.0017,1.0024,1.0015,1.0024,38977.04,39060.016125,88,24903.83,24959.628759,201912
1.002,1.0024,1.0018,1.0019,18999.45,19039.038267,45,5437.36,5450.409664,201912
1.0019,1.0029,1.0018,1.0025,52531.02,52655.60327,99,39158.37,39254.288343,201912
1.0025,1.0028,1.0021,1.0026,50963.12,51091.89119,115,30848.91,30930.315779,201912
1.0026,1.0026,1.0018,1.0023,25010.37,25064.620096,64,11647.32,11675.064057,201912
1.0019,1.0022,1.0017,1.0019,21128.54,21169.976598,50,8219.91,8237.660822,201912
1.0019,1.0025,1.0018,1.0022,25042.37,25095.584035,36,9758.2,9781.644808,201912
1.002,1.0021,1.0019,1.0021,3566.46,3573.628112,8,445.56,446.495676,201912
1.0021,1.0022,1.002,1.002,6073.9,6086.300316,10,467.58,468.608676,201912
1.0022,1.0022,1.0022,1.0022,3740.48,3748.709056,2,3740.48,3748.709056,201912
1.0023,1.0028,1.0023,1.0026,6242.74,6259.620254,17,6019.64,6035.944907,201912
1.0027,1.003,1.0026,1.0028,23777.11,23845.614183,35,17585.32,17636.498993,201912
1.003,1.0033,1.0028,1.0029,43292.0,43425.215837,41,21336.5,21404.431794,201912
1.0029,1.0029,1.0029,1.0029,786.94,789.222126,4,0.0,0.0,201912
1.003,1.0031,1.0029,1.0029,2396.77,2404.184351,5,23.8,23.8714,201912
1.003,1.0031,1.0029,1.0029,3279.73,3289.646431,7,3128.17,3137.646907,201912
1.003,1.0031,1.003,1.0031,3878.69,3890.485992,10,3878.69,3890.485992,201912
1.003,1.0032,1.0029,1.0032,39799.74,39923.75245,37,39018.96,39140.63551,201912
1.0031,1.0032,1.0031,1.0031,19454.02,19516.091046,21,19423.47,19485.446341,201912
1.0031,1.0032,1.0027,1.0027,1380.74,1384.950001,9,346.14,347.247648,201912
1.0027,1.0027,1.0027,1.0027,613.63,615.286801,3,0.0,0.0,201912
1.0029,1.0029,1.0029,1.0029,1902.74,1908.257946,1,1902.74,1908.257946,201912
1.0029,1.0029,1.0026,1.0026,11109.08,11140.137019,15,0.0,0.0,201912
1.0025,1.0028,1.0023,1.0025,8120.89,8141.215679,14,290.91,291.697859,201912
1.0026,1.0026,1.0022,1.0023,1823.62,1828.123643,21,1145.01,1147.895778,201912
1.0026,1.0026,1.0023,1.0023,942.1,944.340186,8,244.52,245.155752,201912
1.0023,1.0027,1.0023,1.0027,9095.42,9119.376824,20,8621.61,8644.4401,201912
1.0027,1.0027,1.0023,1.0023,2529.11,2535.692496,10,1925.82,1930.9996,201912
1.0023,1.0023,1.0023,1.0023,418.92,419.883516,5,0.0,0.0,201912
1.0026,1.0027,1.0024,1.0027,3267.8,3276.517033,8,3247.33,3255.997905,201912
1.0024,1.0027,1.0024,1.0027,4777.66,4790.491626,10,4139.42,4150.596434,201912
1.0027,1.0027,1.0025,1.0025,2844.14,2851.647585,6,1802.48,1807.346696,201912
1.0025,1.0027,1.0025,1.0027,840.82,843.024714,8,373.15,374.157505,201912
1.0026,1.0027,1.0025,1.0025,2910.03,2917.7876,9,2638.04,2645.100737,201912
1.0025,1.0026,1.0025,1.0025,1086.57,1089.309152,5,227.27,227.860902,201912
1.0025,1.0026,1.0025,1.0025,483.14,484.378343,4,304.93,305.722818,201912
1.0027,1.0027,1.0027,1.0027,138.67,139.044409,2,138.67,139.044409,201912
1.0026,1.0027,1.0025,1.0025,456.76,457.942421,4,381.56,382.554421,201912
1.0025,1.0027,1.0025,1.0027,1001.62,1004.289031,6,693.84,695.713368,201912
1.0026,1.0026,1.0026,1.0026,587.9,589.42854,1,587.9,589.42854,201912
1.0025,1.0026,1.0025,1.0026,253.05,253.705687,2,230.62,231.219612,201912
1.0025,1.0026,1.0025,1.0026,660.29,661.96228,3,0.0,0.0,201912
1.0027,1.0027,1.0025,1.0025,7242.08,7261.069459,14,4847.28,4860.282459,201912
1.0027,1.0027,1.0022,1.0026,1203.16,1206.225299,14,862.02,864.328052,201912
1.0022,1.0022,1.0022,1.0022,197.65,198.08483,2,81.4,81.57908,201912
1.0023,1.0027,1.0023,1.0027,19811.96,19860.962625,11,19811.96,19860.962625,201912
1.0022,1.0024,1.0022,1.0024,550.85,552.168432,2,532.81,534.088744,201912
1.0026,1.003,1.0023,1.0029,7462.63,7483.843548,15,7396.52,7417.571609,201912
1.0029,1.0029,1.0029,1.0029,4669.59,4683.131811,6,4669.59,4683.131811,201912
1.0029,1.003,1.0027,1.0027,13917.6,13958.973766,25,13917.6,13958.973766,201912
1.0025,1.0029,1.0025,1.0027,471.38,472.649136,4,434.26,435.436336,201912
1.0027,1.0027,1.0027,1.0027,0.0,0.0,0,0.0,0.0,201912
1.0026,1.0026,1.0024,1.0025,24766.08,24826.369344,13,745.38,747.250765,201912
1.0026,1.0026,1.0023,1.0023,1079.1,1081.833845,7,1019.0,1021.595615,201912
1.0026,1.003,1.0023,1.0026,43111.36,43231.791697,54,41519.56,41635.893405,201912
1.0026,1.003,1.0016,1.003,32599.49,32669.727355,46,8850.56,8876.243176,201912
1.003,1.0035,1.0027,1.0035,69119.98,69346.999548,107,66532.02,66751.218005,201912
1.0035,1.0035,1.003,1.0033,14536.66,14586.173273,20,12305.75,12348.144928,201912
1.0031,1.0031,1.003,1.003,1012.95,1016.039716,6,0.0,0.0,201912
1.003,1.0034,1.0029,1.003,7580.45,7603.337664,26,131.73,132.177882,201912
1.003,1.0033,1.003,1.0033,14230.56,14275.740438,35,8295.86,8323.236338,201912
1.003,1.0034,1.003,1.003,13872.75,13918.824911,39,11431.14,11469.718269,201912
1.003,1.0033,1.003,1.003,10723.22,10757.054114,29,6216.88,6237.195094,201912
1.0034,1.0035,1.0029,1.0035,80948.12,81222.426096,93,78440.51,78707.299002,201912
1.003,1.0035,1.003,1.0035,9273.11,9302.915953,28,4550.67,4566.183596,201912
1.0033,1.0035,1.003,1.0035,19482.33,19547.847453,33,15571.9,15625.655575,201912
1.0036,1.0036,1.0035,1.0036,6754.79,6779.077244,20,6754.79,6779.077244,201912
1.0035,1.0035,1.0033,1.0033,1635.03,1640.741793,2,1580.97,1586.503395,201912
1.0033,1.0036,1.0033,1.0034,1477.15,1482.157959,6,851.46,854.359518,201912
1.0031,1.0036,1.0031,1.0036,11479.71,11517.80596,29,1357.93,1362.697851,201912
1.0033,1.0033,1.0033,1.0033,405.36,406.697688,3,0.0,0.0,201912
1.0032,1.0032,1.0032,1.0032,514.53,516.176496,2,0.0,0.0,201912
1.0033,1.0033,1.0032,1.0032,408.6,409.932696,2,0.0,0.0,201912
1.0032,1.0035,1.0032,1.0032,2362.46,2370.392057,7,1850.94,1857.235193,201912
1.0035,1.0035,1.003,1.0034,11257.41,11294.196745,12,3833.05,3846.085401,201912
1.0032,1.0032,1.003,1.003,2724.1,2732.7943,4,2610.0,2618.352,201912
1.0031,1.0032,1.003,1.003,10956.84,10990.833516,9,10918.24,10952.117716,201912
1.0031,1.0032,1.003,1.0031,14718.44,14763.326557,14,4349.59,4363.370007,201912
1.0031,1.0031,1.003,1.003,7447.26,7470.285852,11,6840.72,6861.926232,201912
1.0031,1.0031,1.0031,1.0031,12689.61,12728.947791,14,12689.61,12728.947791,201912
1.003,1.0031,1.003,1.0031,24451.83,24527.350354,28,21648.64,21715.750784,201912
1.0031,1.0032,1.003,1.003,10418.29,10450.534567,13,9838.6,9869.105497,201912
1.003,1.0032,1.003,1.0031,2106.35,2112.879609,5,1976.23,1982.369249,201912
1.003,1.0032,1.003,1.0031,5378.09,5394.817468,6,3579.98,3591.166491,201912
1.003,1.0032,1.003,1.0031,4036.78,4049.422309,7,4013.38,4025.952109,201912
1.0031,1.0032,1.0031,1.0032,8919.98,8948.105531,15,7325.26,7348.441899,201912
1.0032,1.0033,1.0031,1.0033,1386.57,1390.926163,4,26.52,26.607516,201912
1.0034,1.0034,1.0033,1.0033,1168.41,1172.329996,9,642.43,644.614262,201912
1.0034,1.0034,1.0034,1.0034,63.9,64.11726,1,63.9,64.11726,201912
1.003,1.0034,1.0029,1.0029,1435.84,1440.231294,7,377.82,379.104588,201912
1.0029,1.0035,1.0029,1.0033,15102.96,15154.798193,17,14927.52,14978.849417,201912
1.0035,1.0035,1.0032,1.0035,1123.28,1127.131274,6,1060.85,1064.501498,201912
1.0035,1.0035,1.0032,1.0032,1555.58,1560.568377,4,35.07,35.192745,201912
1.0032,1.0034,1.0031,1.0031,1076.49,1080.001646,5,411.44,412.82575,201912
1.0032,1.0034,1.0032,1.0034,701.88,704.154428,2,142.06,142.543004,201912
1.0031,1.0032,1.0031,1.0031,2171.82,2178.601356,4,0.0,0.0,201912
1.0031,1.0034,1.0031,1.0031,372.24,373.402239,4,27.65,27.74401,201912
1.0032,1.0033,1.0031,1.0031,2283.31,2290.661658,10,695.32,697.614556,201912
1.0033,1.0033,1.0031,1.0031,897.55,900.363245,8,246.26,247.054246,201912
1.0031,1.0032,1.0031,1.0031,154.05,154.532295,3,47.4,47.55168,201912
1.0031,1.0032,1.0031,1.0031,1115.66,1119.207152,9,886.06,888.895392,201912
1.0032,1.0032,1.0032,1.0032,31.0,31.0992,1,31.0,31.0992,201912
1.0031,1.0032,1.0031,1.0032,157.74,158.235875,7,68.81,69.030192,201912
1.0031,1.0031,1.0031,1.0031,301.1,302.03341,2,0.0,0.0,201912
1.0032,1.0033,1.0014,1.0029,62804.11,62913.547955,42,35713.04,35766.32514,201912
1.0029,1.003,1.0029,1.003,1626.12,1630.906535,7,938.55,941.342582,201912
1.0031,1.0031,1.0029,1.0029,2262.01,2268.798397,7,1350.36,1354.443239,201912
1.0029,1.0032,1.0029,1.0029,12724.31,12762.958027,23,6988.74,7010.624526,201912
1.0028,1.0036,1.0028,1.0036,17228.76,17286.180932,26,17066.89,17123.855496,201912
1.003,1.0033,1.003,1.003,8795.01,8822.180001,23,2322.04,2329.554385,201912
1.0028,1.0032,1.0028,1.0028,6633.08,6652.970124,17,4091.32,4104.093196,201912
1.0032,1.0038,1.0028,1.0036,38087.56,38218.413572,76,25808.67,25899.864334,201912
1.0036,1.004,1.0031,1.0035,57635.29,57851.408748,103,52155.91,52353.567008,201912
1.0035,1.0038,1.0034,1.0038,8519.21,8549.468416,18,2065.68,2073.272706,201912
1.0035,1.0036,1.0031,1.0033,20988.07,21062.243233,46,18719.47,18785.994224,201912
1.0036,1.0049,1.0033,1.0042,234377.93,235321.616766,119,227825.88,228742.88696,201912
1.0041,1.0043,1.0038,1.0038,16582.17,16649.492511,37,7938.05,7970.750646,201912
1.0041,1.0042,1.0038,1.0041,4316.56,4333.535981,14,1837.18,1844.719872,201912
1.0038,1.0038,1.0034,1.0037,14281.33,14333.820298,25,9071.88,9105.573436,201912
1.0037,1.0038,1.0034,1.0037,6493.9,6517.579335,10,6137.15,6159.612527,201912
1.0036,1.004,1.0035,1.0038,10190.83,10228.800541,20,9908.63,9945.60685,201912
1.0038,1.0039,1.0036,1.0038,6345.35,6369.214415,12,5145.32,5164.780611,201912
1.0038,1.0038,1.0025,1.0032,29547.13,29637.393617,28,3441.67,3454.748346,201912
1.0032,1.0042,1.0032,1.004,46562.01,46748.603304,73,40209.04,40371.200421,201912
1.0037,1.0045,1.0036,1.004,25347.29,25452.07644,43,19758.24,19841.957679,201912
1.0044,1.0044,1.0028,1.0032,29759.63,29862.737298,59,7318.99,7344.598592,201912
1.0032,1.0038,1.0007,1.0019,125273.74,125495.097874,180,35059.28,35136.273651,201912
1.0019,1.0021,1.0015,1.0021,31105.91,31162.278273,41,26188.51,26235.722291,201912
1.0019,1.0025,1.0019,1.0019,28731.35,28791.344499,33,6632.52,6647.708397,201912
1.0022,1.0022,1.0019,1.002,5513.99,5525.461051,10,4698.29,4708.064594,201912
1.0021,1.0026,1.0021,1.0025,14932.87,14967.480715,29,13978.67,14011.276895,201912
1.0025,1.0029,1.0023,1.0029,10800.22,10827.776017,25,10399.93,10426.56535,201912
1.0028,1.0029,1.0024,1.0028,2185.42,2191.555316,17,2003.43,2009.112409,201912
1.0025,1.0032,1.0025,1.0031,4704.92,4719.27068,13,4590.95,4605.015755,201912
1.0031,1.0032,1.0029,1.0029,1982.49,1988.480737,11,1578.94,1583.760442,201912
1.0031,1.0033,1.0029,1.0029,3768.71,3779.779905,21,438.24,439.624734,201912
1.003,1.0031,1.003,1.0031,1865.99,1871.611885,5,1538.9,1543.540615,201912
1.0029,1.0033,1.0029,1.0033,11581.52,11619.705842,5,10441.99,10476.424297,201912
1.0034,1.0034,1.0033,1.0034,1622.7,1628.121548,11,1274.87,1279.143709,201912
1.0033,1.0033,1.0028,1.0033,15573.25,15621.671298,13,3717.79,3729.983699,201912
1.0028,1.0032,1.0028,1.0031,1447.17,1451.621612,6,1138.66,1142.247784,201912
1.0029,1.0032,1.0028,1.0028,1668.91,1673.862187,7,398.1,399.37392,201912
1.0028,1.0031,1.0024,1.0024,15753.93,15795.639032,19,1021.55,1024.635397,201912
1.0027,1.0028,1.0024,1.0027,3356.26,3365.001278,10,2375.74,2382.12803,201912
1.0024,1.0026,1.002,1.002,1598.91,1602.789504,6,548.66,550.061719,201912
1.0023,1.0023,1.0021,1.0023,4979.24,4990.594819,14,4979.24,4990.594819,201912
1.0023,1.0023,1.0022,1.0023,7361.79,7378.672434,19,7361.79,7378.672434,201912
1.0022,1.0025,1.0021,1.0021,19735.21,19782.49614,6,18541.99,18586.770378,201912
1.0021,1.0025,1.0021,1.0021,4664.5,4675.441079,10,2369.42,2375.284877,201912
1.0021,1.0025,1.0021,1.0021,4087.09,4096.910492,18,3291.98,3300.130761,201912
1.0025,1.0027,1.0021,1.0027,41416.38,41523.869703,51,41405.19,41512.656204,201912
1.0026,1.0026,1.0026,1.0026,436.89,438.025914,4,436.89,438.025914,201912
1.0026,1.0036,1.0026,1.0032,58537.9,58734.93595,74,56491.08,56681.566126,201912
1.0032,1.0036,1.0031,1.0031,7996.1,8021.434264,26,1077.64,1081.142422,201912
1.0031,1.0034,1.0031,1.0033,10649.27,10683.261859,13,7211.96,7235.296198,201912
1.003,1.0031,1.0027,1.003,10522.64,10552.880464,13,1582.15,1586.925881,201912
1.0031,1.0036,1.0029,1.0036,20097.37,20160.216589,32,16932.04,16984.757533,201912
1.0036,1.0036,1.0031,1.0032,57452.56,57652.692158,45,42318.97,42470.620405,201912
1.0033,1.0035,1.0032,1.0035,5818.67,5838.187794,15,3591.3,3603.69021,201912
1.0035,1.0035,1.0031,1.0033,5609.72,5627.817473,13,1980.42,1986.903713,201912
1.0029,1.0034,1.0029,1.0029,10303.4,10335.417344,27,5749.04,5767.8497,201912
1.0029,1.0036,1.0029,1.0035,8238.74,8264.919224,24,3370.85,3382.064878,201912
1.0035,1.0035,1.0027,1.0028,9200.53,9230.513599,46,6540.46,6562.57189,201912
1.0028,1.003,1.0026,1.003,21260.45,21323.354952,31,17482.33,17534.660886,201912
1.0027,1.0027,1.0026,1.0026,4129.49,4140.472917,12,1262.43,1265.838561,201912
1.0026,1.0026,1.0026,1.0026,665.33,667.059858,4,0.0,0.0,201912
1.0027,1.003,1.0026,1.0027,3610.1,3620.55484,12,2806.51,2814.720655,201912
1.003,1.003,1.0027,1.0027,2428.42,2435.17278,11,575.92,577.59129,201912
1.0028,1.0031,1.0025,1.0028,11903.93,11935.820848,48,2246.76,2253.513671,201912
1.0028,1.0031,1.0028,1.0028,2778.47,2786.593342,15,657.48,659.448464,201912
1.003,1.0031,1.0029,1.003,1686.86,1691.893598,9,575.62,577.356192,201912
1.003,1.003,1.0027,1.0027,6060.99,6077.665614,11,228.52,229.159856,201912
1.0027,1.0031,1.0027,1.0028,4316.1,4329.275924,7,3703.0,3714.4793,201912
1.0027,1.003,1.0026,1.003,6605.7,6623.4562,10,319.38,320.33814,201912
1.0027,1.003,1.0027,1.003,1984.0,1989.522413,6,29.75,29.83925,201912
1.0029,1.003,1.0027,1.003,1757.04,1762.236768,10,1698.14,1703.17177,201912
1.003,1.003,1.0028,1.0028,777.06,779.306232,4,777.06,779.306232,201912
1.003,1.0031,1.0029,1.003,1857.51,1862.977108,7,775.98,778.310671,201912
1.0029,1.0029,1.0029,1.0029,281.66,282.476814,2,281.66,282.476814,201912
1.0029,1.0029,1.0027,1.0028,632.76,634.508644,3,257.54,258.27555,201912
1.003,1.003,1.0027,1.0029,1111.83,1115.002232,10,764.8,767.013109,201912
1.0029,1.0029,1.0027,1.0029,1756.51,1761.46595,9,842.77,845.180312,201912
1.0027,1.0029,1.0027,1.0028,2071.59,2077.259106,7,85.09,85.336761,201912
1.0029,1.0029,1.0029,1.0029,1061.45,1064.528205,3,1061.45,1064.528205,201912
1.0028,1.0029,1.0028,1.0029,870.64,873.133244,5,870.64,873.133244,201912
1.0028,1.0028,1.0028,1.0028,35.97,36.070716,2,35.97,36.070716,201912
1.0028,1.0028,1.0028,1.0028,1169.8,1173.07544,3,1169.8,1173.07544,201912
1.0028,1.0028,1.0028,1.0028,0.0,0.0,0,0.0,0.0,201912
1.0028,1.0028,1.0028,1.0028,283.93,284.725004,2,283.93,284.725004,201912
1.0027,1.0027,1.0022,1.0023,347.02,347.899921,5,282.29,283.023954,201912
1.0025,1.0025,1.0023,1.0023,1991.45,1996.166427,8,927.69,929.959779,201912
1.0023,1.0026,1.0019,1.0019,7678.24,7696.325089,12,2500.0,2506.390339,201912
1.0021,1.0024,1.002,1.0021,4438.06,4448.307056,10,3551.32,3559.754968,201912
1.0023,1.0024,1.002,1.002,2884.19,2890.435808,13,1390.4,1393.51042,201912
1.0021,1.0025,1.0021,1.0022,3472.08,3479.969302,11,3230.99,3238.348904,201912
1.0023,1.0025,1.0022,1.0022,1342.92,1346.065115,5,571.1,572.489226,201912
1.0025,1.0026,1.0023,1.0025,3431.72,3439.941906,19,1175.96,1178.94714,201912
1.0024,1.0024,1.0023,1.0023,2066.91,2071.713405,3,495.12,496.308288,201912
1.0023,1.0026,1.0022,1.0022,6216.5,6230.961982,21,1326.69,1329.989277,201912
1.0022,1.0023,1.0021,1.0023,1999.32,2003.676532,6,676.12,677.675076,201912
1.0023,1.0024,1.0022,1.0024,1144.15,1146.80648,4,1114.15,1116.74048,201912
1.0024,1.0024,1.0022,1.0022,2537.89,2543.620739,12,1160.32,1163.020085,201912
1.0022,1.0024,1.0022,1.0024,913.12,915.235251,6,863.87,865.876901,201912
1.0022,1.0027,1.0022,1.0027,26870.04,26934.036956,39,15721.52,15759.622815,201912
1.0027,1.0028,1.0024,1.0024,7370.71,7389.163691,14,915.86,918.292933,201912
1.0026,1.0026,1.0024,1.0024,785.25,787.225408,4,666.4,668.090168,201912
1.0025,1.0026,1.0025,1.0026,1050.78,1053.423139,4,1050.78,1053.423139,201912
1.0025,1.0025,1.0025,1.0025,52.59,52.721475,1,0.0,0.0,201912
1.0025,1.0027,1.0024,1.0024,4654.8,4666.474471,18,1563.64,1567.717578,201912
1.0027,1.0027,1.0024,1.0026,4914.78,4926.778239,23,1046.83,1049.545159,201912
1.0026,1.0028,1.0022,1.0024,3974.61,3984.650551,9,3091.51,3099.607731,201912
1.0023,1.0024,1.0022,1.0022,850.28,852.210116,6,443.49,444.511931,201912
1.0022,1.0026,1.0022,1.0023,2780.2,2786.808542,15,1931.62,1936.336017,201912
1.0022,1.0025,1.0022,1.0025,3735.54,3743.84769,4,380.58,381.494983,201912
1.0023,1.0024,1.0023,1.0023,863.8,865.835354,9,863.8,865.835354,201912
1.0023,1.0023,1.0017,1.0017,8137.66,8152.888398,22,626.98,628.305658,201912
1.0018,1.002,1.0018,1.002,470.18,471.086334,4,367.42,368.141366,201912
1.0018,1.0019,1.0018,1.0018,3482.89,3489.192312,5,331.1,331.72909,201912
1.0019,1.0021,1.0019,1.0021,658.83,660.122011,6,623.69,624.911731,201912
1.0021,1.0021,1.002,1.0021,5456.41,5467.413944,6,911.24,913.153604,201912
1.002,1.0022,1.002,1.002,13704.35,13731.850702,22,750.38,751.972762,201912
1.0017,1.0021,1.0017,1.0017,2016.69,2020.396101,7,367.84,368.612464,201912
1.002,1.0022,1.0018,1.0019,4122.19,4130.250994,14,3097.11,3103.294188,201912
1.0021,1.0022,1.002,1.0021,2427.35,2432.462712,7,2053.57,2057.935152,201912
1.002,1.0024,1.002,1.0023,5737.49,5749.793105,13,3351.01,3358.301497,201912
1.0024,1.0024,1.0021,1.0022,1720.35,1724.022286,7,201.0,201.46335,201912
1.0021,1.0023,1.002,1.002,2442.06,2447.201672,6,541.87,543.084821,201912
1.0022,1.0022,1.0022,1.0022,1360.75,1363.74365,5,760.39,762.062858,201912
1.0022,1.0022,1.0018,1.002,8186.35,8203.589068,10,7060.23,7075.442052,201912
1.002,1.002,1.0017,1.0017,1469.96,1472.625665,8,1253.5,1255.797683,201912
1.0017,1.002,1.0017,1.0018,2076.74,2080.602215,7,463.51,464.43702,201912
1.002,1.002,1.0017,1.0018,3157.19,3162.971779,6,2017.89,2021.716174,201912
1.0017,1.002,1.0017,1.0018,4133.13,4140.372674,14,1014.56,1016.484898,201912
1.0018,1.0018,1.0017,1.0017,594.67,595.737719,3,567.8,568.82204,201912
1.0017,1.0019,1.0017,1.0019,6817.56,6829.197141,22,420.42,421.182003,201912
1.0017,1.0019,1.0017,1.0019,4567.08,4575.143186,15,1740.98,1744.238816,201912
1.0018,1.0018,1.0017,1.0018,1034.15,1035.962545,4,544.9,545.88082,201912
1.0017,1.002,1.0006,1.001,70571.8,70674.104228,164,9229.65,9240.386306,201912
1.001,1.0014,1.001,1.0014,15054.8,15071.180916,17,7849.37,7857.465859,201912
1.0012,1.0014,1.0012,1.0012,11312.51,11326.169304,26,426.96,427.556644,201912
1.0014,1.0014,1.0012,1.0013,1107.96,1109.457279,9,1093.39,1094.869795,201912
1.0014,1.0014,1.0012,1.0012,10590.24,10603.083423,15,1251.22,1252.856599,201912
1.0012,1.0014,1.0012,1.0013,8210.08,8220.038346,17,1017.81,1019.137622,201912
1.0012,1.0013,1.0012,1.0012,30673.68,30710.543496,36,550.8,551.51604,201912
1.0014,1.0014,1.0012,1.0012,20410.68,20435.441036,28,1341.1,1342.92929,201912
1.0012,1.0013,1.0012,1.0012,14119.41,14136.527833,18,1745.41,1747.679033,201912
1.0012,1.0013,1.0012,1.0012,7114.61,7123.280846,15,1333.14,1334.873082,201912
1.0014,1.0014,1.0013,1.0013,2169.38,2172.227587,4,2169.38,2172.227587,201912
1.0013,1.0015,1.0012,1.0015,4378.87,4384.34448,7,1873.87,1876.33848,201912
1.0014,1.0014,1.0012,1.0014,2064.09,2066.752902,8,1022.16,1023.572586,201912
1.0012,1.0013,1.0012,1.0012,2857.56,2861.181,6,1919.28,1921.775064,201912
1.0013,1.0014,1.0012,1.0012,17625.27,17646.597216,32,1709.79,1712.01864,201912
1.0012,1.0014,1.0012,1.0013,7711.11,7720.490929,16,1054.47,1055.862961,201912
1.0012,1.0014,1.0012,1.0013,2286.11,2288.870736,8,1208.33,1209.7974,201912
1.0011,1.0012,1.001,1.001,8804.09,8813.071784,10,349.52,349.939424,201912
1.0012,1.0013,1.001,1.001,2263.8,2266.311394,5,1134.72,1136.102314,201912
1.001,1.0013,1.001,1.0013,2319.65,2322.310333,6,1450.41,1452.133645,201912
1.0013,1.0013,1.0009,1.0009,10823.22,10836.588162,14,9657.37,9669.632076,201912
1.001,1.0012,1.0009,1.001,2710.1,2713.121354,8,2223.01,2225.570057,201912
1.0012,1.0013,1.0009,1.0013,3830.29,3834.87674,12,3819.29,3823.86684,201912
1.0013,1.0013,1.0011,1.0013,12846.37,12862.65579,27,5472.99,5480.088196,201912
1.0013,1.0015,1.0013,1.0015,5476.02,5484.020304,11,4407.56,4414.171306,201912
1.0013,1.0016,1.0013,1.0014,12457.78,12474.683606,37,2730.99,2735.125485,201912
1.0015,1.0018,1.0014,1.0016,11892.19,11909.794887,27,6719.94,6730.271637,201912
1.0015,1.0016,1.0011,1.0011,5082.14,5088.100676,18,902.0,903.362519,201912
1.0015,1.0015,1.0011,1.0012,31165.4,31202.469277,70,250.67,250.992551,201912
1.0012,1.0015,1.0012,1.0012,6415.87,6423.667199,5,83.22,83.34483,201912
1.0012,1.0015,1.0012,1.0013,9526.9,9538.689393,26,501.45,502.202175,201912
1.0013,1.0017,1.0013,1.0017,11247.09,11264.571829,27,5268.9,5276.910831,201912
1.0018,1.002,1.0016,1.0018,79246.34,79382.651745,116,6828.72,6841.691021,201912
1.0015,1.0015,1.0015,1.0015,551.8,552.6277,1,0.0,0.0,201912
1.0019,1.002,1.0016,1.0017,3120.62,3126.173334,14,1855.48,1858.984308,201912
1.0017,1.0019,1.0017,1.0017,18160.82,18192.041463,34,574.93,575.907381,201912
1.0018,1.0019,1.0017,1.0017,12769.51,12792.229208,24,3805.04,3811.91857,201912
1.0017,1.0019,1.0017,1.0018,11932.42,11953.228908,26,2787.8,2792.918018,201912
1.0017,1.0019,1.0017,1.0017,18282.48,18313.760325,32,1061.04,1063.009332,201912
1.0019,1.0019,1.0018,1.0018,9267.29,9284.028271,9,4803.99,4812.694331,201912
1.0018,1.0019,1.0017,1.0019,4178.57,4186.418844,6,3480.18,3486.792342,201912
1.0018,1.002,1.0017,1.002,6896.27,6908.725057,14,3860.67,3867.854395,201912
1.002,1.002,1.0017,1.0017,6603.24,6615.616617,9,1520.51,1523.55102,201912
1.0017,1.002,1.0017,1.002,1962.42,1966.103684,10,383.92,384.68784,201912
1.002,1.0021,1.0018,1.0021,9448.57,9467.380929,24,9002.11,9020.117301,201912
1.0017,1.0019,1.0017,1.0018,5118.94,5127.797227,20,620.36,621.538684,201912
1.0018,1.0021,1.0015,1.0015,9377.56,9393.101922,20,158.81,159.143501,201912
1.0015,1.0017,1.0015,1.0017,4029.51,4035.92966,12,932.42,934.005114,201912
1.0018,1.002,1.0018,1.002,8359.67,8375.186889,14,4356.8,4365.111723,201912
1.0018,1.0019,1.0018,1.0019,3577.39,3583.98725,5,729.71,731.096449,201912
1.0018,1.002,1.0018,1.0018,1201.37,1203.600926,10,596.09,597.231422,201912
1.0018,1.0018,1.0018,1.0018,61.79,61.901222,2,0.0,0.0,201912
1.0019,1.002,1.0018,1.002,3761.71,3769.177149,4,3661.71,3668.997149,201912
1.0019,1.0019,1.0017,1.0017,2194.14,2198.11955,6,399.2,399.95848,201912
1.0017,1.0021,1.0017,1.0018,3216.6,3222.21991,15,492.87,493.809626,201912
1.0018,1.002,1.0018,1.002,1401.1,1403.7052,4,0.0,0.0,201912
1.0018,1.002,1.0018,1.0018,1654.08,1657.370702,4,1566.79,1569.92358,201912
1.0018,1.0021,1.0018,1.002,2403.84,2408.54082,12,1275.23,1277.789922,201912
1.0019,1.002,1.0018,1.0019,10036.04,10055.759566,7,8672.94,8690.195386,201912
1.0019,1.0019,1.0009,1.0011,25427.97,25463.694922,19,490.91,491.834409,201912
1.0015,1.0015,1.0015,1.0015,5358.0,5366.037,2,5358.0,5366.037,201912
1.0014,1.0015,1.0014,1.0015,259.34,259.703148,2,0.72,0.72108,201912
1.0015,1.0015,1.0015,1.0015,2287.46,2290.89119,3,0.0,0.0,201912
1.0015,1.0015,1.0015,1.0015,11.0,11.0165,1,0.0,0.0,201912
1.0016,1.0016,1.0015,1.0016,1571.12,1573.604885,5,1209.87,1211.805792,201912
1.0019,1.0019,1.0016,1.0019,1725.33,1728.478341,4,678.74,680.029606,201912
1.0016,1.0019,1.0016,1.0018,3025.38,3030.869055,17,0.0,0.0,201912
1.0018,1.0018,1.0018,1.0018,1862.9,1866.25322,5,0.0,0.0,201912
1.0018,1.0022,1.0017,1.0022,3227.11,3232.714677,9,58.23,58.358106,201912
1.0018,1.0022,1.0018,1.0019,2706.84,2712.19028,9,2147.05,2151.2807,201912
1.0018,1.0019,1.0018,1.0018,4154.09,4161.637633,9,702.71,704.045149,201912
1.002,1.0021,1.0018,1.0018,1127.84,1129.955258,7,599.17,600.333652,201912
1.0018,1.002,1.0018,1.0019,1641.83,1644.983503,3,0.0,0.0,201912
1.0018,1.0019,1.0018,1.0018,3060.09,3065.680837,9,826.75,828.320825,201912
1.0018,1.002,1.0018,1.0018,10374.74,10393.46911,29,272.89,273.43578,201912
1.0019,1.0019,1.0018,1.0018,507.15,508.111202,2,483.32,484.238308,201912
1.0019,1.002,1.0018,1.0018,7435.67,7449.198683,12,0.0,0.0,201912
1.0018,1.0021,1.0018,1.0018,11091.86,11111.900785,36,30.3,30.36363,201912
1.0018,1.0019,1.0017,1.0018,13562.57,13587.030325,33,739.29,740.694651,201912
1.0018,1.0021,1.0017,1.0017,14407.43,14433.193313,19,250.66,251.186386,201912
1.0017,1.0019,1.0017,1.0017,17891.2,17921.668172,21,511.2,512.122172,201912
1.0017,1.0017,1.0017,1.0017,11333.78,11353.047426,29,0.0,0.0,201912
1.0016,1.0017,1.0012,1.0015,7576.79,7589.03902,16,2559.43,2563.656676,201912
1.0017,1.0018,1.0016,1.0018,8844.18,8858.991426,4,6592.19,6603.398242,201912
1.0016,1.0018,1.0016,1.0018,999.68,1001.384332,4,524.22,525.163596,201912
1.0017,1.0017,1.0017,1.0017,3209.98,3215.436966,2,0.0,0.0,201912
1.0018,1.0019,1.0018,1.0018,3163.88,3169.582251,3,72.67,72.808073,201912
1.002,1.002,1.0017,1.0017,592.66,593.708064,3,135.14,135.41028,201912
1.0018,1.002,1.0016,1.002,6682.5,6694.06298,6,2011.4,2015.024334,201912
1.002,1.002,1.0017,1.0017,1969.18,1972.545174,3,1969.18,1972.545174,201912
1.0017,1.0019,1.0016,1.0019,2675.3,2679.880785,8,886.83,888.429233,201912
1.0019,1.0019,1.0016,1.0017,1485.7,1488.4008,6,499.35,500.298765,201912
1.0019,1.0021,1.0018,1.002,3119.57,3125.711718,8,2738.33,2743.785486,201912
1.0021,1.0021,1.0017,1.0017,14419.59,14445.155462,26,1508.31,1511.448345,201912
1.0021,1.0021,1.0019,1.0019,1234.29,1236.676587,3,1234.29,1236.676587,201912
1.0017,1.0017,1.0017,1.0017,1098.6,1100.46762,2,0.0,0.0,201912
1.0019,1.0021,1.0016,1.0016,5763.42,5773.230279,14,537.16,538.229128,201912
1.0021,1.0021,1.0021,1.0021,632.21,633.537641,5,632.21,633.537641,201912
1.0019,1.0021,1.0017,1.0017,2032.22,2035.76475,8,436.6,437.432196,201912
1.0017,1.0021,1.0017,1.0017,7975.66,7991.424187,28,5213.28,5224.154768,201912
1.0017,1.0021,1.0015,1.0019,22085.61,22126.24887,36,8559.41,8576.872327,201912
1.0017,1.0019,1.0017,1.0019,3101.82,3107.343879,10,1638.14,1641.173831,201912
1.0019,1.0019,1.0019,1.0019,228.24,228.673656,4,228.24,228.673656,201912
1.0019,1.0019,1.0018,1.0018,4278.87,4286.705581,10,1336.15,1338.688685,201912
1.0018,1.0019,1.0018,1.0019,2583.06,2587.965936,5,2564.28,2569.152132,201912
1.002,1.0021,1.0018,1.0018,2598.95,2604.184999,13,2384.04,2388.888161,201912
1.002,1.002,1.0018,1.0018,1539.31,1542.302926,5,1110.84,1113.06168,201912
1.0021,1.0021,1.0018,1.0018,2841.82,2847.562808,16,2195.01,2199.58855,201912
1.0019,1.0021,1.0018,1.0021,9127.44,9146.246848,6,7680.9,7697.0207,201912
1.0021,1.0022,1.0019,1.0019,2708.54,2713.942029,13,562.01,563.174622,201912
1.002,1.002,1.0018,1.0018,13601.18,13626.782419,20,707.01,708.42402,201912
1.0018,1.0022,1.0018,1.0022,3352.82,3359.077104,12,637.57,638.939654,201912
1.0021,1.0021,1.0021,1.0021,186.12,186.510852,1,186.12,186.510852,201912
1.0019,1.0022,1.0019,1.0022,1114.35,1116.548769,6,271.68,272.277696,201912
1.0021,1.0021,1.0021,1.0021,437.34,438.258414,1,437.34,438.258414,201912
1.0019,1.0021,1.0019,1.0019,1063.89,1066.049717,7,0.0,0.0,201912
1.0021,1.0021,1.0019,1.0019,2529.09,2534.141154,8,788.57,790.14714,201912
1.0021,1.0022,1.0018,1.0022,4827.96,4837.399813,21,1707.12,1710.785682,201912
1.0019,1.0023,1.0019,1.0019,8453.46,8472.0169,12,7477.6,7494.302766,201912
1.0019,1.0021,1.0019,1.0021,818.5,820.177308,4,610.79,612.072659,201912
1.0021,1.0021,1.002,1.002,2277.79,2282.453359,4,1077.79,1080.053359,201912
1.0022,1.0022,1.0022,1.0022,842.69,844.543918,1,0.0,0.0,201912
1.002,1.002,1.002,1.002,1493.41,1496.39682,1,1493.41,1496.39682,201912
1.0023,1.0023,1.002,1.002,854.57,856.379669,3,839.43,841.209389,201912
1.0023,1.0023,1.0021,1.0023,1119.28,1121.709304,4,394.08,394.986384,201912
1.0023,1.0023,1.0021,1.0021,5704.62,5717.705682,16,5704.62,5717.705682,201912
1.0023,1.0023,1.002,1.0023,7312.67,7329.464439,5,7156.89,7173.350847,201912
1.0022,1.0022,1.002,1.002,1751.81,1755.458066,2,0.0,0.0,201912
1.0022,1.0022,1.002,1.002,396.01,396.846797,3,74.56,74.724032,201912
1.0022,1.0022,1.002,1.002,891.74,893.611463,5,804.89,806.587763,201912
1.002,1.002,1.002,1.002,0.0,0.0,0,0.0,0.0,201912
1.0019,1.0019,1.0019,1.0019,92.81,92.986339,2,0.0,0.0,201912
1.0021,1.0021,1.0019,1.002,909.28,911.098774,6,795.96,797.563466,201912
1.0019,1.0021,1.0019,1.002,2517.64,2522.719179,7,1706.55,1710.088108,201912
1.0021,1.0021,1.0019,1.0019,151.86,152.174328,2,0.0,0.0,201912
1.0019,1.0021,1.0019,1.0019,800.33,801.888323,3,0.0,0.0,201912
1.0023,1.0023,1.0022,1.0022,1073.62,1076.03252,3,1073.62,1076.03252,201912
1.002,1.0023,1.002,1.002,1104.9,1107.269525,6,868.59,870.486905,201912
1.002,1.0021,1.002,1.0021,355.46,356.204229,3,333.09,333.789489,201912
1.0021,1.0023,1.0021,1.0023,957.62,959.711706,6,957.62,959.711706,201912
1.002,1.0023,1.002,1.0023,1649.89,1653.585981,7,1413.43,1416.633911,201912
1.0021,1.0024,1.002,1.0024,2286.98,2292.133934,8,1986.63,1991.100401,201912
1.0022,1.0025,1.0022,1.0025,1010.31,1012.727618,3,334.07,334.864642,201912
1.0024,1.0024,1.0022,1.0022,975.46,977.747858,3,709.23,710.932152,201912
1.0026,1.0026,1.0026,1.0026,110.99,111.278574,3,110.99,111.278574,201912
1.0026,1.0026,1.0026,1.0026,1506.61,1510.527186,6,1506.61,1510.527186,201912
1.0026,1.0026,1.0023,1.0023,828.26,830.274297,2,828.26,830.274297,201912
1.0022,1.0026,1.0022,1.0022,516.74,517.97316,4,17.84,17.886384,201912
1.0022,1.0024,1.002,1.0024,15136.79,15169.620863,12,4692.86,4704.01108,201912
1.002,1.002,1.002,1.002,1119.12,1121.35824,2,0.0,0.0,201912
1.0022,1.0022,1.0019,1.0019,7771.39,7786.777704,16,0.0,0.0,201912
1.0023,1.0024,1.0021,1.0023,8455.57,8475.392875,30,8214.73,8234.023027,201912
1.0021,1.0024,1.002,1.0024,6088.69,6101.525981,14,1202.6,1205.48624,201912
1.002,1.0024,1.002,1.0023,3857.79,3865.915769,13,1826.78,1830.843749,201912
1.002,1.0023,1.002,1.0023,5142.46,5154.067014,27,4898.45,4909.568994,201912
1.0023,1.0023,1.0022,1.0023,3389.54,3397.190309,10,3389.54,3397.190309,201912
1.0023,1.0023,1.002,1.002,721.69,723.258462,5,416.94,417.898962,201912
1.0021,1.0024,1.002,1.0024,353.03,353.771089,3,317.38,318.049789,201912
1.002,1.0024,1.002,1.002,1572.77,1576.123108,8,53.53,53.658472,201912
1.0021,1.0024,1.0021,1.0023,947.87,950.03713,3,701.11,702.758934,201912
1.0024,1.0025,1.0022,1.0025,5380.32,5393.270131,10,5380.32,5393.270131,201912
1.002,1.0024,1.002,1.0023,1026.27,1028.586912,8,128.15,128.45756,201912
1.0024,1.0024,1.0023,1.0023,390.72,391.63969,3,210.34,210.844816,201912
1.0023,1.0024,1.0023,1.0024,810.45,812.343502,4,294.67,295.377208,201912
1.0024,1.0024,1.002,1.002,3853.13,3861.4717,15,561.6,562.85552,201912
1.0022,1.0024,1.0018,1.0018,37022.5,37094.808679,56,1153.88,1156.432959,201912
1.0017,1.0022,1.0017,1.0017,4404.37,4412.861221,12,2221.02,2225.799526,201912
1.0017,1.0017,1.0017,1.0017,125.97,126.184149,1,0.0,0.0,201912
1.0021,1.0021,1.0018,1.0021,3679.67,3687.160236,11,3679.67,3687.160236,201912
1.0021,1.0021,1.0019,1.0019,1843.65,1847.266137,5,1843.65,1847.266137,201912
1.0019,1.0019,1.0019,1.0019,0.0,0.0,0,0.0,0.0,201912
1.0018,1.0021,1.0017,1.0017,605.15,606.296769,7,536.04,537.069282,201912
1.0021,1.0021,1.0017,1.0021,921.55,923.471879,7,888.11,889.975031,201912
1.0021,1.0021,1.0019,1.0021,2021.95,2026.122819,5,2021.95,2026.122819,201912
1.0018,1.0021,1.0017,1.0021,5887.0,5899.267063,26,5732.11,5744.11375,201912
1.0018,1.0021,1.0018,1.0021,4123.26,4131.886065,11,4123.26,4131.886065,201912
1.0021,1.0021,1.0021,1.0021,672.2,673.61162,4,672.2,673.61162,201912
1.0018,1.0021,1.0018,1.0018,1960.67,1964.701865,17,1675.53,1679.048613,201912
1.002,1.0021,1.0018,1.0019,1817.17,1820.590039,4,152.6,152.92046,201912
1.0021,1.0021,1.0018,1.0018,295.29,295.871703,6,167.27,167.621267,201912
1.0021,1.0021,1.0018,1.0018,1469.82,1472.562724,7,553.46,554.553276,201912
1.0019,1.0021,1.0019,1.0021,778.06,779.593656,3,778.06,779.593656,201912
1.0021,1.0021,1.0018,1.0021,11821.38,11846.09654,26,11791.64,11816.303008,201912
1.0022,1.0022,1.002,1.0022,3253.41,3260.359062,13,2211.21,2216.074662,201912
1.0021,1.0023,1.0019,1.0021,5255.78,5266.01537,8,609.8,611.139618,201912
1.0022,1.0022,1.0022,1.0022,1428.2,1431.34204,1,1428.2,1431.34204,201912
1.0019,1.0023,1.0019,1.0019,698.61,700.052111,4,286.88,287.539824,201912
1.0023,1.0024,1.0019,1.0022,6580.33,6595.46486,9,6461.09,6475.998304,201912
1.0024,1.0024,1.0019,1.0022,15818.34,15852.545061,38,15574.21,15607.951214,201912
1.0021,1.0023,1.0021,1.0023,657.88,659.365862,2,521.57,522.769611,201912
1.0021,1.0023,1.002,1.0022,3322.64,3329.636784,7,2155.57,2160.115937,201912
1.0019,1.0021,1.0019,1.0021,2488.7,2493.485562,7,285.16,285.758836,201912
1.0022,1.0022,1.0019,1.0022,2657.96,2663.263785,10,730.21,731.816462,201912
1.0019,1.0022,1.0019,1.0022,1757.22,1760.674815,8,15.82,15.854804,201912
1.0022,1.0022,1.0018,1.002,2648.25,2653.468503,9,1657.89,1661.263321,201912
1.002,1.0022,1.0018,1.0022,3644.48,3652.130746,6,3581.85,3589.388012,201912
1.0019,1.002,1.0019,1.0019,1405.49,1408.259261,4,988.3,990.2766,201912
1.0019,1.0023,1.0019,1.0023,725.7,727.14849,3,612.09,613.322631,201912
1.0019,1.0023,1.0019,1.0023,3122.89,3129.787462,7,3098.78,3105.631653,201912
1.0019,1.0023,1.0019,1.0023,740.64,742.249355,5,213.74,214.231602,201912
1.0023,1.0023,1.0019,1.0019,1902.29,1906.409615,10,1263.16,1266.065268,201912
1.0019,1.002,1.0019,1.0019,1238.97,1241.426169,3,0.0,0.0,201912
1.0022,1.0023,1.0019,1.0019,1624.02,1627.62176,4,517.4,518.59002,201912
1.0019,1.0024,1.0019,1.0024,8122.73,8141.30783,22,5906.19,5920.364856,201912
1.0024,1.0024,1.0019,1.0023,3279.69,3287.122491,24,2619.43,2625.584127,201912
1.0023,1.0023,1.0019,1.0023,2093.36,2097.812206,8,1367.66,1370.733376,201912
1.0019,1.0023,1.0018,1.0023,3677.03,3684.410296,18,1844.83,1848.734041,201912
1.0019,1.0021,1.0019,1.0019,1036.82,1038.882764,6,0.0,0.0,201912
1.002,1.0021,1.0019,1.002,6575.43,6588.454303,10,1487.09,1490.06418,201912
1.0019,1.0021,1.0018,1.0019,3256.85,3263.050054,6,0.0,0.0,201912
1.0019,1.0021,1.0019,1.0021,646.65,647.996255,3,0.0,0.0,201912
1.002,1.0023,1.0019,1.0021,1858.23,1861.933421,8,27.96,28.024308,201912
1.0022,1.0023,1.0021,1.0023,5167.0,5178.083202,18,1416.46,1419.667068,201912
1.0023,1.0023,1.002,1.0022,1171.76,1174.364792,4,478.64,479.740872,201912
1.0024,1.0024,1.0021,1.0022,20460.27,20506.341735,10,14101.34,14133.90312,201912
1.0024,1.0027,1.0022,1.0025,4882.87,4894.663402,36,3816.86,3826.30818,201912
1.0022,1.0026,1.0022,1.0024,960.34,962.62022,6,512.12,513.362864,201912
1.0024,1.0024,1.002,1.002,6637.52,6652.204465,9,1132.66,1135.378384,201912
1.0023,1.0023,1.002,1.002,17193.44,17229.084513,8,4677.68,4688.292993,201912
1.0023,1.0024,1.002,1.0023,2047.8,2052.407739,9,1649.5,1653.311139,201912
1.0023,1.0023,1.0016,1.0018,126829.87,127058.698019,21,6597.85,6612.374259,201912
1.002,1.0021,1.0018,1.0021,4337.55,4346.287723,14,3266.65,3273.460103,201912
1.0021,1.0023,1.0018,1.0018,8879.32,8896.787809,21,3579.38,3586.809065,201912
1.0018,1.0022,1.0018,1.0021,2237.91,2242.744211,3,2189.91,2194.657811,201912
1.0018,1.0018,1.0018,1.0018,67.65,67.77177,1,0.0,0.0,201912
1.002,1.0022,1.002,1.0022,5962.64,5975.255323,10,5962.64,5975.255323,201912
1.0018,1.0022,1.0018,1.0021,1349.51,1352.210356,7,873.97,875.814384,201912
1.0022,1.0022,1.0019,1.0021,2528.64,2533.804342,5,1264.79,1267.553027,201912
1.0021,1.0021,1.0018,1.0018,10018.41,10036.885959,5,763.43,764.987489,201912
1.0016,1.0018,1.0015,1.0015,120881.14,121069.781741,20,7988.97,8002.236607,201912
1.002,1.002,1.0015,1.0019,17929.39,17962.430166,17,15976.66,16006.396177,201912
1.0019,1.0019,1.0015,1.0019,2856.78,2862.092082,11,2636.78,2641.762082,201912
1.0019,1.0021,1.0017,1.002,7582.45,7597.144169,16,6009.65,6021.522874,201912
1.0021,1.0022,1.0017,1.002,3466.27,3473.009628,13,3115.32,3121.463013,201912
1.0021,1.0022,1.0017,1.0022,4779.83,4789.081229,15,4673.83,4682.901029,201912
1.0017,1.0022,1.0017,1.0021,7242.94,7257.238401,12,6168.33,6180.742984,201912
1.0017,1.0021,1.0017,1.0017,2097.53,2101.582481,6,1216.7,1219.25507,201912
1.0021,1.0021,1.0017,1.0017,996.04,997.98508,2,629.53,630.852013,201912
1.0021,1.0022,1.0017,1.0021,3209.52,3216.261196,7,3099.52,3106.074196,201912
1.0019,1.002,1.0017,1.0017,1484.68,1487.548613,4,881.05,882.8121,201912
1.0021,1.0021,1.0017,1.0017,6251.41,6263.243265,9,4605.16,4614.19464,201912
1.0017,1.002,1.0017,1.0019,9013.37,9029.013198,13,2307.57,2311.813338,201912
1.002,1.0021,1.0017,1.0017,7520.24,7535.53206,16,6823.52,6837.627636,201912
1.0019,1.002,1.0017,1.002,5317.31,5327.780302,8,5117.26,5127.390217,201912
1.0017,1.002,1.0017,1.0018,2111.14,2115.034509,15,1792.85,1796.196886,201912
1.0019,1.0021,1.0017,1.0021,3774.69,3782.313838,14,3397.27,3404.232305,201912
1.0021,1.0021,1.0017,1.0021,2254.06,2258.567796,9,2042.89,2047.038807,201912
1.0021,1.0022,1.0019,1.0022,12792.33,12819.220508,32,12078.99,12104.525162,201912
1.0022,1.0022,1.002,1.0022,2195.2,2199.725352,4,2195.2,2199.725352,201912
1.0021,1.0021,1.0021,1.0021,134.44,134.722324,1,134.44,134.722324,201912
1.0021,1.0022,1.002,1.0022,1301.6,1304.306224,6,1301.6,1304.306224,201912
1.0019,1.0022,1.0019,1.0022,135.51,135.804744,2,124.25,124.52335,201912
1.0022,1.0022,1.0022,1.0022,0.0,0.0,0,0.0,0.0,201912
1.0021,1.0022,1.0019,1.002,2243.28,2247.822018,10,732.62,734.160014,201912
1.0019,1.0022,1.0019,1.0022,475.33,476.351393,3,394.22,395.087284,201912
1.0019,1.0023,1.0019,1.0023,2109.02,2113.849178,7,2055.1,2059.82673,201912
1.002,1.0023,1.002,1.0023,1001.76,1003.903856,3,1001.76,1003.903856,201912
1.0023,1.0026,1.0023,1.0026,1187.33,1190.292469,8,1187.33,1190.292469,201912
1.0026,1.0026,1.0021,1.0022,1663.64,1667.399386,4,1193.74,1196.512596,201912
1.0023,1.0026,1.0021,1.0021,1538.84,1542.409444,7,800.91,802.890791,201912
1.0025,1.0025,1.0025,1.0025,832.58,834.66145,4,832.58,834.66145,201912
1.0023,1.0026,1.0023,1.0026,5657.79,5670.894063,5,303.82,304.609932,201912
1.0023,1.0023,1.0023,1.0023,4986.53,4997.999019,6,0.0,0.0,201912
1.0023,1.0027,1.0022,1.0023,8569.28,8589.05012,17,459.28,460.477543,201912
1.0023,1.0026,1.0023,1.0023,3511.26,3519.512232,10,533.38,534.72099,201912
1.002,1.0025,1.002,1.0025,689.61,691.196952,5,467.55,468.673116,201912
1.002,1.002,1.002,1.002,309.62,310.23924,2,0.0,0.0,201912
1.002,1.0026,1.002,1.0026,6375.82,6390.809618,16,5820.45,5834.271776,201912
1.0025,1.0026,1.0022,1.0026,1804.95,1809.339462,8,1032.91,1035.587149,201912
1.0022,1.0026,1.0022,1.0025,443.11,444.213119,3,419.87,420.921991,201912
1.0023,1.0026,1.0023,1.0024,1222.48,1225.49877,5,464.79,465.998454,201912
1.0024,1.0027,1.0022,1.0022,2556.82,2562.954197,11,429.53,430.661671,201912
1.0022,1.0022,1.002,1.0021,2869.39,2875.265153,9,997.49,999.621353,201912
1.0021,1.0022,1.0021,1.0022,319.35,320.025609,2,319.35,320.025609,201912
1.0021,1.0021,1.0021,1.0021,97.25,97.454225,1,97.25,97.454225,201912
1.002,1.0021,1.002,1.0021,357.41,358.141509,2,166.89,167.240469,201912
1.0022,1.0022,1.0019,1.0021,479.33,480.336108,3,468.83,469.816158,201912
1.0019,1.0021,1.0019,1.0021,811.65,813.264903,5,463.2,464.152848,201912
1.002,1.0021,1.002,1.0021,146.05,146.34878,2,146.05,146.34878,201912
1.002,1.0023,1.0019,1.0023,9132.76,9152.726674,15,8408.94,8427.531416,201912
1.0023,1.0023,1.0021,1.0022,10867.27,10892.131297,16,10867.27,10892.131297,201912
1.0019,1.0019,1.0019,1.0019,650.53,651.766007,3,0.0,0.0,201912
1.0019,1.0021,1.0019,1.0021,363.33,364.053597,2,166.35,166.699335,201912
1.0019,1.0022,1.0018,1.0021,1771.0,1774.480618,8,1170.7,1173.100078,201912
1.0021,1.0026,1.0018,1.0026,17689.9,17729.354698,45,16932.91,16970.860783,201912
1.0026,1.0028,1.0023,1.0027,2764.18,2771.258967,19,2274.19,2280.14199,201912
1.0026,1.0027,1.0026,1.0027,916.27,918.698997,3,916.27,918.698997,201912
1.0025,1.0028,1.0024,1.0024,1265.75,1268.977471,10,1265.75,1268.977471,201912
1.0024,1.0027,1.0024,1.0025,1624.06,1628.264207,5,1244.59,1247.883479,201912
1.0023,1.0027,1.0023,1.0023,1089.68,1092.435429,11,819.13,821.263164,201912
1.0027,1.0027,1.0026,1.0026,244.33,244.967592,2,244.33,244.967592,201912
1.0026,1.0026,1.0025,1.0025,773.64,775.585692,2,115.92,116.221392,201912
1.0027,1.0028,1.0026,1.0026,681.52,683.330707,3,681.52,683.330707,201912
1.0026,1.0026,1.0025,1.0025,504.35,505.637608,2,267.33,268.025058,201912
1.0023,1.0026,1.0023,1.0023,784.12,786.043615,5,661.15,662.790784,201912
1.0023,1.0027,1.0023,1.0024,501.97,503.189455,9,147.83,148.217053,201912
1.0023,1.0026,1.0023,1.0023,253.35,253.962081,3,97.92,98.174592,201912
1.0024,1.0026,1.0024,1.0026,454.56,455.710924,3,299.9,300.67974,201912
1.0026,1.0026,1.0023,1.0023,2788.08,2794.570029,10,258.15,258.82119,201912
1.0026,1.0027,1.0023,1.0027,1706.14,1710.569688,10,1641.22,1645.500372,201912
1.0028,1.0028,1.0024,1.0027,1349.52,1352.949149,6,622.98,624.665453,201912
1.0024,1.0027,1.0024,1.0026,777.91,779.880308,3,504.45,505.764004,201912
1.0027,1.0027,1.0023,1.0023,955.69,958.109043,8,552.39,553.881453,201912
1.0026,1.0027,1.0023,1.0023,507.18,508.451574,4,380.3,381.27975,201912
1.0025,1.0026,1.0023,1.0023,1097.16,1099.817198,5,357.64,358.569864,201912
1.0025,1.0026,1.0022,1.0026,4477.51,4488.328321,10,3461.45,3470.032989,201912
1.0023,1.0026,1.0023,1.0026,2585.82,2591.866126,11,487.64,488.860312,201912
1.0023,1.0024,1.0023,1.0023,2290.63,2296.001866,15,676.54,678.163696,201912
1.0024,1.0026,1.0023,1.0023,480.51,481.635959,9,173.54,173.959928,201912
1.0023,1.0024,1.002,1.0022,2726.13,2732.302171,12,1127.14,1129.697707,201912
1.0021,1.0021,1.002,1.002,1009.94,1011.961002,4,0.0,0.0,201912
1.0023,1.0025,1.002,1.002,3761.73,3770.430942,12,1695.08,1699.171887,201912
1.0023,1.0024,1.002,1.0024,1762.12,1765.904015,9,736.14,737.872055,201912
1.002,1.0024,1.002,1.0024,1173.91,1176.535378,7,1120.27,1122.785794,201912
1.0022,1.0024,1.0021,1.0022,4498.14,4508.523253,15,3860.07,3869.076738,201912
1.0023,1.0024,1.0022,1.0022,321.24,321.976653,5,281.79,282.439863,201912
1.0024,1.0024,1.0022,1.0022,541.14,542.368625,5,282.78,283.440233,201912
1.0023,1.0024,1.0021,1.0024,1025.13,1027.524512,6,903.72,905.848576,201912
1.0023,1.0023,1.0021,1.0021,992.12,994.270262,4,334.05,334.818315,201912
1.0021,1.0022,1.0021,1.0022,1773.73,1777.530725,5,566.04,567.285288,201912
1.0024,1.0024,1.0018,1.0018,3142.4,3148.503316,7,14.7,14.73528,201912
1.002,1.0022,1.002,1.0022,780.39,782.025689,8,533.93,535.072769,201912
1.0021,1.0021,1.0019,1.0021,3662.36,3669.735469,17,1164.31,1166.699866,201912
1.002,1.0022,1.0019,1.0022,3683.17,3690.972865,17,2497.39,2502.875579,201912
1.0022,1.0024,1.0021,1.0021,2566.85,2572.47696,10,744.96,746.670389,201912
1.0021,1.0023,1.002,1.0023,1947.1,1951.190619,7,560.02,561.308046,201912
1.0021,1.0023,1.002,1.0023,1041.2,1043.411744,5,748.34,749.966024,201912
1.002,1.0023,1.0019,1.0019,1510.51,1513.642066,5,1162.5,1164.970847,201912
1.0023,1.0023,1.0019,1.0019,2915.96,2921.820723,8,598.27,599.59274,201912
1.002,1.0023,1.002,1.0023,1558.22,1561.568365,6,1558.22,1561.568365,201912
1.0019,1.0022,1.0018,1.0018,3484.71,3491.517809,9,731.56,733.138442,201912
1.0019,1.0022,1.0019,1.0019,2311.49,2315.972583,12,162.4,162.75728,201912
1.0021,1.0022,1.0019,1.0019,1624.95,1628.205122,7,512.67,513.797874,201912
1.0019,1.0023,1.0018,1.0023,50816.13,50908.501671,9,422.75,423.675801,201912
1.0022,1.0022,1.0018,1.0018,591.99,593.288158,2,581.44,582.719168,201912
1.0023,1.0023,1.002,1.0023,323.85,324.541368,4,174.62,175.012908,201912
1.0018,1.0022,1.0018,1.0018,2340.54,2344.97394,4,919.17,921.045474,201912
1.0019,1.0021,1.0017,1.0021,56524.56,56626.282643,13,1503.78,1506.668156,201912
1.0017,1.0021,1.0017,1.0017,1011.72,1013.60479,7,18.85,18.889585,201912
1.0017,1.0021,1.0017,1.0021,363.85,364.532921,2,160.94,161.277974,201912
1.0019,1.0021,1.0017,1.0021,2626.29,2631.460169,5,2605.37,2610.504605,201912
1.0017,1.0021,1.0017,1.0019,1271.0,1273.400842,6,1108.72,1110.844966,201912
1.0021,1.0021,1.0017,1.0019,904.75,906.474185,4,894.75,896.457185,201912
1.0017,1.0021,1.0017,1.002,19000.34,19039.983276,6,18988.96,19028.58393,201912
1.002,1.002,1.0018,1.0018,2931.36,2937.126852,3,2740.42,2745.84316,201912
1.0021,1.0021,1.002,1.002,1643.1,1646.461514,3,1643.1,1646.461514,201912
1.002,1.002,1.002,1.002,0.0,0.0,0,0.0,0.0,201912
1.0022,1.0022,1.002,1.002,412.52,413.3497,2,412.52,413.3497,201912
1.002,1.002,1.0019,1.0019,547.81,548.892226,4,0.0,0.0,201912
1.0019,1.0019,1.0019,1.0019,114.52,114.737588,1,0.0,0.0,201912
1.0022,1.0032,1.0022,1.0024,55182.59,55322.369211,21,53925.28,54062.041667,201912
1.0025,1.0027,1.0024,1.0024,1395.28,1398.74101,4,0.0,0.0,201912
1.0024,1.0024,1.0024,1.0024,445.51,446.579224,2,0.0,0.0,201912
1.0024,1.0027,1.002,1.0025,7881.84,7899.952126,17,2911.3,2918.070962,201912
1.0025,1.0025,1.0025,1.0025,59.23,59.378075,1,59.23,59.378075,201912
1.0022,1.0022,1.0019,1.0019,2066.4,2070.613848,2,958.96,961.069712,201912
1.0019,1.0023,1.0019,1.0019,3144.31,3150.725999,7,2092.31,2096.727199,201912
1.0019,1.0019,1.0019,1.0019,60.31,60.424589,2,0.0,0.0,201912
1.0023,1.0023,1.0019,1.0023,503.18,504.241414,4,477.86,478.873306,201912
1.0019,1.0019,1.0019,1.0019,296.84,297.403996,4,0.0,0.0,201912
1.002,1.002,1.0019,1.0019,12884.35,12908.904535,9,742.7,744.1854,201912
1.0019,1.0019,1.0019,1.0019,875.02,876.682538,4,0.0,0.0,201912
1.0021,1.0022,1.0019,1.0022,3420.22,3426.943443,5,483.38,484.395098,201912
1.0019,1.0022,1.0019,1.0021,8685.64,8702.51785,18,952.74,954.743444,201912
1.0019,1.0019,1.0019,1.0019,4715.07,4724.028633,10,0.0,0.0,201912
1.0022,1.0022,1.0019,1.0019,1788.48,1792.057476,3,1768.48,1772.019476,201912
1.0019,1.002,1.0019,1.002,2269.98,2274.391477,10,985.15,987.1203,201912
1.0021,1.0021,1.002,1.002,2187.59,2192.004179,3,1159.06,1161.417119,201912
1.0019,1.0019,1.0019,1.0019,3695.77,3702.791963,4,0.0,0.0,201912
1.0019,1.0022,1.0019,1.0019,2432.54,2437.186491,7,215.62,216.054343,201912
1.0019,1.0022,1.0019,1.0022,966.9,968.837613,6,335.01,335.747022,201912
1.0019,1.0019,1.0019,1.0019,3665.1,3672.06369,8,0.0,0.0,201912
1.002,1.0023,1.0019,1.0019,3309.02,3315.475601,7,161.71,162.081933,201912
1.0019,1.0021,1.0019,1.0019,4655.43,4664.430365,18,775.24,776.868004,201912
1.0022,1.0022,1.0019,1.0019,1617.51,1620.874389,2,970.4,972.53488,201912
1.0019,1.0023,1.0019,1.0023,471.76,472.796074,3,433.38,434.343152,201912
1.0019,1.0023,1.0019,1.0023,731.04,732.574268,3,698.7,700.172822,201912
1.0023,1.0023,1.0019,1.0019,519.31,520.304665,2,19.94,19.985862,201912
1.0022,1.0023,1.0019,1.0023,613.17,614.505388,3,563.29,564.530616,201912
1.0019,1.0023,1.0019,1.0019,437.64,438.488436,4,42.3,42.39729,201912
1.0019,1.002,1.0016,1.0019,5941.27,5952.195229,14,48.36,48.451884,201912
1.0016,1.0018,1.0016,1.0018,2237.22,2240.85754,11,289.94,290.461892,201912
1.0016,1.0016,1.0016,1.0016,31.42,31.470272,1,0.0,0.0,201912
1.0017,1.0019,1.0016,1.0019,645.04,646.143578,4,634.74,635.827098,201912
1.0018,1.0018,1.0015,1.0015,1051.14,1053.009795,2,976.95,978.70851,201912
1.0017,1.0017,1.0017,1.0017,296.56,297.064152,1,296.56,297.064152,201912
1.0015,1.0019,1.0015,1.0019,66.94,67.05173,2,28.3,28.35377,201912
1.0017,1.0017,1.0015,1.0017,1001.85,1003.546819,3,213.48,213.842916,201912
1.0015,1.0019,1.0015,1.0019,2049.04,2052.340534,6,365.08,365.773652,201912
1.0019,1.0019,1.0015,1.0015,4760.95,4768.861473,8,1925.12,1928.777728,201912
1.0016,1.0016,1.0015,1.0015,1131.31,1133.075208,2,682.43,683.521888,201912
1.0019,1.0019,1.0015,1.0015,1062.44,1064.067999,4,227.02,227.394869,201912
1.0017,1.0018,1.0015,1.0018,3590.82,3596.550041,7,803.98,805.346766,201912
1.0018,1.0018,1.0018,1.0018,0.0,0.0,0,0.0,0.0,201912
1.0015,1.0015,1.0015,1.0015,496.77,497.515155,1,0.0,0.0,201912
1.0015,1.0015,1.0015,1.0015,866.87,868.170305,5,0.0,0.0,201912
1.0016,1.0016,1.0014,1.0014,3474.51,3479.51273,10,0.0,0.0,201912
1.0014,1.0014,1.0014,1.0014,0.0,0.0,0,0.0,0.0,201912
1.0014,1.0014,1.0014,1.0014,0.0,0.0,0,0.0,0.0,201912
1.0014,1.0014,1.0014,1.0014,548.02,548.787228,2,0.0,0.0,201912
1.0019,1.0019,1.0014,1.0016,3267.0,3273.040338,7,3117.0,3122.830338,201912
1.0014,1.0019,1.0014,1.0016,1162.13,1164.002827,4,929.84,931.387621,201912
1.0014,1.0017,1.0014,1.0017,174.08,174.368637,2,149.75,150.004575,201912
1.0015,1.0015,1.0015,1.0015,3727.12,3732.71068,6,3727.12,3732.71068,201912
1.0012,1.0015,1.0012,1.0015,2519.6,2523.370292,16,2489.24,2492.97386,201912
1.0014,1.0014,1.0014,1.0014,510.48,511.194672,1,0.0,0.0,201912
1.0013,1.0013,1.0013,1.0013,52.0,52.0676,1,0.0,0.0,201912
1.0014,1.0015,1.0013,1.0015,2211.84,2214.745648,3,296.01,296.425069,201912
1.0015,1.0015,1.0015,1.0015,206.29,206.599435,1,0.0,0.0,201912
1.0014,1.0015,1.0014,1.0015,309.84,310.30128,2,275.04,275.45256,201912
1.0014,1.0017,1.0014,1.0017,72.92,73.029639,2,25.17,25.212789,201912
1.0017,1.0017,1.0014,1.0014,926.9,928.262575,7,409.19,409.827781,201912
1.0017,1.0018,1.0014,1.0014,14842.41,14868.094801,21,14661.41,14686.841401,201912
1.0016,1.0018,1.0014,1.0014,3566.71,3571.817074,8,546.67,547.549018,201912
1.0014,1.0018,1.0013,1.0013,2533.09,2537.010529,14,1228.8,1230.897506,201912
1.0013,1.0013,1.0013,1.0013,54.41,54.480733,2,0.0,0.0,201912
1.0013,1.0017,1.0013,1.0017,6308.49,6317.444169,21,1882.83,1886.030811,201912
1.0013,1.0017,1.0013,1.0014,4007.5,4014.267611,10,3884.14,3890.743038,201912
1.0014,1.0019,1.0014,1.0014,2243.82,2247.87862,9,1968.14,1971.812668,201912
1.0019,1.0021,1.0016,1.002,3804.21,3811.443165,7,3783.69,3790.890333,201912
1.0017,1.0019,1.0017,1.0019,901.76,903.469108,2,880.58,882.253102,201912
1.0017,1.0017,1.0017,1.0017,112.82,113.011794,3,0.0,0.0,201912
1.0019,1.0019,1.0017,1.0017,593.92,594.966336,2,183.36,183.708384,201912
1.0019,1.002,1.0017,1.002,515.08,516.057332,3,501.96,502.915028,201912
1.002,1.0021,1.0017,1.0021,2137.23,2141.219004,6,655.71,657.06042,201912
1.0017,1.0021,1.0017,1.002,1543.52,1546.640792,6,1446.56,1449.51596,201912
1.0017,1.002,1.0017,1.002,814.92,816.476907,4,571.81,572.95362,201912
1.0017,1.0021,1.0017,1.0021,3810.9,3817.66389,5,810.9,812.56389,201912
1.0017,1.0021,1.0017,1.0021,747.33,748.799358,6,220.11,220.572231,201912
1.0021,1.0022,1.0017,1.0017,4842.6,4852.387178,7,3373.17,3380.263207,201912
1.0021,1.0021,1.0017,1.0019,12545.15,12566.634969,8,333.54,334.240434,201912
1.0021,1.0021,1.002,1.0021,474.45,475.4308,3,474.45,475.4308,201912
1.0021,1.0021,1.0021,1.0021,0.0,0.0,0,0.0,0.0,201912
1.0021,1.0022,1.0018,1.0022,1825.77,1829.388173,4,1071.55,1073.810577,201912
1.0018,1.0018,1.0018,1.0018,13043.23,13066.707814,5,0.0,0.0,201912
1.0018,1.0022,1.0018,1.0018,381.9,382.646088,6,146.67,146.992674,201912
1.0018,1.0022,1.0017,1.0017,8011.67,8026.970261,10,1894.22,1898.387284,201912
1.0017,1.0018,1.0017,1.0018,2294.12,2298.041269,7,212.65,213.03277,201912
1.0017,1.0021,1.0017,1.0017,2199.95,2204.110127,12,1050.53,1052.736113,201912
1.0017,1.0017,1.0017,1.0017,2185.64,2189.355588,4,0.0,0.0,201912
1.0016,1.0016,1.0016,1.0016,73.0,73.1168,1,0.0,0.0,201912
1.0016,1.0019,1.0016,1.0019,1723.49,1726.252852,5,17.56,17.593364,201912
1.0018,1.0019,1.0018,1.0019,486.41,487.291717,2,61.79,61.907401,201912
1.0019,1.0021,1.0018,1.0021,6383.33,6395.705968,9,6383.33,6395.705968,201912
1.0016,1.0021,1.0016,1.0021,14192.97,14221.624284,12,12790.27,12816.594477,201912
1.0021,1.0021,1.0018,1.0018,18518.06,18556.911287,13,18395.93,18434.561453,201912
1.0018,1.0024,1.0018,1.0023,639.8,641.259381,4,604.21,605.605319,201912
1.0023,1.0023,1.0023,1.0023,0.0,0.0,0,0.0,0.0,201912
1.002,1.0025,1.002,1.002,3088.39,3095.110124,5,115.68,115.969198,201912
1.0025,1.0027,1.0023,1.0023,3199.29,3207.401341,17,2199.29,2205.031341,201912
1.0022,1.0022,1.0022,1.0022,1696.41,1700.142102,1,0.0,0.0,201912
1.0024,1.0027,1.0024,1.0027,2758.35,2765.637474,5,2758.35,2765.637474,201912
1.0026,1.0026,1.0023,1.0023,12625.0,12655.490949,26,2734.86,2741.970636,201912
1.0023,1.0026,1.0021,1.0026,9113.13,9134.442299,14,2976.66,2984.399316,201912
1.0025,1.0026,1.0022,1.0026,3237.39,3245.206508,10,2606.55,2612.94866,201912
1.0026,1.0026,1.0026,1.0026,5338.04,5351.918904,5,5338.04,5351.918904,201912
1.0026,1.0026,1.0025,1.0025,5340.22,5354.087923,8,4313.03,4324.243878,201912
1.0024,1.0024,1.0024,1.0024,1603.56,1607.408544,1,0.0,0.0,201912
1.0022,1.0026,1.0022,1.0026,277.55,278.19571,3,34.25,34.33905,201912
1.0026,1.0027,1.0022,1.0022,11786.01,11812.542811,32,1148.87,1151.87586,201912
1.0023,1.0024,1.0021,1.0024,8238.97,8257.000841,19,127.87,128.176888,201912
1.0022,1.0026,1.0022,1.0022,1333.28,1336.344484,6,328.17,329.023242,201912
1.0026,1.0026,1.0022,1.0022,7935.01,7954.006754,14,3969.55,3979.822742,201912
1.0025,1.0027,1.0021,1.0027,21072.26,21123.667307,20,20772.26,20823.037307,201912
1.0027,1.0028,1.0023,1.0025,22370.78,22424.122185,32,1245.35,1248.547887,201912
1.0023,1.0028,1.0023,1.0028,1621.49,1625.319282,8,199.71,200.269188,201912
1.0023,1.0023,1.0023,1.0023,291.63,292.300749,1,0.0,0.0,201912
1.0027,1.0027,1.0027,1.0027,565.99,567.518173,2,565.99,567.518173,201912
1.0025,1.0027,1.0023,1.0023,9489.81,9512.349373,21,1906.45,1911.463237,201912
1.0027,1.0027,1.0016,1.0021,2146.65,2151.160542,19,330.13,330.944551,201912
1.0016,1.0021,1.0016,1.0016,1579.82,1582.392672,11,89.92,90.108832,201912
1.0016,1.0018,1.0016,1.0018,2233.45,2237.45481,3,2156.45,2160.33161,201912
1.0021,1.0021,1.0016,1.0021,6271.53,6282.12289,8,230.1,230.58321,201912
1.0016,1.0021,1.0016,1.0016,26788.2,26831.760225,21,3465.51,3471.753921,201912
1.0018,1.0018,1.0018,1.0018,1978.13,1981.690634,2,1978.13,1981.690634,201912
1.0018,1.0021,1.0016,1.0016,16153.03,16179.642753,13,1472.76,1475.456629,201912
1.0016,1.0021,1.0016,1.0021,40425.79,40509.962303,11,38759.83,38841.225643,201912
1.0021,1.0021,1.0017,1.0017,9382.94,9399.268983,25,1175.79,1178.166828,201912
1.0017,1.0017,1.0016,1.0016,1997.29,2000.545741,11,0.0,0.0,201912
1.0016,1.002,1.0016,1.0016,7633.07,7645.347468,11,161.39,161.71278,201912
1.0016,1.0019,1.0016,1.0019,7858.08,7870.676307,13,77.93,78.078067,201912
1.0016,1.0019,1.0015,1.0019,1252.51,1254.449066,11,28.71,28.764549,201912
1.0016,1.0021,1.0015,1.0017,18717.2,18752.947878,38,13985.35,14013.179716,201912
1.0016,1.0019,1.0016,1.0016,1252.64,1254.868621,7,1073.97,1075.912749,201912
1.0016,1.002,1.0016,1.0016,3484.91,3490.562192,9,190.84,191.22168,201912
1.0016,1.002,1.0016,1.0016,3728.82,3734.806472,12,50.9,51.0018,201912
1.0016,1.002,1.0016,1.002,7201.79,7215.381535,10,5838.78,5850.190719,201912
1.0016,1.0016,1.0016,1.0016,1961.99,1965.129184,6,0.0,0.0,201912
1.0016,1.0016,1.0015,1.0015,5667.63,5676.485218,20,1873.53,1876.527648,201912
1.0015,1.0019,1.0015,1.0019,9595.41,9610.233952,24,1418.36,1420.918377,201912
1.0015,1.0017,1.0015,1.0015,1309.88,1312.088032,3,0.0,0.0,201912
1.0015,1.0015,1.0015,1.0015,1335.12,1337.12268,5,0.0,0.0,201912
1.0017,1.0019,1.0015,1.0019,1742.56,1745.483668,3,170.19,170.513361,201912
1.0019,1.0019,1.0015,1.0019,1121.16,1123.06278,5,752.42,753.76967,201912
1.0019,1.002,1.0016,1.002,4094.12,4101.945126,12,4011.4,4019.086646,201912
1.002,1.002,1.0016,1.0016,8652.62,8667.582336,13,1477.2,1480.1544,201912
1.002,1.002,1.002,1.002,2808.18,2813.79636,3,2808.18,2813.79636,201912
1.0016,1.002,1.0015,1.0018,5698.23,5707.434139,12,443.37,444.150046,201912
1.0016,1.0019,1.0015,1.0015,3961.64,3967.948944,16,674.26,675.517874,201912
1.0015,1.0019,1.0015,1.0015,5590.06,5598.644118,11,909.83,911.393773,201912
1.0015,1.0018,1.0015,1.0015,7129.11,7140.478455,16,2249.3,2253.34874,201912
1.0018,1.0019,1.0015,1.0015,6478.13,6489.538264,22,5059.08,5068.257957,201912
1.0015,1.0018,1.0014,1.0014,7329.73,7340.982345,14,1229.18,1231.392524,201912
1.0014,1.0018,1.0013,1.0013,25377.95,25413.718997,21,1183.34,1185.470012,201912
1.0013,1.0013,1.0013,1.0013,508.01,508.670413,3,0.0,0.0,201912
1.0013,1.0018,1.0013,1.0014,1390.85,1392.738756,8,145.17,145.431306,201912
1.0018,1.0018,1.0017,1.0018,2424.23,2428.390173,7,2424.23,2428.390173,201912
1.0018,1.0018,1.0013,1.0013,13635.45,13654.317329,16,483.34,484.117652,201912
1.0017,1.0017,1.0015,1.0015,1359.67,1361.748317,5,1359.67,1361.748317,201912
1.0017,1.0017,1.0017,1.0017,727.95,729.187515,3,727.95,729.187515,201912
1.0013,1.0017,1.0013,1.0017,1621.93,1624.057669,15,47.9,47.98143,201912
1.0013,1.0017,1.0013,1.0017,3424.35,3429.0076,6,672.07,673.149636,201912
1.0017,1.0017,1.0013,1.0013,1644.0,1646.450436,14,783.09,784.421253,201912
1.0017,1.0017,1.0013,1.0013,678.21,679.303981,4,530.77,531.672309,201912
1.0017,1.0017,1.0013,1.0013,667.29,668.292825,7,338.37,338.945229,201912
1.0013,1.0013,1.0013,1.0013,9970.38,9983.341494,13,0.0,0.0,201912
1.0013,1.0017,1.0013,1.0017,3988.03,3993.303944,12,651.18,652.116039,201912
1.0015,1.0018,1.0015,1.0018,321.57,322.066086,2,45.77,45.852386,201912
1.0013,1.0013,1.0013,1.0013,500.3,500.95039,3,0.0,0.0,201912
1.0018,1.0018,1.0014,1.0014,4102.11,4108.47657,8,1559.04,1561.846272,201912
1.0014,1.0015,1.0014,1.0014,1271.8,1273.603689,7,0.0,0.0,201912
1.0017,1.0018,1.0017,1.0018,477.19,478.002738,2,477.19,478.002738,201912
1.0018,1.0018,1.0017,1.0018,1085.68,1087.614964,4,893.08,894.687544,201912
1.0018,1.0018,1.0014,1.0014,2357.29,2360.88001,5,500.3,501.20054,201912
1.0018,1.0018,1.0018,1.0018,4485.15,4493.22327,7,4485.15,4493.22327,201912
1.0016,1.0016,1.0013,1.0013,1933.4,1936.060394,6,0.0,0.0,201912
1.0013,1.0016,1.0013,1.0016,9301.31,9313.480368,10,123.25,123.4472,201912
1.0013,1.0018,1.0013,1.0018,3144.17,3148.816176,13,2091.38,2094.657549,201912
1.0017,1.0018,1.0015,1.0015,3236.21,3241.872964,16,2876.87,2881.990704,201912
1.0015,1.0021,1.0015,1.0021,3070.02,3075.581465,9,2811.54,2816.713745,201912
1.0019,1.0019,1.0017,1.0017,1640.88,1643.922349,15,1012.71,1014.634149,201912
1.0017,1.0019,1.0016,1.0019,4578.41,4586.722245,10,2971.21,2976.804231,201912
1.0016,1.0019,1.0015,1.0015,595.17,596.186721,7,280.7,281.23333,201912
1.0015,1.0027,1.0015,1.002,11173.67,11197.04604,14,10249.75,10271.391011,201912
1.002,1.002,1.0017,1.002,8533.36,8549.790615,15,0.0,0.0,201912
1.0018,1.0023,1.0016,1.0016,7929.24,7942.545566,10,21.53,21.579519,201912
1.0016,1.0019,1.0015,1.0015,2388.28,2391.890064,13,198.7,199.022402,201912
1.0018,1.0018,1.0015,1.0015,1758.87,1761.605349,11,323.48,324.062264,201912
1.0015,1.0017,1.0014,1.0014,4419.38,4425.965797,13,0.0,0.0,201912
1.0014,1.0015,1.0013,1.0014,1937.28,1940.096843,6,1286.73,1288.650095,201912
1.0013,1.0017,1.0013,1.0013,2344.23,2347.982173,8,1649.51,1652.314167,201912
1.0013,1.0015,1.0013,1.0013,7888.38,7898.761964,9,635.35,636.303025,201912
1.0016,1.0016,1.0013,1.0013,935.8,937.074794,3,194.18,194.490688,201912
1.0016,1.0016,1.0013,1.0013,621.28,622.252856,2,0.0,0.0,201912
1.0013,1.0018,1.0013,1.0017,16066.65,16092.929833,22,10592.45,10610.489466,201912
1.0016,1.0017,1.0013,1.0013,17780.67,17804.132128,16,1247.68,1249.649239,201912
1.0013,1.0018,1.0013,1.0013,44153.4,44211.996643,32,1582.68,1585.407499,201912
1.0018,1.0018,1.0013,1.0018,22099.22,22130.341494,22,5289.1,5298.231286,201912
1.0013,1.0018,1.0013,1.0014,15829.67,15850.997836,16,878.66,880.01675,201912
1.0014,1.002,1.0013,1.0013,24170.83,24207.948944,32,10578.26,10597.170601,201912
1.0016,1.0016,1.0013,1.0013,51878.88,51947.247364,31,2279.1,2282.74656,201912
1.0013,1.0017,1.0013,1.0013,24226.85,24258.963687,28,1958.19,1961.343621,201912
1.0013,1.0016,1.0013,1.0014,97535.71,97662.953685,92,875.29,876.515406,201912
1.0013,1.0018,1.0008,1.001,83021.0,83127.315405,83,12384.51,12404.948826,201912
1.0013,1.0013,1.0009,1.0013,22443.16,22465.115703,50,4081.69,4086.514623,201912
1.0011,1.0013,1.0009,1.001,20729.66,20750.167158,38,567.48,568.146099,201912
1.001,1.0013,1.0009,1.0013,4987.74,4993.178684,13,3107.43,3110.990639,201912
1.0013,1.0013,1.001,1.0011,11475.07,11487.372603,31,2563.88,2567.121576,201912
1.0011,1.0016,1.0011,1.0012,26680.66,26713.85594,27,5192.64,5199.830465,201912
1.0012,1.0016,1.0011,1.0011,4603.33,4608.505916,12,124.88,125.079808,201912
1.0011,1.0014,1.0009,1.0014,3977.86,3983.259148,11,2832.86,2836.826004,201912
1.0009,1.0014,1.0009,1.0014,599.78,600.358232,7,76.86,76.967604,201912
1.0011,1.0014,1.0008,1.0014,2355.51,2358.243873,13,1046.5,1047.9651,201912
1.0012,1.0014,1.0011,1.0011,3883.99,3888.49024,3,2061.93,2064.243768,201912
1.0014,1.0014,1.0009,1.0013,2584.54,2588.029411,16,2344.07,2347.342988,201912
1.0009,1.0014,1.0009,1.0009,3850.66,3854.855122,14,2333.15,2335.979363,201912
1.0012,1.0014,1.0009,1.001,3193.57,3197.269707,14,1383.62,1385.498006,201912
1.0012,1.0014,1.0011,1.0014,1570.02,1571.946664,3,1256.86,1258.442188,201912
1.0011,1.0014,1.0011,1.0014,1626.24,1628.456533,12,1615.33,1617.534532,201912
1.0014,1.0016,1.0012,1.0015,4227.35,4232.982688,19,1310.91,1312.920048,201912
1.0015,1.0017,1.0012,1.0014,12583.69,12602.626865,19,12535.43,12554.308953,201912
1.0015,1.0019,1.0012,1.0016,4433.16,4440.542853,21,4393.19,4400.524889,201912
1.0012,1.0016,1.0012,1.0013,4710.82,4716.634216,4,477.5,478.228442,201912
1.0016,1.0023,1.0016,1.0018,12707.82,12732.181731,27,6756.27,6769.576829,201912
1.0019,1.0027,1.0019,1.0024,25583.07,25645.490391,56,2757.38,2764.619481,201912
1.0021,1.0021,1.0016,1.0016,6240.49,6252.968549,8,370.01,370.602016,201912
1.0014,1.0016,1.0011,1.0015,19341.95,19367.272475,19,6371.87,6381.917863,201912
1.0014,1.0016,1.0012,1.0013,15210.6,15232.636354,16,13172.89,13192.109944,201912
1.0016,1.0016,1.0012,1.0015,8248.17,8259.169135,6,1750.13,1752.930208,201912
1.0014,1.0014,1.0011,1.0011,15325.68,15344.176884,15,3871.33,3876.749862,201912
1.0011,1.0016,1.0011,1.0013,2460.98,2464.534186,6,1479.98,1482.347968,201912
1.0011,1.0014,1.0011,1.0012,4037.67,4042.798362,6,1759.75,1762.21365,201912
1.0014,1.0014,1.0011,1.0011,16790.0,16809.358959,22,880.36,881.592504,201912
1.0011,1.0016,1.0011,1.0012,11800.87,11814.24016,17,617.6,618.494808,201912
1.0016,1.0016,1.0015,1.0016,5300.07,5308.515232,8,4951.27,4959.192032,201912
1.0013,1.0015,1.0013,1.0013,719.64,720.694694,4,595.81,596.703715,201912
1.0013,1.0013,1.0012,1.0012,2053.65,2056.140997,4,0.0,0.0,201912
1.0012,1.0012,1.0011,1.0011,4823.47,4829.129279,12,0.0,0.0,201912
1.0014,1.0014,1.0011,1.0011,5017.75,5023.47489,7,369.93,370.447902,201912
1.0012,1.0012,1.0011,1.0011,1093.25,1094.528473,4,0.0,0.0,201912
1.0015,1.0016,1.0012,1.0012,9810.01,9822.514542,19,2028.01,2031.176142,201912
1.0014,1.0015,1.0011,1.0015,11241.51,11256.603314,11,6823.53,6833.720211,201912
1.0011,1.0013,1.0011,1.0011,6929.43,6937.137963,8,0.0,0.0,201912
1.001,1.0015,1.0009,1.0013,1014.26,1015.361195,7,466.91,467.469239,201912
1.0013,1.0013,1.001,1.0013,3639.7,3644.288237,9,2960.94,2964.789222,201912
1.0011,1.0013,1.0009,1.0009,2770.09,2772.732704,12,100.61,100.740793,201912
1.0009,1.0013,1.0009,1.0009,1723.91,1726.079111,14,1471.81,1473.723353,201912
1.0009,1.0013,1.0009,1.0013,286.09,286.430029,4,206.37,206.638281,201912
1.0013,1.0018,1.0009,1.0011,10344.43,10357.785595,31,6674.1,6684.010504,201912
1.0016,1.0016,1.0014,1.0014,114.89,115.053882,2,114.89,115.053882,201912
1.0013,1.0016,1.0011,1.0016,1664.59,1667.042862,6,1571.76,1574.110749,201912
1.0011,1.0016,1.0011,1.0012,1616.73,1618.864967,10,1098.3,1099.824444,201912
1.0013,1.0013,1.0012,1.0012,258.4,258.73355,2,234.7,235.00511,201912
1.0013,1.0016,1.0013,1.0014,1045.05,1046.641999,6,942.09,943.548151,201912
1.0013,1.0016,1.0013,1.0016,946.68,948.108576,5,659.64,660.695424,201912
1.0012,1.0016,1.0011,1.0014,3690.12,3694.456336,5,381.02,381.629632,201912
1.0016,1.0016,1.0016,1.0016,93.84,93.990144,3,93.84,93.990144,201912
1.0012,1.0012,1.0012,1.0012,215.41,215.668492,5,0.0,0.0,201912
1.0012,1.0016,1.0011,1.0016,6720.13,6730.712802,7,6346.4,6356.55424,201912
1.0012,1.0016,1.0012,1.0013,734.15,735.101384,5,649.25,650.091014,201912
1.0013,1.0013,1.0013,1.0013,1416.6,1418.44158,7,0.0,0.0,201912
1.0013,1.0016,1.0012,1.0012,126.83,126.993597,5,15.73,15.755168,201912
1.0016,1.0016,1.0016,1.0016,141.58,141.806528,1,141.58,141.806528,201912
1.0013,1.0013,1.0013,1.0013,121.25,121.407625,2,0.0,0.0,201912
1.0016,1.0016,1.0013,1.0016,1147.43,1149.225069,10,1047.64,1049.305342,201912
1.0014,1.0014,1.0014,1.0014,222.91,223.222074,3,0.0,0.0,201912
1.0014,1.0014,1.0014,1.0014,0.0,0.0,0,0.0,0.0,201912
1.0016,1.0016,1.0014,1.0014,1478.26,1480.585427,6,1101.82,1103.582912,201912
1.0014,1.0014,1.0014,1.0014,4327.11,4333.167954,6,0.0,0.0,201912
1.0014,1.0014,1.0014,1.0014,132.53,132.715542,2,0.0,0.0,201912
1.0015,1.0015,1.0012,1.0012,1046.36,1047.87175,6,0.0,0.0,201912
1.0016,1.0025,1.0013,1.002,16380.41,16409.14579,20,13680.83,13704.389833,201912
1.002,1.0024,1.0018,1.0018,19340.61,19378.212692,30,90.19,90.406456,201912
1.0017,1.002,1.0015,1.0019,4570.14,4578.838002,14,3800.5,3807.928878,201912
1.0015,1.0019,1.0015,1.0019,1039.67,1041.605377,4,939.68,941.465392,201912
1.0015,1.0019,1.0014,1.0014,2016.53,2019.880965,8,107.66,107.864554,201912
1.0017,1.0017,1.0017,1.0017,1897.3,1900.52541,2,1897.3,1900.52541,201912
1.0018,1.0019,1.0015,1.0019,922.66,924.295798,4,140.58,140.815149,201912
1.0016,1.0027,1.0016,1.002,32913.53,32980.625962,32,22004.37,22049.636062,201912
1.002,1.0024,1.002,1.0024,1757.9,1761.603704,9,89.28,89.494272,201912
1.002,1.0024,1.002,1.002,327.52,328.185388,4,25.87,25.932088,201912
1.0024,1.0024,1.002,1.002,2858.81,2864.792513,4,872.1,874.109093,201912
1.002,1.003,1.002,1.0023,141832.92,142223.407721,67,111827.1,112146.684607,201912
1.0022,1.0026,1.002,1.002,5963.5,5976.761714,12,0.0,0.0,201912
1.0019,1.0027,1.0018,1.002,6719.92,6734.00984,11,2354.25,2359.678523,201912
1.0017,1.0019,1.0017,1.0019,2620.16,2624.933372,2,0.0,0.0,201912
1.0016,1.0021,1.0016,1.0018,5021.13,5030.339281,8,3777.21,3784.146865,201912
1.0018,1.0021,1.0018,1.0021,2947.5,2953.37585,5,2769.63,2775.185684,201912
1.0018,1.0021,1.0017,1.0017,1798.61,1801.953696,7,870.8,872.538206,201912
1.0017,1.0017,1.0017,1.0017,252.91,253.339947,4,0.0,0.0,201912
1.0017,1.0021,1.0016,1.0021,2283.03,2286.898919,9,291.86,292.472906,201912
1.0017,1.0019,1.0017,1.0019,1641.51,1644.529293,3,1143.63,1145.802897,201912
1.0021,1.0021,1.0016,1.0016,1041.9,1043.969398,7,210.58,211.022218,201912
1.0016,1.0016,1.0016,1.0016,56.3,56.39008,1,0.0,0.0,201912
1.0016,1.0019,1.0014,1.0019,174.84,175.122426,3,21.32,21.360508,201912
1.0019,1.0019,1.0019,1.0019,48.43,48.522017,2,48.43,48.522017,201912
1.0018,1.0019,1.0015,1.0018,2507.83,2512.17686,7,2375.57,2379.71847,201912
1.0017,1.0018,1.0016,1.0018,220.01,220.384017,3,199.69,200.031505,201912
1.0018,1.0018,1.0016,1.0016,1354.26,1356.50176,5,668.33,669.474272,201912
1.0016,1.0028,1.0016,1.0022,29458.41,29520.820711,20,28364.21,28424.300483,201912
1.0022,1.0038,1.0022,1.0024,108107.74,108430.696266,98,73677.32,73902.216167,201912
1.0025,1.0028,1.0022,1.0028,1795.76,1800.09083,5,290.22,291.032616,201912
1.0022,1.0026,1.0019,1.0024,2592.85,2598.515335,9,642.76,644.425184,201912
1.0017,1.0022,1.0017,1.002,4790.37,4799.487735,14,114.68,114.91155,201912
1.0017,1.0017,1.0016,1.0016,1756.1,1758.983195,5,0.0,0.0,201912
1.0017,1.002,1.0017,1.0018,2961.78,2967.172205,12,1791.79,1795.093222,201912
1.0018,1.0019,1.0018,1.0018,966.88,968.633925,8,135.41,135.667279,201912
1.002,1.0021,1.0018,1.002,1511.47,1514.509385,6,1404.77,1407.617325,201912
1.0018,1.0021,1.0018,1.0021,2082.55,2086.417951,5,397.87,398.705527,201912
1.0019,1.0022,1.0018,1.0018,4826.36,4835.379549,11,812.12,813.763917,201912
1.0018,1.0022,1.0018,1.0018,6022.85,6034.099038,12,1389.01,1391.795846,201912
1.0018,1.002,1.0018,1.0018,12031.08,12052.829014,12,787.31,788.820228,201912
1.0018,1.002,1.0018,1.002,1733.03,1736.353143,5,367.1,367.8342,201912
1.0021,1.0021,1.0018,1.0018,883.43,885.27434,5,847.22,848.999162,201912
1.0021,1.0021,1.0019,1.002,2878.79,2884.4534,4,2878.79,2884.4534,201912
1.0019,1.0022,1.0019,1.002,1260.7,1263.308501,4,875.96,877.801421,201912
1.0021,1.0022,1.0021,1.0022,1810.63,1814.579553,3,1810.63,1814.579553,201912
1.002,1.0021,1.0019,1.0021,1460.89,1463.838683,4,1095.03,1097.283549,201912
1.0019,1.0021,1.0019,1.0019,380.98,381.735491,5,292.01,292.596448,201912
1.0019,1.0022,1.0019,1.0021,1048.03,1050.297158,4,1011.27,1013.467314,201912
1.0022,1.0023,1.0019,1.0023,11402.31,11427.016394,26,6873.26,6888.927551,201912
1.0023,1.0023,1.0019,1.0022,3786.22,3794.133968,10,1682.21,1686.011195,201912
1.0021,1.0028,1.0019,1.0022,18263.29,18305.945567,14,17223.29,17263.721686,201912
1.0022,1.0027,1.0022,1.0027,1166.64,1169.422618,4,569.38,570.848646,201912
1.0024,1.0027,1.0023,1.0026,2625.41,2632.032347,8,1713.65,1718.060655,201912
1.0027,1.0027,1.0025,1.0025,1560.56,1564.516675,5,1560.56,1564.516675,201912
1.0027,1.0029,1.0027,1.0029,5056.45,5070.179455,8,5056.45,5070.179455,201912
1.0024,1.0029,1.0024,1.0024,1844.32,1848.936482,9,467.09,468.40113,201912
1.0024,1.0029,1.0024,1.0026,1826.63,1831.818781,8,1725.96,1730.897773,201912
1.0029,1.003,1.0026,1.0029,2656.58,2664.042559,15,1811.48,1816.687691,201912
1.0029,1.003,1.0026,1.003,28642.82,28727.813712,25,26530.48,26609.900681,201912
1.0029,1.0029,1.0027,1.0027,570.9,572.543208,3,508.89,510.365781,201912
1.0027,1.003,1.0026,1.0026,937.05,939.664377,9,343.36,344.373639,201912
1.0027,1.0027,1.0027,1.0027,18.26,18.309302,1,0.0,0.0,201912
1.0029,1.003,1.0027,1.0027,3743.02,3753.474398,7,1120.7,1123.978705,201912
1.0029,1.003,1.0027,1.0029,4396.3,4408.893247,13,2742.33,2750.404515,201912
1.0028,1.0029,1.0027,1.0027,4833.9,4847.156211,17,959.82,962.58799,201912
1.0027,1.0028,1.0024,1.0024,9647.3,9672.821237,19,1239.63,1242.994116,201912
1.0024,1.0026,1.0024,1.0025,1036.07,1038.676818,7,615.84,617.428435,201912
1.0025,1.0027,1.0022,1.0023,11234.37,11261.737,20,5451.4,5465.447911,201912
1.0023,1.0028,1.0022,1.0028,30530.59,30605.035888,30,14921.67,14961.378141,201912
1.0028,1.0032,1.0024,1.0031,52870.63,53023.77164,51,52274.04,52425.749824,201912
1.0028,1.0033,1.0028,1.0028,225.07,225.709668,10,20.95,21.018132,201912
1.0028,1.0031,1.0026,1.0029,8220.9,8244.182517,16,2072.8,2078.91102,201912
1.0026,1.003,1.0026,1.0029,8710.61,8733.64526,18,1576.09,1580.575508,201912
1.0026,1.0029,1.0026,1.0026,39701.63,39816.382297,23,38549.58,38661.336967,201912
1.0028,1.0028,1.0026,1.0026,2270.49,2276.47765,5,421.88,423.061264,201912
1.0028,1.0029,1.0025,1.0026,8272.14,8294.32442,26,2924.45,2932.742472,201912
1.0029,1.0031,1.0029,1.0031,1167.95,1171.450737,4,1167.95,1171.450737,201912
1.0029,1.0032,1.0028,1.0028,23978.08,24051.967365,24,22244.82,22313.721972,201912
1.0029,1.0035,1.0029,1.0035,29101.61,29200.875527,25,28976.61,29075.500527,201912
1.0034,1.0034,1.003,1.0034,3758.68,3770.824468,9,3630.52,3642.279988,201912
1.0034,1.0034,1.003,1.003,5794.08,5811.887924,7,1064.21,1067.828314,201912
1.0031,1.0033,1.0031,1.0033,5051.42,5067.340794,11,4324.04,4337.705916,201912
1.0031,1.0034,1.0031,1.0034,1029.0,1032.388609,3,1029.0,1032.388609,201912
1.0034,1.0034,1.0027,1.0027,3133.15,3142.917695,12,2209.49,2216.704397,201912
1.0031,1.0031,1.0028,1.0031,2998.96,3007.852212,5,2929.14,2937.836716,201912
1.003,1.0031,1.0028,1.0028,1042.42,1045.583852,3,1015.67,1018.758952,201912
1.0029,1.0029,1.0028,1.0028,5258.83,5273.578251,8,235.27,235.952283,201912
1.0028,1.0029,1.0027,1.0028,717.43,719.439366,5,623.08,624.82906,201912
1.0027,1.0027,1.0025,1.0026,30118.99,30197.29958,30,27674.08,27746.146077,201912
1.0024,1.0035,1.0022,1.0027,38250.81,38350.873201,37,24097.18,24163.645488,201912
1.0027,1.0033,1.0027,1.0028,9432.93,9459.128647,17,518.05,519.711279,201912
1.0028,1.0032,1.0028,1.0029,7414.98,7436.834303,17,1012.33,1015.569456,201912
1.0033,1.0033,1.0027,1.0031,10958.88,10991.210058,22,2944.98,2954.315222,201912
1.0027,1.003,1.0024,1.0024,3253.38,3262.321975,17,1465.66,1469.970413,201912
1.0029,1.0031,1.0024,1.003,7771.18,7793.965759,23,7027.19,7048.07143,201912
1.0027,1.0029,1.0025,1.0028,21781.69,21841.824059,14,19794.15,19849.315209,201912
1.0025,1.0027,1.0025,1.0026,2629.11,2636.019107,4,833.14,835.389478,201912
1.0025,1.003,1.0025,1.0028,12079.77,12112.893352,19,9079.24,9104.746806,201912
1.0032,1.0035,1.003,1.003,13805.46,13850.169699,24,6679.29,6701.764355,201912
1.003,1.0033,1.0028,1.0031,23566.15,23635.905457,33,8046.75,8072.283533,201912
1.0031,1.0031,1.0027,1.0029,24714.53,24788.654146,39,18539.91,18596.838493,201912
1.0028,1.0029,1.0027,1.0027,6822.93,6842.636362,14,6200.82,6218.802378,201912
1.0027,1.0029,1.0027,1.0029,5650.87,5666.773872,19,5092.58,5106.943861,201912
1.0029,1.0029,1.0026,1.0026,15075.26,15118.800304,16,14896.63,14939.693291,201912
1.0026,1.0032,1.0026,1.003,6454.75,6473.636708,16,6360.28,6378.90167,201912
1.003,1.0033,1.0028,1.0033,3013.42,3022.571602,13,1110.28,1113.726211,201912
1.0032,1.0033,1.0028,1.0033,1993.58,1999.908855,13,1876.47,1882.434063,201912
1.003,1.0032,1.0028,1.0028,4409.26,4422.56518,11,2443.84,2451.433924,201912
1.0028,1.0032,1.0028,1.0032,877.61,880.279401,13,600.69,602.584025,201912
1.0029,1.0031,1.0028,1.0028,10270.49,10299.482048,14,738.41,740.670167,201912
1.0028,1.0031,1.0026,1.0031,21913.85,21977.735183,37,15409.89,15456.085878,201912
1.003,1.0033,1.0028,1.0029,8233.25,8257.563639,17,2416.58,2424.0725,201912
1.0029,1.0031,1.0027,1.0027,7824.32,7846.185642,14,2966.31,2975.059012,201912
1.0028,1.003,1.0027,1.0029,2575.77,2583.056639,7,1982.48,1988.164756,201912
1.0029,1.0029,1.0027,1.0028,816.49,818.769948,8,705.33,707.309816,201912
1.0027,1.0027,1.0024,1.0024,2790.34,2797.499833,7,1316.51,1319.830901,201912
1.0026,1.0026,1.0024,1.0024,1287.59,1290.810221,4,268.17,268.867242,201912
1.0026,1.0026,1.0026,1.0026,358.4,359.33184,1,358.4,359.33184,201912
1.0024,1.0025,1.0015,1.0021,15273.65,15303.055465,20,163.43,163.838575,201912
1.0024,1.0025,1.0022,1.0022,4324.33,4334.900494,10,4294.33,4304.834494,201912
1.0022,1.0025,1.0022,1.0025,2872.64,2879.6726,10,2815.61,2822.512531,201912
1.0025,1.0027,1.0023,1.0023,2263.19,2268.825956,6,2205.23,2210.732648,201912
1.0026,1.0027,1.0023,1.0025,1687.41,1691.769893,9,1361.07,1364.638851,201912
1.0027,1.0027,1.0025,1.0025,1280.19,1283.511298,7,1280.19,1283.511298,201912
1.0024,1.0027,1.0024,1.0025,1711.18,1715.559585,6,1567.81,1571.845497,201912
1.0027,1.0027,1.0024,1.0026,2969.68,2977.421397,7,2218.83,2224.769357,201912
1.0026,1.0027,1.0024,1.0026,2906.77,2913.911694,11,906.77,909.111694,201912
1.0026,1.0026,1.0024,1.0024,682.13,683.80751,6,261.0,261.666798,201912
1.0025,1.0027,1.0023,1.0023,3535.43,3544.405649,13,1743.49,1748.177119,201912
1.0027,1.0031,1.0022,1.0031,18980.34,19030.442039,26,18540.19,18589.255177,201912
1.0025,1.0028,1.0023,1.0023,36260.08,36349.217134,73,3963.43,3974.392655,201912
1.0023,1.0026,1.0023,1.0023,3185.56,3193.543391,12,3126.4,3134.247323,201912
1.0027,1.0029,1.0023,1.0028,8020.37,8042.193162,22,7905.92,7927.454972,201912
1.0027,1.003,1.0025,1.0029,7873.36,7895.702608,14,7839.46,7861.716232,201912
1.0028,1.0029,1.0026,1.0026,220.04,220.655182,3,209.88,210.468766,201912
1.0029,1.003,1.0025,1.0026,5302.7,5317.182684,10,2210.28,2216.672846,201912
1.0029,1.0029,1.0029,1.0029,983.56,986.412324,3,983.56,986.412324,201912
1.0029,1.0029,1.0026,1.0026,3033.55,3041.879471,6,478.27,479.609156,201912
1.0029,1.003,1.0027,1.003,14933.39,14976.703749,15,14833.28,14876.323452,201912
1.0025,1.0031,1.0025,1.003,1729.25,1734.202544,9,1357.21,1361.14353,201912
1.0027,1.0033,1.0027,1.0033,3146.17,3156.313084,10,3047.79,3057.667458,201912
1.0029,1.0033,1.0028,1.0032,13262.37,13303.271046,20,7638.97,7663.488905,201912
1.003,1.0033,1.0029,1.0033,3656.37,3667.756164,15,2629.86,2638.269285,201912
1.0032,1.0034,1.0029,1.0032,2306.31,2313.737617,11,1969.92,1976.372086,201912
1.0033,1.0033,1.0028,1.0033,9829.78,9860.151938,14,5212.39,5229.37771,201912
1.0033,1.0033,1.0029,1.0032,4786.84,4800.834838,8,391.3,392.547772,201912
1.0029,1.0032,1.0029,1.0029,10939.13,10970.97831,14,106.1,106.43952,201912
1.003,1.003,1.0026,1.0029,2365.62,2372.287428,9,1224.39,1227.989921,201912
1.0026,1.0026,1.0021,1.0021,11993.41,12023.474214,21,4307.52,4318.6343,201912
1.0022,1.0024,1.0022,1.0024,1405.74,1408.964755,5,1036.22,1038.631811,201912
1.0023,1.0025,1.0021,1.0024,2061.49,2066.39776,7,1961.49,1966.18776,201912
1.0025,1.0025,1.0021,1.0024,2706.91,2713.020238,8,2095.64,2100.466571,201912
1.0023,1.0026,1.0023,1.0026,6642.15,6659.217559,8,6642.15,6659.217559,201912
1.0026,1.0026,1.0023,1.0026,6153.31,6169.1065,18,5971.48,5986.846673,201912
1.0024,1.0026,1.0023,1.0023,6850.67,6867.699931,20,4229.58,4240.526135,201912
1.0024,1.0028,1.0021,1.0024,8783.75,8805.347437,30,4958.77,4971.684647,201912
1.0025,1.003,1.0025,1.003,2861.38,2869.258176,16,2755.28,2762.892926,201912
1.003,1.003,1.0027,1.003,5480.82,5496.389915,14,2575.54,2583.19497,201912
1.0031,1.0031,1.0026,1.0029,7371.89,7391.870901,16,1454.89,1459.049086,201912
1.0029,1.003,1.0026,1.003,4015.5,4027.439167,13,3896.79,3908.420521,201912
1.003,1.0032,1.0027,1.0031,5916.87,5934.622575,20,4590.85,4604.922469,201912
1.0031,1.0034,1.0029,1.0032,3778.27,3790.020149,12,2832.7,2841.624107,201912
1.0032,1.0035,1.003,1.003,3765.66,3778.256079,10,2965.25,2975.420428,201912
1.003,1.0033,1.0028,1.0029,20613.93,20675.90127,38,5451.11,5468.758096,201912
1.0029,1.0029,1.0025,1.0028,7724.06,7745.794752,18,660.14,661.911412,201912
1.0026,1.0033,1.0026,1.0033,10897.27,10928.830842,16,9360.47,9388.030482,201912
1.0032,1.0032,1.0029,1.003,12567.61,12607.260556,28,10985.97,11021.023217,201912
1.0031,1.0039,1.0031,1.0036,28597.36,28697.809224,31,27754.61,27852.206424,201912
1.0038,1.0038,1.0035,1.0037,592.06,594.242814,3,492.08,493.912884,201912
1.0035,1.004,1.0034,1.0034,8647.92,8679.343986,26,2207.84,2216.225698,201912
1.0035,1.0035,1.0035,1.0035,5453.11,5472.195885,6,5453.11,5472.195885,201912
1.0034,1.0035,1.0029,1.0034,6010.41,6029.823306,30,3899.39,3912.306403,201912
1.003,1.0032,1.0029,1.0032,6084.01,6102.355638,23,1685.0,1690.307849,201912
1.0029,1.0034,1.0029,1.0034,10782.97,10816.412249,24,4093.48,4106.916548,201912
1.0034,1.0037,1.0033,1.0037,1761.31,1767.300908,9,1474.91,1479.946999,201912
1.0034,1.0036,1.0033,1.0035,4160.27,4174.213799,13,670.8,673.160038,201912
1.0034,1.0036,1.0034,1.0034,1927.55,1934.289209,5,1412.86,1417.849263,201912
1.0034,1.0036,1.003,1.0031,24505.67,24585.687357,17,4500.0,4515.505139,201912
1.0031,1.0033,1.0029,1.0033,43605.53,43740.1103,22,1783.97,1789.827671,201912
1.0029,1.0033,1.0029,1.0033,702.53,704.690689,4,308.38,309.397654,201912
1.003,1.0034,1.0029,1.0033,16497.38,16550.966603,17,13823.42,13868.990988,201912
1.0031,1.0033,1.003,1.0032,6528.02,6548.652967,10,6035.02,6054.173967,201912
1.0033,1.0035,1.003,1.0035,20621.05,20691.260261,21,20383.96,20453.458991,201912
1.0035,1.0035,1.0031,1.0035,5469.07,5487.117655,9,2861.77,2871.689487,201912
1.0032,1.0036,1.0032,1.0032,3304.62,3315.66488,5,2768.17,2777.49824,201912
1.0032,1.0035,1.0032,1.0033,1339.02,1343.520741,3,441.29,442.834515,201912
1.0032,1.0035,1.0032,1.0033,1864.79,1871.09057,3,892.71,895.834485,201912
1.0033,1.0035,1.0032,1.0035,5972.04,5991.335234,7,643.22,645.46301,201912
1.0032,1.0035,1.0032,1.0034,916.95,920.132051,3,729.49,732.043215,201912
1.0032,1.0036,1.0032,1.0032,1248.09,1252.210174,11,170.75,171.351695,201912
1.0032,1.0033,1.003,1.0032,13570.87,13612.994969,18,1394.36,1398.825006,201912
1.0033,1.0033,1.0031,1.0031,2905.79,2915.295343,8,2882.58,2892.013392,201912
1.0033,1.0034,1.0031,1.0031,4136.68,4150.162846,10,2695.69,2704.705777,201912
1.0032,1.0035,1.0032,1.0035,1121.65,1125.319863,4,1121.65,1125.319863,201912
1.0035,1.0035,1.0031,1.0033,8281.7,8309.038018,7,4275.84,4290.759852,201912
1.0031,1.0035,1.0031,1.0035,508.55,510.189857,4,158.38,158.93433,201912
1.0034,1.0034,1.0031,1.0031,1343.76,1347.940683,6,50.09,50.260306,201912
1.0034,1.0034,1.0032,1.0032,2888.42,2897.978382,5,2888.42,2897.978382,201912
1.0034,1.0034,1.0031,1.0031,155.65,156.137039,5,15.08,15.131272,201912
1.0031,1.0034,1.0031,1.0034,4770.77,4786.168845,6,1753.36,1759.321424,201912
1.0034,1.0034,1.0031,1.0031,5177.8,5195.191624,13,4417.96,4432.981064,201912
1.0031,1.0032,1.0031,1.0032,1647.58,1652.777111,9,232.49,233.233968,201912
1.0033,1.0033,1.0033,1.0033,1199.98,1203.939934,6,1199.98,1203.939934,201912
1.0033,1.0034,1.0033,1.0034,174.73,175.32408,3,174.73,175.32408,201912
1.0034,1.0034,1.0033,1.0033,786.07,788.667246,2,786.07,788.667246,201912
1.0033,1.0034,1.0032,1.0032,470.17,471.728124,3,470.17,471.728124,201912
1.0031,1.0033,1.0029,1.0033,900.93,903.620958,8,605.73,607.563942,201912
1.0033,1.0033,1.003,1.0033,401.82,403.136478,3,370.06,371.281198,201912
1.0033,1.0033,1.0033,1.0033,4937.21,4953.502793,7,4937.21,4953.502793,201912
1.0037,1.0038,1.0036,1.0038,1353.96,1359.00738,4,1353.96,1359.00738,201912
1.0037,1.0037,1.0034,1.0037,5567.07,5586.237606,6,798.56,801.514672,201912
1.0034,1.0034,1.003,1.0031,5139.27,5155.326105,10,0.0,0.0,201912
1.0031,1.0033,1.0029,1.0033,3784.73,3796.390904,18,63.6,63.80988,201912
1.0033,1.0033,1.0029,1.0033,5598.26,5614.753769,13,82.58,82.852514,201912
1.003,1.0034,1.003,1.003,2177.33,2184.464805,12,1432.98,1437.74675,201912
1.0032,1.0033,1.0031,1.0031,2202.18,2209.245703,10,1320.83,1325.111372,201912
1.0031,1.0033,1.0031,1.0031,110.31,110.656623,3,23.31,23.386923,201912
1.0031,1.0033,1.0031,1.0033,1357.85,1362.214269,7,579.67,581.582911,201912
1.0033,1.0034,1.003,1.0034,2221.61,2229.015366,11,2182.51,2189.796007,201912
1.0033,1.0033,1.003,1.003,881.28,884.127352,6,88.25,88.541225,201912
1.003,1.0034,1.003,1.0031,3619.24,3630.550942,13,2408.18,2415.733566,201912
1.003,1.0031,1.0029,1.003,16827.94,16876.931209,44,495.18,496.697835,201912
1.003,1.0032,1.003,1.0031,771.65,774.081621,8,461.5,462.9768,201912
1.0032,1.0032,1.0028,1.0028,3129.72,3138.770556,9,987.26,990.258322,201912
1.0029,1.003,1.0028,1.0028,7451.07,7472.177526,10,976.96,979.89088,201912
1.0032,1.0032,1.0029,1.0029,1055.88,1059.13626,6,647.36,649.431552,201912
1.003,1.003,1.0029,1.003,1191.91,1195.458152,5,12.12,12.15636,201912
1.003,1.0032,1.0028,1.0028,2056.36,2062.309302,7,440.32,441.673646,201912
1.0032,1.0032,1.0029,1.0032,1508.42,1513.15041,5,1186.64,1190.437248,201912
1.0031,1.0032,1.0028,1.0031,8282.72,8308.660355,17,5838.19,5856.872208,201912
1.0033,1.0033,1.003,1.0031,9075.55,9105.263053,13,8168.64,8195.566512,201912
1.0031,1.0031,1.0027,1.0028,101589.56,101865.749018,12,307.97,308.863113,201912
1.0029,1.003,1.0028,1.0029,1574.79,1579.335062,10,16.72,16.77016,201912
1.003,1.0031,1.0029,1.0031,1976.66,1982.552143,8,805.43,807.925576,201912
1.003,1.0031,1.0028,1.0031,984.34,987.302531,6,401.53,402.774743,201912
1.0029,1.0031,1.0029,1.0031,5274.95,5291.150271,6,3787.67,3799.411777,201912
1.0031,1.0031,1.003,1.003,1851.56,1857.226532,3,899.31,902.097861,201912
1.0031,1.0033,1.003,1.003,1296.39,1300.4369,4,207.16,207.843628,201912
1.0032,1.0032,1.0031,1.0032,395.94,397.192285,4,248.71,249.505872,201912
1.0032,1.0032,1.003,1.0032,940.38,943.304877,9,201.99,202.636368,201912
1.0032,1.0032,1.0029,1.003,1402.47,1406.681974,7,34.17,34.279344,201912
1.0029,1.0029,1.0028,1.0029,1440.82,1444.947043,7,676.5,678.46185,201912
1.0029,1.0032,1.0028,1.0029,2418.88,2426.179123,9,1506.25,1510.904969,201912
1.0032,1.0032,1.0028,1.0028,4160.33,4172.525257,8,714.82,717.053789,201912
1.003,1.003,1.0029,1.003,1007.31,1010.303792,5,725.93,728.10779,201912
1.0029,1.0031,1.0029,1.003,3364.32,3374.558892,4,2018.7,2024.956267,201912
1.0032,1.0032,1.003,1.003,2674.2,2682.731147,9,2430.71,2438.488272,201912
1.0032,1.0032,1.0031,1.0032,4053.88,4066.814994,9,3679.66,3691.434912,201912
1.0032,1.0035,1.0032,1.0035,3600.78,3612.838523,13,2410.21,2418.405709,201912
1.0031,1.0033,1.0031,1.0032,1077.49,1080.958729,5,0.0,0.0,201912
1.0031,1.0031,1.0031,1.0031,340.82,341.876542,1,0.0,0.0,201912
1.0033,1.0033,1.0032,1.0032,745.22,747.636595,3,318.91,319.962403,201912
1.0034,1.0034,1.0031,1.0032,630.9,632.922837,4,179.6,180.21064,201912
1.0032,1.0032,1.0028,1.0032,4130.43,4142.488972,14,159.97,160.481904,201912
1.0029,1.0032,1.0029,1.003,2017.12,2023.412232,6,1430.0,1434.576,201912
1.0031,1.0032,1.0029,1.0029,6352.26,6371.098554,6,1520.0,1524.825,201912
1.0029,1.0032,1.0028,1.0028,11325.37,11357.475314,35,1631.71,1636.613037,201912
1.0028,1.0031,1.0028,1.0029,10026.1,10056.701312,14,8162.04,8187.287044,201912
1.0028,1.0029,1.0028,1.0028,1258.2,1261.792911,7,0.0,0.0,201912
1.0029,1.0032,1.0028,1.0032,3679.83,3690.782072,11,2013.98,2020.224098,201912
1.0032,1.0032,1.0029,1.0029,308.27,309.17343,2,31.49,31.590768,201912
1.003,1.0032,1.003,1.0032,1789.9,1795.539842,7,1491.91,1496.655872,201912
1.003,1.0033,1.003,1.0033,12864.41,12905.217963,36,7300.27,7324.318289,201912
1.0033,1.0037,1.0033,1.0036,2792.7,2802.070834,11,2402.7,2410.666834,201912
1.0036,1.0038,1.003,1.003,84398.36,84682.783694,72,17409.29,17471.154455,201912
1.003,1.0033,1.003,1.0032,8583.52,8610.036539,7,3600.47,3612.037389,201912
1.0031,1.0034,1.003,1.003,7012.28,7034.742447,13,4413.58,4428.016477,201912
1.003,1.0033,1.003,1.0031,5283.45,5299.781376,4,3289.63,3299.979916,201912
1.0033,1.0033,1.0032,1.0033,18335.01,18395.462392,14,18335.01,18395.462392,201912
1.0037,1.0037,1.0034,1.0034,28001.73,28102.381439,8,28001.73,28102.381439,201912
1.0033,1.0034,1.0033,1.0033,3139.78,3150.219702,8,784.28,786.946552,201912
1.0033,1.0033,1.0032,1.0033,2053.92,2060.645972,4,0.0,0.0,201912
1.0034,1.0036,1.0033,1.0033,5057.39,5074.689479,9,1900.28,1906.992417,201912
1.0035,1.0038,1.0034,1.0038,4764.66,4781.972,7,3453.45,3466.197377,201912
1.0036,1.0036,1.0032,1.0034,13637.25,13682.560595,17,0.0,0.0,201912
1.0035,1.0035,1.0035,1.0035,1071.33,1075.079655,5,1071.33,1075.079655,201912
1.0035,1.0035,1.003,1.003,18029.8,18086.066403,11,323.36,324.423025,201912
1.0031,1.0032,1.0029,1.0032,4188.47,4201.181409,6,0.0,0.0,201912
1.0031,1.0032,1.003,1.0032,7265.41,7287.353783,7,90.53,90.819696,201912
1.0029,1.0032,1.0029,1.0032,5843.82,5861.824131,7,3981.84,3994.271152,201912
1.0032,1.0033,1.0029,1.0033,4692.78,4707.633372,8,3810.36,3822.575444,201912
1.0033,1.0037,1.0033,1.0033,5559.14,5578.889382,12,3900.0,3914.058037,201912
1.0033,1.0034,1.0032,1.0034,15552.56,15603.804285,10,2364.56,2372.599504,201912
1.0034,1.0034,1.0033,1.0033,1639.45,1644.911695,5,257.55,258.42567,201912
1.0035,1.0035,1.0033,1.0034,1833.39,1839.588348,3,1144.31,1148.234384,201912
1.0035,1.0036,1.003,1.0033,64637.23,64843.875869,23,3766.93,3779.846476,201912
1.003,1.0034,1.003,1.0033,4206.27,4219.79241,17,1341.53,1345.924362,201912
1.0033,1.0033,1.0032,1.0032,10506.18,10540.292286,13,4925.1,4941.35283,201912
1.0033,1.0034,1.0032,1.0032,13328.55,13371.990278,18,4204.96,4218.932271,201912
1.0031,1.0031,1.0031,1.0031,39.98,40.103938,2,0.0,0.0,201912
1.0032,1.0034,1.0031,1.0032,7086.02,7109.614912,11,4312.57,4327.193736,201912
1.0033,1.0033,1.0032,1.0032,3746.85,3759.110906,3,1671.99,1677.507567,201912
1.0031,1.0034,1.0031,1.0034,4261.88,4275.820867,7,1200.0,1204.08,201912
1.0034,1.0034,1.0034,1.0034,90.66,90.968244,2,0.0,0.0,201912
1.0034,1.0034,1.0034,1.0034,2069.87,2076.907558,6,0.0,0.0,201912
1.0035,1.0037,1.0034,1.0035,1298.17,1302.880884,7,1012.27,1015.984144,201912
1.0036,1.0038,1.0035,1.0035,509.75,511.565385,6,42.93,43.093134,201912
1.0037,1.0037,1.0033,1.0033,188657.31,189304.248906,26,2101.26,2109.019518,201912
1.0034,1.0035,1.0034,1.0034,1393.49,1398.34141,5,1135.44,1139.41404,201912
1.0037,1.0037,1.0034,1.0036,16820.89,16881.580963,16,2956.15,2966.951233,201912
1.0036,1.0037,1.0034,1.0036,16991.93,17053.072256,21,770.03,772.802108,201912
1.0036,1.0036,1.0034,1.0035,25921.34,26013.255687,11,2187.29,2195.147282,201912
1.0034,1.0036,1.0034,1.0034,9181.1,9213.59412,21,0.0,0.0,201912
1.0034,1.0036,1.0033,1.0034,3352.24,3363.833166,10,125.8,126.25288,201912
1.0033,1.0036,1.0033,1.0035,4533.91,4549.367915,11,1555.14,1560.604434,201912
1.0035,1.0035,1.0035,1.0035,268.32,269.25912,1,0.0,0.0,201912
1.0035,1.0035,1.0033,1.0034,3439.46,3451.034374,9,454.31,455.885003,201912
1.0036,1.0045,1.0036,1.0038,101264.16,101672.164993,53,91046.99,91414.360493,201912
1.0041,1.0041,1.0038,1.004,6958.4,6985.324445,13,1209.12,1214.05648,201912
1.0038,1.0039,1.0036,1.0037,4390.84,4407.274765,16,1051.35,1055.388898,201912
1.0036,1.0036,1.0034,1.0034,3466.35,3478.588618,23,1120.8,1124.83488,201912
1.0035,1.0036,1.0034,1.0036,1747.03,1753.192,6,684.2,686.66312,201912
1.0037,1.0038,1.0036,1.0038,1778.09,1784.606943,3,1146.06,1150.301635,201912
1.0037,1.0037,1.0034,1.0034,5693.46,5713.735665,21,0.0,0.0,201912
1.0035,1.0035,1.0034,1.0034,2398.0,2406.258392,19,0.0,0.0,201912
1.0034,1.0037,1.0033,1.0037,2788.83,2798.489605,12,1348.8,1353.56223,201912
1.0035,1.0036,1.0034,1.0034,7605.8,7631.991549,18,1016.15,1019.80814,201912
1.0034,1.0036,1.0031,1.0035,8572.98,8602.10558,25,6542.76,6565.198584,201912
1.0034,1.0035,1.0033,1.0035,1749.33,1755.395851,5,606.53,608.652855,201912
1.0034,1.0035,1.003,1.0033,41579.94,41712.197623,49,4683.41,4698.920566,201912
1.003,1.0034,1.003,1.0031,49207.51,49371.546446,27,44774.22,44924.576292,201912
1.0031,1.0031,1.003,1.003,319.48,320.467241,2,0.0,0.0,201912
1.0031,1.0032,1.0031,1.0032,1550.88,1555.718651,3,309.23,310.219536,201912
1.0032,1.0034,1.0032,1.0033,2789.68,2798.875933,5,1101.78,1105.481069,201912
1.0032,1.0034,1.0031,1.0032,1249.19,1253.190257,5,28.67,28.767478,201912
1.0032,1.0033,1.0031,1.0033,8325.73,8352.496402,15,3408.26,3419.46978,201912
1.0031,1.0034,1.0028,1.0032,35089.64,35197.9143,60,10598.29,10632.47645,201912
1.0033,1.0034,1.0031,1.0031,4524.59,4539.443381,12,707.76,710.108319,201912
1.0031,1.0033,1.0031,1.0033,3368.8,3379.319536,6,746.13,748.519259,201912
1.0032,1.0032,1.0032,1.0032,1506.36,1511.180352,4,0.0,0.0,201912
1.0032,1.0032,1.0029,1.0031,13474.6,13514.500775,10,24.1,24.17471,201912
1.0029,1.0031,1.0028,1.0028,1781.44,1786.859111,8,0.0,0.0,201912
1.0029,1.0032,1.0029,1.003,1972.7,1978.655766,7,495.99,497.577168,201912
1.0029,1.0031,1.0029,1.003,1035.79,1038.967478,4,0.0,0.0,201912
1.0031,1.0033,1.003,1.003,5538.93,5555.931703,20,1370.95,1375.364041,201912
1.003,1.0033,1.003,1.0031,830.21,832.740759,5,32.16,32.266128,201912
1.003,1.0031,1.003,1.003,914.02,916.783358,9,0.0,0.0,201912
1.0033,1.0033,1.003,1.003,1747.23,1752.793278,9,990.81,994.053092,201912
1.003,1.003,1.003,1.003,414.52,415.76356,3,0.0,0.0,201912
1.003,1.003,1.0028,1.003,2321.65,2328.511526,3,1804.53,1809.94359,201912
1.0029,1.003,1.0028,1.0028,1587.42,1592.007317,8,1097.46,1100.675429,201912
1.0028,1.003,1.0027,1.003,1756.63,1761.729435,6,1280.24,1284.04172,201912
1.003,1.003,1.0027,1.0028,3075.95,3084.731827,8,1682.75,1687.672752,201912
1.0029,1.003,1.0028,1.0029,1839.01,1844.37029,9,847.74,850.28322,201912
1.0029,1.003,1.0029,1.003,510.14,511.65081,2,314.04,314.98212,201912
1.0029,1.003,1.0029,1.003,838.84,841.309651,4,370.15,371.26045,201912
1.0028,1.0028,1.0027,1.0028,783.64,785.830148,3,0.0,0.0,201912
1.003,1.0031,1.0028,1.0028,1673.98,1679.115072,7,1413.21,1417.590838,201912
1.0031,1.0031,1.0028,1.003,2459.63,2466.930967,10,1218.69,1222.3882,201912
1.0028,1.003,1.0028,1.0029,1318.87,1322.725711,5,0.0,0.0,201912
1.0028,1.0029,1.0028,1.0029,334.32,335.263338,2,0.0,0.0,201912
1.0029,1.003,1.0028,1.0028,534.15,535.704753,4,176.79,177.32037,201912
1.0028,1.0031,1.0028,1.0031,1697.99,1702.83393,6,406.99,408.212669,201912
1.0029,1.003,1.0028,1.0029,1551.53,1556.105527,6,832.88,835.37864,201912
1.003,1.003,1.0028,1.003,1868.38,1873.92315,4,1319.33,1323.28799,201912
1.0028,1.003,1.0028,1.0029,1247.48,1251.123604,4,0.0,0.0,201912
1.0028,1.003,1.0028,1.003,917.08,919.768768,3,323.67,324.64101,201912
1.003,1.0031,1.0029,1.0029,1663.09,1668.143383,6,1433.84,1438.206904,201912
1.0029,1.003,1.0029,1.0029,1827.95,1833.263516,5,0.0,0.0,201912
1.0031,1.0031,1.0029,1.0029,1331.54,1335.620238,9,882.85,885.586835,201912
1.003,1.0031,1.0029,1.0029,9737.04,9765.46158,19,1043.32,1046.476292,201912
1.003,1.0031,1.0029,1.0029,3085.73,3094.750472,8,66.8,67.00708,201912
1.0031,1.0031,1.0029,1.0029,7005.04,7026.346008,12,4740.8,4755.49648,201912
1.0029,1.0031,1.0029,1.0029,6392.3,6411.154873,14,1521.31,1526.026061,201912
1.003,1.0031,1.0027,1.0029,2189.44,2195.812244,13,759.55,761.823502,201912
1.0029,1.0032,1.0028,1.0032,2934.71,2943.727523,8,1810.51,1816.272595,201912
1.003,1.0032,1.003,1.0032,244.61,245.35285,2,45.1,45.24432,201912
1.0033,1.0033,1.0031,1.0032,6742.36,6764.481746,40,5579.27,5597.681591,201912
1.0031,1.0033,1.0031,1.0033,1100.96,1104.490324,3,94.34,94.651322,201912
1.0034,1.0035,1.0032,1.0034,1816.86,1822.969714,7,874.28,877.253769,201912
1.0032,1.0032,1.0027,1.0027,34688.95,34791.701362,37,8227.23,8252.572742,201912
1.0027,1.0031,1.0027,1.0028,6364.89,6382.333178,8,424.42,425.735702,201912
1.0031,1.0031,1.0026,1.0029,7363.26,7383.579591,9,1734.31,1739.377142,201912
1.0025,1.0029,1.0025,1.0026,3663.6,3673.749477,11,2761.84,2769.659758,201912
1.0029,1.0029,1.0024,1.0024,18021.67,18068.251926,24,2162.76,2168.699482,201912
1.0027,1.0027,1.0022,1.0027,36875.32,36964.158866,54,11680.48,11711.482126,201912
1.0027,1.0027,1.0022,1.0022,3077.66,3085.454475,11,1821.16,1826.077132,201912
1.0027,1.0027,1.0024,1.0024,7184.44,7203.231847,6,6312.69,6329.389647,201912
1.0023,1.0025,1.0023,1.0024,17814.03,17856.837213,27,8663.21,8684.168026,201912
1.0025,1.0027,1.0023,1.0023,9732.7,9756.64516,21,3722.82,3732.463451,201912
1.0026,1.0027,1.0023,1.0023,11784.75,11813.979985,31,3167.46,3175.912247,201912
1.0026,1.0027,1.0024,1.0024,2967.02,2974.329024,5,314.29,315.108527,201912
1.0023,1.0027,1.0023,1.0027,6632.56,6650.247126,5,5899.99,5915.919973,201912
1.0023,1.0027,1.0023,1.0024,112833.76,113097.393895,54,8029.22,8050.898894,201912
1.0027,1.0027,1.0025,1.0027,20538.69,20593.979311,14,19712.93,19766.154911,201912
1.0027,1.0027,1.0024,1.0024,13239.66,13274.021519,14,7522.76,7542.8943,201912
1.0024,1.0027,1.0024,1.0025,16402.67,16444.2443,24,8585.92,8608.286648,201912
1.0027,1.0027,1.0024,1.0027,6792.44,6809.725782,15,3115.86,3123.97753,201912
1.0025,1.0027,1.0025,1.0026,9190.46,9213.761823,22,4240.74,4251.667523,201912
1.0024,1.0026,1.0024,1.0024,3209.39,3217.419452,8,730.09,731.988234,201912
1.0024,1.0026,1.0023,1.0024,3181.63,3189.676364,8,2219.65,2225.32106,201912
1.0024,1.0027,1.0023,1.0027,2414.76,2420.893066,8,1100.96,1103.782637,201912
1.0027,1.0027,1.0024,1.0024,5280.03,5293.658579,8,4224.13,4235.224419,201912
1.0025,1.0027,1.0025,1.0027,2262.18,2268.001448,7,1141.09,1144.108723,201912
1.0027,1.0027,1.0024,1.0025,6732.67,6750.657188,11,5987.92,6004.047492,201912
1.0027,1.0027,1.0024,1.0027,16692.51,16737.054983,17,14660.71,14700.215917,201912
1.0027,1.0027,1.0027,1.0027,361.27,362.245429,1,361.27,362.245429,201912
1.0026,1.0027,1.0024,1.0027,3541.01,3550.216086,6,2889.52,2897.16251,201912
1.0025,1.0028,1.0024,1.0026,4116.62,4127.213378,11,3844.02,3853.945755,201912
1.0027,1.0029,1.0027,1.0029,3946.0,3956.657592,4,3946.0,3956.657592,201912
1.0027,1.0029,1.0025,1.0029,2236.48,2242.424552,6,1598.12,1602.468652,201912
1.0024,1.0029,1.0024,1.0029,2748.27,2755.76225,8,2317.6,2324.017271,201912
1.0029,1.003,1.0026,1.0028,4505.54,4518.406118,16,1650.13,1654.886205,201912
1.0028,1.0031,1.0028,1.003,1210.24,1213.771867,9,369.18,370.289924,201912
1.0029,1.003,1.0028,1.003,453.03,454.340967,4,34.83,34.93449,201912
1.0029,1.0029,1.0029,1.0029,539.96,541.525884,3,249.23,249.952767,201912
1.0028,1.0029,1.0028,1.0028,3686.78,3697.209792,7,489.82,491.240478,201912
1.0028,1.003,1.0028,1.0029,711.1,713.196632,5,372.13,373.24639,201912
1.003,1.003,1.0028,1.0028,540.0,541.563368,5,388.01,389.147796,201912
1.0029,1.0029,1.0028,1.0029,3011.33,3020.009523,8,2057.22,2063.185938,201912
1.0029,1.0029,1.0029,1.0029,2495.16,2502.395964,16,2495.16,2502.395964,201912
1.0028,1.0028,1.0025,1.0028,1376.64,1380.489486,6,1359.61,1363.416908,201912
1.0026,1.0028,1.0025,1.0025,1364.57,1368.122669,7,330.2,331.12456,201912
1.0026,1.0028,1.0026,1.0026,4791.34,4804.537506,8,3294.24,3303.463872,201912
1.0027,1.0029,1.0026,1.0029,655.21,657.025261,3,252.63,253.362627,201912
1.0027,1.0029,1.0026,1.0029,719.29,721.305034,7,424.75,425.981775,201912
1.0028,1.0029,1.0025,1.0029,12136.33,12170.92716,17,9672.01,9699.987739,201912
1.0029,1.0029,1.0026,1.0029,5936.46,5953.601433,14,5614.95,5631.233355,201912
1.0029,1.0029,1.0026,1.0028,2134.36,2140.321157,6,1692.77,1697.583023,201912
1.0028,1.0028,1.0027,1.0027,1995.38,2000.867942,8,1004.16,1006.971648,201912
1.0028,1.0028,1.0026,1.0026,4518.08,4530.047923,8,2122.4,2128.064856,201912
1.0025,1.0029,1.0025,1.0027,10497.87,10524.791547,5,6655.11,6672.424647,201912
1.0026,1.0029,1.0025,1.0029,4057.62,4068.073784,14,906.41,908.921589,201912
1.0027,1.0029,1.0027,1.0029,11166.91,11199.259005,3,11166.91,11199.259005,201912
1.0029,1.003,1.0028,1.0029,3933.58,3944.942884,12,3933.58,3944.942884,201912
1.0029,1.0029,1.0027,1.0028,1151.5,1154.723435,5,923.82,926.428699,201912
1.0029,1.0029,1.0027,1.0028,483.72,485.084755,4,436.0,437.235911,201912
1.0029,1.0032,1.0029,1.0032,1852.86,1858.299151,5,1852.86,1858.299151,201912
1.0032,1.0032,1.0031,1.0031,733.47,735.745915,2,733.47,735.745915,201912
1.0029,1.0031,1.0028,1.0031,6097.49,6115.776435,12,743.06,745.330583,201912
1.003,1.0031,1.0028,1.0031,2404.22,2411.354474,10,2163.99,2170.45183,201912
1.0028,1.0032,1.0028,1.0032,3575.07,3585.427882,5,1014.76,1017.949014,201912
1.003,1.0033,1.003,1.0033,465.25,466.769433,4,438.03,439.467773,201912
1.0032,1.0033,1.003,1.0033,1322.57,1326.804866,5,1073.4,1076.887356,201912
1.0033,1.0033,1.003,1.0031,1658.52,1663.777464,6,887.84,890.710424,201912
1.0032,1.0032,1.003,1.0032,840.17,842.827531,7,555.52,557.297664,201912
1.0032,1.0033,1.0029,1.0029,6593.6,6613.505071,16,992.9,996.002611,201912
1.0031,1.0033,1.0029,1.0029,10822.25,10855.494925,42,5374.42,5391.837224,201912
1.0028,1.0032,1.0027,1.0029,22004.37,22070.48891,47,13066.61,13106.76702,201912
1.0032,1.0035,1.0028,1.003,32151.72,32252.032467,75,17775.4,17832.927442,201912
1.0033,1.0034,1.0028,1.0034,32448.35,32547.152338,67,10004.48,10036.358071,201912
1.0033,1.0037,1.003,1.0035,11460.21,11497.041777,40,7288.09,7311.966062,201912
1.0035,1.0039,1.0029,1.0039,48321.63,48494.227244,146,32798.69,32920.445598,201912
1.0038,1.0038,1.0032,1.0032,19127.8,19194.09034,42,13200.34,13246.760842,201912
1.0032,1.0039,1.0032,1.0035,6226.56,6247.902454,17,3811.27,3824.732257,201912
1.0035,1.0037,1.0034,1.0034,7439.75,7465.40284,25,1385.11,1390.069707,201912
1.0034,1.0035,1.0032,1.0035,6708.44,6730.66623,12,3664.65,3676.982278,201912
1.0032,1.0035,1.0032,1.0033,9308.38,9339.984121,15,9109.76,9140.723884,201912
1.0034,1.0039,1.0034,1.0039,10468.8,10507.001481,15,10468.8,10507.001481,201912
1.0037,1.0038,1.0035,1.0035,5016.41,5034.458449,16,1471.58,1477.10333,201912
1.0037,1.0039,1.0037,1.0039,3990.82,4006.05068,13,2063.29,2071.196066,201912
1.0038,1.0039,1.0038,1.0039,2633.01,2643.22975,14,2143.12,2151.478168,201912
1.0039,1.0039,1.0035,1.0036,1165.66,1170.136166,8,1141.8,1146.191411,201912
1.0036,1.0038,1.0035,1.0035,4555.98,4572.137105,7,761.26,764.09783,201912
1.0033,1.0037,1.0033,1.0034,5721.91,5741.974992,32,4532.45,4548.459385,201912
1.0034,1.0035,1.0034,1.0034,4930.14,4946.964635,13,621.59,623.765565,201912
1.0031,1.0034,1.0031,1.0031,1772.14,1777.873367,7,673.91,676.201294,201912
1.0031,1.0035,1.0031,1.0032,3355.08,3366.389278,11,2485.63,2494.238704,201912
1.0034,1.0035,1.0032,1.0033,2048.77,2055.484707,8,1007.19,1010.571651,201912
1.0033,1.0035,1.0033,1.0033,2409.62,2417.877058,12,1989.95,1996.822147,201912
1.0034,1.0035,1.0033,1.0034,1591.79,1597.159764,6,1156.47,1160.403208,201912
1.0033,1.0034,1.0033,1.0034,1533.12,1538.321126,6,1418.3,1423.12222,201912
1.0031,1.0035,1.0031,1.0035,3042.17,3052.679255,10,2992.96,3003.316704,201912
1.0031,1.0036,1.0031,1.0032,1588.04,1593.32538,8,883.55,886.649761,201912
1.0032,1.0034,1.0032,1.0034,592.78,594.783116,5,531.1,532.90574,201912
1.0035,1.0036,1.0031,1.0031,1502.08,1506.99211,14,781.4,784.02587,201912
1.0032,1.0035,1.0031,1.0031,1474.14,1479.119103,7,732.42,734.969757,201912
1.0031,1.0036,1.0031,1.0031,2792.54,2801.533226,9,1416.57,1421.297719,201912
1.0035,1.0036,1.0031,1.0031,330.43,331.544389,5,200.21,200.920707,201912
1.0032,1.0034,1.0031,1.0033,10266.86,10299.659112,19,3624.83,3637.002125,201912
1.0033,1.0034,1.0032,1.0034,499.17,500.82515,6,444.52,446.00027,201912
1.0031,1.0033,1.0031,1.0031,557.28,559.082736,5,387.93,389.207751,201912
1.0031,1.0033,1.003,1.0031,4462.93,4476.678979,13,2183.5,2190.352658,201912
1.0032,1.0035,1.0029,1.0031,12283.1,12322.325342,46,6829.36,6852.029147,201912
1.0034,1.0035,1.0031,1.0034,19670.38,19735.7519,32,14541.94,14591.371075,201912
1.0034,1.0038,1.0031,1.0038,7708.19,7735.154478,28,7113.35,7138.422752,201912
1.0036,1.0039,1.0034,1.0037,19452.91,19526.265074,38,16665.24,16728.888807,201912
1.0037,1.0039,1.0036,1.0039,3663.27,3677.184088,8,3414.77,3427.789488,201912
1.0035,1.0038,1.0035,1.0038,3322.69,3334.504312,28,1134.84,1138.996837,201912
1.0035,1.0039,1.0035,1.0038,6534.84,6559.980724,17,5838.01,5860.658007,201912
1.0037,1.0038,1.0037,1.0038,545.73,547.786292,3,370.91,372.319458,201912
1.0039,1.004,1.0038,1.0038,17692.8,17761.815639,11,17519.44,17587.796871,201912
1.0038,1.004,1.0037,1.0037,2543.83,2553.525769,7,2354.81,2363.791682,201912
1.0038,1.004,1.0038,1.004,4014.65,4030.264131,9,3953.06,3968.440089,201912
1.0037,1.004,1.0037,1.0039,6726.46,6752.566632,14,4399.32,4416.533269,201912
1.0038,1.0039,1.0035,1.0037,10510.94,10550.279483,17,3381.71,3394.676608,201912
1.0037,1.0038,1.0037,1.0038,2561.85,2571.47973,8,2177.29,2185.496858,201912
1.0038,1.0039,1.0036,1.0036,1990.69,1998.346521,3,1719.81,1726.491353,201912
1.0035,1.0039,1.0035,1.0038,5358.79,5379.133471,13,3348.96,3361.910315,201912
1.0036,1.0036,1.0036,1.0036,435.66,437.228376,1,0.0,0.0,201912
1.0036,1.0039,1.0036,1.0039,18675.15,18745.842123,26,11932.23,11978.621766,201912
1.0036,1.0039,1.0036,1.0037,9661.79,9699.048816,16,4743.85,4762.227175,201912
1.0037,1.0038,1.0036,1.0036,9664.45,9700.973828,14,9213.94,9248.841992,201912
1.0038,1.0041,1.0037,1.0041,7877.8,7908.730309,28,5916.16,5939.518857,201912
1.0041,1.0041,1.0039,1.0041,2708.23,2719.138817,8,2708.23,2719.138817,201912
1.0039,1.004,1.0037,1.0037,8685.28,8718.258748,12,2586.92,2597.07813,201912
1.004,1.004,1.0035,1.0037,52480.01,52673.977201,71,17799.89,17868.949895,201912
1.004,1.004,1.0035,1.0039,17496.19,17562.159779,26,10404.42,10444.791189,201912
1.0035,1.004,1.0035,1.004,23601.9,23690.364945,26,12660.56,12710.224797,201912
1.004,1.0041,1.004,1.0041,20752.98,20836.159587,15,20752.98,20836.159587,201912
1.0038,1.0042,1.0022,1.0039,82959.42,83190.273735,42,2187.42,2196.046938,201912
1.0036,1.0037,1.0033,1.0033,32455.73,32568.917452,38,3671.17,3684.217571,201912
1.0036,1.0038,1.0033,1.0037,11293.33,11333.573125,31,9750.62,9785.772182,201912
1.0033,1.0036,1.0033,1.0033,8305.92,8334.014886,12,2282.86,2290.97001,201912
1.0033,1.0034,1.0032,1.0034,10119.13,10152.234656,16,2294.82,2302.602638,201912
1.0035,1.0036,1.0033,1.0036,11353.06,11392.494081,20,11353.06,11392.494081,201912
1.0035,1.0036,1.0033,1.0033,14916.65,14969.823739,11,14131.0,14181.581094,201912
1.0036,1.0037,1.0032,1.0032,19990.34,20058.496265,34,8959.47,8991.38305,201912
1.0032,1.0034,1.003,1.0033,15980.43,16031.384082,17,5692.03,5710.869147,201912
1.0031,1.0033,1.0027,1.0032,7152.2,7174.180713,21,1898.9,1905.111051,201912
1.0027,1.0032,1.0026,1.0028,38197.8,38304.134817,51,10141.02,10172.017351,201912
1.0028,1.0033,1.0028,1.0033,22775.36,22847.637632,36,22301.37,22372.279064,201912
1.0031,1.0035,1.0029,1.003,29236.47,29330.720939,46,22152.96,22226.400845,201912
1.003,1.0034,1.003,1.0033,2544.64,2553.058635,8,2444.93,2453.049505,201912
1.0033,1.0034,1.0031,1.0031,2831.21,2840.732252,5,2797.51,2806.927782,201912
1.0032,1.0036,1.0032,1.0036,7106.66,7130.33773,8,6545.27,6567.151282,201912
1.0035,1.0035,1.0032,1.0033,2440.07,2448.213396,16,2060.38,2067.308388,201912
1.0032,1.0033,1.0032,1.0033,2642.23,2650.721956,6,368.2,369.41506,201912
1.0033,1.0033,1.0032,1.0032,774.39,776.870128,7,20.8,20.86864,201912
1.0032,1.0032,1.0032,1.0032,0.0,0.0,0,0.0,0.0,201912
1.0033,1.0034,1.0032,1.0032,1650.39,1655.863409,9,1546.3,1551.440321,201912
1.0032,1.0035,1.0032,1.0032,3522.72,3534.06989,12,549.46,551.295458,201912
1.0034,1.0037,1.0033,1.0037,4130.32,4144.557529,13,3987.3,4001.065563,201912
1.0035,1.0037,1.0035,1.0037,1402.94,1407.892434,4,343.0,344.242644,201912
1.0034,1.0037,1.0034,1.0036,736.09,738.692621,4,715.25,717.781765,201912
1.0036,1.0036,1.0035,1.0035,798.44,801.275385,3,798.44,801.275385,201912
1.0034,1.0037,1.0034,1.0037,3779.26,3793.040748,10,3118.84,3130.323402,201912
1.0036,1.004,1.0036,1.004,8993.07,9027.279509,14,8993.07,9027.279509,201912
1.0038,1.0042,1.0038,1.0042,1463.77,1469.892254,2,1399.82,1405.699244,201912
1.0038,1.0041,1.0036,1.0041,15367.58,15425.357929,20,2943.23,2955.297243,201912
1.0037,1.0037,1.0036,1.0037,7597.76,7625.452362,8,0.0,0.0,201912
1.0037,1.0039,1.0037,1.0039,1952.83,1960.398215,2,0.0,0.0,201912
1.0037,1.004,1.0037,1.0038,670.99,673.534229,5,560.12,562.25401,201912
1.004,1.004,1.0037,1.0037,1157.2,1161.556515,5,521.7,523.705165,201912
1.0037,1.0038,1.0034,1.0034,3051.25,3062.258127,12,415.54,417.119052,201912
1.0035,1.0035,1.0034,1.0034,948.77,952.026301,3,0.0,0.0,201912
1.0034,1.0038,1.0034,1.0037,850.1,853.198932,7,618.98,621.293124,201912
1.0035,1.0036,1.0033,1.0036,17406.81,17468.557417,30,15151.84,15205.745696,201912
1.0036,1.0036,1.0033,1.0035,4173.6,4188.569539,13,4029.59,4044.084306,201912
1.0035,1.0035,1.0035,1.0035,540.96,542.85336,1,540.96,542.85336,201912
1.0038,1.0038,1.0038,1.0038,400.4,401.92152,1,400.4,401.92152,201912
1.0034,1.0034,1.0033,1.0034,1725.07,1730.889575,9,68.45,68.68273,201912
1.0034,1.0035,1.0033,1.0035,487.1,488.744029,4,343.77,344.94104,201912
1.0033,1.0035,1.0033,1.0034,1161.02,1164.892614,13,388.94,390.26475,201912
1.0033,1.0034,1.0032,1.0034,6100.07,6120.421276,12,2754.11,2763.419608,201912
1.0034,1.0034,1.0031,1.0033,2163.43,2170.698703,5,2152.43,2159.664603,201912
1.0034,1.0035,1.0034,1.0034,5180.86,5198.830163,10,5180.86,5198.830163,201912
1.0032,1.0036,1.0032,1.0036,834.14,836.984651,7,493.41,495.164315,201912
1.0033,1.0037,1.0033,1.0037,2770.27,2779.888576,9,1403.67,1408.711465,201912
1.0038,1.0038,1.0034,1.0035,3745.88,3758.705593,11,573.36,575.399025,201912
