OPEN,HIGH,LOW,CLOSE,VOLUME,QUOTE_ASSET_VOLUME,NUMBER_OF_TRADES,TAKER_BUY_BASE_ASSET_VOLUME,TAKER_BUY_QUOTE_ASSET_VOLUME,YEAR_AND_MONTH
687.0,688.0,686.0,687.0,12.2777,8430.9326,23,5.9276,4072.8822,202304
687.0,690.0,687.0,690.0,19.2797,13255.9719,44,18.4686,12698.2963,202304
689.0,689.0,688.0,689.0,25.3904,17492.6507,38,2.455,1691.495,202304
688.0,689.0,688.0,689.0,4.5124,3108.8668,6,3.8915,2681.2435,202304
690.0,691.0,688.0,689.0,19.3572,13352.5084,49,6.803,4693.9874,202304
689.0,691.0,689.0,690.0,34.0176,23473.198,38,14.2413,9829.3066,202304
690.0,694.0,690.0,692.0,57.6767,39902.2643,122,25.53,17656.3744,202304
692.0,692.0,690.0,691.0,43.0167,29729.0038,97,15.4769,10697.5429,202304
690.0,690.0,686.0,686.0,165.3682,113602.3994,248,25.1076,17260.3292,202304
686.0,687.0,685.0,687.0,20.1483,13818.5133,35,8.0929,5551.7949,202304
686.0,688.0,686.0,688.0,89.9582,61767.3136,119,28.5882,19637.3245,202304
688.0,689.0,688.0,689.0,9.5821,6598.0669,15,5.5821,3846.0669,202304
689.0,690.0,689.0,689.0,45.865,31612.2301,79,33.654,23198.8511,202304
688.0,689.0,687.0,688.0,14.883,10237.1851,24,2.6922,1852.4179,202304
687.0,689.0,687.0,689.0,32.2069,22170.6769,77,20.6863,14242.2695,202304
689.0,693.0,689.0,692.0,40.3696,27883.5006,109,24.8717,17192.3434,202304
692.0,692.0,690.0,690.0,39.545,27324.6619,62,10.8544,7503.395,202304
690.0,690.0,690.0,690.0,24.8369,17137.461,40,18.1483,12522.327,202304
690.0,691.0,690.0,691.0,40.806,28161.5463,74,23.826,16445.3463,202304
691.0,692.0,690.0,692.0,19.9122,13760.2979,31,7.969,5509.5038,202304
691.0,692.0,691.0,692.0,21.8988,15153.8401,38,3.7997,2629.3924,202304
692.0,692.0,691.0,691.0,16.5702,11451.5299,36,7.4856,5174.0713,202304
691.0,692.0,691.0,692.0,18.035,12462.2697,16,0.0847,58.6124,202304
692.0,692.0,691.0,692.0,2.1306,1472.3341,9,0.0895,61.934,202304
691.0,695.0,691.0,694.0,225.1462,156089.3363,400,154.4336,107066.3388,202304
694.0,695.0,692.0,693.0,48.1494,33397.2781,119,2.5536,1770.4724,202304
692.0,693.0,691.0,692.0,38.1156,26372.1691,75,16.1752,11194.9248,202304
692.0,692.0,689.0,689.0,44.076,30448.5849,104,12.6332,8737.2268,202304
690.0,691.0,689.0,691.0,50.2434,34652.2317,74,20.7437,14314.7589,202304
691.0,691.0,689.0,690.0,13.151,9073.6547,39,2.2384,1546.2009,202304
690.0,692.0,689.0,689.0,38.4578,26549.8447,83,17.6107,12153.4554,202304
688.0,689.0,688.0,688.0,26.4428,18192.6987,60,11.3505,7809.1963,202304
687.0,688.0,687.0,688.0,24.2969,16698.1239,46,14.9907,10304.279,202304
689.0,689.0,688.0,688.0,10.9802,7565.2619,25,2.9423,2027.2447,202304
688.0,690.0,688.0,690.0,117.1402,80731.5214,101,114.7118,79059.6286,202304
689.0,691.0,689.0,691.0,13.8929,9594.4492,40,13.689,9453.7946,202304
691.0,692.0,691.0,691.0,15.3266,10591.1187,34,2.1525,1487.8156,202304
690.0,691.0,690.0,690.0,14.4169,9947.6842,24,1.2744,879.3592,202304
690.0,690.0,689.0,689.0,7.1976,4965.129,22,5.9826,4127.994,202304
689.0,690.0,689.0,690.0,22.4855,15492.5725,35,11.0034,7581.4056,202304
690.0,690.0,689.0,689.0,14.7739,10188.7864,42,5.5206,3809.214,202304
689.0,690.0,689.0,690.0,0.3283,226.5123,4,0.3136,216.384,202304
690.0,691.0,690.0,691.0,7.0297,4855.5681,18,3.8126,2632.552,202304
691.0,692.0,690.0,690.0,26.8232,18538.424,52,15.8204,10938.7289,202304
690.0,690.0,690.0,690.0,16.1176,11121.144,12,7.9413,5479.497,202304
691.0,692.0,690.0,690.0,19.189,13251.4877,40,7.9991,5525.0933,202304
690.0,690.0,690.0,690.0,0.3054,210.726,4,0.3054,210.726,202304
689.0,690.0,689.0,689.0,18.743,12914.3517,33,1.8224,1256.0583,202304
689.0,691.0,689.0,691.0,14.2068,9797.3092,38,13.822,9532.182,202304
690.0,691.0,690.0,691.0,13.7787,9507.3328,14,0.0298,20.5918,202304
690.0,691.0,690.0,691.0,11.9912,8285.8825,28,3.0411,2101.4001,202304
691.0,691.0,690.0,690.0,16.2112,11197.2589,46,5.8042,4010.3495,202304
690.0,690.0,690.0,690.0,0.394,271.86,5,0.394,271.86,202304
690.0,691.0,689.0,690.0,16.7992,11591.4337,41,11.8238,8158.4367,202304
690.0,691.0,690.0,691.0,18.4513,12732.209,21,3.5508,2450.864,202304
690.0,692.0,690.0,691.0,14.2149,9823.1,52,5.6546,3907.9905,202304
691.0,692.0,691.0,691.0,7.1138,4915.6532,24,5.0894,3516.7928,202304
692.0,697.0,691.0,693.0,803.2971,557846.5466,848,428.0296,297621.5373,202304
693.0,695.0,693.0,693.0,38.5503,26744.0111,96,8.6834,6022.2972,202304
693.0,694.0,693.0,694.0,7.9609,5522.9661,28,6.0624,4207.3056,202304
693.0,695.0,693.0,694.0,44.3894,30809.9828,71,29.9474,20787.7281,202304
694.0,694.0,692.0,692.0,22.2116,15391.0547,47,5.7935,4013.9991,202304
692.0,693.0,691.0,692.0,13.5106,9351.7998,20,10.9882,7606.3279,202304
692.0,692.0,691.0,691.0,25.7908,17827.6019,54,6.2775,4337.8809,202304
691.0,692.0,689.0,690.0,15.9532,11010.0642,58,2.1723,1498.9783,202304
690.0,690.0,688.0,690.0,28.9658,19963.9213,65,10.2577,7075.8382,202304
689.0,692.0,689.0,692.0,26.0676,17998.9826,54,25.6054,17679.6893,202304
692.0,692.0,691.0,692.0,23.5845,16319.451,42,12.9761,8979.4612,202304
693.0,693.0,691.0,691.0,10.9824,7597.804,17,2.5985,1798.1908,202304
691.0,691.0,691.0,691.0,18.1269,12525.6879,26,11.6464,8047.6624,202304
691.0,693.0,691.0,692.0,17.2301,11928.0067,26,16.4988,11422.4281,202304
692.0,693.0,691.0,692.0,9.4873,6565.2075,28,0.532,368.1729,202304
692.0,693.0,691.0,692.0,5.8509,4049.0745,13,5.5048,3809.6096,202304
692.0,692.0,692.0,692.0,1.0568,731.3056,4,0.0,0.0,202304
693.0,693.0,692.0,693.0,3.046,2110.8491,4,3.0171,2090.8503,202304
692.0,692.0,689.0,689.0,36.2631,25040.9101,81,15.0466,10377.2424,202304
690.0,690.0,685.0,688.0,114.4571,78580.3719,217,40.936,28122.5377,202304
688.0,689.0,686.0,686.0,37.3008,25622.5762,89,13.5425,9305.8079,202304
685.0,686.0,683.0,686.0,88.4474,60543.5311,199,43.1707,29554.0057,202304
686.0,687.0,686.0,686.0,41.9916,28806.5296,71,19.3216,13254.9096,202304
686.0,688.0,686.0,688.0,17.3077,11894.2454,51,15.6551,10760.5618,202304
689.0,690.0,689.0,689.0,4.2424,2923.0282,27,1.5347,1057.4229,202304
690.0,692.0,690.0,691.0,57.7113,39869.6586,103,17.1306,11830.2848,202304
691.0,692.0,691.0,691.0,16.4979,11401.1209,48,8.9665,6196.9235,202304
691.0,691.0,689.0,689.0,25.1338,17337.7066,56,12.5033,8627.2987,202304
689.0,690.0,689.0,689.0,29.0785,20043.7708,45,13.3751,9224.1282,202304
689.0,689.0,686.0,687.0,24.3994,16786.0396,60,1.8392,1265.2756,202304
687.0,687.0,685.0,685.0,46.5611,31913.8978,77,26.4364,18124.8824,202304
686.0,687.0,685.0,687.0,25.9213,17785.0628,31,25.7189,17646.3178,202304
686.0,687.0,685.0,687.0,21.4292,14700.5606,41,16.4811,11306.1931,202304
686.0,688.0,686.0,687.0,22.1336,15205.7832,53,20.8718,14338.9557,202304
687.0,688.0,687.0,688.0,42.8157,29417.5631,59,16.3408,11229.3068,202304
688.0,688.0,687.0,687.0,21.2433,14613.8372,30,12.9032,8877.4016,202304
687.0,688.0,686.0,688.0,66.4943,45679.2422,83,28.0378,19265.7356,202304
688.0,688.0,687.0,688.0,2.1008,1445.2932,5,2.0436,1405.9968,202304
687.0,687.0,684.0,685.0,252.4447,173011.3266,196,17.8697,12244.7953,202304
685.0,685.0,684.0,685.0,5.6111,3843.5743,16,1.1054,757.199,202304
684.0,686.0,684.0,684.0,23.2558,15932.4143,53,15.3717,10532.882,202304
685.0,686.0,684.0,685.0,90.3985,61856.2807,126,35.8334,24524.8593,202304
685.0,685.0,683.0,683.0,31.6626,21639.3302,79,4.8383,3304.8691,202304
683.0,684.0,682.0,683.0,32.4636,22171.7971,64,14.4431,9866.7175,202304
683.0,686.0,681.0,686.0,72.9984,49890.6909,144,66.4993,45456.929,202304
686.0,687.0,684.0,685.0,140.8122,96549.4369,190,62.9034,43137.7978,202304
685.0,687.0,685.0,686.0,10.5139,7211.5746,31,8.3042,5696.12,202304
686.0,686.0,685.0,686.0,36.033,24713.3234,65,0.2572,176.4392,202304
686.0,686.0,684.0,684.0,34.5805,23679.3572,87,2.3924,1639.9619,202304
684.0,685.0,683.0,684.0,10.8614,7425.4811,31,4.6821,3202.5856,202304
683.0,684.0,682.0,684.0,21.1195,14420.8985,31,16.8289,11494.1693,202304
683.0,685.0,683.0,685.0,21.4226,14654.4108,45,16.2807,11138.9588,202304
685.0,687.0,685.0,685.0,45.2885,31039.3719,83,31.9059,21865.4896,202304
685.0,686.0,685.0,685.0,10.0781,6903.5577,29,4.4187,3026.8687,202304
685.0,686.0,685.0,686.0,3.1799,2181.1744,19,2.4966,1712.6676,202304
686.0,687.0,685.0,686.0,33.8726,23233.6081,47,16.0084,10981.7929,202304
686.0,687.0,686.0,687.0,18.7138,12851.9627,34,17.3751,11933.5763,202304
687.0,687.0,686.0,687.0,7.24,4973.6865,15,2.5738,1768.2006,202304
687.0,688.0,687.0,688.0,6.5848,4524.0712,14,5.6356,3871.9708,202304
688.0,688.0,686.0,687.0,38.7812,26642.5839,49,7.1877,4939.8785,202304
688.0,688.0,686.0,687.0,11.2438,7725.1791,21,2.7387,1882.2045,202304
687.0,687.0,686.0,687.0,26.1886,17979.6002,38,6.7653,4647.7611,202304
687.0,688.0,687.0,687.0,70.9368,48786.5597,79,69.8767,48058.271,202304
687.0,688.0,686.0,686.0,20.7998,14289.576,41,6.0894,4184.259,202304
686.0,687.0,686.0,686.0,7.5954,5210.4736,28,0.0292,20.0604,202304
686.0,686.0,683.0,684.0,45.0428,30813.6204,74,9.9964,6842.1888,202304
685.0,686.0,684.0,685.0,15.8433,10852.6605,25,10.6706,7309.3902,202304
685.0,686.0,684.0,686.0,39.3887,26981.5681,75,29.2707,20050.7629,202304
685.0,686.0,684.0,686.0,15.2301,10435.9844,28,6.3629,4363.2835,202304
686.0,687.0,685.0,687.0,22.9199,15725.9736,51,21.2521,14581.8919,202304
687.0,687.0,686.0,686.0,1.6477,1130.4012,6,0.079,54.273,202304
687.0,688.0,687.0,688.0,19.5403,13434.6503,55,17.5851,12090.0,202304
688.0,689.0,687.0,689.0,31.737,21844.8001,39,12.7908,8811.3145,202304
689.0,691.0,689.0,691.0,35.23,24303.178,72,26.8052,18491.5009,202304
691.0,693.0,690.0,691.0,69.7156,48205.9343,172,32.6513,22580.7758,202304
691.0,692.0,690.0,691.0,50.5535,34935.5729,87,17.9592,12413.5805,202304
690.0,691.0,689.0,689.0,28.1847,19440.9716,53,11.0398,7617.491,202304
690.0,690.0,689.0,690.0,4.8638,3351.3766,16,0.2184,150.696,202304
690.0,691.0,690.0,690.0,62.3267,43041.7064,60,61.1184,42207.9794,202304
691.0,691.0,690.0,691.0,15.2262,10520.9671,23,14.6433,10118.5203,202304
692.0,693.0,691.0,692.0,40.5881,28095.3972,44,29.2791,20269.6133,202304
692.0,693.0,692.0,692.0,13.5072,9347.0015,14,3.7271,2579.1723,202304
692.0,692.0,691.0,691.0,23.7622,16424.2105,37,10.9119,7540.1229,202304
691.0,692.0,691.0,691.0,9.6521,6669.7093,18,1.6539,1142.9531,202304
690.0,692.0,690.0,690.0,20.4604,14131.2782,62,12.804,8846.9096,202304
690.0,690.0,688.0,689.0,33.1197,22821.9448,89,17.5612,12101.7911,202304
689.0,689.0,688.0,689.0,19.5332,13450.1663,39,3.2493,2238.7677,202304
690.0,690.0,689.0,689.0,4.6561,3208.0748,9,0.0219,15.111,202304
689.0,690.0,688.0,689.0,27.623,19022.3137,80,20.6333,14207.7257,202304
689.0,691.0,689.0,690.0,34.9348,24099.1028,56,18.3795,12681.8672,202304
690.0,690.0,690.0,690.0,0.7665,528.885,2,0.0,0.0,202304
690.0,691.0,689.0,691.0,19.833,13684.0428,25,16.0662,11087.7865,202304
691.0,693.0,691.0,693.0,20.5101,14186.6294,45,13.5369,9367.9866,202304
693.0,693.0,691.0,692.0,26.7674,18521.509,34,9.4702,6553.3934,202304
691.0,691.0,691.0,691.0,0.9164,633.2324,3,0.0,0.0,202304
691.0,693.0,691.0,692.0,41.8911,28990.0985,80,36.4554,25233.588,202304
692.0,692.0,690.0,690.0,35.945,24835.5969,60,0.0289,19.9988,202304
690.0,692.0,690.0,692.0,61.9009,42774.2741,71,11.7617,8128.1158,202304
691.0,692.0,690.0,691.0,27.1831,18786.9333,56,19.542,13507.7648,202304
692.0,692.0,689.0,689.0,19.6975,13598.5825,34,3.7699,2604.0056,202304
689.0,691.0,689.0,691.0,7.1748,4949.4684,27,5.9832,4128.456,202304
690.0,691.0,689.0,690.0,78.7639,54353.2471,72,25.7302,17760.0231,202304
690.0,691.0,690.0,690.0,10.0963,6966.7713,32,4.7206,3257.5383,202304
689.0,690.0,688.0,689.0,44.0434,30338.1315,84,13.9123,9586.2301,202304
690.0,690.0,690.0,690.0,5.6334,3887.046,17,5.5426,3824.394,202304
690.0,690.0,689.0,690.0,15.4127,10625.5401,43,0.3805,262.545,202304
689.0,689.0,687.0,687.0,71.6414,49285.4992,127,35.5644,24470.2116,202304
686.0,688.0,686.0,688.0,17.9747,12348.8125,57,10.8599,7467.9323,202304
687.0,688.0,687.0,688.0,5.4915,3777.2406,15,4.5801,3151.1088,202304
687.0,688.0,687.0,687.0,13.3638,9180.9888,32,0.0582,40.0416,202304
686.0,688.0,686.0,688.0,23.5422,16186.2555,38,21.6073,14855.1025,202304
688.0,688.0,686.0,687.0,16.8358,11571.8194,37,1.6323,1121.4975,202304
687.0,687.0,686.0,686.0,7.9332,5442.2484,30,0.2298,157.716,202304
685.0,686.0,685.0,686.0,61.2092,41930.7297,85,2.4277,1665.4022,202304
685.0,686.0,684.0,685.0,63.0074,43159.6948,103,40.0953,27465.4063,202304
684.0,686.0,684.0,685.0,80.7335,55275.5567,161,38.53,26383.967,202304
685.0,686.0,685.0,686.0,23.4189,16063.7722,52,18.9989,13033.2454,202304
686.0,687.0,685.0,687.0,22.1024,15167.278,49,14.5981,10019.727,202304
686.0,688.0,685.0,686.0,50.9354,34973.2854,71,29.8186,20473.2853,202304
686.0,687.0,685.0,686.0,80.6171,55295.2578,145,33.6349,23067.7659,202304
687.0,687.0,686.0,686.0,59.0479,40556.6508,84,35.7172,24533.3106,202304
686.0,687.0,686.0,687.0,30.0806,20656.5056,55,12.6054,8658.5297,202304
687.0,687.0,685.0,686.0,41.9808,28806.1096,68,15.0509,10326.3254,202304
686.0,687.0,686.0,687.0,39.7531,27287.6309,60,19.0411,13074.3258,202304
687.0,688.0,686.0,688.0,22.2064,15255.9756,58,10.244,7039.6008,202304
688.0,688.0,687.0,687.0,9.1475,6288.4467,36,2.6603,1828.6261,202304
687.0,688.0,687.0,687.0,27.4472,18859.3178,34,17.4698,12004.844,202304
687.0,689.0,687.0,689.0,21.6007,14871.5533,41,21.5475,14835.0049,202304
689.0,689.0,688.0,688.0,1.5133,1041.5858,9,0.4354,299.9906,202304
688.0,688.0,688.0,688.0,9.6788,6659.0144,17,0.0,0.0,202304
688.0,688.0,686.0,686.0,17.1287,11767.4183,41,6.0017,4123.1838,202304
687.0,687.0,685.0,685.0,9.9845,6847.8081,38,2.2451,1540.1531,202304
686.0,687.0,686.0,686.0,5.6557,3879.9033,9,5.4357,3728.9833,202304
687.0,687.0,686.0,686.0,11.1661,7660.1589,14,0.2143,147.2241,202304
686.0,689.0,686.0,689.0,32.0563,22044.4881,79,25.8707,17795.7878,202304
688.0,689.0,686.0,687.0,13.5009,9278.9734,43,4.012,2756.9874,202304
687.0,688.0,686.0,688.0,45.4763,31247.1872,84,8.877,6103.7596,202304
688.0,690.0,688.0,689.0,48.9806,33750.4405,72,36.7088,25306.4875,202304
689.0,689.0,688.0,688.0,39.4948,27211.3098,41,14.2775,9837.1975,202304
688.0,688.0,688.0,688.0,14.4731,9957.4928,39,2.0634,1419.6192,202304
688.0,689.0,688.0,689.0,2.4634,1694.8854,10,2.4634,1694.8854,202304
689.0,690.0,689.0,690.0,61.4332,42366.8524,99,45.0742,31086.2399,202304
690.0,692.0,690.0,691.0,112.8571,77968.7875,143,106.1968,73371.509,202304
691.0,691.0,688.0,688.0,24.7935,17098.4538,79,2.7106,1867.67,202304
688.0,689.0,686.0,686.0,20.5406,14120.1019,88,3.2652,2243.3674,202304
686.0,687.0,684.0,685.0,83.4277,57167.6681,181,23.9592,16421.6678,202304
685.0,686.0,683.0,685.0,38.61,26439.5794,89,13.676,9366.6699,202304
684.0,688.0,684.0,687.0,62.1832,42632.1704,126,47.4259,32520.6381,202304
687.0,688.0,687.0,688.0,10.0418,6898.7665,25,1.8764,1289.1367,202304
687.0,688.0,686.0,688.0,16.8341,11568.3379,32,15.2597,10486.8278,202304
687.0,687.0,686.0,686.0,8.0515,5531.237,22,0.0661,45.4107,202304
686.0,687.0,685.0,686.0,31.4182,21549.8154,54,8.3147,5703.9516,202304
686.0,687.0,685.0,686.0,23.0385,15802.2801,39,12.0064,8236.5514,202304
686.0,687.0,685.0,685.0,14.7173,10095.6422,33,5.5454,3804.4364,202304
686.0,686.0,686.0,686.0,0.2106,144.4716,3,0.2106,144.4716,202304
685.0,688.0,685.0,688.0,16.6884,11456.664,55,15.9562,10954.9545,202304
688.0,688.0,686.0,686.0,15.17,10419.5733,35,0.0545,37.4778,202304
686.0,686.0,685.0,686.0,17.4503,11969.2579,27,9.3378,6405.7308,202304
686.0,686.0,686.0,686.0,0.0,0.0,0,0.0,0.0,202304
686.0,687.0,685.0,686.0,36.8894,25305.1502,65,12.7183,8724.7756,202304
686.0,689.0,686.0,689.0,108.806,74855.9122,128,102.3678,70426.8107,202304
688.0,689.0,687.0,689.0,162.3839,111804.145,142,122.769,84546.791,202304
689.0,691.0,688.0,691.0,152.7181,105415.3849,190,134.4599,92836.752,202304
691.0,695.0,690.0,690.0,236.6469,163937.1599,338,126.6245,87759.7828,202304
691.0,695.0,691.0,695.0,147.6123,102444.6322,222,125.7437,87290.1613,202304
695.0,697.0,693.0,694.0,222.4523,154690.0018,361,120.9364,84120.6271,202304
695.0,696.0,692.0,692.0,73.9525,51339.6193,126,36.9108,25639.1784,202304
692.0,693.0,692.0,692.0,29.6852,20544.7944,56,18.1396,12555.2392,202304
693.0,693.0,691.0,692.0,36.3292,25139.0235,81,19.4661,13473.301,202304
693.0,694.0,692.0,693.0,24.1365,16724.7527,56,14.2929,9905.1379,202304
693.0,693.0,691.0,691.0,19.4337,13447.7047,20,0.251,173.7263,202304
692.0,692.0,691.0,691.0,37.8609,26187.4594,56,24.4559,16920.3353,202304
691.0,691.0,691.0,691.0,12.2461,8462.0551,15,0.8725,602.8975,202304
691.0,691.0,690.0,690.0,18.7333,12926.6674,44,7.1297,4920.1834,202304
690.0,690.0,689.0,689.0,18.1601,12519.9752,40,5.1908,3577.4917,202304
690.0,690.0,688.0,689.0,19.3884,13353.6754,50,9.0272,6219.7953,202304
690.0,690.0,689.0,690.0,1.6014,1103.9468,14,0.5822,401.718,202304
690.0,691.0,690.0,690.0,22.2213,15342.9718,38,22.1867,15319.0978,202304
691.0,691.0,690.0,690.0,15.2931,10552.3656,32,9.5614,6597.4926,202304
690.0,691.0,690.0,690.0,12.7336,8788.8812,29,4.804,3317.4572,202304
689.0,690.0,689.0,689.0,23.9531,16503.7162,40,6.9945,4819.2408,202304
690.0,690.0,690.0,690.0,9.1299,6299.631,18,6.5106,4492.314,202304
690.0,690.0,690.0,690.0,17.1382,11825.358,17,9.8341,6785.529,202304
690.0,693.0,690.0,692.0,14.4765,10011.7276,43,9.6387,6663.97,202304
692.0,693.0,691.0,692.0,24.0436,16636.9373,33,8.0479,5569.8665,202304
692.0,692.0,692.0,692.0,7.6337,5282.5204,12,2.5355,1754.566,202304
691.0,693.0,691.0,693.0,29.721,20586.8989,56,18.9191,13105.724,202304
694.0,695.0,693.0,694.0,33.5874,23310.3282,66,8.5036,5902.7454,202304
693.0,694.0,693.0,694.0,4.7989,3330.419,11,4.7813,3318.2222,202304
694.0,694.0,692.0,694.0,33.6891,23361.7183,62,6.1194,4243.5732,202304
694.0,696.0,693.0,694.0,55.0583,38232.7282,106,30.2508,21011.852,202304
693.0,694.0,693.0,694.0,9.6182,6666.49,24,8.9781,6222.9007,202304
693.0,693.0,693.0,693.0,4.4843,3107.6199,5,0.0,0.0,202304
693.0,693.0,692.0,693.0,20.9564,14512.5607,22,7.9728,5519.431,202304
693.0,693.0,692.0,692.0,26.2795,18189.8821,17,5.9816,4143.7353,202304
692.0,693.0,692.0,693.0,7.1592,4954.215,24,3.4833,2410.4922,202304
693.0,694.0,693.0,694.0,13.1063,9094.2236,40,7.398,5132.9129,202304
694.0,694.0,692.0,692.0,20.2146,14015.3461,35,1.6584,1149.2712,202304
693.0,694.0,693.0,693.0,10.1521,7035.7609,9,9.1558,6345.325,202304
693.0,693.0,693.0,693.0,1.5483,1072.9719,4,0.0,0.0,202304
694.0,694.0,693.0,693.0,1.2781,885.8185,7,0.0952,66.0688,202304
694.0,694.0,692.0,692.0,27.006,18689.7485,43,4.3133,2985.3332,202304
692.0,692.0,691.0,691.0,19.8481,13719.1251,26,0.564,390.288,202304
691.0,692.0,691.0,692.0,20.6568,14292.9541,32,19.1053,13220.8676,202304
691.0,693.0,691.0,692.0,17.7776,12301.9046,19,17.066,11809.7342,202304
692.0,693.0,692.0,692.0,6.162,4264.1285,30,0.0245,16.9785,202304
693.0,693.0,692.0,692.0,0.7327,507.0471,5,0.0187,12.9591,202304
693.0,693.0,691.0,692.0,16.0105,11077.6771,43,3.1735,2196.4731,202304
692.0,692.0,691.0,691.0,8.8136,6090.3209,12,0.1233,85.3236,202304
691.0,692.0,691.0,692.0,4.6397,3210.6366,11,3.6049,2494.5908,202304
693.0,693.0,693.0,693.0,0.0774,53.6382,2,0.0774,53.6382,202304
692.0,693.0,692.0,693.0,5.0192,3473.6021,11,0.3157,218.7801,202304
693.0,693.0,692.0,692.0,5.0709,3509.4781,11,0.4153,287.8029,202304
692.0,692.0,692.0,692.0,5.7082,3950.0744,18,0.0586,40.5512,202304
692.0,692.0,691.0,692.0,1.1175,772.9607,7,0.7682,531.5944,202304
691.0,692.0,691.0,692.0,4.5421,3138.6527,16,0.0616,42.6272,202304
692.0,692.0,691.0,692.0,5.2947,3663.6499,7,5.0122,3468.4424,202304
692.0,692.0,691.0,691.0,9.7415,6737.4188,21,6.0423,4181.2716,202304
691.0,693.0,691.0,693.0,0.3197,221.2606,10,0.3033,209.9282,202304
692.0,693.0,691.0,691.0,8.4533,5848.1572,16,0.0436,30.2148,202304
692.0,692.0,691.0,692.0,12.006,8306.7228,23,4.8365,3346.858,202304
692.0,692.0,692.0,692.0,0.8585,594.082,2,0.0,0.0,202304
692.0,692.0,692.0,692.0,2.1301,1474.0292,5,0.0,0.0,202304
693.0,693.0,692.0,692.0,4.4152,3055.4632,10,0.5408,374.3784,202304
692.0,692.0,692.0,692.0,0.0526,36.3992,2,0.0526,36.3992,202304
691.0,692.0,691.0,691.0,8.4138,5813.9664,17,0.0306,21.1752,202304
691.0,692.0,691.0,691.0,8.3619,5785.0302,9,6.9573,4814.4516,202304
692.0,692.0,690.0,690.0,29.5328,20405.7793,74,13.7693,9515.7253,202304
691.0,691.0,690.0,690.0,2.0822,1437.1759,11,0.4579,316.4089,202304
691.0,691.0,691.0,691.0,9.1728,6338.4048,13,9.1728,6338.4048,202304
690.0,691.0,690.0,690.0,0.1628,112.4043,4,0.0723,49.9593,202304
691.0,693.0,691.0,693.0,21.4057,14810.8042,42,18.8175,13020.3498,202304
692.0,692.0,692.0,692.0,7.242,5011.464,6,0.0,0.0,202304
692.0,694.0,692.0,693.0,15.4238,10688.7148,33,7.7036,5338.6669,202304
692.0,692.0,692.0,692.0,0.3635,251.542,1,0.0,0.0,202304
693.0,693.0,690.0,690.0,10.5771,7312.7187,30,0.9798,678.0419,202304
691.0,691.0,690.0,691.0,9.7811,6756.3755,18,5.8834,4065.4294,202304
690.0,692.0,690.0,692.0,7.1979,4975.6798,13,7.0679,4885.9798,202304
691.0,691.0,689.0,690.0,39.2407,27045.2189,67,25.8761,17830.383,202304
690.0,691.0,689.0,689.0,17.805,12283.7529,48,9.7207,6707.5859,202304
690.0,690.0,686.0,687.0,28.4541,19580.038,73,0.4349,299.3382,202304
687.0,688.0,687.0,687.0,31.4219,21598.8656,26,31.3745,21566.3018,202304
687.0,687.0,686.0,686.0,23.7872,16340.0031,35,0.0,0.0,202304
687.0,688.0,686.0,687.0,5.9573,4091.8002,20,3.4572,2375.1109,202304
686.0,688.0,686.0,687.0,5.7836,3973.4098,15,5.3392,3668.122,202304
687.0,689.0,687.0,689.0,21.6167,14867.6744,34,16.2443,11176.1089,202304
688.0,689.0,687.0,689.0,18.7827,12922.0074,30,9.1311,6282.2266,202304
689.0,690.0,688.0,688.0,17.7766,12246.6372,38,9.9014,6822.0944,202304
688.0,689.0,688.0,689.0,6.1914,4265.8529,9,5.1697,3561.9233,202304
689.0,689.0,688.0,689.0,7.3889,5090.9013,13,3.0454,2098.2806,202304
688.0,690.0,688.0,690.0,6.373,4390.4249,14,5.5479,3822.5901,202304
690.0,690.0,690.0,690.0,2.1869,1508.961,15,2.1869,1508.961,202304
689.0,690.0,688.0,689.0,16.1076,11105.0871,25,5.4147,3736.0637,202304
689.0,689.0,688.0,688.0,11.7651,8098.6394,26,2.257,1555.073,202304
688.0,688.0,687.0,687.0,3.7748,2595.8622,14,0.0853,58.6864,202304
688.0,688.0,687.0,687.0,6.7564,4641.6953,19,3.7606,2583.5807,202304
686.0,686.0,686.0,686.0,2.515,1725.29,17,0.0,0.0,202304
687.0,688.0,687.0,688.0,9.5906,6591.8095,21,9.2671,6369.565,202304
687.0,687.0,686.0,687.0,21.0811,14479.0166,48,1.8564,1275.3468,202304
686.0,686.0,686.0,686.0,0.8789,602.9254,3,0.0,0.0,202304
687.0,687.0,687.0,687.0,15.0001,10305.0687,32,11.9671,8221.3977,202304
688.0,688.0,686.0,687.0,9.9388,6827.2176,14,1.6699,1147.2431,202304
687.0,687.0,687.0,687.0,3.3262,2285.0994,6,1.8505,1271.2935,202304
686.0,687.0,686.0,687.0,0.0609,41.8076,2,0.0302,20.7474,202304
687.0,687.0,686.0,686.0,3.8507,2643.9291,15,2.3489,1613.6943,202304
686.0,687.0,686.0,687.0,0.4205,288.8236,3,0.3606,247.7322,202304
687.0,687.0,685.0,686.0,18.8875,12959.7459,31,3.1106,2136.9521,202304
686.0,686.0,684.0,685.0,34.2409,23455.2459,59,1.629,1117.464,202304
685.0,685.0,685.0,685.0,7.7619,5316.9015,18,7.7619,5316.9015,202304
686.0,687.0,685.0,685.0,11.5682,7938.0047,24,4.6229,3173.5541,202304
686.0,687.0,686.0,687.0,4.8898,3355.9877,14,3.4063,2338.3067,202304
686.0,688.0,686.0,688.0,15.5393,10680.8916,31,14.854,10210.751,202304
688.0,688.0,686.0,687.0,14.228,9775.2274,38,6.2378,4286.0059,202304
687.0,687.0,686.0,687.0,7.2239,4962.6916,18,1.3767,945.7929,202304
687.0,687.0,686.0,687.0,6.2875,4319.4695,13,3.9097,2685.9639,202304
687.0,687.0,687.0,687.0,3.9475,2711.9325,5,0.0248,17.0376,202304
687.0,688.0,687.0,687.0,15.2587,10484.7269,15,11.1602,7669.0574,202304
687.0,687.0,687.0,687.0,0.0146,10.0302,1,0.0,0.0,202304
687.0,687.0,687.0,687.0,0.0,0.0,0,0.0,0.0,202304
688.0,688.0,686.0,687.0,7.7503,5325.1904,24,1.0338,711.0761,202304
687.0,687.0,686.0,687.0,1.2552,861.1417,4,0.0745,51.1815,202304
687.0,687.0,686.0,687.0,3.0523,2093.9201,7,0.0423,29.0601,202304
687.0,687.0,687.0,687.0,2.1338,1465.9206,4,2.1338,1465.9206,202304
687.0,689.0,687.0,688.0,42.7699,29407.7159,62,29.5446,20315.5752,202304
687.0,687.0,687.0,687.0,5.3648,3685.6176,22,0.665,456.855,202304
687.0,687.0,687.0,687.0,6.4984,4464.4008,9,4.7317,3250.6779,202304
687.0,688.0,687.0,688.0,3.0971,2127.7367,11,3.0971,2127.7367,202304
688.0,688.0,687.0,687.0,1.7826,1225.8589,9,1.2127,834.3376,202304
687.0,688.0,687.0,687.0,18.9528,13024.934,15,4.3604,2999.9552,202304
687.0,688.0,687.0,687.0,2.67,1834.3093,7,0.0193,13.2784,202304
687.0,687.0,686.0,686.0,16.3697,11245.2927,39,0.182,125.034,202304
686.0,686.0,685.0,685.0,8.9041,6108.0546,18,0.4347,298.2042,202304
685.0,686.0,685.0,685.0,5.7924,3967.8217,17,0.0277,19.0022,202304
685.0,686.0,685.0,686.0,9.1406,6268.6244,13,7.3134,5016.9924,202304
686.0,687.0,686.0,687.0,19.8833,13641.7062,29,19.7424,13545.0488,202304
687.0,687.0,687.0,687.0,3.5505,2439.1935,4,3.5505,2439.1935,202304
686.0,686.0,686.0,686.0,2.0996,1440.3256,8,0.0,0.0,202304
686.0,687.0,686.0,687.0,0.4014,275.3787,9,0.0183,12.5721,202304
686.0,688.0,686.0,688.0,14.9168,10249.7918,32,9.7348,6689.7883,202304
688.0,689.0,688.0,689.0,16.6484,11456.15,30,15.902,10942.6268,202304
689.0,689.0,689.0,689.0,16.6339,11460.7571,30,3.1425,2165.1825,202304
688.0,689.0,688.0,689.0,2.0305,1398.984,3,2.0,1378.0,202304
689.0,691.0,689.0,691.0,30.6399,21132.2999,44,30.6399,21132.2999,202304
690.0,691.0,690.0,690.0,3.1315,2160.9015,6,0.1665,115.0515,202304
690.0,690.0,688.0,688.0,18.471,12737.6429,29,0.0364,25.116,202304
688.0,689.0,688.0,688.0,16.915,11640.4081,31,9.4481,6503.1809,202304
688.0,688.0,687.0,687.0,12.1909,8386.8387,27,0.0147,10.1136,202304
688.0,690.0,688.0,688.0,145.02,99884.3141,121,123.1413,84812.7572,202304
689.0,689.0,689.0,689.0,6.9576,4793.7864,21,4.5885,3161.4765,202304
689.0,689.0,689.0,689.0,6.3377,4366.6753,3,6.3377,4366.6753,202304
690.0,696.0,690.0,696.0,498.677,345733.8466,416,478.3433,331622.6238,202304
696.0,698.0,695.0,695.0,105.9615,73770.0079,188,33.4296,23279.3946,202304
694.0,695.0,694.0,695.0,30.0481,20873.3656,50,16.3104,11335.728,202304
695.0,695.0,694.0,695.0,15.3557,10667.4245,18,0.0362,25.159,202304
694.0,695.0,694.0,694.0,8.8184,6122.0835,29,2.1139,1469.1605,202304
694.0,694.0,692.0,692.0,23.1258,16023.8284,51,0.4186,290.0898,202304
692.0,696.0,692.0,695.0,120.1597,83306.751,112,97.8916,67878.2786,202304
695.0,696.0,694.0,695.0,21.9575,15251.7188,50,6.7984,4725.8935,202304
694.0,694.0,693.0,693.0,39.619,27473.7619,54,10.1072,7004.2896,202304
693.0,694.0,692.0,694.0,19.5176,13524.6371,33,16.1463,11189.4593,202304
693.0,695.0,693.0,693.0,12.3322,8551.9544,34,3.6495,2532.8971,202304
694.0,695.0,694.0,694.0,21.9504,15250.606,30,16.9127,11749.426,202304
694.0,695.0,694.0,694.0,4.2684,2962.3001,5,0.0305,21.1975,202304
694.0,694.0,693.0,694.0,21.9491,15227.1617,32,0.4121,285.9974,202304
694.0,695.0,694.0,694.0,17.4733,12128.3455,28,14.7,10203.6753,202304
693.0,695.0,693.0,694.0,18.9651,13166.389,22,12.0174,8344.6999,202304
693.0,694.0,693.0,693.0,0.0683,47.3613,3,0.0294,20.4036,202304
693.0,693.0,692.0,692.0,10.3087,7138.3307,24,0.0,0.0,202304
692.0,693.0,692.0,693.0,19.8538,13738.8899,49,8.9652,6203.9787,202304
693.0,693.0,692.0,692.0,2.7109,1875.9634,14,0.4297,297.373,202304
692.0,692.0,691.0,692.0,44.8614,31006.1781,79,17.7377,12262.0693,202304
692.0,692.0,691.0,692.0,6.9799,4829.949,12,5.2998,3667.4616,202304
692.0,692.0,692.0,692.0,3.2039,2217.0988,9,1.4774,1022.3608,202304
692.0,693.0,692.0,692.0,13.0108,9006.6662,19,7.5759,5245.7154,202304
692.0,692.0,692.0,692.0,2.7233,1884.5236,5,1.0146,702.1032,202304
692.0,692.0,691.0,691.0,3.0396,2100.4244,16,0.0608,42.0736,202304
691.0,691.0,690.0,691.0,36.8595,25440.9031,59,9.3213,6432.358,202304
690.0,691.0,690.0,690.0,13.5351,9347.1327,20,9.9737,6888.2053,202304
690.0,691.0,690.0,691.0,8.9362,6174.4151,12,6.1094,4221.5954,202304
690.0,691.0,690.0,690.0,15.8828,10973.4847,13,0.3783,261.4053,202304
690.0,692.0,690.0,692.0,5.5381,3826.9859,7,5.5083,3806.4239,202304
691.0,691.0,690.0,691.0,27.3191,18868.0562,47,1.2826,886.2766,202304
691.0,692.0,691.0,691.0,37.792,26115.7091,53,9.8551,6811.3112,202304
691.0,691.0,691.0,691.0,2.0753,1434.0323,5,1.9015,1313.9365,202304
691.0,691.0,691.0,691.0,1.5269,1055.0879,2,0.0,0.0,202304
692.0,693.0,692.0,693.0,6.3401,4389.3709,18,6.3401,4389.3709,202304
692.0,693.0,692.0,692.0,10.0987,6988.4404,14,2.4437,1691.1804,202304
692.0,692.0,691.0,692.0,2.6358,1823.8129,11,0.5923,409.8716,202304
692.0,693.0,692.0,693.0,6.4386,4455.5482,9,6.4386,4455.5482,202304
693.0,694.0,692.0,693.0,25.7207,17822.0537,37,17.7376,12292.6568,202304
692.0,692.0,692.0,692.0,2.5295,1750.414,10,0.0,0.0,202304
692.0,692.0,691.0,692.0,10.0755,6972.1856,19,6.6538,4604.4296,202304
691.0,691.0,691.0,691.0,4.6532,3215.3612,12,0.0,0.0,202304
691.0,691.0,690.0,691.0,5.3622,3705.2524,12,3.029,2093.039,202304
691.0,692.0,691.0,691.0,21.6774,14994.1701,47,19.4552,13458.6299,202304
691.0,691.0,690.0,691.0,3.8587,2666.2266,6,3.7236,2573.0076,202304
691.0,692.0,691.0,692.0,9.8603,6818.0668,21,8.3199,5753.6504,202304
691.0,691.0,691.0,691.0,6.7334,4652.7794,12,3.3053,2283.9623,202304
691.0,691.0,690.0,691.0,2.7591,1903.8181,7,0.0391,27.0181,202304
691.0,692.0,690.0,692.0,26.3069,18172.0974,48,21.5334,14878.3824,202304
692.0,692.0,690.0,690.0,16.1173,11134.0499,27,0.6804,470.7789,202304
690.0,690.0,689.0,690.0,17.1751,11846.5271,34,10.8132,7461.108,202304
689.0,690.0,689.0,689.0,1.9665,1354.9765,15,0.058,40.02,202304
690.0,690.0,688.0,688.0,17.7212,12207.9309,27,5.1096,3520.6593,202304
689.0,689.0,688.0,689.0,14.0401,9671.5639,21,5.5047,3792.7383,202304
689.0,690.0,688.0,689.0,9.5751,6598.215,30,9.4301,6498.3389,202304
689.0,690.0,688.0,688.0,35.4096,24381.0618,41,10.1964,7026.6268,202304
688.0,689.0,688.0,689.0,2.5787,1775.5483,20,1.2965,893.2885,202304
690.0,690.0,688.0,689.0,4.6771,3223.7661,16,1.3816,953.1957,202304
688.0,689.0,688.0,689.0,1.1617,800.3954,4,1.1458,789.4562,202304
689.0,690.0,688.0,690.0,3.9154,2698.6562,17,3.8533,2655.8947,202304
690.0,691.0,689.0,691.0,33.106,22847.3785,48,29.7328,20521.579,202304
690.0,690.0,689.0,689.0,86.4538,59638.6434,80,0.0,0.0,202304
689.0,690.0,688.0,690.0,14.3039,9853.118,22,5.6603,3899.9976,202304
689.0,689.0,689.0,689.0,1.0417,717.7313,5,0.0,0.0,202304
689.0,689.0,688.0,689.0,5.899,4063.6795,23,0.0,0.0,202304
689.0,691.0,688.0,690.0,40.1202,27662.0658,54,39.1218,26974.2436,202304
690.0,691.0,689.0,690.0,11.4203,7880.0208,18,5.1647,3563.7008,202304
690.0,691.0,689.0,691.0,12.2447,8450.6538,16,10.5127,7255.763,202304
691.0,692.0,690.0,690.0,36.7624,25402.6029,45,24.9911,17268.879,202304
691.0,692.0,689.0,689.0,27.7186,19130.5737,61,6.1686,4256.8978,202304
688.0,688.0,687.0,688.0,20.4472,14067.309,43,8.9529,6159.5952,202304
688.0,689.0,687.0,688.0,39.1194,26916.1549,47,23.9542,16484.0264,202304
688.0,688.0,688.0,688.0,14.4998,9975.8624,29,10.903,7501.264,202304
688.0,688.0,687.0,688.0,2.0872,1434.1593,7,0.0581,39.9728,202304
688.0,688.0,687.0,688.0,6.5174,4482.4635,12,3.2941,2266.3408,202304
687.0,688.0,687.0,687.0,10.4145,7154.7897,22,3.1976,2196.7794,202304
687.0,687.0,683.0,685.0,60.5109,41469.2768,162,19.359,13273.8837,202304
685.0,686.0,684.0,685.0,11.7054,8019.5645,31,7.6232,5223.992,202304
685.0,685.0,681.0,682.0,50.9687,34811.5882,171,15.9878,10919.8969,202304
681.0,684.0,680.0,683.0,77.5031,52831.4231,192,36.0644,24601.6681,202304
683.0,684.0,681.0,683.0,74.5817,50919.1105,154,47.3184,32313.5746,202304
684.0,685.0,684.0,684.0,13.2802,9083.754,22,6.4571,4416.7536,202304
684.0,687.0,684.0,687.0,28.6832,19669.0238,68,18.6532,12793.2932,202304
687.0,687.0,686.0,687.0,5.1478,3536.3323,17,3.1144,2139.5928,202304
687.0,687.0,685.0,685.0,36.8846,25289.0574,51,10.2852,7050.3489,202304
685.0,686.0,685.0,685.0,19.3646,13283.5606,33,5.6138,3851.0668,202304
685.0,685.0,683.0,683.0,15.1582,10370.8,41,5.1229,3504.5902,202304
684.0,684.0,683.0,683.0,25.413,17366.5976,39,17.9727,12283.241,202304
683.0,684.0,681.0,684.0,36.3847,24826.6888,76,21.2675,14512.6806,202304
683.0,683.0,683.0,683.0,13.7207,9371.2381,15,6.645,4538.535,202304
683.0,683.0,682.0,682.0,21.9631,14978.9341,33,6.0725,4141.5449,202304
681.0,684.0,680.0,684.0,96.7879,66097.4716,170,48.2056,32942.8444,202304
683.0,685.0,683.0,685.0,27.8276,19018.0493,45,18.4005,12576.0423,202304
685.0,686.0,685.0,686.0,4.941,3387.5047,27,4.9119,3367.5712,202304
685.0,688.0,685.0,687.0,42.9513,29477.075,69,16.5559,11363.496,202304
687.0,687.0,686.0,687.0,21.887,15035.6002,33,6.5447,4496.2089,202304
686.0,687.0,685.0,685.0,17.0139,11681.9124,51,9.9348,6825.1082,202304
686.0,686.0,684.0,685.0,10.0613,6892.2198,27,4.9343,3380.4248,202304
685.0,685.0,684.0,685.0,13.3063,9111.4002,29,6.1395,4205.5575,202304
684.0,685.0,683.0,683.0,17.5078,11969.6946,34,1.0529,721.2195,202304
683.0,683.0,673.0,676.0,225.0817,152412.7569,623,76.6544,51870.3486,202304
677.0,677.0,675.0,675.0,47.0805,31804.2537,183,20.6632,13965.8722,202304
675.0,677.0,672.0,676.0,67.84,45724.659,181,43.7457,29507.3734,202304
676.0,676.0,672.0,675.0,83.0551,55929.504,195,55.4171,37329.2442,202304
675.0,675.0,673.0,675.0,49.289,33227.4666,99,11.2633,7599.0793,202304
675.0,675.0,673.0,675.0,24.4887,16509.2782,44,7.7479,5223.7407,202304
674.0,677.0,674.0,676.0,37.11,25057.5323,118,16.0444,10833.7763,202304
676.0,677.0,674.0,677.0,17.7648,12007.1071,77,9.5532,6457.7202,202304
677.0,677.0,674.0,675.0,22.0429,14884.0222,48,13.9235,9401.6486,202304
675.0,677.0,674.0,677.0,17.801,12037.6631,81,12.411,8395.8137,202304
677.0,677.0,675.0,675.0,19.3959,13106.0024,47,14.9231,10086.5505,202304
675.0,677.0,675.0,677.0,18.0346,12190.2822,49,7.256,4906.309,202304
676.0,676.0,673.0,674.0,47.5939,32071.2216,83,5.4633,3682.3536,202304
674.0,676.0,673.0,675.0,13.3724,9020.0159,40,9.4223,6355.7406,202304
675.0,675.0,674.0,674.0,5.4893,3699.9637,23,2.8373,1912.5157,202304
675.0,675.0,672.0,675.0,123.136,82984.8976,188,82.403,55553.6746,202304
675.0,676.0,674.0,676.0,60.7995,41067.1783,81,19.8587,13410.572,202304
677.0,679.0,675.0,676.0,118.4792,80252.3091,288,93.616,63414.908,202304
676.0,678.0,676.0,677.0,20.2334,13694.868,55,17.7367,12006.0452,202304
677.0,677.0,676.0,677.0,43.9856,29742.6071,83,12.1065,8187.3808,202304
677.0,679.0,676.0,678.0,21.0487,14266.0589,67,15.4344,10463.0006,202304
678.0,679.0,677.0,677.0,57.952,39322.3293,105,35.2395,23924.606,202304
678.0,679.0,678.0,679.0,4.8208,3272.9674,31,2.8578,1940.386,202304
679.0,679.0,678.0,678.0,2.1266,1443.7784,11,1.9436,1319.7044,202304
678.0,678.0,677.0,677.0,16.3305,11064.8201,44,7.8147,5296.6643,202304
676.0,678.0,676.0,677.0,10.3333,6999.792,25,6.7082,4543.8616,202304
677.0,678.0,677.0,678.0,130.0538,88087.779,118,33.5804,22748.951,202304
678.0,679.0,678.0,678.0,23.6246,16018.6013,25,6.7072,4548.6041,202304
678.0,679.0,678.0,679.0,11.305,7667.9494,22,9.426,6393.9874,202304
678.0,678.0,677.0,678.0,11.0634,7500.9547,23,2.0631,1398.7818,202304
678.0,678.0,678.0,678.0,8.4467,5726.8626,16,5.6579,3836.0562,202304
679.0,680.0,679.0,680.0,22.9088,15559.9677,54,12.8387,8722.3698,202304
680.0,681.0,680.0,680.0,14.7757,10047.918,45,5.8921,4007.07,202304
680.0,680.0,679.0,680.0,0.5345,363.0599,5,0.1344,91.392,202304
679.0,679.0,678.0,679.0,30.5606,20724.3232,62,16.6579,11295.1613,202304
678.0,678.0,676.0,677.0,38.837,26323.379,86,21.7443,14740.6596,202304
677.0,678.0,676.0,676.0,4.5395,3072.3391,103,0.501,339.295,202304
676.0,677.0,676.0,676.0,15.6091,10555.1694,95,3.4178,2313.8506,202304
676.0,677.0,675.0,675.0,23.4764,15869.388,95,0.3403,230.059,202304
675.0,676.0,675.0,675.0,3.6376,2455.5631,49,0.1831,123.7756,202304
675.0,675.0,674.0,675.0,89.6753,60528.6435,181,24.3043,16405.4025,202304
675.0,675.0,674.0,675.0,3.1616,2130.9974,18,0.079,53.325,202304
674.0,676.0,674.0,676.0,19.6751,13264.5853,40,14.7878,9970.5451,202304
676.0,676.0,674.0,674.0,15.9155,10747.6837,31,5.9092,3994.6192,202304
674.0,676.0,674.0,675.0,17.3995,11743.9381,34,13.5583,9154.9255,202304
675.0,675.0,673.0,674.0,28.2406,19033.897,42,16.4025,11055.3146,202304
674.0,674.0,673.0,674.0,13.7985,9286.519,35,4.7941,3226.5578,202304
674.0,674.0,674.0,674.0,1.08,727.92,2,1.08,727.92,202304
674.0,674.0,673.0,673.0,13.8165,9299.4674,25,5.0229,3381.3746,202304
673.0,674.0,673.0,673.0,18.7909,12663.0505,27,15.8671,10692.5597,202304
674.0,675.0,673.0,675.0,12.5551,8461.7609,19,8.7449,5894.1221,202304
674.0,674.0,673.0,674.0,30.5638,20599.199,34,13.3221,8979.0954,202304
674.0,674.0,674.0,674.0,12.4104,8364.6096,23,9.8958,6669.7692,202304
673.0,675.0,673.0,675.0,11.5817,7801.5127,32,5.3574,3612.5085,202304
675.0,675.0,672.0,673.0,11.5882,7802.4041,27,1.1348,763.9157,202304
673.0,674.0,672.0,673.0,24.0018,16148.037,75,16.2683,10948.6031,202304
672.0,673.0,668.0,670.0,115.2968,77225.3753,308,52.8484,35388.5267,202304
670.0,672.0,670.0,672.0,34.3994,23062.5982,66,23.6098,15833.3547,202304
672.0,672.0,669.0,670.0,122.8858,82442.1671,173,19.3668,12990.0928,202304
670.0,670.0,669.0,670.0,28.7367,19253.5739,32,11.691,7832.97,202304
670.0,671.0,668.0,670.0,42.458,28424.8535,83,23.5715,15781.0506,202304
670.0,671.0,669.0,669.0,28.452,19055.1935,69,3.9938,2677.1571,202304
669.0,671.0,668.0,671.0,23.2687,15572.597,33,22.4524,15026.2885,202304
670.0,671.0,668.0,671.0,23.1753,15511.5075,66,9.3235,6243.1076,202304
671.0,672.0,670.0,671.0,48.7553,32703.3812,77,32.6097,21881.9088,202304
671.0,672.0,671.0,671.0,0.0863,57.9368,4,0.0295,19.824,202304
671.0,671.0,670.0,671.0,115.4392,77381.0252,146,15.7462,10550.6615,202304
671.0,672.0,671.0,671.0,18.9309,12702.6639,40,5.101,3422.801,202304
671.0,672.0,671.0,672.0,12.0872,8116.1654,26,8.4468,5673.1037,202304
672.0,672.0,671.0,671.0,1.7625,1182.7019,17,0.0644,43.2768,202304
672.0,672.0,671.0,671.0,2.6416,1772.6211,3,0.1075,72.24,202304
672.0,673.0,672.0,673.0,3.9875,2680.6297,20,3.9506,2655.8329,202304
672.0,673.0,672.0,673.0,1.1565,778.2978,16,1.1298,760.3554,202304
673.0,674.0,673.0,674.0,18.6219,12534.3297,34,10.7689,7249.2607,202304
674.0,675.0,674.0,674.0,20.0554,13517.5989,40,9.494,6399.2153,202304
673.0,673.0,673.0,673.0,9.7345,6551.3185,21,0.2311,155.5303,202304
673.0,673.0,672.0,672.0,22.9967,15453.8992,28,7.4715,5020.9648,202304
671.0,672.0,671.0,672.0,32.0407,21521.4337,50,30.3092,20359.5972,202304
672.0,672.0,670.0,672.0,25.6434,17214.9091,38,10.2569,6886.7428,202304
671.0,671.0,671.0,671.0,7.247,4862.737,21,0.0241,16.1711,202304
670.0,671.0,670.0,670.0,4.6379,3107.408,7,0.015,10.065,202304
670.0,671.0,670.0,670.0,24.5452,16445.6599,59,12.7021,8510.7829,202304
670.0,671.0,670.0,671.0,16.1539,10831.1926,29,16.107,10799.7696,202304
670.0,670.0,670.0,670.0,7.0384,4715.728,20,2.0839,1396.213,202304
671.0,671.0,668.0,669.0,14.5152,9714.4993,47,5.0231,3363.5856,202304
669.0,669.0,667.0,668.0,22.4323,14984.5755,66,15.688,10479.6137,202304
669.0,669.0,666.0,667.0,43.9025,29302.7868,111,6.1727,4122.4151,202304
667.0,667.0,666.0,667.0,20.6936,13792.937,44,9.6318,6421.2432,202304
666.0,667.0,664.0,666.0,52.2338,34751.6214,138,15.0517,10024.0976,202304
667.0,669.0,667.0,667.0,33.2062,22164.1247,40,21.4854,14337.2562,202304
668.0,668.0,667.0,668.0,22.3667,14933.8697,33,12.0931,8076.3502,202304
667.0,668.0,666.0,668.0,27.4143,18290.5458,57,13.1613,8784.7868,202304
668.0,669.0,667.0,669.0,10.2571,6851.475,14,3.582,2392.8082,202304
669.0,670.0,668.0,670.0,10.3479,6927.3248,32,9.9276,6646.2441,202304
671.0,673.0,671.0,672.0,10.3969,6988.2141,56,7.3908,4969.1448,202304
672.0,673.0,672.0,673.0,16.6604,11211.4058,41,8.3346,5609.1858,202304
673.0,673.0,671.0,672.0,22.7252,15281.6817,62,7.7123,5187.3642,202304
672.0,672.0,671.0,671.0,12.0697,8110.1432,24,8.0895,5436.144,202304
671.0,672.0,670.0,672.0,8.2898,5562.0558,21,5.1696,3469.0016,202304
672.0,672.0,671.0,672.0,23.7446,15955.3722,30,4.318,2901.696,202304
672.0,672.0,671.0,672.0,24.3747,16379.5984,23,14.1205,9488.976,202304
672.0,672.0,672.0,672.0,0.0,0.0,0,0.0,0.0,202304
673.0,673.0,673.0,673.0,2.3173,1559.5429,5,2.3173,1559.5429,202304
672.0,673.0,672.0,673.0,2.7551,1851.5153,7,0.0881,59.2913,202304
673.0,673.0,672.0,673.0,2.399,1612.428,8,0.3,201.9,202304
673.0,673.0,672.0,673.0,13.0227,8763.9771,31,9.8886,6655.0278,202304
673.0,674.0,672.0,674.0,6.8334,4596.3781,18,2.0704,1393.7959,202304
673.0,674.0,673.0,673.0,5.8303,3923.8216,14,2.2687,1526.8648,202304
674.0,674.0,672.0,672.0,12.1366,8167.7619,29,5.0438,3394.8075,202304
673.0,674.0,672.0,674.0,12.7299,8567.0834,34,10.8688,7316.4242,202304
674.0,675.0,673.0,675.0,13.1632,8872.4996,38,10.304,6945.9256,202304
675.0,675.0,674.0,674.0,34.4797,23267.5456,66,22.2289,15004.5075,202304
674.0,675.0,674.0,674.0,17.1732,11576.6355,33,8.8302,5953.4535,202304
673.0,674.0,673.0,673.0,46.0566,30997.034,48,17.7965,11977.9867,202304
673.0,673.0,670.0,671.0,67.838,45556.0073,119,14.4294,9690.6982,202304
671.0,671.0,667.0,668.0,67.1457,44944.0447,108,21.3618,14305.0236,202304
669.0,669.0,667.0,669.0,21.9782,14685.1756,68,8.8119,5889.9027,202304
670.0,670.0,668.0,670.0,40.393,27039.9452,79,20.7823,13911.4519,202304
669.0,671.0,669.0,671.0,18.4644,12384.3426,31,18.2322,12228.7738,202304
671.0,672.0,670.0,672.0,10.3608,6954.6568,20,4.2432,2849.8472,202304
672.0,673.0,671.0,672.0,32.7195,21985.3479,55,15.159,10187.6172,202304
672.0,673.0,670.0,670.0,27.303,18333.3255,43,10.5342,7079.0928,202304
670.0,671.0,669.0,670.0,18.1175,12128.8438,27,1.8821,1261.0359,202304
670.0,670.0,668.0,668.0,18.2887,12224.8524,31,1.3911,932.037,202304
668.0,669.0,667.0,667.0,25.3258,16927.3201,57,11.7653,7869.3654,202304
667.0,667.0,666.0,666.0,48.7784,32522.1216,84,17.1632,11441.1374,202304
666.0,666.0,665.0,666.0,59.2456,39411.5944,74,22.8452,15202.8759,202304
666.0,666.0,665.0,666.0,64.5369,42978.2254,41,53.0066,35302.3956,202304
665.0,667.0,659.0,660.0,260.6852,172562.7424,642,80.3514,53219.342,202304
660.0,660.0,654.0,658.0,350.8712,230397.925,731,209.7356,137816.5606,202304
658.0,660.0,657.0,659.0,142.743,93917.0692,238,16.8139,11074.5885,202304
659.0,662.0,658.0,661.0,71.0436,46900.6064,158,58.5316,38651.0335,202304
661.0,662.0,660.0,661.0,32.8743,21728.9011,115,23.1916,15330.7415,202304
660.0,663.0,660.0,663.0,42.1838,27936.4447,120,32.7081,21658.4669,202304
663.0,664.0,662.0,663.0,32.6476,21645.0427,54,12.2179,8100.6676,202304
663.0,664.0,662.0,663.0,16.952,11238.088,20,7.0187,4653.4327,202304
663.0,664.0,662.0,663.0,6.4502,4276.5339,15,0.1802,119.5528,202304
663.0,663.0,662.0,662.0,16.4507,10904.6261,39,5.5346,3669.4398,202304
663.0,664.0,663.0,663.0,10.6105,7035.0374,21,10.0807,6683.78,202304
664.0,665.0,664.0,665.0,8.4559,5615.135,41,5.3168,3530.7726,202304
665.0,665.0,665.0,665.0,0.9716,646.114,2,0.9716,646.114,202304
665.0,665.0,664.0,664.0,24.6089,16358.7255,72,5.5014,3658.431,202304
665.0,665.0,664.0,665.0,48.6061,32296.7799,87,28.8973,19206.065,202304
665.0,666.0,664.0,665.0,28.6966,19075.1845,58,8.9598,5956.2009,202304
665.0,666.0,665.0,666.0,30.5401,20330.0359,91,24.99,16634.8233,202304
667.0,667.0,666.0,666.0,27.4544,18284.6604,34,4.8536,3232.5276,202304
666.0,668.0,666.0,668.0,28.4975,19001.2462,69,18.2344,12159.6544,202304
667.0,667.0,665.0,667.0,32.1645,21434.5855,65,14.0819,9380.4245,202304
667.0,668.0,667.0,668.0,13.2672,8860.2828,50,10.1476,6776.39,202304
668.0,669.0,668.0,669.0,15.577,10408.9662,52,6.1027,4080.1338,202304
669.0,669.0,667.0,667.0,29.0668,19414.9023,73,4.705,3145.8081,202304
666.0,667.0,666.0,667.0,6.775,4516.0807,30,3.9307,2621.7769,202304
667.0,667.0,667.0,667.0,10.0878,6728.5626,11,2.672,1782.224,202304
667.0,669.0,667.0,668.0,9.345,6243.1013,25,6.2908,4202.8957,202304
668.0,668.0,667.0,667.0,27.7775,18547.8419,40,1.6626,1108.9542,202304
667.0,667.0,666.0,667.0,4.0755,2716.8468,8,1.0438,696.2146,202304
666.0,667.0,665.0,666.0,26.4974,17649.0264,31,18.5571,12362.7866,202304
667.0,667.0,665.0,666.0,11.384,7583.6063,13,2.2066,1471.5286,202304
666.0,667.0,664.0,666.0,191.0632,127204.0998,234,127.9333,85196.8516,202304
665.0,666.0,664.0,665.0,24.7009,16412.176,41,4.5748,3042.2917,202304
664.0,665.0,664.0,665.0,8.0554,5354.0073,17,5.2217,3472.4305,202304
665.0,666.0,665.0,666.0,27.5232,18303.227,27,18.9479,12600.6525,202304
666.0,667.0,666.0,667.0,18.664,12439.3196,49,13.728,9150.891,202304
667.0,667.0,667.0,667.0,11.0197,7350.1399,20,4.218,2813.406,202304
667.0,667.0,666.0,667.0,3.54,2360.6551,5,3.0151,2011.0717,202304
666.0,670.0,666.0,669.0,81.4566,54431.4177,190,57.6284,38515.9478,202304
670.0,670.0,668.0,668.0,62.8167,42001.9808,97,29.0556,19436.1435,202304
669.0,669.0,669.0,669.0,0.2674,178.8906,3,0.2674,178.8906,202304
669.0,669.0,669.0,669.0,7.2077,4821.9513,25,0.957,640.233,202304
669.0,669.0,669.0,669.0,9.8047,6559.3443,19,4.3852,2933.6988,202304
670.0,670.0,669.0,670.0,7.8983,5291.8452,7,7.8825,5281.275,202304
670.0,671.0,670.0,671.0,21.816,14628.2382,58,17.6695,11847.7738,202304
670.0,671.0,670.0,671.0,13.1411,8817.599,18,1.7348,1164.0508,202304
671.0,672.0,671.0,671.0,3.1354,2104.678,16,2.6073,1750.3229,202304
671.0,671.0,669.0,670.0,10.089,6762.9616,37,3.2333,2166.3336,202304
671.0,671.0,671.0,671.0,0.0296,19.8616,1,0.0296,19.8616,202304
671.0,671.0,670.0,670.0,20.4815,13743.0566,33,10.1535,6812.9985,202304
670.0,671.0,669.0,671.0,17.1738,11501.1399,28,8.0479,5393.699,202304
670.0,670.0,669.0,669.0,5.9906,4013.202,7,0.0,0.0,202304
669.0,669.0,668.0,669.0,18.9252,12659.3161,39,9.4577,6327.2013,202304
669.0,669.0,667.0,668.0,54.2686,36253.8962,68,48.3127,32272.8836,202304
668.0,669.0,667.0,668.0,31.1497,20807.7359,31,18.5767,12409.2719,202304
669.0,669.0,668.0,668.0,0.4809,321.3307,5,0.0895,59.8755,202304
668.0,668.0,668.0,668.0,28.1639,18813.4852,33,9.1603,6119.0804,202304
668.0,670.0,668.0,670.0,13.1755,8813.7811,31,11.5565,7731.6701,202304
669.0,669.0,669.0,669.0,30.1806,20190.8214,48,7.9646,5328.3174,202304
669.0,671.0,669.0,670.0,26.7271,17904.1006,67,18.6216,12474.6486,202304
671.0,672.0,671.0,671.0,43.7243,29378.9847,67,25.2846,16989.5338,202304
671.0,671.0,670.0,670.0,22.235,14905.569,46,3.7232,2494.6176,202304
670.0,671.0,670.0,671.0,23.9895,16088.6754,40,11.0884,7437.3299,202304
671.0,672.0,671.0,671.0,7.618,5111.7003,24,3.3688,2260.4871,202304
672.0,673.0,671.0,672.0,19.0212,12782.1924,39,9.9988,6719.2092,202304
672.0,673.0,672.0,672.0,18.5621,12473.7521,21,8.6138,5788.4945,202304
673.0,673.0,671.0,672.0,30.3492,20382.8114,59,4.882,3280.7339,202304
671.0,673.0,671.0,672.0,20.3836,13700.3822,42,6.2522,4205.3427,202304
672.0,674.0,672.0,674.0,23.3177,15700.9381,59,15.3114,10311.0337,202304
673.0,674.0,673.0,674.0,7.1068,4787.6832,8,4.8068,3239.7832,202304
674.0,674.0,674.0,674.0,11.4569,7721.9506,19,4.3414,2926.1036,202304
674.0,674.0,672.0,673.0,30.1869,20323.4013,61,4.5938,3094.5824,202304
672.0,673.0,672.0,673.0,4.4679,3005.9096,9,1.899,1278.027,202304
673.0,674.0,672.0,672.0,15.8819,10687.8716,38,3.7288,2511.1869,202304
673.0,673.0,672.0,672.0,23.6891,15923.6638,70,4.5886,3088.1278,202304
672.0,675.0,672.0,674.0,47.0347,31658.4277,133,20.9074,14082.6606,202304
674.0,675.0,673.0,674.0,22.7861,15352.6661,44,9.4491,6369.3594,202304
675.0,677.0,674.0,676.0,49.7225,33576.3447,131,34.8194,23517.6883,202304
677.0,678.0,676.0,677.0,165.0526,111735.8234,308,122.043,82631.4041,202304
677.0,684.0,675.0,683.0,474.6025,322421.1413,959,308.8992,209860.469,202304
683.0,685.0,682.0,685.0,135.9378,92979.1959,419,76.7193,52476.267,202304
684.0,686.0,682.0,683.0,107.6521,73628.1852,221,50.2204,34348.7125,202304
684.0,686.0,683.0,683.0,89.1916,61035.4782,152,48.1159,32927.6912,202304
684.0,684.0,681.0,683.0,49.3508,33674.4125,90,23.5056,16044.0071,202304
682.0,682.0,680.0,680.0,43.1649,29395.373,80,6.6189,4507.5662,202304
680.0,683.0,680.0,681.0,30.0263,20467.3934,75,18.8208,12832.1239,202304
682.0,683.0,680.0,681.0,53.2193,36269.3473,106,28.5876,19492.5843,202304
681.0,682.0,681.0,681.0,5.4809,3732.5086,14,0.0157,10.7074,202304
681.0,682.0,681.0,681.0,22.5873,15382.4513,21,7.8514,5347.3034,202304
681.0,682.0,681.0,682.0,18.3128,12485.7467,37,14.6589,9994.7044,202304
682.0,683.0,682.0,682.0,11.3052,7710.2765,15,0.1301,88.8583,202304
682.0,683.0,681.0,682.0,7.4396,5072.8814,16,3.1701,2162.0814,202304
682.0,683.0,681.0,681.0,21.4571,14633.4817,51,6.5081,4438.5505,202304
681.0,682.0,681.0,681.0,59.0336,40202.4551,86,28.776,19597.0295,202304
681.0,681.0,677.0,679.0,164.717,111901.9876,269,39.4047,26777.2076,202304
679.0,680.0,679.0,679.0,36.0464,24476.3258,81,18.9206,12847.9076,202304
680.0,681.0,678.0,679.0,34.0209,23114.7161,73,19.5889,13311.2677,202304
678.0,680.0,678.0,678.0,70.6445,47925.7525,84,16.8057,11411.3956,202304
679.0,680.0,679.0,679.0,2.5496,1731.4734,8,1.9387,1316.6723,202304
679.0,682.0,679.0,680.0,148.919,101321.7221,184,117.8873,80224.9143,202304
680.0,680.0,679.0,680.0,8.9431,6078.1478,18,0.0293,19.924,202304
680.0,682.0,679.0,681.0,99.4997,67745.2074,116,58.0091,39523.0768,202304
681.0,681.0,680.0,681.0,1.667,1135.1245,5,1.5645,1065.4245,202304
681.0,682.0,679.0,679.0,53.6196,36500.7346,57,31.567,21497.1416,202304
680.0,681.0,679.0,679.0,28.6697,19495.737,57,15.1274,10290.2759,202304
680.0,680.0,679.0,679.0,37.7933,25697.824,49,23.4112,15919.616,202304
679.0,681.0,679.0,681.0,31.2574,21257.3413,42,15.3575,10445.5418,202304
681.0,682.0,681.0,682.0,62.2458,42432.5981,95,50.9203,34709.1538,202304
682.0,682.0,681.0,682.0,30.9288,21080.8303,51,7.6024,5183.0542,202304
681.0,681.0,681.0,681.0,8.2987,5651.4147,11,0.0,0.0,202304
682.0,682.0,682.0,682.0,0.9963,679.4766,6,0.9963,679.4766,202304
681.0,681.0,681.0,681.0,12.7455,8679.6855,14,0.0,0.0,202304
680.0,680.0,678.0,679.0,25.2225,17135.8196,47,0.5077,345.1452,202304
678.0,680.0,678.0,679.0,24.8794,16892.9514,78,15.522,10539.766,202304
679.0,680.0,677.0,677.0,20.6744,14028.879,55,2.2894,1556.1566,202304
678.0,679.0,677.0,679.0,44.8298,30419.4019,97,31.0266,21055.6118,202304
679.0,679.0,679.0,679.0,0.0,0.0,0,0.0,0.0,202304
680.0,680.0,679.0,680.0,17.1711,11673.8686,37,8.6721,5897.028,202304
680.0,680.0,680.0,680.0,0.0838,56.984,1,0.0838,56.984,202304
679.0,680.0,679.0,680.0,31.5912,21450.4428,57,4.7393,3218.0027,202304
679.0,680.0,679.0,680.0,21.5696,14666.1725,9,20.4141,13881.588,202304
679.0,681.0,679.0,681.0,42.1406,28652.3443,70,29.1806,19852.207,202304
680.0,680.0,679.0,679.0,14.6299,9942.8234,37,0.648,440.64,202304
679.0,681.0,679.0,680.0,19.2286,13069.0278,58,15.3184,10410.4895,202304
680.0,681.0,679.0,680.0,29.4911,20054.7581,65,10.2648,6980.985,202304
679.0,679.0,678.0,678.0,24.4993,16619.9625,46,0.0,0.0,202304
678.0,682.0,678.0,682.0,112.3227,76375.0215,134,102.4431,69666.2336,202304
681.0,682.0,680.0,681.0,17.6796,12037.4458,33,4.9132,3345.933,202304
681.0,683.0,680.0,681.0,127.0297,86617.351,116,85.7523,58472.3636,202304
681.0,681.0,679.0,679.0,89.3339,60748.2221,67,8.795,5989.1967,202304
680.0,680.0,678.0,678.0,12.0871,8215.3572,36,8.8075,5989.1,202304
678.0,679.0,678.0,679.0,33.0838,22459.0261,82,23.4126,15897.1554,202304
680.0,680.0,680.0,680.0,15.4367,10496.956,26,2.7946,1900.328,202304
680.0,682.0,678.0,678.0,56.2545,38282.7487,85,16.6833,11357.0319,202304
678.0,679.0,678.0,679.0,21.6082,14650.8743,22,9.212,6246.2507,202304
678.0,681.0,677.0,680.0,51.9574,35281.5753,81,24.2071,16442.2223,202304
680.0,681.0,680.0,680.0,66.6515,45324.4593,119,20.6609,14050.8513,202304
679.0,680.0,679.0,680.0,8.5325,5801.1,12,5.9358,4036.344,202304
681.0,681.0,679.0,680.0,17.6429,11996.9156,14,0.3526,239.9295,202304
680.0,681.0,679.0,679.0,43.3951,29499.0102,51,13.3969,9113.0776,202304
679.0,681.0,679.0,680.0,30.2956,20598.6682,31,10.4869,7131.387,202304
680.0,680.0,679.0,680.0,40.1962,27312.7148,58,15.1339,10285.0108,202304
679.0,681.0,679.0,681.0,37.0724,25220.34,73,34.3318,23355.7289,202304
681.0,682.0,679.0,679.0,156.1258,106246.1706,260,29.6979,20222.2569,202304
679.0,680.0,678.0,679.0,32.4459,22030.9541,42,16.1189,10945.0751,202304
679.0,680.0,678.0,679.0,60.141,40836.1244,118,12.4625,8467.0779,202304
679.0,683.0,679.0,682.0,41.5309,28258.1223,135,18.1356,12332.4826,202304
681.0,681.0,680.0,680.0,21.5784,14676.955,64,0.4895,333.2045,202304
679.0,680.0,678.0,680.0,13.4584,9134.1927,45,5.7216,3885.5564,202304
680.0,680.0,678.0,679.0,27.0222,18346.1344,94,10.1012,6860.8366,202304
679.0,680.0,678.0,679.0,68.9561,46780.7488,135,38.2187,25939.2215,202304
679.0,680.0,678.0,679.0,21.9536,14898.1823,49,12.6696,8598.3952,202304
679.0,680.0,676.0,676.0,316.1993,214134.3256,347,173.0216,117152.4542,202304
676.0,677.0,675.0,677.0,38.9024,26292.9582,81,14.7442,9971.0439,202304
677.0,678.0,676.0,677.0,12.6105,8536.4295,63,11.6105,7860.4295,202304
678.0,678.0,676.0,676.0,45.0139,30457.4528,96,7.2568,4918.985,202304
676.0,677.0,672.0,672.0,97.6264,65732.9712,234,35.1126,23643.5825,202304
672.0,675.0,672.0,674.0,34.1872,23014.4437,85,24.0548,16193.5176,202304
674.0,674.0,670.0,671.0,44.8221,30117.4684,127,10.8932,7324.8304,202304
670.0,673.0,669.0,672.0,25.1841,16893.6719,89,15.0746,10113.6775,202304
672.0,672.0,669.0,670.0,42.0787,28218.9645,81,14.3275,9612.8516,202304
669.0,671.0,667.0,670.0,67.7916,45355.3533,162,34.1004,22810.0323,202304
670.0,670.0,669.0,669.0,54.6208,36592.458,90,27.7398,18585.666,202304
669.0,669.0,668.0,668.0,73.4498,49069.8974,192,46.6831,31186.3108,202304
668.0,670.0,668.0,670.0,26.628,17806.9385,73,25.0462,16749.948,202304
670.0,672.0,669.0,672.0,54.0146,36223.5957,69,28.2277,18943.8157,202304
671.0,671.0,670.0,670.0,39.4601,26448.4476,76,2.7959,1874.253,202304
669.0,671.0,669.0,670.0,27.1088,18160.7204,36,17.6935,11854.8946,202304
670.0,670.0,670.0,670.0,31.6923,21233.841,60,19.5313,13085.971,202304
670.0,671.0,669.0,670.0,53.2926,35708.606,76,9.9657,6680.23,202304
670.0,672.0,670.0,672.0,11.0107,7384.0767,30,7.4091,4970.7952,202304
672.0,673.0,672.0,673.0,23.8949,16059.1679,47,15.5439,10447.2959,202304
673.0,676.0,673.0,675.0,40.6927,27444.0449,95,31.0296,20921.8786,202304
674.0,675.0,673.0,674.0,17.4332,11752.8016,38,12.1412,8186.0238,202304
675.0,677.0,675.0,676.0,15.4633,10449.017,57,8.1353,5495.8099,202304
676.0,676.0,674.0,674.0,8.7414,5900.0691,24,1.0494,708.3944,202304
674.0,674.0,673.0,674.0,20.7031,13953.0588,35,16.1614,10892.7836,202304
674.0,675.0,672.0,673.0,16.9772,11435.7735,46,3.5303,2380.4283,202304
672.0,672.0,672.0,672.0,15.7068,10554.9696,49,0.0,0.0,202304
672.0,674.0,671.0,673.0,87.9435,59170.5368,157,65.6864,44198.4699,202304
673.0,677.0,673.0,676.0,36.1871,24410.6793,94,19.7013,13299.4555,202304
676.0,678.0,676.0,677.0,41.0014,27758.5446,133,8.5664,5800.1608,202304
676.0,679.0,675.0,676.0,97.1367,65809.1575,208,29.047,19675.8334,202304
676.0,677.0,676.0,677.0,22.6168,15301.2137,48,9.0153,6101.8413,202304
677.0,679.0,676.0,676.0,18.6363,12628.1041,68,9.9366,6733.8752,202304
676.0,676.0,674.0,675.0,36.7438,24793.6744,66,26.1275,17629.2436,202304
675.0,675.0,674.0,674.0,9.1795,6194.279,31,0.0,0.0,202304
674.0,676.0,674.0,676.0,19.7578,13329.057,32,11.6259,7848.1564,202304
675.0,675.0,675.0,675.0,42.5794,28741.095,67,21.8329,14737.2075,202304
675.0,675.0,674.0,674.0,20.7508,13987.539,44,4.8459,3266.1366,202304
675.0,676.0,675.0,675.0,17.5241,11829.165,54,9.9307,6703.62,202304
675.0,676.0,675.0,676.0,20.6722,13974.1375,38,10.4165,7041.554,202304
676.0,679.0,676.0,678.0,39.3636,26658.4193,68,23.0774,15631.9607,202304
678.0,678.0,676.0,676.0,20.8291,14108.6738,44,5.059,3430.002,202304
677.0,677.0,676.0,676.0,30.2253,20432.7256,29,7.2227,4882.968,202304
676.0,676.0,674.0,674.0,32.5242,21978.9545,61,8.9886,6076.2936,202304
675.0,676.0,674.0,675.0,14.2194,9594.9665,43,9.7258,6565.1441,202304
675.0,678.0,675.0,676.0,52.506,35520.0001,95,33.1413,22419.671,202304
676.0,676.0,674.0,675.0,46.2586,31249.1161,66,19.5973,13238.5826,202304
675.0,677.0,675.0,675.0,19.6016,13248.4117,38,9.3265,6304.7745,202304
676.0,677.0,674.0,677.0,39.1279,26436.2638,76,19.1544,12955.122,202304
677.0,678.0,676.0,677.0,40.2189,27233.3535,71,21.7104,14703.119,202304
677.0,679.0,677.0,678.0,27.8687,18892.0636,60,19.5139,13230.6751,202304
679.0,681.0,678.0,679.0,44.1892,30017.697,116,33.1817,22546.2278,202304
679.0,684.0,679.0,682.0,59.7331,40747.7516,203,32.8275,22403.9499,202304
682.0,683.0,680.0,682.0,41.7055,28433.7301,69,14.6499,9990.2618,202304
682.0,684.0,682.0,682.0,31.753,21675.4169,74,21.0971,14403.7268,202304
683.0,683.0,681.0,682.0,42.4557,28975.7054,66,28.2867,19308.7178,202304
683.0,684.0,681.0,681.0,22.7845,15542.4081,67,2.2785,1557.0474,202304
681.0,684.0,681.0,683.0,26.263,17924.1129,50,19.7414,13470.5652,202304
682.0,682.0,682.0,682.0,7.1513,4877.1866,17,1.2523,854.0686,202304
682.0,683.0,681.0,682.0,30.4879,20792.5948,30,9.9824,6808.3438,202304
683.0,683.0,681.0,682.0,27.611,18829.2906,22,14.4433,9850.3876,202304
681.0,682.0,680.0,681.0,22.0522,15017.0132,55,4.4843,3053.8687,202304
681.0,682.0,680.0,680.0,38.4562,26190.6211,40,19.4898,13274.5898,202304
681.0,682.0,681.0,682.0,53.0848,36150.9694,58,30.1153,20508.7399,202304
681.0,683.0,681.0,682.0,29.2513,19949.7848,53,20.2485,13812.9179,202304
682.0,682.0,682.0,682.0,7.9387,5414.1934,13,6.9887,4766.2934,202304
683.0,694.0,682.0,683.0,965.5895,664122.1065,1320,791.0284,544344.8747,202304
683.0,685.0,677.0,679.0,935.5189,636406.0246,1211,262.3007,178581.9184,202304
679.0,680.0,679.0,680.0,11.0729,7518.6524,31,6.3506,4312.2107,202304
680.0,682.0,679.0,680.0,37.6574,25620.2702,95,14.9785,10192.1899,202304
679.0,679.0,676.0,677.0,54.9929,37265.3509,134,12.1074,8206.5637,202304
676.0,676.0,665.0,667.0,174.8469,117306.3887,528,65.7569,44008.272,202304
667.0,670.0,665.0,668.0,200.9243,134017.2595,459,125.7167,83872.0739,202304
668.0,670.0,666.0,668.0,82.8085,55301.0636,155,28.9021,19306.905,202304
668.0,669.0,665.0,669.0,53.5848,35771.8432,106,26.0174,17362.71,202304
669.0,669.0,665.0,666.0,45.8063,30514.2432,92,27.3831,18242.9714,202304
667.0,670.0,667.0,669.0,45.6493,30478.2515,78,18.4981,12348.6037,202304
669.0,669.0,667.0,668.0,41.1505,27493.6766,50,15.7641,10534.1342,202304
668.0,670.0,667.0,670.0,129.2426,86511.4407,128,118.6577,79437.5388,202304
669.0,670.0,668.0,670.0,33.1512,22185.2535,60,16.7734,11227.612,202304
670.0,670.0,667.0,669.0,56.4522,37725.8434,135,26.2061,17515.2098,202304
668.0,668.0,661.0,668.0,229.7968,152698.7838,531,79.5801,52846.486,202304
668.0,668.0,665.0,667.0,39.0275,26027.7722,77,18.1466,12104.7953,202304
666.0,669.0,665.0,669.0,36.1579,24098.6198,96,15.7789,10526.0511,202304
668.0,670.0,666.0,669.0,40.8585,27306.8022,76,25.3624,16953.2712,202304
669.0,669.0,668.0,669.0,19.4495,13007.8594,20,10.8386,7251.0234,202304
669.0,669.0,668.0,669.0,28.9379,19334.6304,47,2.6429,1768.1001,202304
669.0,671.0,669.0,670.0,17.2667,11557.7285,37,11.4031,7633.5969,202304
671.0,672.0,671.0,672.0,18.8949,12683.6698,73,13.1091,8799.3641,202304
672.0,672.0,671.0,672.0,21.2939,14298.5459,24,5.8303,3917.9616,202304
672.0,674.0,671.0,673.0,33.5908,22596.3193,79,26.8092,18039.495,202304
673.0,676.0,673.0,674.0,32.9356,22226.3642,97,18.4344,12440.5626,202304
675.0,675.0,673.0,675.0,16.8826,11373.1752,39,4.8289,3257.777,202304
674.0,674.0,673.0,673.0,9.04,6090.4129,27,1.5381,1036.6794,202304
673.0,674.0,673.0,674.0,21.0905,14200.9892,44,17.4636,11757.8256,202304
674.0,675.0,674.0,674.0,5.5673,3752.3976,13,1.5159,1021.754,202304
674.0,677.0,673.0,677.0,42.5869,28786.3372,88,38.3738,25944.6608,202304
677.0,677.0,675.0,676.0,38.171,25806.2179,80,9.3762,6344.3354,202304
676.0,679.0,675.0,677.0,284.7448,192784.9067,284,199.1549,134890.6132,202304
677.0,678.0,676.0,676.0,22.4131,15174.6155,37,7.2473,4907.6536,202304
677.0,677.0,676.0,676.0,8.4626,5728.8326,11,8.115,5493.855,202304
677.0,678.0,676.0,676.0,14.8127,10025.9638,27,5.2794,3573.8322,202304
676.0,678.0,676.0,677.0,27.0958,18342.3484,46,11.2004,7581.7105,202304
677.0,678.0,677.0,677.0,25.2507,17105.7921,44,16.57,11227.532,202304
677.0,678.0,677.0,677.0,10.0301,6790.8777,19,5.9435,4024.2495,202304
677.0,678.0,674.0,678.0,153.1722,103487.4832,292,12.3467,8348.3768,202304
678.0,679.0,676.0,676.0,49.8707,33791.4952,87,19.0806,12936.6771,202304
677.0,677.0,676.0,677.0,0.9388,635.5229,7,0.8941,605.3057,202304
676.0,677.0,675.0,677.0,34.6412,23413.1552,69,14.1253,9551.3867,202304
677.0,677.0,676.0,676.0,1.1672,789.0951,5,0.0679,45.9683,202304
676.0,676.0,675.0,676.0,5.6101,3792.3329,18,3.3434,2260.1384,202304
676.0,676.0,676.0,676.0,26.1567,17681.9292,50,18.399,12437.724,202304
676.0,676.0,669.0,672.0,264.6287,177892.1203,513,56.5798,38061.434,202304
671.0,673.0,669.0,673.0,47.5486,31923.5432,161,31.3458,21054.7547,202304
673.0,674.0,672.0,674.0,27.6612,18621.5572,55,14.6744,9881.551,202304
674.0,674.0,672.0,673.0,30.9912,20870.6983,50,10.639,7167.2552,202304
673.0,673.0,673.0,673.0,0.4701,316.3773,3,0.0,0.0,202304
673.0,675.0,672.0,673.0,13.4622,9065.6938,43,5.3853,3629.6909,202304
673.0,675.0,673.0,675.0,24.1399,16271.8174,36,23.7331,15997.6342,202304
674.0,675.0,673.0,674.0,47.4516,31994.9724,84,10.8777,7339.1146,202304
674.0,675.0,674.0,675.0,14.3137,9653.7934,23,12.824,8648.303,202304
675.0,676.0,674.0,675.0,27.3893,18484.5531,19,3.0588,2064.7209,202304
674.0,674.0,673.0,673.0,12.5502,8454.0519,35,5.1896,3497.4294,202304
673.0,675.0,673.0,673.0,45.5401,30681.2682,59,21.7553,14664.8739,202304
672.0,673.0,668.0,669.0,69.8728,46881.9505,149,24.0532,16130.5615,202304
669.0,671.0,669.0,671.0,36.3804,24376.4463,85,25.9146,17364.6584,202304
671.0,671.0,670.0,671.0,37.9543,25442.3353,35,11.4456,7679.9976,202304
671.0,672.0,670.0,672.0,15.1702,10179.7686,25,8.3634,5613.9856,202304
671.0,672.0,671.0,671.0,55.3425,37146.8175,45,38.2536,25680.1656,202304
671.0,671.0,670.0,671.0,13.7493,9225.7584,25,7.1574,4802.6154,202304
671.0,671.0,671.0,671.0,15.8464,10632.9344,30,7.9546,5337.5366,202304
671.0,671.0,671.0,671.0,16.0004,10736.2684,42,3.0196,2026.1516,202304
671.0,672.0,670.0,672.0,24.1762,16232.7504,47,14.6578,9841.5372,202304
672.0,674.0,671.0,673.0,18.7793,12629.4026,34,11.9248,8023.6177,202304
673.0,674.0,673.0,674.0,38.7594,26095.7735,49,16.1062,10847.5853,202304
675.0,675.0,674.0,675.0,41.2301,27825.7751,74,31.0375,20950.3125,202304
674.0,674.0,672.0,672.0,87.4252,58892.6806,95,0.3135,210.9855,202304
672.0,674.0,672.0,672.0,43.5237,29290.1068,61,17.2885,11636.3086,202304
673.0,673.0,671.0,671.0,41.6167,27986.4876,80,11.415,7679.9017,202304
672.0,672.0,672.0,672.0,10.8841,7314.1152,23,9.6156,6461.6832,202304
673.0,673.0,671.0,672.0,23.8892,16052.6321,42,7.9983,5376.5292,202304
673.0,673.0,671.0,671.0,11.5698,7766.6449,22,4.3669,2930.3027,202304
671.0,672.0,671.0,672.0,1.6133,1083.9886,14,1.2754,857.0688,202304
673.0,673.0,673.0,673.0,2.9773,2003.7229,17,2.9023,1953.2479,202304
673.0,673.0,673.0,673.0,11.2285,7556.7805,14,5.9659,4015.0507,202304
673.0,674.0,673.0,674.0,16.0979,10837.4155,43,7.1095,4788.2223,202304
674.0,674.0,674.0,674.0,16.3149,10996.2426,24,16.0213,10798.3562,202304
674.0,675.0,673.0,675.0,21.0139,14163.1806,27,12.3191,8304.0734,202304
675.0,676.0,675.0,676.0,27.8922,18841.3476,91,23.3487,15769.9787,202304
676.0,676.0,675.0,676.0,24.1107,16297.9426,48,13.3547,9027.7772,202304
676.0,676.0,675.0,675.0,16.5377,11164.0577,22,1.1102,750.4952,202304
675.0,675.0,675.0,675.0,5.5644,3755.97,7,1.4979,1011.0825,202304
675.0,675.0,674.0,674.0,0.7724,520.627,4,0.0294,19.845,202304
674.0,674.0,672.0,673.0,22.881,15402.8655,49,1.9645,1322.1649,202304
673.0,674.0,673.0,673.0,32.793,22096.227,51,26.8391,18087.613,202304
673.0,673.0,673.0,673.0,12.4547,8382.0131,18,8.5689,5766.8697,202304
673.0,673.0,673.0,673.0,12.9464,8712.9272,16,6.6726,4490.6598,202304
673.0,673.0,673.0,673.0,1.8085,1217.1205,4,1.8085,1217.1205,202304
673.0,673.0,673.0,673.0,18.2419,12276.7987,33,11.7995,7941.0635,202304
673.0,673.0,673.0,673.0,14.671,9873.583,23,6.862,4618.126,202304
672.0,673.0,672.0,673.0,12.5427,8429.1184,26,0.424,285.352,202304
673.0,673.0,672.0,672.0,12.9735,8730.5947,13,12.4027,8347.0171,202304
673.0,673.0,673.0,673.0,12.6251,8496.6923,27,10.8582,7307.5686,202304
672.0,673.0,672.0,673.0,0.48,323.0184,3,0.4584,308.5032,202304
673.0,674.0,673.0,673.0,9.9072,6667.6029,17,4.54,3055.4773,202304
672.0,673.0,672.0,673.0,14.2846,9613.3389,18,7.9661,5361.1853,202304
674.0,674.0,674.0,674.0,5.8327,3931.2398,26,5.8327,3931.2398,202304
674.0,674.0,673.0,673.0,17.0775,11503.4141,22,1.8243,1229.5782,202304
673.0,673.0,672.0,672.0,34.0013,22860.6506,63,10.2939,6921.3876,202304
672.0,673.0,672.0,673.0,5.8955,3961.8241,7,4.2535,2858.4001,202304
673.0,673.0,672.0,672.0,0.2778,186.7667,2,0.0851,57.2723,202304
672.0,672.0,670.0,670.0,45.55,30528.0053,49,1.7586,1178.4896,202304
670.0,671.0,669.0,669.0,15.6025,10453.6294,36,3.0702,2057.071,202304
669.0,669.0,669.0,669.0,0.0391,26.1579,1,0.0,0.0,202304
670.0,671.0,670.0,671.0,9.2135,6175.5378,11,9.2135,6175.5378,202304
671.0,671.0,671.0,671.0,0.0151,10.1321,1,0.0151,10.1321,202304
671.0,672.0,671.0,671.0,11.2201,7528.8031,18,5.9281,3977.8711,202304
671.0,672.0,671.0,672.0,4.2488,2853.3108,9,4.2488,2853.3108,202304
671.0,672.0,671.0,672.0,0.1702,114.2339,2,0.0297,19.9584,202304
671.0,671.0,671.0,671.0,0.3591,240.9561,2,0.0,0.0,202304
672.0,674.0,672.0,673.0,32.889,22134.1567,81,29.158,19623.1937,202304
673.0,673.0,672.0,672.0,8.6461,5816.5027,26,0.1889,127.1297,202304
673.0,673.0,672.0,673.0,1.8782,1263.0121,6,0.8617,579.9241,202304
672.0,673.0,672.0,673.0,3.9115,2629.0395,13,0.5115,344.2395,202304
673.0,675.0,673.0,674.0,69.209,46624.3389,126,30.4155,20500.9771,202304
673.0,673.0,672.0,673.0,9.9417,6690.5622,25,0.176,118.448,202304
673.0,673.0,672.0,672.0,14.3095,9616.0003,41,0.19,127.6963,202304
671.0,672.0,671.0,671.0,4.4351,2979.0213,13,3.0692,2062.5024,202304
672.0,672.0,671.0,671.0,7.2407,4859.5504,19,1.0407,699.3504,202304
672.0,673.0,671.0,671.0,16.6779,11207.5202,24,8.7604,5887.9906,202304
671.0,672.0,671.0,672.0,10.7872,7248.8019,21,6.2518,4201.2096,202304
672.0,672.0,671.0,671.0,7.4588,5012.2141,11,4.4868,3015.1296,202304
671.0,671.0,670.0,670.0,1.4861,997.0096,14,0.1334,89.5114,202304
670.0,671.0,669.0,671.0,26.3437,17656.2245,40,16.121,10807.0765,202304
671.0,671.0,671.0,671.0,0.0,0.0,0,0.0,0.0,202304
670.0,672.0,670.0,672.0,38.9788,26139.3698,37,26.4111,17708.7824,202304
671.0,674.0,671.0,673.0,33.6614,22650.9641,96,20.6646,13904.4205,202304
673.0,674.0,673.0,674.0,3.9225,2640.2661,9,2.2407,1508.4147,202304
673.0,674.0,673.0,674.0,31.7159,21365.0474,54,7.737,5213.2614,202304
675.0,676.0,674.0,674.0,32.5791,21988.2549,78,21.2165,14320.3762,202304
675.0,675.0,674.0,674.0,14.0063,9448.0117,34,12.2697,8277.5433,202304
674.0,675.0,674.0,674.0,25.4395,17146.7052,41,8.9447,6029.21,202304
674.0,676.0,674.0,675.0,22.219,14992.1558,80,17.531,11828.3522,202304
675.0,676.0,675.0,675.0,12.948,8740.197,28,5.6063,3784.5495,202304
675.0,675.0,674.0,674.0,3.7025,2499.1724,12,3.6874,2488.995,202304
675.0,676.0,675.0,676.0,9.2215,6228.5625,28,9.0265,6096.9375,202304
675.0,675.0,674.0,675.0,20.0618,13541.6024,22,0.4574,308.745,202304
675.0,675.0,675.0,675.0,0.1074,72.495,2,0.1074,72.495,202304
675.0,675.0,674.0,674.0,0.3004,202.5733,3,0.1037,69.9975,202304
675.0,675.0,674.0,674.0,26.8747,18113.6768,44,6.8959,4647.9656,202304
674.0,674.0,674.0,674.0,12.5308,8445.7592,12,12.5308,8445.7592,202304
674.0,675.0,673.0,675.0,35.1746,23702.6202,59,20.3139,13691.6044,202304
675.0,675.0,673.0,674.0,16.5221,11131.7779,26,4.1809,2817.9645,202304
675.0,675.0,674.0,674.0,1.1836,797.7949,3,0.0485,32.7375,202304
674.0,675.0,674.0,674.0,4.5263,3050.7813,17,0.0551,37.1925,202304
675.0,675.0,674.0,674.0,6.0659,4088.5182,15,3.4554,2329.0412,202304
674.0,674.0,674.0,674.0,8.649,5829.426,10,1.3687,922.5038,202304
673.0,674.0,673.0,674.0,32.1568,21642.5558,58,8.2357,5543.6555,202304
673.0,674.0,672.0,673.0,17.0455,11482.4988,29,13.3258,8979.5547,202304
674.0,674.0,674.0,674.0,18.709,12609.866,20,12.4266,8375.5284,202304
673.0,674.0,673.0,673.0,2.4548,1654.0032,22,1.9228,1295.9672,202304
674.0,675.0,674.0,675.0,9.4351,6363.7758,39,9.3905,6333.7154,202304
676.0,676.0,675.0,676.0,0.556,375.8269,4,0.5269,356.1844,202304
676.0,677.0,675.0,675.0,24.112,16299.2954,142,18.8461,12740.2574,202304
676.0,677.0,675.0,676.0,9.8398,6652.6721,61,9.3976,6354.1467,202304
676.0,676.0,676.0,676.0,19.3575,13085.67,26,0.9564,646.5264,202304
676.0,676.0,676.0,676.0,10.8193,7313.8468,31,10.5235,7113.886,202304
676.0,677.0,676.0,676.0,7.9155,5350.9395,16,0.0615,41.6355,202304
676.0,676.0,675.0,676.0,0.6876,464.3026,6,0.1726,116.6776,202304
676.0,677.0,676.0,676.0,20.0149,13530.2105,33,8.4619,5720.3825,202304
676.0,676.0,675.0,675.0,98.0479,66194.3761,102,17.081,11538.3528,202304
675.0,675.0,674.0,674.0,6.8316,4610.2184,12,2.8588,1929.69,202304
675.0,675.0,674.0,674.0,0.1497,100.9869,4,0.0891,60.1425,202304
675.0,677.0,675.0,675.0,20.3658,13761.7971,39,5.1051,3449.3819,202304
675.0,676.0,675.0,676.0,7.165,4836.6391,22,0.7838,529.3291,202304
676.0,676.0,676.0,676.0,2.3451,1585.2876,3,2.3451,1585.2876,202304
675.0,676.0,675.0,675.0,32.0279,21629.5984,77,12.3718,8361.7309,202304
675.0,675.0,674.0,675.0,22.4484,15148.9597,45,14.9279,10076.3325,202304
676.0,676.0,674.0,676.0,21.2156,14319.5094,46,9.0452,6105.6994,202304
676.0,676.0,675.0,676.0,5.0844,3436.9356,19,4.9656,3356.7456,202304
676.0,678.0,676.0,677.0,30.2988,20511.2639,99,15.4972,10490.5807,202304
677.0,678.0,676.0,676.0,12.0988,8189.2937,31,8.4751,5737.995,202304
677.0,677.0,676.0,677.0,1.534,1038.5029,12,1.5189,1028.2953,202304
677.0,677.0,676.0,676.0,102.4698,69352.1459,137,52.7932,35740.9964,202304
676.0,676.0,676.0,676.0,27.707,18729.932,67,4.144,2801.344,202304
677.0,677.0,676.0,676.0,9.4278,6382.4838,7,9.291,6290.007,202304
676.0,676.0,674.0,674.0,24.1632,16323.7361,30,0.7932,535.41,202304
675.0,675.0,674.0,675.0,7.0791,4778.3747,13,7.0613,4766.3775,202304
674.0,675.0,673.0,674.0,20.1524,13582.8554,52,4.1137,2772.8338,202304
674.0,675.0,674.0,674.0,24.0174,16188.2863,49,22.1855,14953.5857,202304
674.0,678.0,674.0,678.0,125.8628,85219.3337,121,122.1671,82721.4408,202304
678.0,678.0,677.0,677.0,68.751,46561.7062,138,33.2195,22506.8807,202304
677.0,679.0,677.0,679.0,74.4143,50450.4901,118,54.0369,36634.6129,202304
679.0,679.0,676.0,677.0,61.3454,41579.4114,98,21.857,14820.5525,202304
677.0,677.0,676.0,677.0,47.3048,32004.1518,50,20.962,14191.274,202304
677.0,680.0,677.0,677.0,73.0353,49585.4227,124,29.1841,19825.735,202304
677.0,678.0,676.0,678.0,44.7735,30325.8216,96,25.9961,17606.5039,202304
678.0,680.0,678.0,679.0,87.0968,59162.4098,105,61.9379,42080.9509,202304
679.0,680.0,678.0,680.0,44.798,30417.3981,58,11.8178,8025.1351,202304
680.0,680.0,679.0,679.0,24.9349,16931.2271,45,14.5197,9859.3063,202304
680.0,680.0,679.0,680.0,2.4609,1672.331,9,1.3799,938.332,202304
680.0,683.0,679.0,681.0,199.2206,135604.8413,261,154.417,105053.3797,202304
681.0,681.0,679.0,679.0,10.4901,7137.8186,55,4.161,2833.5892,202304
679.0,680.0,678.0,679.0,11.589,7870.9717,64,2.9963,2036.832,202304
678.0,680.0,678.0,679.0,18.7205,12717.1019,128,15.1638,10302.1749,202304
679.0,682.0,679.0,681.0,33.9453,23114.9607,61,8.3957,5716.0128,202304
681.0,683.0,681.0,682.0,47.7673,32599.5968,100,35.1094,23961.1842,202304
682.0,684.0,680.0,680.0,117.0062,79802.0797,300,52.2241,35677.7522,202304
680.0,681.0,679.0,679.0,31.5387,21437.7847,73,14.8941,10126.5571,202304
679.0,680.0,679.0,680.0,0.224,152.2971,5,0.2011,136.748,202304
680.0,680.0,680.0,680.0,7.5954,5164.872,26,5.6827,3864.236,202304
680.0,681.0,679.0,680.0,33.1138,22524.0859,98,21.5873,14683.7283,202304
681.0,681.0,680.0,680.0,11.1784,7612.4315,30,6.0584,4125.7704,202304
681.0,681.0,679.0,680.0,18.7482,12745.549,38,5.7421,3904.916,202304
680.0,683.0,680.0,683.0,64.1916,43748.3902,114,41.4955,28283.0105,202304
682.0,683.0,681.0,682.0,22.2786,15184.6146,61,7.3326,4997.6885,202304
682.0,682.0,680.0,680.0,43.2402,29417.1545,72,6.9362,4716.7605,202304
681.0,682.0,680.0,682.0,12.668,8626.923,38,7.1407,4862.8469,202304
682.0,682.0,679.0,680.0,29.2991,19938.5178,87,19.4319,13223.4199,202304
681.0,681.0,680.0,680.0,4.61,3138.8284,25,0.8413,572.9253,202304
680.0,681.0,680.0,681.0,18.034,12271.3571,35,14.7507,10038.7131,202304
681.0,681.0,677.0,678.0,49.6307,33705.5818,101,8.6612,5873.5234,202304
678.0,679.0,678.0,678.0,6.2627,4248.1413,20,4.8061,3260.5665,202304
678.0,679.0,676.0,678.0,58.7046,39781.4537,144,12.2623,8314.4756,202304
678.0,678.0,676.0,677.0,34.7183,23494.8611,95,15.2726,10339.6239,202304
678.0,680.0,678.0,680.0,53.1609,36105.1614,123,28.9839,19674.5417,202304
680.0,680.0,679.0,680.0,7.0539,4791.5558,12,1.9577,1331.236,202304
680.0,680.0,679.0,680.0,16.9703,11537.5082,32,14.6745,9978.66,202304
681.0,682.0,681.0,681.0,3.0134,2053.0167,24,3.0134,2053.0167,202304
680.0,680.0,679.0,679.0,24.2681,16488.0075,45,8.0709,5480.765,202304
679.0,681.0,679.0,680.0,11.0989,7547.1851,27,9.8846,6721.6013,202304
681.0,682.0,681.0,681.0,25.3678,17276.501,40,17.3564,11820.7376,202304
682.0,683.0,681.0,683.0,9.5625,6522.9264,28,9.2048,6279.2841,202304
683.0,683.0,681.0,681.0,47.5327,32407.9606,96,11.0341,7522.7918,202304
681.0,683.0,681.0,682.0,96.1719,65557.7986,113,42.9652,29293.129,202304
682.0,683.0,681.0,681.0,24.0197,16378.453,47,4.7077,3211.9942,202304
681.0,682.0,679.0,680.0,37.9696,25839.1008,94,12.4272,8467.8447,202304
680.0,680.0,679.0,680.0,7.5235,5111.9682,31,3.3585,2283.78,202304
680.0,681.0,679.0,680.0,8.4488,5746.0149,28,3.1091,2115.0729,202304
679.0,679.0,677.0,678.0,42.6206,28907.0291,90,16.4956,11193.0474,202304
678.0,678.0,675.0,675.0,38.9788,26363.0341,120,5.6586,3828.0811,202304
675.0,678.0,675.0,676.0,53.0593,35870.9115,139,38.8854,26284.1276,202304
676.0,679.0,676.0,677.0,47.4537,32117.1482,79,35.5728,24078.0319,202304
678.0,678.0,676.0,677.0,27.8352,18856.6219,56,10.2991,6982.2864,202304
677.0,679.0,677.0,679.0,35.4092,23991.4325,70,32.837,22248.3391,202304
678.0,680.0,678.0,679.0,17.9973,12220.3373,47,13.9608,9479.6262,202304
680.0,682.0,680.0,682.0,17.2287,11724.1344,49,16.7434,11394.1304,202304
681.0,681.0,681.0,681.0,18.5078,12603.8118,20,0.6049,411.9369,202304
681.0,682.0,679.0,679.0,44.979,30564.5794,51,3.3768,2299.6618,202304
679.0,680.0,678.0,678.0,14.1127,9582.4637,36,4.7101,3198.5813,202304
679.0,680.0,677.0,677.0,27.7099,18806.8644,78,7.9138,5375.217,202304
678.0,679.0,677.0,677.0,3.0198,2047.0784,9,1.2111,821.156,202304
677.0,678.0,674.0,675.0,325.8211,220181.1589,333,39.2159,26514.2395,202304
675.0,678.0,675.0,678.0,34.1462,23084.534,77,27.9971,18931.4424,202304
677.0,678.0,677.0,678.0,6.8645,4648.7736,12,1.5071,1021.8138,202304
678.0,678.0,678.0,678.0,1.6421,1113.3438,5,1.6421,1113.3438,202304
678.0,678.0,677.0,677.0,16.4582,11143.201,28,1.0544,714.8284,202304
677.0,678.0,677.0,678.0,42.3742,28719.3829,49,34.1147,23119.4419,202304
678.0,678.0,676.0,677.0,62.2736,42196.3328,112,21.6357,14668.4796,202304
677.0,677.0,676.0,676.0,19.1559,12952.7918,46,3.5461,2400.567,202304
676.0,678.0,676.0,677.0,12.0437,8150.6349,22,11.9382,8079.2489,202304
677.0,678.0,677.0,678.0,17.4951,11844.213,15,1.6325,1105.2328,202304
678.0,678.0,677.0,677.0,15.5747,10545.3335,18,1.2616,855.3648,202304
677.0,677.0,676.0,677.0,13.221,8950.095,27,6.9265,4689.2405,202304
677.0,678.0,677.0,678.0,11.4087,7724.0834,10,9.7975,6633.301,202304
678.0,679.0,678.0,679.0,77.9897,52884.5574,94,41.7288,28299.6672,202304
679.0,679.0,678.0,678.0,1.5761,1068.6477,6,0.0519,35.2401,202304
679.0,679.0,678.0,679.0,7.5383,5115.5165,19,4.5491,3088.8389,202304
679.0,679.0,678.0,678.0,8.7659,5945.5751,32,2.2949,1558.2371,202304
678.0,680.0,678.0,679.0,21.2433,14422.6589,45,15.9897,10859.4235,202304
679.0,679.0,678.0,678.0,6.0097,4080.2997,5,0.0,0.0,202304
679.0,679.0,679.0,679.0,0.5403,366.8637,1,0.5403,366.8637,202304
679.0,680.0,678.0,680.0,36.6253,24870.7437,50,30.8639,20964.5145,202304
679.0,681.0,679.0,680.0,3.8576,2623.9069,20,3.6005,2449.1471,202304
681.0,681.0,678.0,679.0,54.6474,37119.9157,127,5.7591,3911.6635,202304
679.0,680.0,679.0,679.0,4.873,3312.7386,24,3.9716,2700.688,202304
680.0,680.0,679.0,679.0,2.3779,1616.9003,2,2.3062,1568.216,202304
680.0,681.0,679.0,680.0,23.9112,16263.6915,46,14.3078,9733.3859,202304
681.0,681.0,679.0,680.0,28.304,19246.5395,71,10.4571,7113.0392,202304
680.0,682.0,680.0,681.0,12.2583,8346.196,43,4.8378,3292.8603,202304
681.0,682.0,680.0,680.0,6.3868,4345.9711,15,0.8346,568.6104,202304
681.0,681.0,680.0,680.0,14.5067,9864.6166,31,9.3109,6331.4726,202304
680.0,680.0,680.0,680.0,0.1009,68.612,1,0.0,0.0,202304
680.0,682.0,680.0,681.0,20.085,13677.2916,43,10.6979,7288.322,202304
681.0,681.0,679.0,679.0,9.7469,6622.841,38,2.2936,1557.4484,202304
680.0,681.0,679.0,679.0,5.2755,3587.0683,25,3.9478,2684.967,202304
679.0,679.0,678.0,679.0,8.6054,5841.0666,25,1.9143,1299.8097,202304
679.0,680.0,679.0,680.0,11.0472,7505.5496,14,4.5008,3060.544,202304
680.0,681.0,679.0,680.0,25.3006,17204.7614,37,15.8445,10774.7558,202304
680.0,681.0,679.0,680.0,35.4302,24102.197,57,22.6253,15395.535,202304
680.0,681.0,679.0,679.0,4.1765,2840.3864,20,0.7374,501.826,202304
680.0,680.0,680.0,680.0,0.719,488.92,9,0.5724,389.232,202304
680.0,681.0,680.0,680.0,7.3291,4984.621,24,5.7865,3935.653,202304
681.0,681.0,681.0,681.0,9.9848,6799.6488,34,7.4418,5067.8658,202304
681.0,681.0,680.0,680.0,4.0241,2740.397,6,0.0,0.0,202304
681.0,682.0,681.0,681.0,18.2515,12441.4215,32,16.4648,11224.6788,202304
681.0,682.0,681.0,682.0,6.1712,4203.225,9,0.6378,434.9796,202304
681.0,683.0,681.0,683.0,18.2676,12462.2674,55,12.3286,8412.2805,202304
683.0,683.0,681.0,682.0,24.4825,16697.4988,48,6.8384,4664.2536,202304
682.0,683.0,682.0,682.0,9.6944,6612.6158,16,8.6306,5887.1042,202304
682.0,682.0,681.0,682.0,6.7688,4615.9042,21,2.2708,1548.6856,202304
682.0,682.0,681.0,682.0,10.0081,6815.7287,12,0.2126,144.9932,202304
681.0,681.0,679.0,680.0,69.6653,47358.719,167,15.5473,10557.6731,202304
680.0,681.0,680.0,680.0,2.9468,2003.8974,13,0.0734,49.9854,202304
681.0,681.0,680.0,681.0,4.1653,2834.0591,24,1.6551,1127.1231,202304
681.0,682.0,680.0,681.0,20.8664,14208.0147,37,6.3514,4325.3332,202304
680.0,682.0,680.0,682.0,21.9189,14930.6869,27,18.3206,12483.7147,202304
682.0,683.0,682.0,682.0,15.1733,10348.3371,24,14.5548,9926.5201,202304
682.0,682.0,681.0,681.0,15.7852,10761.6111,26,0.0733,49.9906,202304
682.0,682.0,680.0,680.0,13.8729,9446.109,22,6.9905,4760.5453,202304
681.0,683.0,681.0,682.0,23.965,16345.1015,62,16.7455,11422.9535,202304
682.0,683.0,681.0,683.0,10.9278,7452.5993,17,4.7896,3266.5292,202304
682.0,683.0,681.0,682.0,85.7021,58493.5931,74,66.9067,45676.0862,202304
683.0,683.0,681.0,683.0,20.6682,14105.3099,21,16.9648,11582.5206,202304
682.0,682.0,681.0,681.0,11.1848,7622.1119,23,0.0249,16.9818,202304
681.0,682.0,681.0,682.0,29.1438,19863.2103,64,23.0398,15700.4289,202304
682.0,682.0,680.0,680.0,27.2775,18586.9519,55,16.7104,11393.5404,202304
681.0,681.0,679.0,679.0,22.8691,15545.4792,36,3.7981,2586.5061,202304
679.0,679.0,679.0,679.0,0.0,0.0,0,0.0,0.0,202304
679.0,680.0,679.0,679.0,0.5279,358.4717,7,0.0276,18.768,202304
680.0,680.0,679.0,680.0,2.5123,1707.7915,14,1.9398,1319.064,202304
680.0,681.0,680.0,680.0,4.3621,2969.9802,20,3.8128,2596.4562,202304
681.0,682.0,681.0,681.0,11.0802,7545.7978,19,4.1905,2853.9121,202304
682.0,682.0,681.0,681.0,0.4133,281.4736,3,0.0163,11.1166,202304
681.0,681.0,681.0,681.0,2.5999,1770.5319,3,0.0,0.0,202304
681.0,681.0,681.0,681.0,4.3467,2960.1027,8,0.0,0.0,202304
681.0,681.0,680.0,680.0,8.0352,5464.1591,19,0.2231,151.9311,202304
680.0,682.0,680.0,681.0,15.5255,10572.5596,33,14.9793,10200.9356,202304
681.0,681.0,681.0,681.0,0.1208,82.2648,1,0.1208,82.2648,202304
680.0,680.0,679.0,680.0,13.3444,9067.5006,18,4.3412,2952.016,202304
680.0,680.0,680.0,680.0,9.6792,6581.856,15,4.636,3152.48,202304
680.0,680.0,680.0,680.0,2.1668,1473.424,4,0.0,0.0,202304
680.0,681.0,680.0,681.0,4.5779,3115.6626,13,2.7471,1870.7186,202304
681.0,682.0,681.0,681.0,12.606,8586.0751,33,8.9888,6122.7619,202304
681.0,682.0,681.0,682.0,14.9989,10214.2701,21,0.0192,13.0944,202304
681.0,681.0,681.0,681.0,1.978,1347.018,5,0.0,0.0,202304
681.0,681.0,680.0,680.0,6.2833,4274.5284,16,0.0176,11.9856,202304
679.0,680.0,678.0,680.0,20.6299,14004.1511,51,7.6881,5220.7312,202304
680.0,680.0,678.0,680.0,34.9209,23692.5814,49,12.2825,8340.913,202304
679.0,680.0,678.0,679.0,4.8284,3278.5569,24,0.1162,79.016,202304
679.0,679.0,678.0,679.0,5.5101,3741.3087,19,4.616,3134.264,202304
679.0,680.0,679.0,680.0,1.0103,686.7987,9,1.0103,686.7987,202304
680.0,681.0,680.0,681.0,10.3684,7053.7168,16,10.289,6999.7248,202304
680.0,680.0,679.0,680.0,10.1975,6932.3,20,2.1849,1485.732,202304
681.0,681.0,681.0,681.0,0.0386,26.2866,2,0.0386,26.2866,202304
681.0,681.0,680.0,681.0,5.0903,3463.9354,8,2.5314,1723.8834,202304
680.0,681.0,680.0,681.0,1.3705,932.0134,3,0.0734,49.9854,202304
680.0,680.0,679.0,679.0,9.1721,6235.9974,18,0.0,0.0,202304
680.0,680.0,678.0,680.0,32.6332,22137.3523,81,19.7117,13372.2294,202304
679.0,681.0,679.0,681.0,30.493,20734.5436,49,25.2875,17200.0091,202304
681.0,681.0,681.0,681.0,46.4632,31641.4392,89,12.196,8305.476,202304
681.0,687.0,681.0,686.0,92.5943,63374.6438,291,73.0088,49968.8729,202304
685.0,685.0,684.0,685.0,16.3949,11229.7933,39,5.5394,3794.489,202304
685.0,688.0,685.0,687.0,80.3792,55117.8311,138,47.792,32777.517,202304
687.0,688.0,686.0,687.0,132.4489,91088.2299,139,83.7097,57587.71,202304
687.0,688.0,686.0,687.0,39.2806,27004.7103,99,21.4598,14754.4445,202304
687.0,690.0,687.0,688.0,88.8516,61209.2012,192,55.4262,38187.6635,202304
689.0,690.0,687.0,688.0,24.4646,16845.3665,80,12.8392,8839.9232,202304
689.0,690.0,688.0,689.0,30.8074,21232.5083,79,16.4475,11341.813,202304
688.0,690.0,688.0,689.0,24.4946,16879.3722,36,14.3653,9900.3571,202304
689.0,690.0,688.0,688.0,20.1627,13884.15,40,2.6888,1850.3049,202304
688.0,689.0,688.0,688.0,14.5866,10035.8704,22,7.4224,5106.9008,202304
689.0,691.0,688.0,689.0,22.6578,15624.7286,83,15.2515,10515.3225,202304
689.0,691.0,689.0,690.0,33.7324,23284.74,137,24.2448,16741.0903,202304
690.0,690.0,689.0,690.0,14.477,9988.6096,30,7.8025,5383.725,202304
690.0,690.0,688.0,690.0,55.4778,38227.0869,111,22.9048,15786.499,202304
689.0,692.0,689.0,691.0,24.6791,17051.4917,81,10.8986,7533.6026,202304
690.0,691.0,689.0,690.0,39.3938,27192.9243,83,13.5688,9369.1436,202304
690.0,691.0,689.0,690.0,13.714,9460.9552,30,6.4487,4449.6327,202304
690.0,691.0,690.0,691.0,2.968,2049.3672,6,2.8596,1974.5712,202304
691.0,692.0,691.0,691.0,19.6568,13583.5996,51,11.3335,7832.1993,202304
692.0,692.0,691.0,692.0,15.3314,10608.4204,35,14.423,9980.716,202304
692.0,693.0,690.0,691.0,48.5841,33599.4525,109,9.193,6362.9872,202304
690.0,691.0,690.0,690.0,10.8192,7465.2624,30,0.0144,9.9504,202304
691.0,693.0,690.0,692.0,39.5795,27365.7705,93,30.9088,21378.9652,202304
692.0,692.0,691.0,692.0,28.111,19450.84,36,6.8944,4770.9248,202304
692.0,693.0,690.0,692.0,62.1811,43032.8322,123,43.9691,30427.7276,202304
692.0,692.0,689.0,690.0,39.2443,27102.5261,135,17.858,12336.5438,202304
691.0,692.0,690.0,692.0,35.1393,24300.4269,90,30.9236,21389.6287,202304
693.0,693.0,692.0,692.0,15.0776,10435.5215,26,3.242,2245.2863,202304
692.0,693.0,692.0,692.0,13.4781,9330.7005,28,5.6795,3934.0693,202304
692.0,695.0,691.0,694.0,113.7387,78848.9179,236,106.8143,74048.8372,202304
694.0,696.0,693.0,696.0,83.9377,58337.1542,185,37.7726,26258.917,202304
695.0,697.0,694.0,694.0,68.9375,47974.7901,168,19.9874,13923.1644,202304
694.0,695.0,692.0,692.0,32.3902,22463.2059,76,15.8193,10978.9332,202304
692.0,693.0,691.0,693.0,18.0588,12500.5955,34,13.9212,9640.2533,202304
692.0,693.0,692.0,692.0,4.0202,2782.3667,13,0.3883,269.0919,202304
692.0,693.0,692.0,692.0,28.4402,19695.7096,22,15.0912,10458.2016,202304
692.0,692.0,692.0,692.0,2.1453,1484.5476,7,0.0,0.0,202304
693.0,694.0,693.0,693.0,38.606,26753.9816,84,20.6466,14308.1174,202304
694.0,695.0,694.0,694.0,15.4896,10752.7794,45,14.9984,10411.8866,202304
695.0,695.0,694.0,695.0,20.791,14447.4415,49,6.2242,4325.819,202304
694.0,696.0,694.0,695.0,15.0236,10441.1974,48,11.5908,8056.3862,202304
695.0,696.0,694.0,695.0,31.7745,22076.1849,65,1.9421,1351.1737,202304
695.0,698.0,695.0,697.0,178.9648,124686.7176,186,116.5243,81171.5602,202304
696.0,697.0,695.0,695.0,38.0501,26486.8634,73,5.9005,4112.4119,202304
695.0,696.0,695.0,695.0,51.8805,36088.6262,56,49.3029,34297.1942,202304
696.0,696.0,694.0,695.0,39.5073,27449.8578,45,12.9619,9009.7175,202304
695.0,695.0,693.0,694.0,35.4604,24608.2637,62,16.7078,11595.3842,202304
695.0,695.0,693.0,693.0,26.4973,18375.9315,32,0.6111,424.7145,202304
693.0,694.0,693.0,694.0,12.2571,8502.4265,19,8.2562,5729.8028,202304
694.0,694.0,693.0,694.0,17.2777,11989.8915,59,10.5407,7315.2458,202304
695.0,695.0,694.0,694.0,2.1826,1516.0855,7,1.3611,945.9645,202304
694.0,696.0,694.0,696.0,27.995,19453.4472,39,22.9172,15929.454,202304
695.0,697.0,695.0,695.0,11.7918,8205.0588,47,4.024,2801.1013,202304
695.0,696.0,695.0,695.0,29.4307,20456.4714,43,13.8974,9660.8279,202304
694.0,694.0,694.0,694.0,3.1821,2208.3774,10,0.0,0.0,202304
694.0,695.0,693.0,694.0,35.9623,24954.2382,44,19.2348,13348.9723,202304
694.0,695.0,694.0,694.0,11.0754,7688.7,25,8.3424,5791.998,202304
694.0,695.0,694.0,695.0,6.3929,4438.0746,15,1.402,974.39,202304
695.0,696.0,694.0,694.0,74.7958,51991.195,121,22.5178,15658.0705,202304
694.0,696.0,694.0,694.0,46.4751,32267.9586,48,12.0682,8388.1619,202304
693.0,695.0,693.0,695.0,35.1357,24412.9372,50,31.6256,21974.0878,202304
695.0,695.0,695.0,695.0,0.0303,21.0585,1,0.0303,21.0585,202304
694.0,695.0,693.0,695.0,17.9577,12471.6771,44,15.7119,10913.4527,202304
695.0,695.0,694.0,695.0,2.0864,1449.8195,7,1.8579,1291.2405,202304
695.0,695.0,694.0,694.0,32.8948,22829.0699,31,0.0787,54.6965,202304
694.0,696.0,693.0,696.0,22.7132,15771.317,51,15.6516,10870.5969,202304
696.0,696.0,695.0,695.0,10.6881,7438.7915,10,10.562,7351.152,202304
696.0,696.0,695.0,696.0,19.0773,13263.5255,27,4.802,3342.192,202304
695.0,696.0,694.0,695.0,17.8548,12402.0328,49,0.1655,115.0799,202304
694.0,695.0,694.0,695.0,13.4656,9346.1566,23,1.0302,715.989,202304
695.0,696.0,695.0,695.0,20.921,14545.1766,42,17.1274,11908.6246,202304
695.0,695.0,694.0,695.0,30.5272,21202.4555,69,8.4109,5838.9145,202304
694.0,694.0,693.0,694.0,6.8314,4740.5315,16,0.0305,21.167,202304
693.0,693.0,691.0,691.0,29.4069,20354.32,86,7.4005,5128.3143,202304
692.0,693.0,692.0,692.0,13.9925,9684.2387,17,13.828,9570.4047,202304
693.0,694.0,693.0,694.0,8.1227,5629.4059,25,6.0324,4180.828,202304
693.0,693.0,692.0,692.0,21.918,15175.779,29,0.1443,99.9999,202304
693.0,693.0,692.0,693.0,35.0518,24278.8585,71,26.8174,18575.3046,202304
693.0,693.0,691.0,693.0,47.7329,33047.4718,109,20.5257,14211.0004,202304
692.0,693.0,692.0,692.0,18.2006,12607.5326,42,7.3625,5102.2125,202304
693.0,693.0,691.0,691.0,29.3372,20281.8696,66,0.0948,65.6602,202304
691.0,692.0,690.0,690.0,27.4156,18937.534,42,14.5557,10058.0195,202304
690.0,690.0,689.0,690.0,58.6572,40473.1394,77,31.3508,21632.052,202304
690.0,692.0,690.0,692.0,49.9099,34497.0069,115,43.7,30207.0153,202304
692.0,692.0,691.0,692.0,28.1689,19492.0056,39,9.4698,6553.1016,202304
692.0,693.0,690.0,690.0,41.079,28416.2939,78,14.4288,9986.2469,202304
691.0,692.0,691.0,691.0,17.5655,12138.0505,34,15.9876,11047.7216,202304
691.0,691.0,690.0,691.0,16.8088,11605.433,43,0.396,273.636,202304
691.0,692.0,691.0,692.0,5.3409,3692.4822,19,5.1274,3544.9537,202304
691.0,693.0,691.0,692.0,10.7237,7420.7937,25,9.9125,6859.8731,202304
693.0,693.0,691.0,691.0,10.3291,7148.7291,38,2.2774,1577.8565,202304
691.0,692.0,689.0,689.0,50.2723,34710.4138,133,4.7403,3275.5167,202304
689.0,691.0,689.0,691.0,2.9124,2008.439,16,1.6914,1167.124,202304
691.0,694.0,691.0,693.0,81.1688,56172.7031,165,36.2654,25093.7673,202304
693.0,693.0,692.0,692.0,1.9577,1356.3438,10,1.6154,1119.4722,202304
692.0,693.0,692.0,693.0,14.4784,10020.9381,22,7.5027,5193.7537,202304
693.0,693.0,692.0,692.0,10.8757,7534.9089,27,2.4859,1722.7287,202304
692.0,692.0,691.0,692.0,24.2045,16745.8093,50,5.3333,3690.6436,202304
692.0,692.0,692.0,692.0,23.0091,15922.2972,32,11.0586,7652.5512,202304
692.0,692.0,691.0,691.0,18.2484,12616.6602,34,2.6886,1859.8982,202304
691.0,692.0,691.0,692.0,7.5298,5203.8415,15,7.5298,5203.8415,202304
691.0,694.0,691.0,693.0,16.0108,11084.0279,31,11.0056,7624.2449,202304
694.0,694.0,693.0,693.0,5.4232,3760.2257,13,1.9481,1351.9814,202304
694.0,694.0,692.0,692.0,13.184,9134.3333,21,1.6348,1134.4502,202304
693.0,694.0,693.0,694.0,59.9954,41590.9911,100,30.2155,20953.5204,202304
694.0,694.0,691.0,692.0,40.7847,28226.119,76,8.5965,5948.9553,202304
692.0,693.0,689.0,692.0,95.1362,65773.7275,160,47.5604,32910.268,202304
692.0,692.0,691.0,691.0,20.5768,14238.655,26,0.0307,21.2444,202304
692.0,692.0,692.0,692.0,7.7084,5334.2128,18,2.8011,1938.3612,202304
692.0,693.0,692.0,692.0,1.896,1312.0826,10,0.0506,35.0658,202304
693.0,695.0,693.0,694.0,34.2225,23741.4002,90,18.4274,12781.9293,202304
693.0,695.0,693.0,695.0,10.7663,7476.2017,26,10.3644,7197.3119,202304
695.0,695.0,694.0,695.0,26.5192,18421.3505,32,17.0257,11832.8615,202304
694.0,696.0,694.0,695.0,25.647,17829.6339,59,20.6271,14343.9843,202304
695.0,696.0,695.0,696.0,4.2802,2977.9019,10,3.1629,2201.3784,202304
696.0,696.0,695.0,696.0,10.802,7508.4901,14,1.1001,765.6696,202304
695.0,695.0,695.0,695.0,7.787,5411.965,23,0.0288,20.016,202304
694.0,696.0,694.0,696.0,13.9767,9718.2673,36,13.9199,9678.8481,202304
695.0,695.0,695.0,695.0,3.7142,2581.369,9,0.0,0.0,202304
695.0,696.0,695.0,696.0,20.5834,14310.2679,41,11.8649,8250.9104,202304
696.0,697.0,695.0,696.0,19.5198,13588.986,48,8.6115,5996.8379,202304
695.0,696.0,695.0,695.0,3.0483,2119.876,8,1.3075,910.02,202304
696.0,696.0,696.0,696.0,1.7456,1214.9376,9,1.7456,1214.9376,202304
696.0,697.0,695.0,696.0,32.4225,22568.8001,66,23.6495,16463.0911,202304
696.0,696.0,695.0,696.0,11.8824,8269.0294,27,10.2371,7125.0216,202304
696.0,698.0,695.0,696.0,67.7494,47217.7904,137,33.7921,23560.3127,202304
696.0,696.0,696.0,696.0,1.6288,1133.6448,3,1.6288,1133.6448,202304
695.0,696.0,695.0,695.0,12.7799,8882.0928,17,0.3824,265.8303,202304
695.0,696.0,694.0,694.0,22.1796,15405.7648,36,10.4641,7272.8333,202304
694.0,695.0,693.0,694.0,31.7575,22036.8183,63,18.0699,12545.5397,202304
695.0,696.0,694.0,695.0,58.7018,40773.648,92,29.5406,20531.116,202304
695.0,696.0,694.0,695.0,29.4547,20464.7639,57,11.4923,7991.2059,202304
695.0,695.0,695.0,695.0,0.0,0.0,0,0.0,0.0,202304
695.0,695.0,695.0,695.0,1.4353,997.5335,2,1.4353,997.5335,202304
694.0,694.0,694.0,694.0,0.2341,162.4654,2,0.0,0.0,202304
695.0,695.0,694.0,694.0,3.8977,2705.0614,16,0.0576,40.032,202304
693.0,694.0,693.0,693.0,0.249,172.588,3,0.031,21.514,202304
693.0,694.0,692.0,693.0,44.8917,31092.2895,110,37.3739,25884.4799,202304
693.0,693.0,691.0,693.0,28.5916,19772.4974,52,8.2761,5729.8223,202304
693.0,693.0,692.0,693.0,7.0148,4861.145,23,6.9034,4784.0562,202304
693.0,694.0,690.0,690.0,90.1774,62354.2416,162,25.2279,17444.5312,202304
690.0,691.0,690.0,691.0,28.4942,19668.3678,52,19.5277,13478.0864,202304
691.0,691.0,690.0,691.0,0.9152,632.1553,9,0.6673,461.1043,202304
691.0,692.0,685.0,686.0,109.1867,75185.6829,233,47.265,32607.7716,202304
686.0,689.0,686.0,687.0,72.063,49516.9779,123,37.0578,25480.1603,202304
687.0,689.0,687.0,689.0,39.6596,27307.2093,58,21.9959,15143.3647,202304
689.0,695.0,689.0,694.0,54.6247,37819.0745,163,33.5208,23207.7099,202304
693.0,693.0,690.0,691.0,29.9753,20731.3274,62,15.6678,10833.7458,202304
691.0,691.0,689.0,691.0,37.6978,26023.0051,62,16.5624,11434.595,202304
690.0,692.0,690.0,692.0,50.5287,34904.3843,92,24.7352,17101.8725,202304
692.0,694.0,692.0,694.0,40.8115,28283.8485,84,26.6941,18504.9472,202304
694.0,696.0,693.0,694.0,71.2316,49479.2972,112,33.2188,23090.8091,202304
694.0,694.0,691.0,691.0,187.8427,130001.4074,157,21.7927,15121.528,202304
691.0,691.0,688.0,690.0,210.5611,145228.6552,283,71.6415,49411.2439,202304
690.0,690.0,687.0,688.0,83.5933,57505.1034,199,8.0634,5551.4699,202304
687.0,688.0,684.0,686.0,44.0634,30222.6704,142,2.7958,1919.9831,202304
685.0,687.0,683.0,687.0,79.91,54701.5226,135,46.3759,31779.5878,202304
686.0,687.0,686.0,686.0,14.1165,9685.0625,43,2.5489,1749.6889,202304
686.0,686.0,685.0,686.0,24.5525,16841.9859,42,13.1842,9044.3612,202304
686.0,686.0,685.0,686.0,15.7392,10796.6225,26,8.579,5885.194,202304
686.0,687.0,685.0,686.0,6.573,4510.5441,21,4.4182,3032.8513,202304
687.0,688.0,684.0,684.0,84.4914,57938.9343,136,19.9663,13726.6788,202304
684.0,684.0,681.0,682.0,69.5006,47403.2357,177,15.4427,10553.4663,202304
682.0,683.0,676.0,679.0,114.3097,77545.0042,327,61.7816,41925.3523,202304
679.0,680.0,677.0,679.0,54.1116,36695.4992,112,27.0888,18371.1965,202304
679.0,682.0,678.0,682.0,66.0917,44919.2273,99,39.6841,26978.3595,202304
681.0,681.0,679.0,679.0,61.7761,42010.117,87,21.1178,14369.5888,202304
679.0,682.0,679.0,682.0,22.5382,15343.5943,39,11.2409,7651.0514,202304
682.0,682.0,679.0,680.0,28.5744,19448.7397,54,9.7327,6627.6353,202304
679.0,680.0,678.0,680.0,16.9898,11540.4719,51,11.889,8074.5353,202304
679.0,679.0,677.0,679.0,40.7416,27650.6184,78,16.9391,11499.8585,202304
679.0,680.0,678.0,680.0,82.4166,55955.152,163,40.1883,27286.2668,202304
680.0,680.0,676.0,677.0,109.3446,74117.9912,148,90.4218,61295.6171,202304
677.0,677.0,672.0,673.0,376.6813,254214.6659,772,181.807,122783.7856,202304
672.0,674.0,670.0,674.0,181.5029,122059.8263,415,99.2725,66770.9058,202304
675.0,675.0,674.0,675.0,37.3314,25178.3913,83,23.3093,15727.4959,202304
675.0,676.0,675.0,675.0,18.3704,12401.7181,47,3.6734,2481.2431,202304
675.0,677.0,674.0,677.0,56.3652,38049.4357,88,13.3824,9039.4073,202304
677.0,680.0,675.0,679.0,81.0676,54943.5068,159,71.7879,48650.4151,202304
679.0,680.0,677.0,679.0,29.5222,20039.4796,70,13.9789,9488.8855,202304
680.0,683.0,680.0,683.0,99.2481,67575.8629,146,91.226,62105.2877,202304
683.0,683.0,681.0,683.0,78.5486,53574.6993,104,21.0454,14360.5779,202304
682.0,684.0,681.0,684.0,64.5107,44036.6718,130,41.0428,28029.1955,202304
684.0,685.0,683.0,685.0,46.744,31980.1268,123,23.0651,15788.4115,202304
685.0,685.0,682.0,683.0,86.2293,58995.1947,160,21.9144,15006.595,202304
683.0,685.0,681.0,683.0,44.0868,30103.5154,92,32.5553,22224.7107,202304
684.0,684.0,680.0,680.0,24.5599,16729.4964,57,1.4595,996.7715,202304
681.0,681.0,678.0,680.0,33.7166,22902.9828,119,19.0475,12940.2394,202304
679.0,682.0,678.0,682.0,123.4693,83987.1988,165,101.8552,69308.8654,202304
682.0,683.0,681.0,682.0,24.2293,16527.1377,88,19.9247,13591.1657,202304
683.0,684.0,682.0,683.0,14.5672,9949.923,49,3.1333,2140.6061,202304
682.0,683.0,680.0,681.0,13.272,9047.5422,34,3.6817,2511.9683,202304
682.0,682.0,681.0,682.0,3.245,2213.0157,20,3.1707,2162.4174,202304
682.0,682.0,681.0,681.0,8.2066,5595.9839,19,0.049,33.418,202304
682.0,683.0,681.0,682.0,25.2683,17213.1435,39,7.2837,4965.3656,202304
683.0,683.0,681.0,683.0,16.2622,11091.3364,44,13.3371,9096.4475,202304
682.0,684.0,682.0,683.0,19.7385,13481.0986,37,11.6166,7937.5058,202304
683.0,685.0,682.0,684.0,48.6207,33236.8565,74,29.483,20165.9237,202304
684.0,685.0,683.0,684.0,14.9285,10209.8564,34,0.8452,578.9015,202304
683.0,684.0,682.0,683.0,17.0573,11650.3862,39,5.1757,3535.2827,202304
683.0,684.0,683.0,684.0,8.4937,5802.7164,30,2.2272,1522.6969,202304
684.0,685.0,683.0,683.0,6.0097,4110.8227,22,2.7792,1901.2058,202304
684.0,684.0,684.0,684.0,0.3155,215.802,4,0.0364,24.8976,202304
684.0,686.0,684.0,685.0,20.0123,13708.5521,44,6.9665,4773.0963,202304
685.0,687.0,684.0,684.0,36.8849,25289.1,127,9.5808,6572.7485,202304
685.0,685.0,683.0,683.0,11.3138,7728.0954,22,6.0882,4158.7804,202304
683.0,684.0,683.0,683.0,33.0697,22604.0963,45,27.4505,18766.1827,202304
683.0,685.0,683.0,684.0,8.1276,5558.4719,29,2.148,1468.4255,202304
683.0,684.0,683.0,683.0,8.1892,5596.1721,17,2.9485,2016.774,202304
684.0,685.0,684.0,684.0,22.9799,15725.7233,76,20.9822,14358.4254,202304
684.0,685.0,684.0,684.0,2.6026,1782.1784,7,2.0,1370.0,202304
684.0,685.0,683.0,684.0,22.4693,15359.3007,49,9.5032,6494.9406,202304
683.0,684.0,683.0,684.0,1.7307,1182.2718,5,0.2037,139.3308,202304
683.0,684.0,683.0,684.0,15.3658,10498.4344,34,4.8264,3300.0242,202304
683.0,683.0,680.0,681.0,22.7702,15510.8197,76,8.479,5777.9751,202304
681.0,681.0,680.0,681.0,21.1147,14372.1778,31,14.018,9539.7981,202304
681.0,683.0,681.0,683.0,3.3552,2287.353,26,3.2238,2197.7675,202304
682.0,682.0,681.0,682.0,21.1341,14410.7908,36,8.7308,5954.4056,202304
682.0,682.0,681.0,681.0,15.1566,10328.0151,38,7.663,5220.4414,202304
682.0,683.0,682.0,683.0,3.9297,2680.1443,12,3.9004,2660.1617,202304
682.0,684.0,682.0,684.0,2.6043,1778.8134,21,1.8904,1291.9044,202304
684.0,684.0,682.0,682.0,19.7137,13465.5167,28,2.0,1368.0,202304
683.0,683.0,681.0,681.0,51.4507,35115.5948,60,36.0042,24590.4112,202304
681.0,684.0,681.0,684.0,24.7368,16880.3029,45,24.3266,16600.2539,202304
684.0,686.0,684.0,686.0,46.0119,31507.5702,114,34.0405,23307.8473,202304
687.0,687.0,686.0,687.0,4.0388,2773.1039,24,0.9295,638.5665,202304
687.0,690.0,687.0,689.0,36.2865,24976.7801,89,17.0267,11720.5602,202304
689.0,689.0,687.0,688.0,14.3397,9871.6313,51,0.5206,358.4001,202304
687.0,689.0,687.0,687.0,20.8181,14319.8233,31,9.2146,6339.6839,202304
688.0,689.0,688.0,688.0,26.011,17896.4741,40,13.271,9131.3541,202304
688.0,688.0,687.0,688.0,9.4094,6470.62,18,1.4849,1021.6112,202304
688.0,688.0,687.0,687.0,6.6489,4568.7768,16,0.9825,675.96,202304
687.0,687.0,686.0,687.0,18.1781,12479.2325,46,16.5183,11340.6097,202304
687.0,688.0,686.0,687.0,12.211,8388.6704,31,6.8247,4688.7067,202304
688.0,688.0,687.0,688.0,2.7748,1909.0333,18,1.7198,1183.2224,202304
688.0,689.0,687.0,689.0,8.3061,5714.7279,23,6.869,4727.4112,202304
688.0,689.0,688.0,688.0,13.9059,9567.9238,27,2.1406,1473.3974,202304
688.0,689.0,688.0,688.0,6.3305,4356.78,21,5.8472,4024.2696,202304
688.0,688.0,686.0,687.0,13.4549,9240.2808,31,5.7427,3945.2652,202304
687.0,689.0,687.0,689.0,7.846,5398.4514,25,4.0783,2806.3323,202304
689.0,689.0,688.0,689.0,1.1191,770.5016,8,0.5608,386.3912,202304
689.0,689.0,688.0,688.0,10.5482,7257.7138,13,0.5522,380.4658,202304
688.0,688.0,687.0,688.0,5.4405,3743.0337,15,0.798,549.024,202304
688.0,689.0,688.0,688.0,9.8521,6778.7938,25,4.6242,3181.9986,202304
688.0,689.0,687.0,688.0,15.0502,10355.7716,42,7.8794,5423.5699,202304
689.0,690.0,688.0,690.0,11.8387,8155.4658,37,5.7691,3975.9442,202304
690.0,690.0,689.0,689.0,0.7356,507.495,5,0.6666,459.954,202304
689.0,691.0,689.0,691.0,25.5597,17638.6123,76,11.9338,8237.0385,202304
690.0,691.0,690.0,690.0,19.2692,13308.3153,20,12.5673,8684.0043,202304
691.0,691.0,689.0,689.0,4.2522,2933.9002,19,0.1584,109.354,202304
690.0,690.0,688.0,689.0,4.6746,3220.7344,29,1.1438,788.1362,202304
690.0,691.0,690.0,690.0,7.2436,4999.3164,15,6.9538,4799.3544,202304
689.0,690.0,689.0,690.0,0.1334,92.0071,3,0.0945,65.205,202304
689.0,690.0,689.0,690.0,15.4802,10666.8996,38,1.0418,718.842,202304
690.0,690.0,689.0,689.0,2.3724,1634.6483,13,0.0647,44.643,202304
690.0,691.0,690.0,691.0,57.6966,39810.7106,37,18.5693,12812.8736,202304
691.0,693.0,691.0,692.0,50.9765,35270.3529,60,30.8128,21317.382,202304
692.0,694.0,692.0,693.0,73.9442,51242.1621,105,53.0364,36756.7354,202304
694.0,695.0,693.0,693.0,55.2077,38308.8093,98,37.924,26319.594,202304
694.0,694.0,691.0,693.0,37.9773,26289.929,64,18.6058,12875.5449,202304
693.0,694.0,693.0,693.0,7.2631,5033.383,20,1.3474,933.8029,202304
693.0,693.0,691.0,691.0,7.4615,5164.062,30,0.2578,178.3976,202304
691.0,693.0,691.0,691.0,10.6231,7347.1658,22,2.4,1661.1168,202304
692.0,694.0,692.0,694.0,18.7241,12981.929,101,18.6874,12956.5326,202304
694.0,694.0,692.0,692.0,24.5508,17013.2795,26,1.5751,1093.1194,202304
693.0,693.0,692.0,692.0,10.6351,7370.1067,12,10.5435,7306.6455,202304
693.0,693.0,693.0,693.0,8.1464,5645.4552,19,2.7862,1930.8366,202304
693.0,693.0,693.0,693.0,3.0323,2101.3839,10,3.0323,2101.3839,202304
694.0,694.0,693.0,693.0,7.4121,5137.9011,26,1.3158,913.1652,202304
693.0,694.0,693.0,694.0,28.5051,19764.5985,46,17.882,12402.0417,202304
693.0,693.0,692.0,693.0,23.3361,16168.9066,29,3.0194,2092.4442,202304
692.0,693.0,692.0,693.0,33.2877,23068.2174,25,25.9516,17984.4588,202304
693.0,694.0,693.0,693.0,9.6197,6667.197,15,1.7518,1214.7423,202304
693.0,694.0,693.0,694.0,1.7075,1184.9697,8,1.6722,1160.5068,202304
693.0,695.0,693.0,694.0,35.3545,24544.9518,60,22.5239,15640.5302,202304
694.0,695.0,694.0,695.0,20.774,14428.0522,21,20.7522,14412.923,202304
695.0,695.0,693.0,694.0,87.4728,60722.3076,113,19.2551,13370.5951,202304
694.0,695.0,694.0,694.0,10.534,7314.2268,13,3.6308,2523.406,202304
694.0,695.0,693.0,693.0,30.2131,20970.35,30,3.5031,2434.6545,202304
693.0,694.0,693.0,693.0,5.8532,4057.7687,15,1.8806,1304.7569,202304
693.0,693.0,692.0,693.0,27.5633,19095.6038,49,21.8002,15107.5386,202304
693.0,693.0,692.0,692.0,14.2751,9892.0657,27,4.9769,3448.9917,202304
692.0,692.0,689.0,690.0,55.6942,38439.5208,136,12.9408,8925.4802,202304
690.0,692.0,690.0,692.0,39.0691,26991.8124,106,23.9486,16545.9787,202304
692.0,693.0,690.0,692.0,55.556,38434.8247,121,23.0184,15922.3473,202304
691.0,692.0,690.0,692.0,20.1538,13922.0683,25,5.5272,3819.3471,202304
692.0,694.0,692.0,694.0,58.618,40642.6263,157,31.9749,22165.9926,202304
694.0,696.0,694.0,694.0,53.0996,36882.3625,143,34.0602,23665.7417,202304
694.0,694.0,692.0,692.0,43.3169,30027.9489,133,22.9962,15946.0137,202304
692.0,692.0,686.0,690.0,90.5992,62420.4838,221,36.448,25096.6113,202304
690.0,691.0,688.0,689.0,31.9338,22032.6148,84,12.8497,8870.7477,202304
688.0,689.0,686.0,688.0,83.835,57649.1835,165,37.0607,25491.1572,202304
688.0,689.0,687.0,688.0,33.8949,23336.0355,58,14.9639,10308.0811,202304
689.0,689.0,687.0,688.0,30.1547,20744.7102,52,19.5769,13466.9221,202304
688.0,689.0,687.0,689.0,24.6329,16959.0825,45,7.0829,4878.6835,202304
689.0,690.0,689.0,690.0,36.8045,25388.6098,63,22.8485,15761.0995,202304
690.0,690.0,689.0,689.0,33.1822,22873.8658,76,15.2594,10518.2354,202304
688.0,688.0,684.0,686.0,49.5681,33990.3001,128,23.0234,15776.2701,202304
686.0,687.0,685.0,686.0,12.0191,8242.7634,29,3.7925,2601.6695,202304
685.0,685.0,681.0,684.0,75.268,51383.0939,204,44.5249,30387.3078,202304
684.0,686.0,683.0,686.0,48.3439,33096.8508,98,29.1036,19935.4383,202304
686.0,687.0,685.0,687.0,14.103,9674.1791,45,6.8188,4678.1523,202304
686.0,688.0,686.0,687.0,18.1428,12458.3614,61,4.5319,3112.4169,202304
687.0,687.0,687.0,687.0,15.4669,10625.7603,17,5.2914,3635.1918,202304
687.0,689.0,687.0,688.0,27.2286,18729.4533,50,15.9319,10960.7368,202304
688.0,691.0,688.0,690.0,28.3843,19566.776,71,12.5662,8659.7814,202304
690.0,692.0,690.0,692.0,36.0526,24927.2069,194,28.1823,19489.3563,202304
691.0,692.0,690.0,692.0,33.0256,22831.22,100,20.8965,14450.588,202304
692.0,694.0,692.0,694.0,88.871,61571.7928,238,47.688,33047.9484,202304
694.0,697.0,694.0,696.0,128.2879,89223.7733,348,87.582,60915.2095,202304
696.0,697.0,695.0,697.0,94.784,66019.8289,185,78.0676,54385.4931,202304
696.0,698.0,693.0,693.0,175.0584,121747.0442,369,62.6872,43636.0417,202304
693.0,694.0,692.0,692.0,86.9614,60273.4585,187,45.4159,31487.43,202304
693.0,693.0,691.0,692.0,13.1845,9124.1277,26,9.2492,6401.1607,202304
692.0,693.0,691.0,692.0,37.8627,26187.3774,84,13.2422,9156.6478,202304
692.0,692.0,689.0,690.0,25.9386,17903.3676,45,6.5182,4497.8478,202304
691.0,693.0,691.0,693.0,37.0935,25675.3057,81,30.3054,20973.0007,202304
694.0,694.0,694.0,694.0,19.4663,13509.6122,54,15.872,11015.168,202304
694.0,697.0,694.0,695.0,43.7998,30461.9363,128,33.83,23528.9829,202304
696.0,696.0,692.0,692.0,42.5599,29528.5802,74,0.8721,605.9268,202304
692.0,693.0,692.0,693.0,35.5068,24600.4193,58,28.5182,19757.3679,202304
693.0,694.0,693.0,694.0,24.6787,17108.0028,40,19.4666,13496.0175,202304
694.0,695.0,692.0,692.0,35.9188,24914.5559,66,10.6897,7420.6378,202304
692.0,693.0,691.0,691.0,39.3175,27208.2832,66,15.4743,10712.6295,202304
691.0,693.0,691.0,693.0,14.6534,10145.3413,54,8.5803,5940.734,202304
693.0,694.0,693.0,693.0,36.0567,24995.6061,65,14.4704,10036.3002,202304
692.0,694.0,692.0,694.0,41.5053,28750.5257,77,18.8275,13048.678,202304
694.0,695.0,693.0,694.0,46.1208,32010.7142,78,27.218,18897.9869,202304
694.0,695.0,694.0,695.0,11.4688,7963.5076,35,10.8889,7561.057,202304
695.0,695.0,695.0,695.0,16.9936,11810.552,36,4.8794,3391.183,202304
695.0,697.0,695.0,695.0,56.2897,39177.7182,131,36.665,25521.9558,202304
696.0,696.0,695.0,695.0,24.1157,16783.1719,116,22.7604,15841.2384,202304
695.0,696.0,694.0,694.0,28.9769,20127.8722,61,0.0431,29.9976,202304
695.0,697.0,694.0,696.0,95.3839,66324.9591,268,66.8167,46462.2602,202304
696.0,697.0,696.0,696.0,45.7411,31852.9941,70,22.8843,15944.6613,202304
696.0,697.0,696.0,696.0,2.8054,1953.0584,7,0.5,348.5,202304
696.0,697.0,696.0,696.0,0.7313,509.6021,5,0.6173,430.2581,202304
696.0,697.0,696.0,697.0,7.9429,5535.8513,13,7.5929,5292.2513,202304
696.0,697.0,696.0,696.0,171.2461,119263.6499,242,59.01,41129.97,202304
696.0,696.0,693.0,694.0,52.4226,36442.1058,85,13.5005,9372.7254,202304
694.0,695.0,693.0,695.0,27.387,18996.4674,46,12.3546,8577.0862,202304
695.0,697.0,695.0,697.0,46.7715,32551.1907,142,42.1986,29368.6518,202304
697.0,698.0,697.0,697.0,121.0171,84349.6702,197,66.7445,46521.668,202304
697.0,704.0,697.0,704.0,403.9074,282986.3563,565,343.3213,240562.9847,202304
704.0,720.0,704.0,719.0,1079.9954,768179.3457,2191,709.2353,504816.8898,202304
719.0,727.0,715.0,720.0,1096.4066,790643.7804,2600,639.0713,460917.8862,202304
720.0,730.0,719.0,729.0,745.1478,540896.5581,1580,459.2216,333501.9056,202304
729.0,729.0,714.0,720.0,759.5914,547007.4924,1437,385.187,277336.1014,202304
719.0,728.0,718.0,720.0,635.866,459002.6546,1086,293.7517,211960.0407,202304
719.0,719.0,714.0,717.0,348.9457,249888.2704,591,136.984,98078.0853,202304
717.0,717.0,710.0,713.0,312.2939,222836.0453,521,110.7452,79046.52,202304
712.0,716.0,710.0,711.0,241.7004,172389.3993,503,117.7454,83972.6137,202304
711.0,714.0,710.0,713.0,107.5735,76510.1061,180,47.0279,33471.8636,202304
712.0,712.0,706.0,707.0,187.6936,133041.3264,455,72.5971,51451.2865,202304
707.0,709.0,705.0,706.0,167.7139,118518.8647,370,68.0135,48084.7863,202304
706.0,709.0,704.0,706.0,115.4979,81511.116,243,46.2091,32640.2081,202304
706.0,715.0,706.0,714.0,435.4067,309680.0845,642,273.2431,194385.2679,202304
714.0,717.0,713.0,717.0,96.6486,69117.239,190,63.8203,45655.0258,202304
717.0,719.0,716.0,718.0,130.0639,93305.9013,259,74.3742,53371.4402,202304
718.0,720.0,709.0,711.0,714.3518,510079.2322,823,175.4018,125466.1539,202304
711.0,717.0,711.0,715.0,311.2901,222485.5635,469,236.2167,168788.4725,202304
716.0,718.0,715.0,718.0,83.0516,59522.7693,198,60.1237,43093.1775,202304
717.0,721.0,717.0,718.0,308.6184,221831.0053,613,177.3088,127479.9417,202304
718.0,722.0,718.0,718.0,244.6452,175994.4127,527,116.6938,83981.4878,202304
718.0,719.0,713.0,715.0,340.2266,243752.3205,307,95.0541,68111.5439,202304
716.0,722.0,715.0,722.0,264.9321,190633.3051,503,225.8731,162588.9915,202304
721.0,721.0,717.0,717.0,29.9798,21562.0029,132,8.5288,6132.9041,202304
718.0,723.0,716.0,721.0,130.2654,93848.8696,328,82.1299,59189.1621,202304
721.0,721.0,719.0,720.0,58.0877,41789.3332,107,9.8593,7095.4722,202304
720.0,723.0,717.0,719.0,183.7263,132332.6138,361,94.2325,67915.5757,202304
719.0,720.0,718.0,718.0,62.0241,44594.7487,111,31.1126,22377.9382,202304
719.0,722.0,719.0,721.0,64.0689,46167.9296,100,41.6108,29976.9854,202304
720.0,722.0,718.0,720.0,110.4911,79562.5702,271,47.6596,34319.6227,202304
720.0,720.0,717.0,718.0,91.9412,66039.7344,185,48.1761,34621.1841,202304
719.0,719.0,712.0,714.0,151.1551,108101.3707,314,43.1586,30899.8235,202304
714.0,718.0,713.0,715.0,184.4294,131948.8689,595,106.1023,75938.8614,202304
715.0,715.0,709.0,713.0,268.4084,191250.2219,510,104.7494,74797.9728,202304
712.0,715.0,709.0,714.0,348.8558,248755.4416,438,222.5612,158791.7662,202304
715.0,716.0,712.0,713.0,136.5607,97550.5471,194,43.4088,31032.0332,202304
714.0,715.0,713.0,715.0,42.0386,30025.9105,66,25.6817,18347.3352,202304
714.0,715.0,712.0,713.0,50.7375,36196.5087,103,16.4604,11750.2082,202304
713.0,716.0,712.0,714.0,87.0011,62170.4401,178,47.5604,34000.4845,202304
714.0,716.0,714.0,716.0,20.7527,14856.6453,35,19.2431,13776.488,202304
716.0,719.0,713.0,716.0,258.5871,185242.9587,399,53.9194,38637.3902,202304
716.0,717.0,715.0,716.0,96.2167,68927.5718,177,72.9352,52265.8924,202304
716.0,720.0,716.0,719.0,48.6542,34939.2235,105,24.8301,17830.0981,202304
720.0,721.0,718.0,721.0,109.9782,79137.6645,200,60.6008,43628.8538,202304
720.0,721.0,716.0,717.0,133.7721,96093.4124,215,45.3827,32628.8485,202304
717.0,717.0,715.0,716.0,68.9844,49369.5665,124,17.0649,12214.4406,202304
717.0,717.0,712.0,714.0,119.4043,85274.623,236,49.4229,35317.0717,202304
714.0,720.0,714.0,718.0,245.3359,176026.8275,460,180.7554,129675.6673,202304
718.0,718.0,716.0,716.0,69.8862,50122.1033,91,45.6266,32729.2981,202304
717.0,717.0,714.0,715.0,90.1747,64432.8999,175,29.6912,21214.984,202304
715.0,715.0,713.0,714.0,31.146,22247.6065,98,10.0349,7169.0215,202304
714.0,714.0,713.0,713.0,30.4563,21739.4487,65,14.8446,10599.0444,202304
714.0,714.0,712.0,713.0,57.7807,41205.0468,87,10.8027,7707.8109,202304
713.0,716.0,710.0,716.0,187.1214,133258.2109,418,89.6023,63886.7847,202304
716.0,716.0,714.0,714.0,24.5318,17539.2636,57,4.8429,3465.6451,202304
714.0,714.0,713.0,714.0,25.7226,18358.1552,43,17.7287,12656.5529,202304
714.0,715.0,713.0,714.0,48.8603,34891.8187,109,17.5102,12506.4424,202304
714.0,714.0,709.0,710.0,182.9749,130133.7545,270,45.7309,32540.0544,202304
710.0,712.0,706.0,711.0,564.0387,400027.2529,712,298.218,211685.6507,202304
711.0,714.0,710.0,712.0,237.2538,168929.325,275,89.3907,63663.5257,202304
713.0,715.0,712.0,714.0,214.911,153341.2638,273,155.7096,111113.4415,202304
714.0,715.0,712.0,715.0,79.1403,56418.82,111,33.7756,24092.2598,202304
716.0,716.0,715.0,716.0,75.9961,54349.9258,103,14.1104,10101.6503,202304
716.0,716.0,713.0,715.0,92.2474,65921.5057,121,35.1716,25134.376,202304
715.0,715.0,712.0,713.0,78.0594,55685.5751,120,30.1484,21503.3575,202304
713.0,713.0,708.0,710.0,202.4692,143856.3148,395,90.0795,64012.0118,202304
710.0,712.0,709.0,710.0,75.5523,53644.5803,110,16.9955,12069.8221,202304
709.0,710.0,706.0,709.0,85.1406,60301.7035,205,42.9846,30447.4714,202304
709.0,712.0,709.0,712.0,29.8097,21194.1544,76,15.7302,11187.8315,202304
711.0,713.0,711.0,711.0,46.5571,33117.9514,58,12.5333,8923.7787,202304
712.0,715.0,711.0,715.0,53.8437,38379.7312,107,33.2689,23709.8422,202304
715.0,716.0,713.0,713.0,85.265,60938.6379,186,29.8407,21348.867,202304
713.0,713.0,712.0,712.0,45.2144,32216.0304,58,20.5626,14661.1338,202304
712.0,713.0,711.0,712.0,23.314,16590.1946,38,5.5979,3985.845,202304
712.0,712.0,711.0,712.0,43.9406,31280.439,54,22.1439,15766.4568,202304
712.0,712.0,711.0,712.0,20.0104,14245.0995,28,9.9242,7066.0304,202304
713.0,715.0,713.0,714.0,45.145,32219.6537,86,32.2504,23018.8112,202304
714.0,714.0,712.0,712.0,28.861,20572.5517,49,0.6277,447.992,202304
712.0,712.0,710.0,711.0,47.9743,34109.3716,90,4.8353,3438.0809,202304
711.0,711.0,710.0,710.0,4.3683,3101.747,26,0.254,180.594,202304
711.0,711.0,710.0,711.0,32.0569,22769.1349,68,22.7259,16144.1249,202304
711.0,712.0,709.0,710.0,112.462,79896.1823,131,29.9945,21309.9581,202304
709.0,710.0,706.0,707.0,133.363,94393.4843,286,43.4087,30716.1948,202304
707.0,707.0,704.0,706.0,100.1969,70731.1302,238,37.415,26432.6407,202304
706.0,708.0,706.0,706.0,83.4375,58970.5388,150,74.3185,52522.0545,202304
706.0,707.0,702.0,706.0,192.0978,135350.3326,302,68.8642,48559.7385,202304
705.0,709.0,705.0,709.0,115.5637,81789.965,205,70.0208,49557.374,202304
709.0,711.0,709.0,710.0,59.1592,41959.4436,109,41.2585,29263.2423,202304
710.0,712.0,706.0,709.0,170.7379,121021.9497,271,58.2185,41262.5901,202304
708.0,708.0,707.0,708.0,39.2595,27789.7435,66,28.4733,20159.0964,202304
707.0,708.0,706.0,707.0,39.109,27641.1928,84,12.3789,8748.4493,202304
707.0,708.0,705.0,705.0,39.4634,27878.4351,74,8.8839,6286.9423,202304
705.0,707.0,705.0,706.0,37.4692,26456.9532,65,22.2876,15744.0382,202304
706.0,707.0,705.0,706.0,17.2799,12201.4379,32,10.4515,7380.759,202304
706.0,708.0,705.0,707.0,71.6508,50669.1312,147,32.5459,23016.0226,202304
707.0,711.0,707.0,710.0,134.6505,95484.8004,192,123.6555,87688.5706,202304
710.0,714.0,709.0,714.0,146.2296,104210.5685,243,126.0548,89830.333,202304
715.0,715.0,713.0,715.0,93.0596,66475.1856,148,67.1937,48005.2606,202304
715.0,720.0,715.0,720.0,190.8148,136853.484,325,130.8651,93897.1885,202304
720.0,721.0,714.0,715.0,138.6485,99596.5654,249,72.9921,52484.4439,202304
716.0,720.0,713.0,716.0,168.1226,120512.8492,344,103.8088,74479.4301,202304
716.0,716.0,713.0,715.0,100.5842,71869.3893,160,47.0754,33633.3724,202304
715.0,715.0,711.0,713.0,167.6636,119535.8518,252,75.7259,54003.9881,202304
713.0,715.0,711.0,715.0,151.0336,107575.1246,191,37.5063,26743.6764,202304
715.0,715.0,711.0,715.0,154.911,110540.998,216,98.7433,70461.931,202304
715.0,716.0,712.0,713.0,80.8307,57702.0314,152,24.2729,17346.1134,202304
713.0,717.0,712.0,716.0,231.1948,165303.89,251,54.3252,38829.1996,202304
715.0,721.0,715.0,720.0,302.0343,217257.7378,348,239.9363,172639.9218,202304
720.0,721.0,717.0,718.0,478.5377,344349.7348,330,107.7492,77652.497,202304
718.0,722.0,717.0,719.0,134.3815,96754.7437,192,82.5477,59428.6474,202304
719.0,721.0,718.0,718.0,222.1078,159661.7139,330,43.4823,31306.6808,202304
718.0,720.0,718.0,719.0,46.1503,33182.4316,92,38.5861,27743.8444,202304
719.0,720.0,717.0,718.0,75.7198,54376.3005,83,11.7933,8473.6874,202304
718.0,721.0,718.0,719.0,104.02,74824.7385,165,57.4889,41360.4353,202304
719.0,720.0,717.0,718.0,53.9672,38767.4971,112,20.1518,14482.6115,202304
717.0,718.0,717.0,717.0,38.3433,27512.5705,83,21.8357,15676.6213,202304
717.0,721.0,717.0,719.0,179.3058,129014.6265,251,149.6836,107699.3775,202304
718.0,719.0,717.0,718.0,133.1588,95573.4118,137,49.5135,35569.3049,202304
718.0,720.0,716.0,720.0,107.8247,77439.5369,183,63.7014,45799.3715,202304
720.0,724.0,720.0,721.0,201.5654,145504.8278,317,122.2028,88225.9354,202304
721.0,724.0,720.0,724.0,152.5274,110281.7806,210,78.6193,56850.2791,202304
723.0,727.0,722.0,726.0,153.1056,110857.5337,314,77.5172,56169.2136,202304
726.0,726.0,723.0,724.0,127.0217,92118.1545,206,47.1898,34234.2529,202304
724.0,727.0,723.0,726.0,147.6616,107071.1419,247,68.5868,49752.1572,202304
726.0,726.0,724.0,725.0,94.8534,68784.83,206,41.7988,30321.2997,202304
724.0,726.0,724.0,725.0,109.687,79517.623,168,65.9693,47832.7645,202304
724.0,725.0,722.0,723.0,108.7474,78655.9015,153,28.1142,20337.7852,202304
722.0,723.0,720.0,723.0,174.9333,126220.7345,154,49.878,35999.4847,202304
723.0,724.0,722.0,723.0,57.0102,41217.6296,82,31.1831,22545.9292,202304
723.0,723.0,720.0,722.0,103.3707,74600.1897,107,34.7647,25100.4409,202304
721.0,724.0,721.0,724.0,59.8192,43241.8549,83,37.3466,26996.3089,202304
723.0,726.0,722.0,726.0,101.9665,73791.8552,162,61.559,44568.6329,202304
726.0,728.0,725.0,726.0,68.0224,49425.7356,170,22.6794,16483.8748,202304
726.0,730.0,725.0,729.0,147.0491,107104.3122,242,121.4436,88463.3159,202304
729.0,730.0,728.0,728.0,110.4854,80539.5406,154,45.8635,33439.4783,202304
729.0,730.0,727.0,728.0,104.2019,75893.723,274,15.338,11182.0686,202304
728.0,731.0,727.0,729.0,103.5647,75490.5955,245,75.8943,55323.4112,202304
729.0,730.0,728.0,730.0,54.8796,40010.4177,94,34.0568,24834.9161,202304
730.0,732.0,727.0,727.0,76.0654,55450.0073,130,28.5266,20817.2911,202304
727.0,730.0,726.0,729.0,116.4504,84748.1623,233,45.2035,32947.4729,202304
728.0,733.0,728.0,732.0,52.5903,38425.795,129,38.064,27808.7572,202304
731.0,731.0,728.0,730.0,174.6235,127431.6667,200,145.283,106019.8218,202304
730.0,732.0,728.0,731.0,113.5445,82877.7409,283,77.7175,56762.6576,202304
731.0,735.0,731.0,733.0,184.3033,135091.4045,323,85.2528,62522.4003,202304
733.0,733.0,730.0,731.0,106.8297,78179.947,229,12.2657,8982.8874,202304
731.0,733.0,729.0,730.0,57.8774,42302.2365,135,34.0223,24859.0243,202304
730.0,733.0,730.0,731.0,97.0577,70950.1698,170,30.2589,22120.9776,202304
731.0,731.0,728.0,730.0,41.4159,30218.7214,71,14.3872,10496.693,202304
729.0,731.0,728.0,729.0,36.5214,26629.8725,62,18.3421,13376.9687,202304
729.0,730.0,728.0,728.0,25.9225,18888.0724,38,8.1639,5952.4456,202304
728.0,729.0,727.0,729.0,38.046,27689.4494,66,12.793,9315.812,202304
730.0,730.0,726.0,728.0,65.0771,47410.1996,162,16.0395,11697.938,202304
728.0,729.0,727.0,727.0,62.3124,45341.8596,145,17.4119,12678.8208,202304
727.0,729.0,727.0,728.0,15.7378,11450.6356,39,6.0443,4401.9571,202304
727.0,728.0,725.0,727.0,64.6731,46952.1663,135,18.2935,13288.4963,202304
727.0,730.0,727.0,729.0,23.7406,17284.9825,94,13.8069,10059.6438,202304
729.0,730.0,729.0,729.0,14.0936,10280.7788,62,6.5444,4777.412,202304
729.0,730.0,726.0,727.0,55.2301,40209.4169,171,10.7101,7794.9909,202304
727.0,728.0,726.0,726.0,33.4553,24309.851,56,1.0607,772.1896,202304
726.0,728.0,726.0,728.0,46.4216,33764.2491,77,35.1751,25588.3308,202304
728.0,729.0,726.0,727.0,71.9805,52353.4974,103,45.0657,32782.835,202304
727.0,727.0,725.0,726.0,28.1794,20465.1232,93,1.6815,1220.769,202304
726.0,727.0,725.0,726.0,35.2648,25571.8836,55,6.8054,4938.1997,202304
727.0,730.0,727.0,730.0,51.8098,37734.9304,148,31.6743,23070.0312,202304
729.0,730.0,728.0,729.0,24.3117,17724.646,31,18.7231,13650.6077,202304
729.0,729.0,727.0,728.0,21.9516,15980.8222,55,13.3201,9697.1898,202304
728.0,728.0,726.0,727.0,40.1652,29201.0162,66,13.3542,9709.4421,202304
728.0,728.0,726.0,726.0,34.3197,24968.0926,76,18.4223,13411.1551,202304
726.0,728.0,726.0,727.0,19.2134,13962.4705,32,15.9596,11599.5434,202304
728.0,728.0,727.0,727.0,7.6619,5576.3147,31,4.9723,3619.4552,202304
727.0,728.0,726.0,726.0,32.6183,23706.454,63,14.4664,10523.5536,202304
727.0,727.0,726.0,726.0,8.542,6206.3186,25,3.0412,2210.9524,202304
727.0,728.0,726.0,726.0,33.7881,24553.2246,50,14.7962,10757.0594,202304
725.0,727.0,725.0,725.0,29.4187,21356.718,51,11.156,8101.3259,202304
726.0,727.0,726.0,727.0,26.2527,19062.4765,57,20.2165,14680.1953,202304
726.0,727.0,725.0,726.0,144.7614,105108.1673,88,17.0844,12408.8039,202304
725.0,725.0,721.0,722.0,222.9909,161219.2103,339,32.5867,23555.0183,202304
723.0,724.0,718.0,720.0,171.539,123672.58,410,34.3402,24796.0479,202304
721.0,724.0,721.0,722.0,24.8731,17956.4925,91,11.4845,8285.9421,202304
722.0,724.0,721.0,723.0,54.2716,39225.379,102,22.4802,16251.0479,202304
724.0,725.0,723.0,725.0,33.0271,23913.4858,116,17.0319,12334.0417,202304
725.0,726.0,725.0,726.0,30.1381,21854.3485,90,21.2389,15402.4285,202304
724.0,726.0,724.0,726.0,12.5872,9131.3486,49,9.7449,7068.3657,202304
726.0,726.0,725.0,726.0,17.9077,12993.566,49,8.9854,6518.8192,202304
725.0,727.0,725.0,727.0,24.8118,18019.4055,106,22.5528,16381.4805,202304
727.0,728.0,726.0,727.0,30.0087,21825.5697,66,13.433,9775.1558,202304
727.0,728.0,726.0,727.0,16.6943,12135.3148,46,11.8855,8641.3636,202304
728.0,728.0,723.0,725.0,24.7811,17965.3398,73,9.6952,7027.4899,202304
725.0,726.0,724.0,724.0,68.8222,49884.2092,96,40.6067,29439.4606,202304
724.0,725.0,721.0,723.0,75.329,54449.9786,138,46.0487,33278.6177,202304
723.0,723.0,722.0,722.0,44.0013,31789.157,162,23.2441,16800.9109,202304
721.0,721.0,718.0,719.0,69.1358,49741.8677,148,26.7121,19216.2285,202304
719.0,722.0,719.0,722.0,39.6649,28541.6965,109,35.0623,25231.9295,202304
722.0,724.0,722.0,723.0,14.9344,10789.0174,83,12.1749,8794.8729,202304
723.0,723.0,720.0,720.0,59.9273,43244.6336,120,14.3663,10366.3255,202304
719.0,721.0,719.0,720.0,42.9548,30907.6123,94,13.5068,9717.6964,202304
720.0,722.0,720.0,721.0,45.8941,33090.483,76,37.369,26943.9152,202304
721.0,723.0,721.0,723.0,22.5839,16301.2261,71,13.7954,9958.3216,202304
723.0,723.0,722.0,722.0,40.6225,29359.8386,52,28.3642,20506.9236,202304
721.0,721.0,721.0,721.0,8.6861,6262.6781,9,0.0,0.0,202304
722.0,723.0,722.0,723.0,6.1425,4437.5918,29,6.121,4422.0688,202304
724.0,724.0,720.0,721.0,12.3588,8915.2495,50,3.2596,2352.7521,202304
720.0,723.0,720.0,723.0,13.3674,9659.2728,52,5.5719,4025.8497,202304
723.0,723.0,721.0,721.0,32.6608,23580.1871,42,4.9157,3549.198,202304
721.0,721.0,717.0,718.0,55.4591,39825.2546,126,19.9835,14348.3893,202304
718.0,720.0,717.0,720.0,41.3073,29695.6657,68,13.2268,9511.4072,202304
720.0,721.0,720.0,721.0,3.8097,2743.0321,10,0.0481,34.6801,202304
721.0,722.0,721.0,721.0,20.354,14685.2429,51,15.8247,11419.6176,202304
721.0,721.0,719.0,719.0,37.6175,27093.9063,46,9.5158,6860.7091,202304
719.0,722.0,719.0,722.0,10.1249,7291.203,28,6.413,4620.4027,202304
722.0,722.0,721.0,722.0,14.7162,10621.6585,25,6.5975,4763.395,202304
722.0,724.0,722.0,723.0,25.4717,18416.3486,69,16.8908,12213.0114,202304
723.0,723.0,723.0,723.0,8.5846,6206.6658,14,8.3598,6044.1354,202304
723.0,723.0,722.0,722.0,31.2403,22556.2122,26,0.7156,517.3788,202304
723.0,724.0,722.0,722.0,24.9464,18030.4541,70,13.2459,9575.5726,202304
722.0,724.0,722.0,724.0,10.6988,7736.628,20,10.6988,7736.628,202304
723.0,724.0,722.0,724.0,26.1135,18884.9412,44,16.9743,12282.0174,202304
724.0,724.0,724.0,724.0,0.1381,99.9844,1,0.1381,99.9844,202304
723.0,724.0,722.0,722.0,62.4983,45211.9007,81,34.7311,25145.0311,202304
722.0,723.0,721.0,721.0,64.6567,46634.2554,63,2.2989,1660.9648,202304
721.0,722.0,721.0,721.0,7.7284,5572.193,21,0.0166,11.9852,202304
720.0,720.0,719.0,720.0,93.2591,67135.1251,78,38.6431,27823.032,202304
720.0,721.0,719.0,719.0,53.9073,38767.0252,99,14.7755,10631.261,202304
719.0,720.0,718.0,718.0,54.1771,38962.419,87,25.7776,18549.8587,202304
718.0,720.0,718.0,718.0,18.7603,13487.4644,90,2.7701,1992.083,202304
718.0,720.0,718.0,719.0,11.2256,8070.6664,28,5.6091,4036.0378,202304
720.0,721.0,719.0,719.0,47.7016,34348.569,85,25.2357,18184.1908,202304
718.0,718.0,717.0,718.0,7.9095,5677.5733,33,0.0335,24.053,202304
718.0,718.0,715.0,717.0,41.8337,29966.2895,97,8.7249,6247.564,202304
717.0,717.0,713.0,716.0,205.6233,146977.0788,299,39.3322,28124.9703,202304
716.0,719.0,716.0,718.0,95.9921,68833.4628,226,73.9464,53032.307,202304
718.0,718.0,715.0,715.0,23.0435,16532.3224,50,14.342,10297.1237,202304
716.0,716.0,714.0,716.0,75.6641,54100.1065,98,16.6644,11915.544,202304
716.0,717.0,715.0,717.0,25.5631,18304.1629,49,14.7201,10542.2164,202304
717.0,718.0,717.0,718.0,50.0146,35900.6497,70,43.5119,31235.283,202304
718.0,721.0,718.0,720.0,60.1132,43243.9507,89,49.9666,35949.533,202304
720.0,720.0,719.0,719.0,36.7319,26423.2203,65,12.7933,9198.4474,202304
719.0,719.0,718.0,718.0,9.9506,7154.1693,25,0.0544,39.1136,202304
719.0,719.0,718.0,718.0,10.9252,7844.3187,40,2.659,1909.1871,202304
718.0,719.0,718.0,718.0,7.2569,5210.4864,10,0.0322,23.1518,202304
718.0,719.0,718.0,719.0,22.2144,15965.118,38,16.2258,11663.0908,202304
719.0,719.0,717.0,717.0,17.81,12800.0458,36,5.8818,4229.0142,202304
717.0,719.0,717.0,717.0,19.2116,13795.2297,42,11.9195,8560.4428,202304
717.0,718.0,717.0,717.0,30.7346,22036.7227,55,11.1207,7973.5564,202304
717.0,717.0,715.0,716.0,48.4084,34665.7183,78,7.038,5045.8846,202304
716.0,717.0,715.0,716.0,19.6848,14097.0286,35,10.2718,7358.2727,202304
716.0,718.0,716.0,718.0,53.6361,38445.1709,76,44.0901,31604.8095,202304
718.0,719.0,718.0,718.0,19.9345,14313.15,26,3.4788,2497.9574,202304
718.0,719.0,718.0,719.0,15.3894,11052.7871,26,15.3894,11052.7871,202304
719.0,719.0,719.0,719.0,3.2748,2354.5812,17,1.7216,1237.8304,202304
720.0,720.0,720.0,720.0,11.4654,8255.088,21,11.4654,8255.088,202304
720.0,721.0,719.0,719.0,35.4934,25551.3165,93,16.9961,12238.1,202304
719.0,719.0,719.0,719.0,0.0,0.0,0,0.0,0.0,202304
718.0,719.0,717.0,718.0,44.8377,32171.8712,82,7.4416,5344.6064,202304
718.0,718.0,717.0,718.0,13.4086,9624.8272,74,10.861,7798.198,202304
717.0,719.0,717.0,718.0,24.5756,17650.1269,45,16.5656,11898.9774,202304
718.0,718.0,714.0,714.0,62.7895,44943.4286,150,22.8119,16319.6293,202304
714.0,715.0,713.0,714.0,31.9223,22803.221,51,22.2249,15883.5635,202304
714.0,716.0,714.0,716.0,35.3494,25282.6868,65,25.6113,18320.8397,202304
715.0,715.0,713.0,713.0,21.5055,15360.6761,62,7.4066,5288.3124,202304
713.0,717.0,713.0,717.0,62.8829,44962.7949,140,52.4213,37481.5807,202304
716.0,716.0,715.0,715.0,55.9944,40088.6998,75,0.016,11.456,202304
716.0,716.0,715.0,716.0,3.7033,2650.4937,8,2.6342,1886.0872,202304
715.0,715.0,712.0,714.0,71.5011,51021.9158,244,15.71,11211.5595,202304
713.0,714.0,713.0,713.0,52.1149,37157.9461,47,36.0749,25721.4261,202304
712.0,714.0,712.0,714.0,16.7296,11928.9575,46,11.9785,8541.7783,202304
714.0,714.0,712.0,714.0,38.8922,27751.9944,74,9.037,6445.9723,202304
713.0,713.0,712.0,712.0,49.2248,35059.7994,64,14.359,10225.047,202304
712.0,713.0,710.0,711.0,77.2374,54975.9195,114,15.7506,11212.4731,202304
711.0,713.0,711.0,712.0,34.4245,24510.2444,47,33.8221,24081.5143,202304
713.0,713.0,712.0,713.0,11.0235,7858.265,27,9.533,6797.029,202304
712.0,713.0,712.0,712.0,5.792,4129.6144,9,5.7104,4071.5152,202304
713.0,714.0,713.0,714.0,16.2014,11558.0757,31,16.2014,11558.0757,202304
713.0,715.0,713.0,714.0,98.7681,70515.2796,100,69.982,49969.268,202304
714.0,715.0,713.0,714.0,205.9843,147215.9553,213,95.8517,68512.5039,202304
715.0,716.0,715.0,715.0,17.8202,12742.0867,29,13.702,9797.5737,202304
715.0,716.0,715.0,716.0,9.4133,6734.4321,38,8.6248,6170.6546,202304
716.0,718.0,716.0,718.0,22.0157,15783.5924,66,20.6875,14831.5836,202304
717.0,717.0,716.0,717.0,29.2206,20936.8389,50,7.8667,5634.4865,202304
716.0,716.0,716.0,716.0,8.2166,5883.0856,12,5.9323,4247.5268,202304
716.0,716.0,714.0,715.0,51.3416,36711.271,131,33.4483,23915.5345,202304
715.0,716.0,714.0,715.0,15.7373,11252.2115,30,8.6389,6176.9475,202304
715.0,715.0,714.0,714.0,10.3279,7375.3066,33,1.6207,1158.3658,202304
713.0,714.0,712.0,712.0,25.4796,18159.0935,48,0.5681,405.371,202304
712.0,713.0,712.0,713.0,1.9017,1354.1744,14,0.164,116.932,202304
713.0,714.0,712.0,713.0,56.6834,40424.1549,82,31.1401,22212.4765,202304
712.0,713.0,712.0,713.0,45.0705,32113.6363,53,32.8924,23442.8291,202304
712.0,712.0,710.0,711.0,36.71,26118.2042,72,12.0341,8567.1068,202304
711.0,713.0,709.0,711.0,274.2483,194854.1774,281,152.4126,108349.559,202304
711.0,711.0,710.0,710.0,18.8135,13374.3106,59,13.4021,9528.8931,202304
711.0,712.0,709.0,709.0,71.5713,50768.167,88,3.4729,2467.1394,202304
708.0,709.0,707.0,708.0,69.3653,49108.5517,88,29.6596,21001.4148,202304
708.0,709.0,706.0,707.0,56.5937,40055.7013,118,36.5304,25857.81,202304
707.0,709.0,705.0,709.0,170.8126,120815.8608,180,77.6522,54964.7529,202304
708.0,708.0,707.0,708.0,40.4794,28656.1997,77,24.4509,17311.2372,202304
708.0,709.0,707.0,708.0,74.5257,52800.2102,136,27.2601,19318.3638,202304
708.0,708.0,707.0,708.0,18.1996,12871.8833,43,2.0078,1421.5224,202304
707.0,707.0,706.0,706.0,29.0671,20527.861,65,11.5601,8161.5307,202304
706.0,708.0,706.0,707.0,42.0945,29782.3901,70,25.7551,18220.0526,202304
708.0,708.0,705.0,706.0,28.3279,20007.9721,65,13.2863,9390.7968,202304
706.0,707.0,705.0,705.0,56.8423,40131.7951,68,32.5872,23007.752,202304
706.0,709.0,705.0,707.0,152.351,107764.6109,165,86.5209,61218.1406,202304
707.0,708.0,707.0,707.0,26.8857,19023.7297,55,24.5807,17394.0947,202304
708.0,708.0,707.0,708.0,27.5941,19530.6481,31,11.3705,8050.314,202304
708.0,708.0,707.0,707.0,18.841,13326.1848,36,3.7584,2658.0799,202304
707.0,707.0,705.0,705.0,30.2601,21353.3835,65,11.3454,8013.0314,202304
706.0,707.0,705.0,707.0,16.7305,11811.383,40,10.2985,7271.7862,202304
706.0,708.0,706.0,707.0,14.9068,10538.3107,30,11.0321,7802.6146,202304
708.0,708.0,706.0,707.0,31.1449,22028.4135,61,15.4442,10930.0186,202304
707.0,708.0,707.0,707.0,4.981,3524.6807,9,4.3917,3108.0456,202304
707.0,707.0,706.0,706.0,15.4209,10889.7913,51,0.4301,303.7661,202304
706.0,706.0,705.0,706.0,39.0911,27568.7494,51,9.3962,6633.7172,202304
706.0,707.0,706.0,706.0,0.5832,411.9413,4,0.2021,142.8847,202304
706.0,706.0,705.0,705.0,9.7751,6899.0466,24,5.1609,3643.5954,202304
705.0,705.0,703.0,705.0,97.5864,68721.2021,188,30.7781,21675.4424,202304
706.0,706.0,703.0,704.0,18.4978,13028.2648,47,4.3037,3029.9661,202304
704.0,704.0,700.0,702.0,83.4894,58586.447,148,16.7166,11743.2636,202304
701.0,703.0,699.0,701.0,222.2749,155661.8494,332,49.1427,34438.8964,202304
702.0,703.0,701.0,702.0,55.9273,39276.6237,81,37.2081,26138.275,202304
702.0,704.0,701.0,703.0,29.2271,20522.2084,55,13.0013,9133.2461,202304
702.0,702.0,698.0,701.0,107.3059,75085.231,245,17.004,11910.6606,202304
700.0,703.0,699.0,702.0,93.1742,65213.396,209,45.0056,31512.9831,202304
702.0,703.0,702.0,703.0,63.6826,44712.6092,160,28.85,20260.124,202304
703.0,704.0,702.0,702.0,43.2744,30423.7535,64,23.2989,16386.5699,202304
703.0,704.0,702.0,704.0,33.932,23845.8666,79,22.8098,16036.9132,202304
703.0,704.0,702.0,703.0,48.4493,34060.016,58,24.4247,17176.3053,202304
702.0,702.0,699.0,702.0,70.7851,49629.829,166,46.6308,32704.8207,202304
701.0,702.0,700.0,702.0,40.2994,28269.9107,55,17.4041,12206.2075,202304
702.0,703.0,701.0,702.0,28.0007,19655.9245,58,19.5972,13759.1223,202304
701.0,703.0,701.0,702.0,48.5598,34099.5902,76,34.199,24020.5287,202304
703.0,703.0,702.0,702.0,18.6328,13080.2541,36,1.346,944.9205,202304
701.0,702.0,699.0,699.0,17.5263,12277.84,51,2.7688,1943.5445,202304
700.0,701.0,699.0,700.0,30.9481,21660.6467,47,19.7678,13837.4886,202304
699.0,701.0,699.0,700.0,22.4416,15710.1083,40,12.63,8842.0171,202304
700.0,700.0,697.0,699.0,85.8413,59958.4291,147,24.5373,17137.9859,202304
699.0,701.0,699.0,700.0,51.2608,35882.9425,71,10.1035,7073.8251,202304
700.0,702.0,700.0,700.0,24.3328,17052.6616,43,20.8368,14603.7374,202304
700.0,701.0,699.0,701.0,85.5195,59870.6222,144,23.8104,16674.5676,202304
700.0,700.0,699.0,699.0,17.3884,12171.7648,40,0.0286,20.02,202304
699.0,700.0,698.0,699.0,26.7513,18703.688,67,13.2274,9250.5061,202304
699.0,699.0,697.0,698.0,55.3422,38626.6189,113,23.6366,16499.4372,202304
698.0,698.0,695.0,696.0,51.6523,35963.5577,157,2.8878,2012.6956,202304
696.0,698.0,696.0,698.0,57.033,39762.6763,121,46.178,32194.0583,202304
698.0,699.0,697.0,698.0,36.1243,25222.2458,75,23.9304,16712.0499,202304
699.0,699.0,697.0,698.0,25.2858,17665.6403,51,6.5362,4567.8038,202304
697.0,700.0,697.0,699.0,113.5662,79380.2481,101,79.092,55283.1505,202304
699.0,699.0,698.0,698.0,29.4214,20551.4341,61,7.8468,5484.582,202304
697.0,698.0,696.0,697.0,65.4127,45591.271,393,20.8545,14535.8445,202304
697.0,698.0,696.0,697.0,48.2746,33647.3977,229,14.4925,10101.4,202304
698.0,702.0,698.0,700.0,298.8136,209162.4697,1036,115.2656,80659.1284,202304
700.0,701.0,699.0,701.0,126.1377,88282.073,195,49.4148,34595.9437,202304
701.0,701.0,700.0,701.0,41.0007,28738.2361,83,33.3405,23371.6905,202304
701.0,703.0,701.0,702.0,38.3573,26925.0223,70,25.4714,17881.8005,202304
702.0,703.0,702.0,702.0,95.3982,66969.8214,91,74.0404,51976.6458,202304
702.0,703.0,701.0,703.0,66.0906,46426.5306,91,46.7242,32823.8952,202304
702.0,705.0,702.0,704.0,52.2215,36727.7222,62,51.2824,36066.7574,202304
705.0,705.0,701.0,701.0,130.4071,91698.1687,122,68.0513,47850.1504,202304
702.0,702.0,700.0,700.0,8.0668,5652.398,33,0.0485,34.047,202304
700.0,701.0,700.0,701.0,1.8601,1302.268,9,0.198,138.798,202304
700.0,701.0,699.0,700.0,11.1302,7787.1182,22,3.2595,2282.7186,202304
699.0,700.0,698.0,698.0,40.45,28269.8235,74,12.2757,8580.8274,202304
699.0,699.0,698.0,699.0,1.9036,1328.8065,14,0.0937,65.4963,202304
699.0,699.0,698.0,699.0,27.4001,19147.3233,41,11.7172,8190.3228,202304
698.0,699.0,698.0,699.0,8.9534,6257.9274,18,7.0476,4926.2724,202304
700.0,700.0,699.0,700.0,23.2324,16239.7695,20,0.3219,225.33,202304
699.0,700.0,698.0,699.0,15.8062,11049.7708,41,8.4205,5887.1951,202304
698.0,699.0,697.0,698.0,40.5193,28282.3742,51,7.21,5032.5991,202304
699.0,699.0,696.0,697.0,40.5106,28242.4611,77,0.2034,142.0153,202304
697.0,698.0,697.0,698.0,13.959,9729.5992,14,12.893,8986.5972,202304
698.0,698.0,696.0,697.0,20.5838,14348.5277,60,8.7406,6099.4079,202304
697.0,698.0,692.0,694.0,219.6834,152537.5993,389,71.9307,49958.7377,202304
693.0,696.0,693.0,696.0,63.5987,44188.9161,87,56.061,38953.7318,202304
695.0,697.0,695.0,696.0,21.2478,14790.1028,61,11.1961,7794.1628,202304
696.0,696.0,694.0,695.0,36.0372,25051.3425,55,1.4975,1042.1966,202304
694.0,695.0,693.0,694.0,18.1576,12603.3744,49,9.8256,6820.9952,202304
693.0,695.0,692.0,694.0,47.0414,32604.149,148,22.3716,15512.9488,202304
694.0,698.0,694.0,697.0,72.9149,50727.788,165,52.6672,36643.5396,202304
697.0,697.0,692.0,694.0,55.7007,38651.4954,137,19.5707,13590.7396,202304
693.0,695.0,693.0,695.0,29.882,20744.3409,70,23.618,16395.3244,202304
695.0,698.0,695.0,696.0,40.0533,27891.2086,72,15.9208,11095.1807,202304
697.0,697.0,696.0,696.0,22.2052,15460.6503,44,9.6426,6715.419,202304
697.0,698.0,696.0,697.0,46.3011,32276.8435,93,14.55,10146.7781,202304
696.0,696.0,694.0,694.0,36.4929,25362.856,52,4.0211,2794.9254,202304
694.0,695.0,694.0,695.0,30.764,21352.3285,45,26.1447,18146.5343,202304
694.0,695.0,693.0,694.0,35.8124,24853.9427,61,18.6095,12915.1861,202304
694.0,695.0,693.0,695.0,47.9333,33268.0692,89,29.6335,20569.095,202304
694.0,694.0,692.0,692.0,12.3905,8588.3246,51,0.2016,139.7666,202304
693.0,693.0,691.0,691.0,57.0267,39411.919,115,1.1086,767.2858,202304
692.0,693.0,690.0,690.0,119.4046,82516.5145,222,21.3503,14769.0832,202304
691.0,691.0,688.0,690.0,196.6856,135524.6906,446,83.9884,57843.8,202304
689.0,690.0,688.0,689.0,56.1997,38737.3147,118,37.3706,25764.3648,202304
690.0,690.0,688.0,688.0,39.718,27373.7888,45,29.3141,20205.5307,202304
689.0,690.0,689.0,690.0,20.3272,14007.3232,49,13.1322,9049.9682,202304
690.0,690.0,688.0,690.0,14.4101,9930.7399,32,11.5109,7934.6739,202304
690.0,691.0,689.0,691.0,10.3975,7176.6573,35,10.1824,7028.2848,202304
690.0,692.0,690.0,692.0,79.5819,55050.9012,109,69.551,48109.8452,202304
692.0,692.0,690.0,691.0,137.3586,94922.4916,106,18.4643,12758.9307,202304
691.0,691.0,690.0,691.0,5.1311,3545.3143,27,4.8553,3355.0123,202304
691.0,691.0,690.0,691.0,4.2549,2938.0709,14,2.1899,1513.2209,202304
690.0,692.0,689.0,692.0,184.3427,127119.6776,356,37.5244,25898.3284,202304
692.0,693.0,691.0,691.0,81.4918,56393.5117,141,54.0169,37380.9098,202304
692.0,693.0,692.0,693.0,37.2405,25779.3681,49,23.5489,16304.7809,202304
692.0,693.0,691.0,692.0,20.9658,14516.1374,46,9.9541,6896.2407,202304
692.0,693.0,691.0,693.0,21.1893,14663.0263,21,21.1604,14643.0564,202304
692.0,692.0,691.0,692.0,17.2773,11942.9516,29,0.2002,138.5384,202304
691.0,692.0,691.0,692.0,0.2389,165.2557,7,0.1758,121.6536,202304
692.0,693.0,691.0,693.0,58.8509,40724.4329,74,47.0735,32574.8909,202304
693.0,693.0,692.0,692.0,25.5017,17647.6085,49,13.5389,9369.3509,202304
692.0,694.0,692.0,693.0,59.8378,41476.4884,78,37.8086,26218.6202,202304
694.0,694.0,694.0,694.0,18.1323,12583.8162,36,6.8401,4747.0294,202304
694.0,694.0,694.0,694.0,33.7413,23416.4622,51,33.7413,23416.4622,202304
694.0,695.0,693.0,694.0,31.2208,21667.8348,54,22.7013,15757.2445,202304
694.0,696.0,694.0,694.0,60.7474,42209.3127,105,46.7799,32501.9163,202304
694.0,695.0,694.0,695.0,13.3472,9274.6559,17,11.6991,8130.8745,202304
695.0,695.0,695.0,695.0,21.7294,15101.933,45,18.6153,12937.6335,202304
694.0,695.0,694.0,695.0,20.0396,13927.4938,20,5.4835,3811.0325,202304
695.0,697.0,695.0,697.0,13.7741,9581.5997,37,8.1934,5702.8348,202304
696.0,696.0,695.0,696.0,11.8587,8251.0362,23,5.1208,3564.0768,202304
695.0,696.0,694.0,696.0,70.622,49025.407,80,8.0949,5626.709,202304
695.0,697.0,695.0,696.0,18.0584,12567.033,47,14.5433,10122.3351,202304
696.0,696.0,694.0,694.0,3.469,2411.0589,18,0.6931,482.3084,202304
694.0,694.0,693.0,694.0,9.9409,6896.4779,32,0.9654,669.9876,202304
693.0,694.0,693.0,693.0,21.0134,14564.085,31,14.7827,10246.2099,202304
692.0,693.0,691.0,693.0,54.0991,37433.4128,114,16.9867,11755.1138,202304
692.0,692.0,692.0,692.0,24.3919,16879.1948,27,11.1655,7726.526,202304
692.0,692.0,692.0,692.0,6.0642,4196.4264,9,6.0642,4196.4264,202304
692.0,692.0,691.0,691.0,22.5393,15588.23,44,2.0261,1402.0612,202304
691.0,692.0,691.0,691.0,11.247,7772.2167,24,0.5397,373.4724,202304
691.0,692.0,691.0,692.0,32.6183,22539.276,16,0.0307,21.2444,202304
692.0,692.0,692.0,692.0,18.9913,13141.9796,26,18.513,12810.996,202304
693.0,694.0,693.0,693.0,21.3236,14787.0294,49,21.2482,14734.7772,202304
694.0,694.0,693.0,693.0,18.0639,12518.3014,32,5.4787,3796.7578,202304
693.0,693.0,693.0,693.0,4.8989,3394.9377,5,1.194,827.442,202304
692.0,694.0,692.0,693.0,7.1313,4938.8175,13,3.8869,2693.6363,202304
694.0,694.0,694.0,694.0,0.7505,520.847,5,0.7505,520.847,202304
693.0,693.0,693.0,693.0,1.2855,890.8515,1,0.0,0.0,202304
694.0,694.0,693.0,693.0,1.8725,1298.4393,11,0.7968,552.9792,202304
694.0,694.0,694.0,694.0,72.2419,50135.8786,44,39.1133,27144.6302,202304
695.0,695.0,694.0,695.0,0.8708,605.1775,8,0.8423,585.3985,202304
695.0,695.0,694.0,695.0,22.8147,15854.7505,44,5.4044,3756.058,202304
695.0,695.0,695.0,695.0,0.0575,39.9625,2,0.0575,39.9625,202304
694.0,695.0,693.0,695.0,26.6495,18494.7345,34,14.3509,9960.2478,202304
695.0,695.0,694.0,695.0,5.2448,3644.6704,10,4.7792,3321.544,202304
695.0,695.0,695.0,695.0,16.4727,11448.5265,33,16.4074,11403.143,202304
696.0,696.0,695.0,695.0,0.7643,531.9002,7,0.7117,495.3432,202304
696.0,696.0,696.0,696.0,11.4659,7980.2664,33,11.4659,7980.2664,202304
696.0,696.0,696.0,696.0,16.0467,11168.5032,23,4.8906,3403.8576,202304
695.0,695.0,694.0,694.0,17.5528,12195.7161,40,4.6613,3239.6035,202304
695.0,695.0,695.0,695.0,0.0162,11.259,1,0.0162,11.259,202304
695.0,695.0,693.0,694.0,16.6337,11543.5573,35,8.1751,5673.5338,202304
693.0,694.0,693.0,693.0,0.3323,230.3787,5,0.0948,65.7912,202304
693.0,694.0,692.0,692.0,19.648,13615.8037,54,9.894,6856.5702,202304
693.0,693.0,693.0,693.0,1.9315,1338.5295,3,1.9315,1338.5295,202304
694.0,694.0,694.0,694.0,13.6703,9487.1882,29,6.907,4793.458,202304
694.0,695.0,694.0,695.0,10.0114,6956.2885,9,8.3769,5821.9455,202304
695.0,695.0,693.0,693.0,5.4385,3776.709,15,2.8022,1947.529,202304
694.0,694.0,693.0,693.0,21.5106,14916.4767,28,9.6309,6683.8446,202304
694.0,694.0,693.0,694.0,18.045,12523.201,39,17.8368,12378.7392,202304
694.0,695.0,694.0,695.0,9.8965,6877.84,13,9.669,6719.955,202304
694.0,694.0,692.0,692.0,21.2635,14743.5614,35,0.3,207.9,202304
693.0,693.0,693.0,693.0,11.5191,7982.7363,13,10.1278,7018.5654,202304
692.0,694.0,692.0,694.0,7.1836,4977.6251,10,6.4894,4497.2387,202304
694.0,694.0,693.0,694.0,4.3805,3038.9707,12,3.2842,2279.2348,202304
694.0,694.0,694.0,694.0,1.092,757.848,5,1.092,757.848,202304
694.0,694.0,693.0,693.0,0.9737,674.9681,4,0.194,134.636,202304
693.0,693.0,693.0,693.0,14.6697,10166.1021,29,1.9628,1360.2204,202304
694.0,694.0,693.0,693.0,0.5513,382.4723,2,0.4214,292.4516,202304
693.0,694.0,693.0,694.0,0.3106,215.4718,3,0.226,156.844,202304
694.0,694.0,694.0,694.0,0.2365,164.131,4,0.2365,164.131,202304
693.0,695.0,693.0,695.0,9.0536,6282.9613,18,8.0365,5578.111,202304
695.0,695.0,694.0,694.0,7.8937,5478.2637,13,0.0359,24.9505,202304
694.0,694.0,693.0,693.0,0.7807,541.2981,5,0.0,0.0,202304
694.0,694.0,692.0,693.0,5.4494,3772.6877,22,0.635,440.129,202304
692.0,693.0,692.0,693.0,25.8765,17906.5683,39,19.8838,13759.6199,202304
692.0,693.0,692.0,693.0,9.4713,6563.5821,18,9.4425,6543.6525,202304
693.0,693.0,692.0,692.0,13.1978,9132.9075,10,0.0299,20.7207,202304
692.0,692.0,691.0,691.0,27.5176,19020.9461,71,7.8789,5444.3373,202304
692.0,692.0,690.0,691.0,32.2043,22252.3918,37,15.1225,10449.7039,202304
691.0,691.0,690.0,691.0,4.2873,2959.1393,6,0.9023,623.4893,202304
691.0,692.0,691.0,691.0,30.6458,21178.1259,56,19.5595,13517.4926,202304
692.0,692.0,691.0,691.0,3.8808,2685.485,18,3.8522,2665.7224,202304
691.0,693.0,691.0,692.0,1.5573,1077.6598,5,0.8005,553.9764,202304
693.0,693.0,692.0,692.0,0.0611,42.3133,2,0.0321,22.2453,202304
693.0,693.0,692.0,692.0,3.0039,2078.8639,5,0.1651,114.4143,202304
693.0,693.0,692.0,692.0,0.4517,312.6764,3,0.1,69.3,202304
693.0,693.0,693.0,693.0,0.5761,399.2373,8,0.5761,399.2373,202304
693.0,693.0,692.0,692.0,12.5404,8678.0242,26,0.0674,46.7082,202304
692.0,692.0,692.0,692.0,0.664,459.488,7,0.0,0.0,202304
693.0,693.0,692.0,692.0,0.0934,64.6978,3,0.065,45.045,202304
692.0,692.0,692.0,692.0,4.1518,2873.0456,11,0.0,0.0,202304
693.0,693.0,691.0,691.0,16.1464,11165.1645,29,2.5591,1771.7366,202304
691.0,691.0,691.0,691.0,1.0419,719.9529,12,1.0419,719.9529,202304
691.0,691.0,690.0,690.0,2.3768,1642.1227,7,2.1307,1472.3137,202304
690.0,691.0,690.0,691.0,2.605,1800.0247,5,2.5747,1779.1177,202304
690.0,691.0,690.0,691.0,6.842,4725.4652,12,4.4852,3099.2732,202304
691.0,691.0,690.0,691.0,8.0828,5579.49,8,2.358,1629.378,202304
690.0,690.0,690.0,690.0,6.0288,4159.872,2,0.0,0.0,202304
691.0,692.0,691.0,692.0,25.5765,17674.0077,24,23.9932,16579.9474,202304
692.0,694.0,692.0,694.0,26.8259,18580.6342,58,26.5504,18389.4948,202304
695.0,696.0,694.0,696.0,13.4501,9348.0314,54,13.4231,9329.2934,202304
695.0,695.0,694.0,695.0,18.9815,13191.0899,29,3.0381,2111.4795,202304
695.0,695.0,695.0,695.0,0.0795,55.2525,2,0.0795,55.2525,202304
695.0,697.0,695.0,697.0,31.0017,21570.8772,61,30.652,21327.8208,202304
697.0,697.0,696.0,696.0,11.3353,7890.2457,15,1.6159,1125.5433,202304
695.0,696.0,695.0,696.0,7.0777,4925.0992,7,6.0977,4243.9992,202304
695.0,695.0,695.0,695.0,3.6208,2516.456,2,0.0,0.0,202304
696.0,696.0,695.0,695.0,5.8614,4076.5836,16,3.0995,2157.0631,202304
694.0,696.0,694.0,696.0,42.1748,29311.8435,43,31.6739,22013.9365,202304
696.0,696.0,696.0,696.0,13.4781,9380.7576,20,5.3246,3705.9216,202304
696.0,696.0,696.0,696.0,0.0,0.0,0,0.0,0.0,202304
696.0,696.0,696.0,696.0,0.1889,131.4744,1,0.0,0.0,202304
696.0,697.0,696.0,696.0,0.0929,64.6942,3,0.0358,24.9526,202304
696.0,697.0,696.0,697.0,1.3286,925.7783,11,1.0727,747.6719,202304
696.0,696.0,695.0,696.0,14.7554,10263.6666,26,3.7521,2611.4616,202304
696.0,696.0,696.0,696.0,6.6193,4607.0328,16,6.2461,4347.2856,202304
697.0,697.0,696.0,696.0,0.2371,165.0431,6,0.0215,14.9855,202304
697.0,697.0,695.0,695.0,30.9048,21499.516,65,6.0316,4193.709,202304
695.0,695.0,694.0,694.0,1.4875,1033.1526,7,0.0,0.0,202304
694.0,694.0,692.0,693.0,15.2774,10582.8241,39,0.2948,204.4188,202304
693.0,693.0,692.0,692.0,4.5853,3173.1263,10,0.0987,68.3991,202304
693.0,694.0,693.0,694.0,26.1674,18134.0881,24,12.7517,8837.008,202304
694.0,694.0,693.0,693.0,4.1575,2882.1622,13,1.0147,704.2018,202304
693.0,693.0,691.0,692.0,22.492,15552.398,29,0.6105,422.8846,202304
692.0,692.0,692.0,692.0,1.0885,753.242,4,1.0885,753.242,202304
691.0,692.0,691.0,691.0,36.4326,25175.0098,31,0.0832,57.5744,202304
691.0,692.0,691.0,691.0,16.1754,11177.2172,8,0.0158,10.9336,202304
691.0,692.0,690.0,691.0,40.6803,28098.8084,70,9.3083,6432.1933,202304
691.0,691.0,690.0,691.0,10.97,7569.9062,27,0.6062,418.8842,202304
690.0,691.0,690.0,691.0,62.7674,43325.1678,74,28.2514,19509.1278,202304
690.0,691.0,689.0,689.0,72.5434,50015.5909,85,15.6556,10802.3928,202304
690.0,690.0,687.0,690.0,89.2415,61410.4272,196,53.84,37048.637,202304
690.0,690.0,688.0,689.0,16.7241,11525.6109,36,5.9592,4110.5432,202304
688.0,690.0,688.0,690.0,40.4634,27900.6484,69,36.5377,25196.0107,202304
690.0,691.0,690.0,690.0,16.3555,11296.2641,40,10.9691,7579.6481,202304
691.0,691.0,691.0,691.0,6.264,4328.424,12,6.264,4328.424,202304
691.0,692.0,691.0,692.0,0.0717,49.588,2,0.0433,29.9636,202304
692.0,692.0,690.0,692.0,31.7844,21972.8541,59,18.9608,13112.2951,202304
691.0,693.0,691.0,693.0,5.3111,3675.3172,20,4.5277,3133.9878,202304
693.0,693.0,690.0,690.0,36.4886,25232.6982,96,6.2843,4354.5665,202304
691.0,691.0,690.0,691.0,7.6136,5257.7276,24,4.3436,3001.4276,202304
691.0,691.0,690.0,690.0,2.4574,1698.0449,7,0.0,0.0,202304
690.0,693.0,690.0,692.0,26.3785,18248.3802,53,14.8913,10299.3202,202304
692.0,693.0,692.0,693.0,11.7747,8149.7277,15,1.6353,1133.2629,202304
693.0,693.0,683.0,684.0,959.626,660071.6971,1026,102.9184,70757.9362,202304
684.0,689.0,684.0,689.0,145.9576,100074.8968,290,60.3887,41426.3369,202304
688.0,688.0,687.0,687.0,22.7986,15672.9042,72,9.5987,6594.398,202304
687.0,688.0,687.0,688.0,41.3759,28458.5573,58,32.9264,22645.3013,202304
687.0,688.0,687.0,688.0,24.0006,16498.8969,51,16.4877,11334.0847,202304
688.0,689.0,688.0,688.0,15.0438,10358.5221,26,12.219,8415.0597,202304
688.0,689.0,687.0,689.0,45.0255,31000.2996,76,35.977,24775.0732,202304
689.0,689.0,686.0,687.0,32.1969,22131.353,83,1.8419,1266.0381,202304
687.0,688.0,687.0,688.0,27.835,19124.0155,31,12.7614,8768.4523,202304
688.0,688.0,686.0,687.0,88.7627,60967.8669,114,4.0284,2771.1247,202304
687.0,687.0,686.0,687.0,7.9976,5493.2819,21,6.9283,4759.7421,202304
687.0,688.0,687.0,688.0,30.3051,20820.5224,60,30.3051,20820.5224,202304
687.0,689.0,687.0,688.0,64.8556,44585.573,142,20.0874,13823.1562,202304
688.0,689.0,687.0,688.0,24.4896,16859.2245,44,23.4752,16162.2291,202304
688.0,689.0,688.0,689.0,5.8528,4028.6805,15,1.9541,1346.3749,202304
688.0,690.0,688.0,690.0,42.1959,29073.8412,63,21.1472,14571.3016,202304
690.0,690.0,689.0,689.0,0.0776,53.5243,2,0.0579,39.951,202304
690.0,690.0,689.0,690.0,3.773,2603.3417,15,3.7447,2583.843,202304
689.0,689.0,689.0,689.0,0.3328,229.2992,2,0.0,0.0,202304
689.0,689.0,687.0,687.0,39.799,27395.4995,70,7.7714,5348.1149,202304
688.0,688.0,688.0,688.0,0.6339,436.1232,5,0.6339,436.1232,202304
687.0,688.0,686.0,688.0,53.4151,36700.485,131,39.9449,27451.8382,202304
688.0,689.0,687.0,689.0,12.2391,8420.1,18,8.3293,5730.5729,202304
688.0,691.0,688.0,690.0,94.4992,65169.6761,142,90.4489,62377.0324,202304
690.0,690.0,689.0,689.0,3.2444,2235.4425,11,0.0509,35.121,202304
689.0,690.0,689.0,689.0,22.112,15253.2007,44,18.0327,12442.563,202304
690.0,690.0,689.0,690.0,4.099,2827.8746,19,3.6636,2527.884,202304
690.0,691.0,690.0,691.0,7.0332,4853.1371,20,6.7301,4643.9981,202304
691.0,691.0,691.0,691.0,6.1957,4281.2287,11,6.1957,4281.2287,202304
690.0,691.0,690.0,691.0,6.2588,4324.3332,35,4.9901,3448.1591,202304
691.0,691.0,690.0,691.0,40.6195,28068.0136,70,21.2081,14654.7971,202304
691.0,694.0,691.0,692.0,57.6566,39910.1032,139,44.2387,30615.0243,202304
692.0,693.0,692.0,693.0,42.9991,29760.3843,107,12.5146,8665.1103,202304
693.0,693.0,691.0,692.0,39.6845,27456.2607,232,3.6572,2533.1742,202304
692.0,693.0,692.0,693.0,14.3873,9959.4869,31,14.3873,9959.4869,202304
693.0,693.0,690.0,692.0,116.177,80303.6457,193,16.6245,11498.5481,202304
692.0,693.0,692.0,692.0,25.532,17671.5734,50,21.9866,15218.1566,202304
691.0,693.0,691.0,693.0,55.9597,38682.942,90,13.9565,9658.37,202304
693.0,693.0,691.0,691.0,37.1271,25696.5615,60,19.9898,13839.065,202304
692.0,692.0,692.0,692.0,8.9316,6180.6672,12,8.9316,6180.6672,202304
692.0,693.0,691.0,692.0,26.5774,18373.9694,63,4.6213,3197.1171,202304
693.0,693.0,692.0,693.0,15.7355,10904.6729,31,15.7069,10884.8817,202304
693.0,694.0,693.0,693.0,6.7949,4708.9616,13,2.8758,1993.0253,202304
694.0,695.0,693.0,695.0,42.0572,29190.6098,85,31.565,21909.2601,202304
695.0,695.0,695.0,695.0,1.294,899.33,9,1.294,899.33,202304
695.0,695.0,694.0,694.0,11.1995,7776.7931,33,6.4585,4486.5391,202304
694.0,694.0,692.0,692.0,11.1864,7745.5436,33,1.1694,810.5382,202304
692.0,695.0,692.0,695.0,57.2652,39709.3473,88,41.6726,28892.8839,202304
695.0,697.0,695.0,696.0,31.6699,22021.0331,108,31.2246,21711.3854,202304
696.0,697.0,695.0,697.0,8.8625,6168.9513,23,4.8726,3392.0111,202304
696.0,697.0,696.0,696.0,9.3851,6533.3099,15,1.2803,892.3691,202304
696.0,696.0,695.0,696.0,10.4013,7238.9826,15,10.0791,7015.0536,202304
695.0,696.0,695.0,696.0,0.9292,646.6543,5,0.8603,598.7688,202304
696.0,697.0,696.0,697.0,38.2206,26621.5213,62,36.1535,25182.8197,202304
697.0,697.0,695.0,696.0,69.6814,48496.3362,97,43.4003,30207.6879,202304
696.0,696.0,695.0,696.0,7.3142,5089.8899,29,3.4495,2400.852,202304
696.0,697.0,695.0,696.0,81.0851,56434.9734,102,71.688,49894.8798,202304
696.0,696.0,695.0,696.0,95.1368,66214.7086,97,73.4897,51148.8312,202304
696.0,696.0,695.0,695.0,63.4718,44117.1333,39,0.3339,232.3944,202304
696.0,696.0,695.0,695.0,5.9733,4152.3604,13,0.9169,638.1624,202304
695.0,695.0,695.0,695.0,8.6029,5979.0155,24,0.0,0.0,202304
696.0,696.0,696.0,696.0,48.8571,34004.5416,76,30.5047,21231.2712,202304
696.0,696.0,695.0,695.0,39.384,27407.2966,62,33.1536,23074.9056,202304
696.0,696.0,695.0,696.0,45.2949,31507.7932,57,16.5688,11531.8848,202304
696.0,697.0,696.0,696.0,29.421,20477.073,44,18.0163,12539.4018,202304
696.0,697.0,695.0,695.0,13.3542,9293.3585,26,6.6235,4610.0599,202304
695.0,696.0,695.0,695.0,29.7431,20697.236,48,20.1383,14016.2568,202304
696.0,697.0,695.0,696.0,11.9264,8300.6554,20,7.1292,4962.0922,202304
696.0,696.0,695.0,695.0,3.5349,2460.2377,12,3.4822,2423.6112,202304
696.0,696.0,696.0,696.0,0.0785,54.636,3,0.0785,54.636,202304
696.0,696.0,695.0,696.0,18.6972,13009.4015,45,3.454,2403.984,202304
695.0,696.0,695.0,696.0,1.2068,839.3568,6,0.6308,439.0368,202304
696.0,696.0,695.0,695.0,5.1866,3604.7171,7,0.0301,20.9496,202304
695.0,696.0,695.0,696.0,28.0839,19536.2819,26,17.9714,12508.0944,202304
695.0,696.0,695.0,695.0,8.232,5721.2596,15,0.0196,13.6416,202304
696.0,696.0,695.0,695.0,2.5222,1753.3843,2,0.4553,316.8888,202304
695.0,695.0,692.0,692.0,159.3469,110558.1901,176,5.9869,4147.3737,202304
692.0,692.0,691.0,691.0,16.3504,11306.1504,24,5.8322,4035.8824,202304
692.0,692.0,692.0,692.0,0.7706,533.2552,4,0.7706,533.2552,202304
691.0,692.0,690.0,692.0,51.1236,35324.8934,89,21.6473,14959.3119,202304
692.0,692.0,690.0,691.0,17.5735,12144.379,29,7.9436,5490.1913,202304
691.0,691.0,690.0,690.0,2.3541,1626.0858,6,1.7568,1213.9488,202304
690.0,691.0,690.0,691.0,17.597,12141.9849,54,0.0549,37.9359,202304
690.0,691.0,687.0,688.0,260.8421,179551.6402,215,34.9029,24021.3114,202304
688.0,689.0,688.0,689.0,11.1548,7674.6244,28,6.6661,4586.3988,202304
689.0,689.0,688.0,689.0,28.5743,19664.7624,43,5.644,3888.716,202304
689.0,689.0,689.0,689.0,12.9733,8938.6037,33,12.9486,8921.5854,202304
689.0,690.0,689.0,689.0,9.0016,6202.6171,10,0.5147,355.143,202304
690.0,690.0,689.0,690.0,2.814,1941.3685,9,2.5225,1740.525,202304
690.0,690.0,689.0,690.0,5.6172,3873.0719,12,2.8211,1946.559,202304
689.0,690.0,687.0,688.0,67.4998,46476.8254,147,17.2746,11911.5907,202304
688.0,689.0,688.0,689.0,10.3536,7128.3705,25,9.1639,6309.8569,202304
688.0,689.0,687.0,688.0,33.3622,22955.0327,56,17.836,12273.668,202304
688.0,689.0,688.0,689.0,4.1517,2857.2996,21,4.1074,2826.8212,202304
689.0,689.0,688.0,688.0,0.8233,566.8949,5,0.4645,320.0405,202304
688.0,689.0,688.0,688.0,12.7182,8750.8435,21,0.7219,497.3891,202304
688.0,688.0,686.0,688.0,68.2728,46895.8383,137,27.9629,19229.7708,202304
688.0,688.0,688.0,688.0,0.2119,145.7872,1,0.0,0.0,202304
688.0,689.0,687.0,687.0,47.8528,32916.3016,65,4.6335,3192.4523,202304
687.0,687.0,686.0,686.0,25.2306,17331.0576,49,14.8102,10174.6074,202304
687.0,687.0,686.0,687.0,16.9335,11621.4001,35,5.0191,3448.1217,202304
687.0,687.0,686.0,687.0,19.8454,13633.7698,61,17.7785,12213.8295,202304
686.0,688.0,686.0,687.0,14.6504,10065.4356,46,11.5143,7911.1129,202304
687.0,687.0,686.0,687.0,0.9456,649.4876,4,0.806,553.722,202304
687.0,687.0,686.0,687.0,1.2459,855.6618,9,0.9744,669.4128,202304
687.0,688.0,687.0,687.0,9.5492,6560.8113,27,8.0652,5541.3033,202304
687.0,687.0,686.0,687.0,7.8047,5356.0344,36,3.5475,2435.5952,202304
687.0,687.0,686.0,687.0,2.472,1698.2327,15,2.4407,1676.7609,202304
687.0,688.0,686.0,688.0,24.4457,16789.518,61,18.1542,12473.0264,202304
687.0,689.0,687.0,689.0,23.6259,16264.9188,56,17.9742,12376.5947,202304
689.0,689.0,687.0,687.0,32.0942,22079.3139,51,4.8453,3338.046,202304
688.0,688.0,686.0,687.0,44.0013,30217.8456,106,12.0661,8296.5231,202304
687.0,688.0,687.0,688.0,26.901,18485.3982,44,22.7788,15653.4468,202304
688.0,688.0,687.0,687.0,6.5489,4499.3767,13,0.2824,194.2912,202304
687.0,688.0,686.0,686.0,18.3111,12584.7851,39,11.0369,7588.0822,202304
687.0,687.0,686.0,687.0,4.8014,3297.9103,21,4.1499,2850.9813,202304
687.0,687.0,686.0,687.0,1.5582,1070.4046,18,1.4794,1016.3478,202304
686.0,687.0,686.0,687.0,9.1372,6270.6078,27,2.4886,1709.6682,202304
687.0,687.0,686.0,687.0,2.4433,1678.4448,18,2.341,1608.267,202304
687.0,687.0,686.0,687.0,9.2809,6375.931,18,9.2336,6343.4832,202304
687.0,688.0,686.0,688.0,16.6854,11467.0435,34,15.6854,10781.0435,202304
688.0,688.0,688.0,688.0,4.1364,2845.8432,36,4.1364,2845.8432,202304
688.0,689.0,688.0,689.0,5.7782,3978.3648,35,4.2122,2900.9568,202304
688.0,689.0,688.0,688.0,22.6081,15554.6935,46,1.9645,1351.8967,202304
688.0,688.0,687.0,688.0,21.0072,14435.2713,52,3.3249,2287.5312,202304
688.0,688.0,687.0,688.0,4.264,2930.3657,15,0.9977,686.4176,202304
688.0,688.0,687.0,688.0,3.5737,2458.6702,17,3.5383,2434.3504,202304
688.0,688.0,687.0,687.0,11.6053,7979.8214,43,6.9803,4802.4464,202304
688.0,688.0,687.0,688.0,11.6128,7988.0744,28,10.0808,6935.5904,202304
688.0,689.0,687.0,688.0,8.4236,5793.5712,29,5.2381,3604.3128,202304
689.0,689.0,688.0,689.0,2.5212,1736.6138,8,2.0282,1397.4298,202304
689.0,689.0,689.0,689.0,5.5074,3794.5986,5,5.5074,3794.5986,202304
688.0,688.0,687.0,688.0,33.7462,23195.4526,51,0.3367,231.6496,202304
688.0,688.0,687.0,688.0,6.4318,4422.3288,22,3.6822,2533.3536,202304
688.0,689.0,688.0,689.0,19.0334,13097.0168,37,9.7077,6680.9352,202304
689.0,691.0,689.0,689.0,48.6838,33579.9364,101,38.1045,26282.3618,202304
689.0,690.0,689.0,690.0,21.5567,14858.8445,43,17.3825,11982.8207,202304
689.0,691.0,689.0,690.0,37.559,25908.7477,64,3.622,2499.3103,202304
690.0,690.0,688.0,690.0,24.7281,17039.0851,53,12.4939,8614.5849,202304
690.0,690.0,688.0,689.0,12.0857,8326.2087,29,0.0638,43.9926,202304
689.0,689.0,687.0,689.0,44.041,30308.166,66,31.4794,21666.1605,202304
688.0,688.0,687.0,688.0,43.4978,29895.3906,46,1.9336,1330.3168,202304
687.0,688.0,687.0,688.0,14.8669,10215.1382,27,4.4678,3070.9565,202304
688.0,688.0,687.0,688.0,0.3797,261.0935,7,0.2396,164.8448,202304
688.0,689.0,688.0,688.0,26.1119,17968.1071,49,15.3408,10557.5903,202304
688.0,688.0,688.0,688.0,1.1471,789.2048,5,1.1471,789.2048,202304
688.0,688.0,686.0,688.0,118.2802,81213.4176,135,18.0018,12375.1259,202304
688.0,689.0,688.0,688.0,14.6442,10077.4922,45,5.1676,3557.5914,202304
688.0,688.0,687.0,688.0,2.595,1784.5126,12,1.7476,1202.3488,202304
688.0,688.0,687.0,687.0,4.2984,2954.4184,12,1.4176,975.3088,202304
687.0,688.0,687.0,688.0,1.0739,738.7758,10,1.0065,692.472,202304
688.0,688.0,687.0,687.0,1.4866,1021.4387,9,0.1445,99.416,202304
688.0,689.0,688.0,689.0,30.344,20879.6981,34,30.2335,20803.6741,202304
689.0,689.0,688.0,689.0,21.2986,14658.8818,35,14.9136,10266.0018,202304
688.0,688.0,687.0,687.0,14.8823,10234.8807,13,3.4906,2401.5328,202304
688.0,688.0,687.0,687.0,23.7757,16338.922,32,6.3527,4369.321,202304
687.0,687.0,686.0,686.0,21.4853,14756.8936,22,1.3366,918.2442,202304
687.0,687.0,685.0,686.0,22.6519,15538.1416,50,9.0475,6207.7024,202304
686.0,687.0,686.0,687.0,17.6629,12117.3646,18,0.6152,422.6424,202304
686.0,687.0,686.0,687.0,1.4763,1012.9261,11,0.1843,126.6141,202304
686.0,687.0,686.0,687.0,0.9702,665.6153,6,0.0581,39.9147,202304
686.0,686.0,686.0,686.0,18.7796,12882.8056,20,8.4198,5775.9828,202304
686.0,686.0,685.0,685.0,41.5157,28445.7113,43,2.2642,1553.2412,202304
686.0,686.0,684.0,686.0,106.1485,72645.771,87,11.4537,7846.9728,202304
686.0,688.0,686.0,686.0,62.666,43028.3644,156,55.9363,38405.274,202304
687.0,697.0,687.0,689.0,1764.9505,1222627.8044,1968,1093.3172,756666.9645,202304
689.0,690.0,681.0,687.0,1547.9344,1061056.1032,1934,314.5519,216110.9798,202304
686.0,686.0,685.0,686.0,34.4648,23642.7443,59,14.9293,10241.4998,202304
686.0,687.0,685.0,686.0,48.3752,33192.7253,118,28.129,19308.539,202304
686.0,687.0,686.0,686.0,164.0056,112527.9045,236,108.0264,74126.1733,202304
686.0,687.0,684.0,685.0,53.3195,36536.3145,90,16.9223,11602.7517,202304
685.0,686.0,685.0,686.0,4.0559,2779.3803,15,4.0559,2779.3803,202304
686.0,686.0,686.0,686.0,3.8707,2655.3002,14,3.8707,2655.3002,202304
685.0,686.0,685.0,686.0,57.4732,39426.4268,74,50.2739,34487.8954,202304
686.0,687.0,686.0,687.0,1.7614,1209.0709,6,0.7505,515.5935,202304
687.0,687.0,687.0,687.0,13.5596,9315.4452,46,9.5591,6567.1017,202304
688.0,690.0,688.0,688.0,33.4643,23045.5124,86,23.0532,15873.7123,202304
689.0,689.0,689.0,689.0,17.7105,12202.5345,29,17.7105,12202.5345,202304
689.0,690.0,688.0,690.0,23.5413,16217.9786,85,11.8252,8148.8806,202304
690.0,690.0,690.0,690.0,6.0498,4174.362,15,6.0498,4174.362,202304
690.0,690.0,687.0,687.0,45.4705,31333.1085,100,1.0742,741.198,202304
688.0,689.0,688.0,688.0,18.2729,12574.0992,37,15.7338,10827.1984,202304
688.0,688.0,687.0,687.0,19.5233,13430.4784,29,1.7931,1233.6528,202304
687.0,688.0,686.0,688.0,69.018,47447.1326,110,44.7969,30810.6095,202304
688.0,688.0,686.0,687.0,10.2394,7035.0495,26,1.1461,788.0128,202304
686.0,686.0,683.0,685.0,99.3005,67991.2895,191,38.6054,26436.9246,202304
685.0,688.0,685.0,688.0,137.8782,94673.6982,193,116.0406,79682.5413,202304
687.0,688.0,686.0,687.0,101.6602,69887.4753,211,35.0148,24075.6485,202304
686.0,688.0,685.0,688.0,94.9262,65130.937,124,31.9298,21910.4399,202304
688.0,689.0,687.0,689.0,18.1993,12524.5873,44,8.5743,5902.6211,202304
689.0,690.0,689.0,690.0,16.1695,11140.8144,33,9.6275,6633.3764,202304
690.0,691.0,690.0,690.0,9.8594,6807.1579,43,9.7152,6707.6599,202304
691.0,691.0,688.0,689.0,50.2674,34650.1642,80,21.2563,14650.0272,202304
690.0,690.0,688.0,689.0,18.0783,12454.6796,36,7.7454,5336.7268,202304
689.0,689.0,688.0,688.0,16.5542,11389.3625,20,0.171,117.7209,202304
688.0,689.0,687.0,687.0,23.5078,16165.3318,43,7.1099,4891.3783,202304
687.0,687.0,685.0,685.0,15.9187,10918.3303,42,1.2487,856.8553,202304
686.0,686.0,684.0,686.0,95.8444,65680.8977,182,63.1832,43308.3991,202304
686.0,686.0,685.0,685.0,16.7415,11482.4042,37,2.6195,1796.977,202304
685.0,686.0,684.0,685.0,156.7765,107263.2098,186,16.2234,11109.5302,202304
685.0,686.0,685.0,686.0,33.0241,22626.0345,47,13.6726,9370.257,202304
686.0,687.0,686.0,687.0,24.487,16803.3612,53,10.9215,7497.3078,202304
687.0,688.0,686.0,688.0,12.4913,8581.5224,23,2.7306,1876.0175,202304
687.0,687.0,686.0,687.0,9.4698,6503.1212,18,0.089,61.143,202304
687.0,687.0,686.0,686.0,6.1299,4205.1418,15,0.0304,20.8848,202304
686.0,686.0,686.0,686.0,10.0567,6898.8962,15,1.9264,1321.5104,202304
686.0,686.0,685.0,686.0,4.6684,3202.4928,11,4.6388,3182.2168,202304
686.0,687.0,686.0,686.0,6.2629,4296.5985,8,0.2491,171.1317,202304
687.0,687.0,687.0,687.0,1.1819,811.9653,6,1.1819,811.9653,202304
687.0,690.0,687.0,689.0,34.9745,24083.5765,97,24.1097,16597.8124,202304
690.0,691.0,690.0,691.0,50.1246,34588.9242,54,47.1729,32552.2512,202304
690.0,691.0,689.0,690.0,87.4436,60335.3169,100,19.8187,13674.9189,202304
690.0,691.0,690.0,691.0,1.5386,1061.6784,6,0.0444,30.6804,202304
690.0,691.0,690.0,691.0,2.9021,2002.6119,10,0.1629,112.5639,202304
690.0,691.0,688.0,689.0,171.7628,118399.3715,157,36.2708,24991.3975,202304
689.0,689.0,687.0,687.0,119.7197,82350.0846,124,13.7105,9432.9863,202304
688.0,688.0,687.0,688.0,4.1389,2846.994,10,3.5697,2455.9536,202304
688.0,688.0,687.0,688.0,19.9154,13700.9524,48,14.4257,9924.8816,202304
687.0,689.0,687.0,689.0,13.3536,9188.2824,16,13.2952,9148.1616,202304
688.0,689.0,687.0,689.0,38.7072,26631.4849,83,25.3653,17452.2884,202304
688.0,688.0,687.0,688.0,6.5164,4483.195,10,0.0913,62.8144,202304
688.0,688.0,687.0,687.0,5.9795,4110.0258,9,2.1093,1451.1984,202304
687.0,687.0,687.0,687.0,14.2011,9756.1557,31,0.03,20.61,202304
687.0,688.0,687.0,687.0,28.6086,19658.7851,57,18.5392,12741.1073,202304
688.0,688.0,686.0,687.0,17.7589,12203.8171,30,4.9162,3381.165,202304
687.0,688.0,687.0,687.0,14.2927,9820.9394,24,13.2438,9100.3451,202304
688.0,688.0,688.0,688.0,0.3426,235.7088,3,0.3426,235.7088,202304
687.0,688.0,687.0,687.0,10.0287,6889.8904,23,0.2626,180.5797,202304
687.0,687.0,686.0,686.0,3.085,2119.2218,18,2.9118,2000.4066,202304
687.0,687.0,686.0,686.0,10.4039,7137.1049,36,0.7203,494.1553,202304
686.0,686.0,685.0,685.0,0.3474,238.066,11,0.097,66.542,202304
686.0,686.0,685.0,686.0,15.1416,10385.0605,27,13.0645,8962.247,202304
685.0,686.0,685.0,685.0,12.2056,8371.6264,34,6.2993,4321.3198,202304
686.0,687.0,686.0,686.0,6.0502,4153.8987,9,5.312,3647.4935,202304
686.0,687.0,686.0,686.0,1.2066,827.8691,9,0.1415,97.2105,202304
686.0,687.0,685.0,687.0,44.1366,30306.3009,82,32.5271,22346.1177,202304
686.0,687.0,686.0,687.0,22.3047,15301.1678,44,4.7164,3235.594,202304
686.0,687.0,685.0,686.0,102.5949,70297.9328,112,5.2837,3620.0029,202304
686.0,686.0,686.0,686.0,0.0,0.0,0,0.0,0.0,202304
686.0,686.0,685.0,686.0,2.2207,1521.8356,14,0.6561,450.0846,202304
686.0,686.0,685.0,685.0,27.7428,19003.8948,45,12.644,8661.2168,202304
685.0,685.0,684.0,685.0,6.5371,4477.6118,22,6.2354,4271.249,202304
685.0,686.0,684.0,686.0,24.0921,16495.4554,54,15.1643,10388.8402,202304
686.0,686.0,685.0,685.0,0.0768,52.6683,3,0.0603,41.3658,202304
685.0,686.0,685.0,686.0,5.6711,3885.6995,6,0.996,683.256,202304
686.0,687.0,686.0,686.0,38.4243,26369.1176,60,29.0668,19949.8726,202304
686.0,686.0,686.0,686.0,0.2186,149.9596,1,0.0,0.0,202304
687.0,687.0,686.0,687.0,5.3732,3691.2431,13,5.2279,3591.5673,202304
688.0,688.0,688.0,688.0,1.2629,868.8752,3,1.2629,868.8752,202304
688.0,689.0,688.0,689.0,29.6747,20416.5124,48,8.6524,5953.17,202304
689.0,689.0,689.0,689.0,10.4943,7230.5727,18,10.4943,7230.5727,202304
689.0,689.0,688.0,689.0,22.3824,15421.4376,29,11.6172,8004.2508,202304
689.0,690.0,689.0,690.0,1.9751,1362.0614,14,1.2175,840.075,202304
689.0,689.0,688.0,689.0,19.8368,13658.4854,31,0.0904,62.2856,202304
689.0,689.0,689.0,689.0,0.0,0.0,0,0.0,0.0,202304
689.0,689.0,688.0,688.0,1.7149,1180.5529,6,0.7017,483.4713,202304
689.0,689.0,688.0,689.0,29.7647,20507.8494,46,7.7995,5373.8555,202304
689.0,689.0,688.0,689.0,2.2192,1527.9419,9,1.1323,780.1547,202304
689.0,689.0,688.0,688.0,1.7178,1183.4669,8,1.6205,1116.5245,202304
688.0,690.0,688.0,690.0,34.2308,23601.3983,54,24.5619,16930.9104,202304
689.0,690.0,689.0,690.0,15.2921,10551.4325,35,9.6341,6647.529,202304
690.0,692.0,690.0,692.0,21.382,14785.6936,49,16.6206,11492.7297,202304
693.0,693.0,692.0,693.0,54.0717,37469.0109,109,24.1569,16740.7317,202304
693.0,693.0,692.0,693.0,25.0513,17359.5519,34,6.4921,4499.0253,202304
693.0,694.0,693.0,694.0,15.539,10768.6725,26,7.688,5327.9295,202304
694.0,695.0,694.0,695.0,39.1129,27171.6215,102,25.8782,17979.7845,202304
696.0,697.0,694.0,694.0,61.2425,42590.497,127,16.8437,11723.7779,202304
695.0,698.0,695.0,697.0,70.6643,49228.9328,163,49.9566,34802.0066,202304
697.0,701.0,697.0,699.0,83.9951,58712.6426,145,57.4578,40170.5109,202304
699.0,703.0,699.0,701.0,70.1601,49232.2682,167,57.4438,40311.0086,202304
701.0,702.0,698.0,698.0,75.3311,52772.7778,154,22.4198,15719.3373,202304
698.0,703.0,697.0,702.0,90.5024,63316.4041,223,61.4911,43027.1782,202304
702.0,703.0,700.0,702.0,58.5982,41130.2028,129,5.8434,4100.8266,202304
702.0,704.0,702.0,704.0,42.5481,29925.871,88,33.9349,23870.8059,202304
704.0,705.0,702.0,702.0,47.8566,33672.557,89,14.5287,10228.4272,202304
702.0,703.0,700.0,701.0,35.8191,25142.0494,79,12.239,8593.4455,202304
702.0,703.0,701.0,701.0,45.8013,32150.2974,94,24.1741,16970.928,202304
701.0,703.0,700.0,700.0,23.9025,16766.6353,34,7.0194,4928.4522,202304
700.0,701.0,700.0,701.0,2.1,1470.4998,8,0.4998,350.3598,202304
701.0,702.0,700.0,700.0,29.9923,21036.7882,53,14.8567,10421.7025,202304
700.0,700.0,698.0,699.0,30.848,21563.673,66,6.9157,4834.317,202304
699.0,700.0,698.0,700.0,22.6711,15847.7367,60,17.1853,12013.5807,202304
699.0,699.0,698.0,699.0,10.8782,7598.0115,35,0.2655,185.5845,202304
699.0,701.0,699.0,700.0,43.7949,30649.999,84,33.0119,23101.899,202304
700.0,701.0,700.0,701.0,1.6834,1178.4123,6,1.2816,897.1523,202304
701.0,702.0,700.0,701.0,41.5542,29139.2724,80,21.1755,14854.7475,202304
701.0,701.0,700.0,700.0,13.4453,9424.7243,15,7.8808,5524.4408,202304
701.0,701.0,699.0,699.0,28.4441,19901.5956,53,12.4579,8716.5172,202304
699.0,699.0,698.0,699.0,15.042,10511.8519,22,3.316,2317.884,202304
699.0,699.0,696.0,697.0,165.0156,115054.0477,230,34.273,23888.6655,202304
697.0,698.0,697.0,698.0,18.2258,12706.4422,27,9.8363,6858.9607,202304
698.0,699.0,698.0,699.0,8.7928,6140.0557,31,7.741,5405.8993,202304
698.0,699.0,698.0,698.0,0.5518,385.1935,4,0.0371,25.9329,202304
698.0,698.0,698.0,698.0,8.4866,5923.6468,11,1.5752,1099.4896,202304
697.0,699.0,697.0,698.0,21.7496,15182.1429,32,10.4206,7274.7068,202304
698.0,698.0,697.0,698.0,21.941,15294.5222,45,12.8835,8981.4447,202304
697.0,697.0,693.0,695.0,135.8429,94375.987,217,17.6164,12238.4681,202304
695.0,695.0,694.0,695.0,9.3519,6498.856,15,8.6374,6002.993,202304
695.0,695.0,693.0,694.0,22.5357,15634.6555,26,6.4317,4463.6299,202304
694.0,695.0,694.0,694.0,6.4075,4451.2591,13,2.7461,1906.622,202304
695.0,695.0,694.0,694.0,0.9649,670.56,3,0.9194,638.983,202304
695.0,696.0,695.0,696.0,15.3168,10648.0452,41,15.3168,10648.0452,202304
695.0,695.0,694.0,695.0,39.6166,27514.5522,66,8.585,5959.6497,202304
695.0,696.0,695.0,696.0,59.494,41388.0908,58,55.0984,38333.1488,202304
696.0,696.0,695.0,696.0,21.6075,15037.8421,25,20.6296,14358.2016,202304
695.0,696.0,694.0,696.0,19.0117,13218.9693,22,16.0326,11148.512,202304
696.0,696.0,694.0,695.0,5.6927,3957.3389,12,0.9606,668.5471,202304
694.0,694.0,693.0,693.0,4.8469,3363.5005,13,0.3281,227.7014,202304
694.0,695.0,694.0,695.0,25.0285,17375.7983,25,24.8859,17276.8339,202304
694.0,694.0,694.0,694.0,25.7498,17870.3612,36,11.4174,7923.6756,202304
694.0,694.0,693.0,693.0,2.6687,1850.7055,6,0.0,0.0,202304
693.0,693.0,693.0,693.0,9.3303,6465.8979,19,0.0,0.0,202304
693.0,693.0,693.0,693.0,0.0,0.0,0,0.0,0.0,202304
694.0,694.0,693.0,693.0,11.0183,7646.2002,26,7.2361,5021.8534,202304
694.0,695.0,694.0,695.0,8.1389,5648.4153,13,8.1389,5648.4153,202304
695.0,695.0,695.0,695.0,6.5408,4545.856,15,6.4733,4498.9435,202304
695.0,696.0,695.0,695.0,17.7729,12352.5415,26,6.807,4731.241,202304
695.0,695.0,695.0,695.0,12.1129,8418.4655,17,0.0,0.0,202304
694.0,694.0,694.0,694.0,15.8949,11031.0606,37,3.8072,2642.1968,202304
694.0,695.0,694.0,695.0,32.1768,22330.715,46,4.2625,2958.1908,202304
695.0,695.0,694.0,694.0,0.9968,692.632,7,0.8528,592.696,202304
695.0,695.0,695.0,695.0,2.4724,1718.318,5,2.4724,1718.318,202304
695.0,697.0,695.0,697.0,169.5141,117982.2398,140,145.4945,101265.6148,202304
697.0,697.0,697.0,697.0,0.1855,129.2935,4,0.1688,117.6536,202304
697.0,699.0,697.0,697.0,95.3113,66517.2654,156,20.0697,14017.2118,202304
697.0,697.0,696.0,696.0,77.8967,54225.5401,111,35.9648,25040.0328,202304
696.0,696.0,694.0,695.0,56.9968,39631.1796,86,2.7559,1915.3505,202304
696.0,696.0,694.0,694.0,20.3937,14156.6058,24,0.0839,58.3944,202304
694.0,695.0,694.0,694.0,14.5283,10084.3496,15,13.7901,9572.0388,202304
694.0,694.0,692.0,692.0,12.8289,8899.0819,35,1.2309,853.7748,202304
692.0,693.0,692.0,693.0,3.3217,2299.8167,6,1.2003,831.8079,202304
693.0,693.0,686.0,687.0,166.3452,114738.1506,338,27.4067,18856.8279,202304
686.0,690.0,685.0,688.0,64.8028,44539.7996,174,47.4418,32615.4582,202304
688.0,689.0,687.0,687.0,30.6434,21076.8174,62,8.9931,6187.3979,202304
687.0,687.0,685.0,687.0,61.7551,42394.2512,82,9.8398,6751.0332,202304
687.0,687.0,685.0,685.0,27.2614,18714.0208,59,5.2195,3583.7094,202304
686.0,687.0,686.0,687.0,9.2214,6326.3421,14,7.9449,5450.6631,202304
687.0,688.0,687.0,688.0,10.3064,7080.6094,22,4.1582,2856.796,202304
687.0,688.0,687.0,688.0,18.5637,12753.3189,30,7.9226,5442.8832,202304
688.0,688.0,686.0,687.0,7.3838,5072.8563,13,1.6389,1126.651,202304
687.0,688.0,687.0,688.0,32.2722,22183.5878,61,19.8669,13659.7204,202304
688.0,688.0,687.0,688.0,7.8868,5420.2582,12,2.0266,1394.3008,202304
688.0,688.0,687.0,687.0,3.8712,2660.5984,13,1.084,745.792,202304
687.0,687.0,684.0,685.0,181.0185,124060.0772,107,2.2618,1549.8008,202304
685.0,685.0,685.0,685.0,11.0885,7595.6225,30,7.9933,5475.4105,202304
686.0,687.0,686.0,686.0,18.4485,12658.6836,35,9.9899,6856.084,202304
685.0,686.0,685.0,686.0,33.6526,23085.1298,31,24.1905,16594.683,202304
686.0,687.0,686.0,686.0,18.752,12864.1631,34,6.477,4443.5131,202304
687.0,687.0,686.0,686.0,26.9014,18465.2667,49,21.3862,14679.1434,202304
686.0,687.0,686.0,687.0,2.9144,2000.8765,7,2.8893,1983.6579,202304
686.0,687.0,686.0,686.0,8.71,5982.1695,21,7.1095,4884.2265,202304
686.0,686.0,685.0,686.0,11.5193,7898.6676,27,2.0078,1377.3508,202304
686.0,686.0,685.0,686.0,19.1562,13128.1139,34,13.8937,9523.3014,202304
686.0,687.0,686.0,687.0,23.7188,16271.336,43,23.7188,16271.336,202304
686.0,687.0,686.0,687.0,9.2306,6335.1203,19,5.0743,3483.8985,202304
687.0,688.0,686.0,688.0,12.2868,8441.1551,22,7.0944,4874.0711,202304
687.0,688.0,687.0,688.0,3.4366,2360.9923,9,0.0481,33.0928,202304
688.0,688.0,686.0,687.0,25.1565,17281.59,52,6.8427,4701.0014,202304
687.0,687.0,686.0,686.0,50.507,34655.2206,60,1.0285,706.5795,202304
687.0,687.0,686.0,686.0,2.3033,1580.6252,10,0.5614,385.6818,202304
686.0,687.0,685.0,686.0,12.6413,8668.4886,22,1.9877,1363.6175,202304
686.0,686.0,685.0,685.0,7.3071,5010.6858,8,0.0,0.0,202304
685.0,686.0,685.0,686.0,6.6167,4537.9661,13,5.5266,3791.2476,202304
685.0,686.0,685.0,685.0,28.9334,19829.7366,29,10.3576,7105.3136,202304
685.0,686.0,685.0,685.0,24.8202,17001.8609,27,9.8732,6763.1659,202304
685.0,686.0,685.0,686.0,14.0089,9608.8346,25,9.6555,6623.673,202304
687.0,687.0,686.0,686.0,0.1889,129.6002,3,0.0148,10.1676,202304
686.0,686.0,686.0,686.0,1.194,819.084,4,0.0,0.0,202304
687.0,687.0,686.0,687.0,6.7153,4613.3841,22,6.6883,4594.8621,202304
687.0,687.0,686.0,686.0,25.0127,17181.5545,64,0.0171,11.7477,202304
687.0,687.0,687.0,687.0,18.7827,12903.7149,35,15.4231,10595.6697,202304
687.0,688.0,687.0,687.0,22.0213,15147.6792,46,17.5537,12076.9456,202304
687.0,688.0,687.0,688.0,0.0553,38.0212,2,0.0301,20.7088,202304
687.0,688.0,687.0,687.0,3.0747,2112.6889,7,0.37,254.56,202304
687.0,687.0,687.0,687.0,0.0,0.0,0,0.0,0.0,202304
688.0,689.0,688.0,688.0,7.7875,5357.9097,22,7.0667,4861.9993,202304
689.0,689.0,688.0,688.0,3.218,2217.0353,11,3.0513,2102.3457,202304
689.0,689.0,688.0,688.0,0.6638,457.2549,4,0.5605,386.1845,202304
688.0,689.0,688.0,688.0,2.0383,1402.625,4,0.2746,189.1994,202304
689.0,689.0,686.0,686.0,39.1955,26951.1184,75,2.0924,1440.0833,202304
686.0,687.0,686.0,686.0,12.7315,8735.3009,27,1.4919,1024.9353,202304
687.0,688.0,686.0,687.0,16.4233,11283.8939,20,9.3681,6437.1097,202304
687.0,688.0,687.0,688.0,2.2773,1566.1657,6,2.2773,1566.1657,202304
688.0,689.0,688.0,688.0,11.8547,8156.7186,35,7.3232,5039.0466,202304
688.0,689.0,688.0,689.0,30.4745,20978.4538,38,11.9978,8266.4842,202304
689.0,689.0,688.0,688.0,1.8264,1258.2039,9,1.6407,1130.4423,202304
689.0,690.0,689.0,690.0,10.4494,7200.4138,22,3.8921,2682.4341,202304
689.0,690.0,689.0,689.0,0.2105,145.1069,5,0.0724,49.956,202304
689.0,689.0,688.0,689.0,7.7301,5325.8259,14,0.029,19.981,202304
688.0,688.0,687.0,688.0,17.6434,12138.6289,21,5.1788,3563.0144,202304
688.0,688.0,687.0,688.0,16.926,11640.846,53,7.1903,4944.8152,202304
688.0,688.0,688.0,688.0,16.76,11530.88,21,9.4867,6526.8496,202304
688.0,688.0,687.0,687.0,9.6581,6643.7122,11,3.5773,2461.1824,202304
688.0,688.0,687.0,688.0,0.4423,304.1993,4,0.3392,233.3696,202304
687.0,688.0,687.0,687.0,7.2034,4948.9795,17,0.2437,167.6656,202304
687.0,689.0,687.0,689.0,40.0492,27524.9216,50,18.1423,12474.8813,202304
689.0,689.0,688.0,688.0,24.2293,16679.9827,44,5.1616,3556.3424,202304
688.0,690.0,687.0,690.0,18.1855,12510.8812,30,7.6552,5267.4639,202304
689.0,690.0,689.0,690.0,6.3958,4412.1583,25,5.1672,3565.368,202304
690.0,691.0,690.0,691.0,34.5664,23884.9695,47,16.9698,11726.1318,202304
692.0,694.0,692.0,694.0,91.3112,63316.9961,180,54.5776,37840.3441,202304
693.0,693.0,691.0,691.0,6.0547,4191.629,30,0.5305,367.606,202304
692.0,693.0,691.0,693.0,27.7419,19196.0453,32,17.067,11810.3814,202304
693.0,694.0,693.0,693.0,4.6632,3231.6257,34,1.4384,996.8393,202304
692.0,692.0,691.0,691.0,7.3336,5073.0753,20,0.0198,13.7016,202304
692.0,692.0,691.0,692.0,2.201,1521.0767,7,0.1857,128.5044,202304
692.0,693.0,692.0,693.0,15.2986,10594.6412,23,15.2723,10576.4416,202304
693.0,695.0,692.0,695.0,47.6012,33025.7242,91,24.2596,16844.6417,202304
695.0,695.0,695.0,695.0,15.2669,10610.4955,22,15.2669,10610.4955,202304
695.0,695.0,693.0,693.0,52.3358,36353.4404,66,32.7831,22783.9147,202304
693.0,694.0,692.0,693.0,15.6782,10862.1414,47,5.1705,3583.737,202304
693.0,694.0,692.0,693.0,10.3938,7201.0875,19,6.3433,4395.9357,202304
693.0,693.0,691.0,692.0,44.0168,30454.9071,75,5.8994,4083.0038,202304
692.0,692.0,691.0,692.0,46.7579,32324.4041,55,17.8151,12324.9293,202304
691.0,693.0,691.0,693.0,19.9932,13843.6277,41,15.4717,10714.8436,202304
692.0,693.0,692.0,693.0,8.1763,5662.8603,15,4.8607,3368.4651,202304
693.0,693.0,692.0,693.0,25.2916,17523.7772,52,21.99,15239.07,202304
693.0,693.0,691.0,691.0,35.5676,24625.3807,39,17.7672,12311.3321,202304
691.0,693.0,691.0,693.0,24.2616,16797.2256,32,13.2197,9156.5127,202304
693.0,693.0,692.0,692.0,26.6995,18479.0863,56,17.8533,12357.5159,202304
691.0,692.0,691.0,692.0,6.1698,4263.6037,26,1.2114,837.3493,202304
691.0,691.0,690.0,691.0,25.9005,17888.5011,43,0.3306,228.4446,202304
691.0,693.0,691.0,692.0,13.1189,9068.1173,44,11.7103,8094.7141,202304
693.0,694.0,692.0,692.0,31.1916,21601.2847,54,11.3491,7865.6375,202304
692.0,693.0,692.0,692.0,3.2352,2239.1913,15,0.4329,299.9997,202304
692.0,693.0,692.0,692.0,2.0847,1442.7567,4,0.1443,99.9999,202304
692.0,693.0,692.0,692.0,5.3077,3672.9466,7,0.0182,12.6126,202304
692.0,692.0,692.0,692.0,10.4892,7258.5264,8,4.9041,3393.6372,202304
692.0,692.0,691.0,691.0,12.5603,8681.534,16,2.3667,1637.7564,202304
691.0,692.0,691.0,691.0,9.8912,6843.4897,12,8.6705,5999.986,202304
691.0,691.0,690.0,690.0,43.4385,29987.0947,109,12.4784,8614.1731,202304
689.0,689.0,686.0,687.0,93.0644,63959.304,213,43.9553,30208.3838,202304
687.0,689.0,686.0,689.0,20.3635,14003.8261,51,13.7417,9446.0048,202304
689.0,690.0,688.0,689.0,26.0981,17981.6106,28,15.7452,10851.5215,202304
689.0,689.0,688.0,689.0,13.2838,9150.9911,27,5.6952,3923.9928,202304
689.0,690.0,688.0,690.0,17.3876,11982.2912,40,10.2559,7070.2359,202304
690.0,690.0,689.0,689.0,27.9999,19311.6497,61,17.1521,11831.6146,202304
690.0,691.0,689.0,690.0,13.7073,9457.0529,26,3.3666,2322.9699,202304
690.0,690.0,690.0,690.0,9.6404,6651.876,12,9.541,6583.29,202304
691.0,691.0,689.0,689.0,14.6578,10115.3382,26,2.1237,1466.9666,202304
690.0,690.0,688.0,688.0,7.0864,4885.0043,23,2.6107,1801.383,202304
688.0,690.0,688.0,690.0,18.5819,12802.9582,28,4.7592,3280.035,202304
690.0,691.0,690.0,691.0,53.9437,37223.9806,44,53.7564,37094.7436,202304
690.0,691.0,690.0,690.0,11.4933,7932.8183,8,2.4413,1686.9383,202304
690.0,691.0,690.0,691.0,10.2623,7085.1022,8,4.1152,2843.6032,202304
692.0,692.0,690.0,691.0,9.6632,6674.8974,14,1.8035,1246.7247,202304
691.0,691.0,690.0,690.0,10.7259,7401.9032,8,1.0322,713.2502,202304
691.0,693.0,691.0,693.0,20.486,14181.1862,58,20.0401,13872.5051,202304
693.0,693.0,692.0,693.0,27.3011,18918.2185,68,6.1467,4259.6631,202304
693.0,694.0,693.0,693.0,16.7844,11633.4628,30,13.9495,9668.8771,202304
693.0,694.0,693.0,694.0,6.098,4226.7723,12,6.0097,4165.5804,202304
693.0,695.0,693.0,695.0,14.2701,9906.6097,42,12.4671,8655.5124,202304
695.0,695.0,693.0,693.0,32.5123,22561.06,40,6.7237,4666.7309,202304
693.0,694.0,693.0,694.0,16.5004,11434.9352,32,5.4129,3751.2977,202304
693.0,693.0,693.0,693.0,16.5572,11474.1396,20,7.1879,4981.2147,202304
693.0,694.0,692.0,693.0,18.1098,12551.236,23,5.1643,3580.0621,202304
693.0,693.0,692.0,692.0,0.1503,104.0279,3,0.0203,14.0679,202304
692.0,693.0,690.0,693.0,57.6379,39860.6663,104,24.5119,16960.134,202304
693.0,694.0,692.0,694.0,8.1682,5660.4053,20,1.4286,990.0472,202304
693.0,694.0,693.0,693.0,10.9955,7620.2046,19,0.3231,224.2314,202304
693.0,693.0,691.0,691.0,10.4341,7218.5663,15,1.1093,768.6356,202304
691.0,691.0,691.0,691.0,2.6956,1862.6596,15,1.6796,1160.6036,202304
691.0,692.0,690.0,692.0,39.8602,27514.6772,12,4.7633,3291.4731,202304
691.0,692.0,690.0,690.0,59.4791,41099.2761,59,26.2116,18112.2546,202304
691.0,692.0,691.0,692.0,35.2941,24421.3549,33,23.7042,16401.1441,202304
693.0,693.0,692.0,692.0,7.8146,5415.4547,37,6.4525,4471.5825,202304
693.0,693.0,692.0,692.0,2.303,1593.87,4,0.194,134.442,202304
692.0,692.0,692.0,692.0,5.0088,3466.0896,3,0.0,0.0,202304
693.0,693.0,692.0,693.0,0.5128,355.3399,4,0.4823,334.2339,202304
693.0,693.0,692.0,693.0,39.6509,27438.8515,44,0.4287,297.0891,202304
693.0,695.0,693.0,695.0,64.6874,44877.911,106,62.7667,43544.7752,202304
695.0,696.0,694.0,694.0,26.7954,18626.0389,45,13.2339,9200.9682,202304
695.0,695.0,694.0,695.0,5.7415,3990.2767,14,4.2187,2931.9965,202304
695.0,697.0,695.0,696.0,15.1144,10520.682,43,7.4706,5200.6742,202304
695.0,695.0,694.0,694.0,36.8081,25577.7387,55,9.8101,6818.0195,202304
694.0,695.0,693.0,694.0,19.1938,13322.5954,39,9.533,6618.041,202304
694.0,696.0,694.0,696.0,21.3466,14836.8211,39,19.3807,13472.3477,202304
696.0,697.0,694.0,695.0,50.4232,35060.5092,71,22.411,15585.1547,202304
695.0,696.0,695.0,695.0,30.3235,21074.8538,37,7.5289,5232.6068,202304
695.0,695.0,695.0,695.0,0.1951,135.5945,3,0.0,0.0,202304
695.0,696.0,695.0,695.0,21.53,14970.0217,34,6.6717,4643.5032,202304
695.0,696.0,695.0,695.0,6.3204,4392.7257,9,0.0477,33.1992,202304
696.0,696.0,695.0,695.0,2.548,1771.1999,16,0.3399,236.5704,202304
695.0,695.0,694.0,695.0,29.8235,20727.3035,29,11.5013,7993.4035,202304
695.0,695.0,694.0,695.0,13.2129,9181.5154,16,6.0812,4226.434,202304
695.0,699.0,695.0,699.0,107.254,74744.6199,137,95.1718,66319.4911,202304
699.0,699.0,697.0,699.0,41.9648,29257.8645,71,4.9272,3437.5771,202304
699.0,700.0,699.0,699.0,34.4318,24069.2377,77,16.4863,11525.3332,202304
699.0,699.0,698.0,698.0,43.4882,30372.3224,71,15.5357,10854.2301,202304
697.0,699.0,697.0,699.0,18.655,13012.1268,53,11.387,7946.3308,202304
699.0,700.0,699.0,699.0,38.8859,27206.5373,93,17.7882,12448.7788,202304
700.0,701.0,698.0,699.0,50.9069,35625.1648,92,27.8927,19520.1902,202304
699.0,700.0,698.0,699.0,16.1686,11303.0295,44,4.8559,3395.691,202304
699.0,700.0,699.0,700.0,14.5098,10153.091,32,12.0704,8447.9504,202304
700.0,700.0,696.0,697.0,32.1747,22456.8314,84,12.7688,8912.4124,202304
698.0,698.0,697.0,698.0,58.8569,41047.5878,76,13.163,9184.307,202304
698.0,699.0,698.0,699.0,8.2888,5785.9811,38,4.7847,3340.1193,202304
698.0,699.0,698.0,698.0,56.3927,39382.1182,84,30.9684,21630.3816,202304
699.0,699.0,697.0,697.0,10.69,7460.8184,25,0.18,125.6907,202304
698.0,699.0,696.0,697.0,11.2538,7848.1273,34,3.1729,2214.0615,202304
697.0,697.0,697.0,697.0,0.0,0.0,0,0.0,0.0,202304
697.0,697.0,696.0,696.0,1.7493,1217.7802,12,0.2674,186.3778,202304
697.0,698.0,696.0,697.0,25.6195,17856.8044,37,16.8995,11778.982,202304
697.0,697.0,695.0,696.0,21.3645,14870.53,24,0.3291,229.0536,202304
696.0,696.0,696.0,696.0,18.6164,12957.0144,35,9.8673,6867.6408,202304
696.0,696.0,696.0,696.0,13.1844,9176.3424,19,2.5324,1762.5504,202304
696.0,698.0,696.0,698.0,3.3282,2319.6011,21,2.6614,1855.0101,202304
698.0,698.0,698.0,698.0,2.6326,1837.5548,12,2.5826,1802.6548,202304
699.0,699.0,698.0,698.0,4.8054,3356.1653,12,1.9961,1395.2739,202304
699.0,699.0,699.0,699.0,29.2612,20453.5788,48,3.6013,2517.3087,202304
699.0,699.0,698.0,698.0,8.6544,6047.7527,28,0.1005,70.2495,202304
699.0,699.0,699.0,699.0,10.3574,7239.8226,17,10.3574,7239.8226,202304
699.0,699.0,698.0,698.0,10.0131,6994.937,29,0.4696,327.7808,202304
698.0,699.0,697.0,699.0,18.3262,12798.312,40,10.2823,7179.49,202304
699.0,700.0,699.0,700.0,7.5323,5266.6536,14,7.5323,5266.6536,202304
700.0,700.0,699.0,700.0,26.4016,18477.5948,74,22.8764,16013.48,202304
700.0,702.0,700.0,701.0,22.611,15840.6092,42,13.1763,9235.0459,202304
701.0,702.0,701.0,701.0,6.9069,4843.4465,20,1.7096,1200.1392,202304
701.0,702.0,701.0,702.0,7.1063,4987.5397,18,3.7671,2644.5042,202304
703.0,703.0,702.0,703.0,23.4347,16473.8288,53,22.6694,15936.5882,202304
703.0,704.0,702.0,704.0,12.4352,8741.7006,28,11.135,7828.0226,202304
704.0,705.0,703.0,704.0,44.0342,31001.8459,81,27.0813,19068.4408,202304
704.0,705.0,703.0,703.0,21.9356,15453.9851,62,12.1722,8580.8187,202304
704.0,705.0,703.0,704.0,28.7422,20232.2041,94,9.0658,6387.0811,202304
703.0,706.0,703.0,706.0,39.2864,27732.0423,74,19.2281,13572.4104,202304
706.0,708.0,705.0,705.0,36.0019,25434.7388,98,11.7583,8303.7417,202304
705.0,708.0,705.0,707.0,30.8225,21784.8395,54,13.9535,9859.2306,202304
708.0,708.0,706.0,707.0,53.9381,38174.2469,101,46.1403,32658.8836,202304
707.0,709.0,707.0,709.0,158.538,112338.5589,168,132.9815,94245.1403,202304
709.0,710.0,709.0,710.0,19.3451,13721.0955,70,13.2863,9425.4063,202304
709.0,711.0,709.0,710.0,33.7853,23996.682,62,16.7168,11880.7707,202304
710.0,711.0,708.0,710.0,41.1238,29184.1243,101,24.9016,17679.4262,202304
711.0,711.0,709.0,709.0,58.0715,41230.5899,65,1.8249,1297.5039,202304
710.0,711.0,709.0,709.0,19.7948,14060.8086,36,9.5977,6821.4235,202304
709.0,710.0,708.0,708.0,38.8151,27502.4659,49,5.5861,3961.0384,202304
709.0,709.0,707.0,707.0,18.4465,13069.7175,67,7.3655,5222.1395,202304
707.0,709.0,707.0,708.0,25.1776,17822.6609,72,13.6386,9658.4735,202304
708.0,708.0,706.0,707.0,36.2709,25627.8314,69,16.1915,11447.5317,202304
707.0,708.0,706.0,706.0,35.6792,25230.1062,61,22.86,16166.9649,202304
706.0,707.0,706.0,707.0,7.9805,5639.7154,17,5.4824,3876.0568,202304
707.0,707.0,706.0,706.0,31.9121,22540.4341,50,3.0351,2145.7296,202304
706.0,706.0,705.0,705.0,37.9605,26773.6165,73,10.1973,7199.2938,202304
706.0,706.0,705.0,705.0,5.281,3725.8196,25,2.7146,1916.5076,202304
706.0,706.0,704.0,704.0,64.2202,45293.1727,102,8.2259,5807.4854,202304
704.0,706.0,704.0,706.0,2.5146,1772.8556,11,2.2247,1568.6448,202304
706.0,706.0,705.0,706.0,13.1891,9311.3648,28,7.8821,5564.7626,202304
706.0,708.0,706.0,706.0,27.9984,19779.3864,85,14.6702,10363.1791,202304
705.0,707.0,705.0,707.0,12.2132,8622.4979,21,6.614,4669.5122,202304
707.0,707.0,705.0,706.0,18.8631,13314.9122,43,12.2329,8636.5798,202304
707.0,711.0,707.0,709.0,119.4855,84753.6339,182,96.3971,68376.81,202304
709.0,710.0,707.0,709.0,31.9459,22632.7974,73,20.0932,14238.6741,202304
708.0,708.0,706.0,707.0,28.8365,20396.3004,49,7.2052,5094.0764,202304
707.0,708.0,707.0,707.0,26.175,18505.7508,47,16.1919,11447.6991,202304
707.0,708.0,707.0,707.0,15.9021,11242.8038,18,6.8773,4862.2702,202304
707.0,708.0,706.0,707.0,33.9923,24030.6883,55,13.2886,9395.0974,202304
707.0,709.0,707.0,708.0,45.8564,32466.1747,37,45.6398,32313.0084,202304
708.0,708.0,706.0,707.0,43.4756,30746.6325,60,13.5016,9546.5328,202304
706.0,708.0,706.0,708.0,30.6105,21625.1038,74,13.0217,9205.9725,202304
707.0,707.0,705.0,705.0,38.2276,26997.1693,57,17.0666,12051.146,202304
706.0,706.0,704.0,704.0,77.5708,54697.7216,88,14.4934,10222.7048,202304
705.0,705.0,704.0,705.0,0.5483,386.4871,3,0.4839,341.1495,202304
705.0,705.0,702.0,703.0,43.3669,30505.0015,75,8.5082,5992.4059,202304
702.0,704.0,702.0,703.0,48.8865,34342.4328,71,34.3612,24134.5732,202304
703.0,703.0,702.0,703.0,29.4431,20690.2762,45,6.1125,4297.0875,202304
703.0,703.0,700.0,700.0,30.5379,21402.3699,79,6.6857,4689.8807,202304
699.0,702.0,699.0,701.0,39.9799,27975.3657,95,25.804,18065.6772,202304
701.0,702.0,700.0,701.0,5.5174,3867.7202,18,2.6668,1869.6768,202304
702.0,702.0,699.0,700.0,38.0193,26644.0972,126,1.6783,1177.8671,202304
700.0,703.0,700.0,702.0,70.967,49805.7847,133,47.6751,33453.6024,202304
702.0,703.0,702.0,703.0,19.0743,13394.3493,48,11.5056,8081.1219,202304
703.0,704.0,702.0,702.0,9.8893,6952.729,29,1.7026,1197.7828,202304
703.0,705.0,703.0,704.0,12.668,8916.2983,63,11.7781,8290.5819,202304
704.0,704.0,703.0,703.0,5.4845,3861.0598,9,0.0672,47.3088,202304
703.0,704.0,703.0,704.0,8.4442,5939.8943,13,3.6217,2549.6768,202304
704.0,704.0,702.0,704.0,17.0772,12014.9392,34,4.5764,3217.2512,202304
703.0,703.0,703.0,703.0,1.0015,704.0545,2,0.0,0.0,202304
703.0,703.0,702.0,703.0,10.5545,7417.8135,17,4.651,3269.653,202304
703.0,704.0,703.0,704.0,13.4603,9467.1118,24,11.5245,8104.3086,202304
704.0,706.0,704.0,706.0,6.3335,4464.0495,30,5.8625,4132.0279,202304
706.0,706.0,704.0,705.0,17.216,12137.1268,21,3.0998,2185.4431,202304
706.0,706.0,704.0,705.0,47.4698,33458.1469,54,22.4328,15821.2527,202304
705.0,706.0,705.0,706.0,17.5656,12384.2522,26,7.5867,5349.1277,202304
706.0,706.0,704.0,705.0,9.216,6496.7943,19,5.9199,4173.5438,202304
705.0,707.0,705.0,707.0,10.0292,7083.1823,33,6.4191,4534.839,202304
707.0,708.0,706.0,707.0,18.827,13310.5049,43,9.9125,7008.1566,202304
708.0,709.0,707.0,708.0,59.4554,42090.1087,122,35.6392,25233.2551,202304
708.0,708.0,706.0,707.0,36.5905,25877.8949,70,21.3947,15138.0789,202304
708.0,709.0,708.0,709.0,9.4645,6706.086,21,9.421,6675.288,202304
709.0,709.0,708.0,708.0,6.0947,4320.9294,10,5.8818,4170.1962,202304
708.0,709.0,708.0,709.0,6.9271,4909.6658,25,5.279,3742.811,202304
709.0,709.0,708.0,709.0,7.0593,4999.784,11,1.7996,1275.9164,202304
708.0,708.0,707.0,708.0,39.2446,27784.5351,52,11.1858,7919.5464,202304
708.0,708.0,707.0,707.0,23.3489,16530.0212,34,4.8998,3469.0584,202304
708.0,709.0,708.0,708.0,34.7753,24642.8109,85,21.1383,14976.1117,202304
708.0,709.0,708.0,709.0,1.8731,1326.1831,3,0.0283,20.0647,202304
709.0,709.0,708.0,708.0,14.1871,10058.0293,56,1.1095,786.6355,202304
709.0,709.0,707.0,708.0,67.7327,47967.234,127,54.817,38830.5592,202304
708.0,711.0,708.0,710.0,88.3382,62719.163,153,74.4724,52874.9244,202304
710.0,711.0,709.0,710.0,10.8263,7692.1358,42,7.0268,4994.9908,202304
710.0,711.0,709.0,709.0,2.8009,1988.2742,34,0.3222,229.0842,202304
709.0,711.0,709.0,710.0,33.5891,23855.9707,86,31.1002,22090.0763,202304
710.0,710.0,709.0,710.0,31.0887,22070.977,49,15.4467,10967.157,202304
710.0,714.0,710.0,713.0,66.714,47541.5119,157,49.3786,35199.6129,202304
713.0,714.0,711.0,712.0,59.6916,42545.167,102,26.0977,18606.2855,202304
711.0,713.0,711.0,711.0,29.3519,20899.8857,59,12.1801,8673.6642,202304
712.0,713.0,711.0,711.0,7.9545,5663.8005,23,1.9005,1353.4368,202304
711.0,711.0,709.0,709.0,21.5999,15339.323,65,12.4116,8813.076,202304
709.0,711.0,709.0,710.0,63.3314,45006.3029,85,34.899,24807.4322,202304
711.0,711.0,710.0,710.0,32.4691,23066.0407,50,9.4481,6716.004,202304
709.0,710.0,707.0,707.0,64.7491,45891.6878,138,34.6733,24584.0231,202304
707.0,709.0,706.0,706.0,34.39,24324.0901,32,6.9332,4908.7339,202304
707.0,708.0,706.0,707.0,27.0657,19130.891,53,16.1971,11451.378,202304
707.0,708.0,707.0,707.0,18.1967,12876.663,35,9.5535,6763.878,202304
708.0,709.0,708.0,708.0,3.8939,2757.4658,17,1.9817,1403.6282,202304
709.0,709.0,708.0,708.0,0.3281,232.398,9,0.1032,73.1688,202304
708.0,709.0,708.0,709.0,43.1995,30627.2967,72,23.196,16445.964,202304
708.0,710.0,708.0,708.0,60.6536,43010.6294,114,30.8661,21891.3789,202304
708.0,708.0,708.0,708.0,5.5985,3963.738,18,0.0,0.0,202304
709.0,709.0,707.0,707.0,6.0573,4286.3695,19,2.8144,1993.0001,202304
708.0,709.0,708.0,708.0,18.202,12887.3684,42,10.0976,7149.4532,202304
708.0,709.0,708.0,708.0,3.0532,2162.135,24,0.4694,332.8046,202304
708.0,709.0,708.0,709.0,2.5976,1839.191,25,0.0902,63.9518,202304
708.0,709.0,707.0,707.0,40.6927,28799.3735,81,20.751,14691.991,202304
707.0,708.0,707.0,707.0,3.3486,2367.5326,24,0.0724,51.2592,202304
707.0,708.0,707.0,707.0,6.8518,4844.2509,21,0.0283,20.0364,202304
707.0,707.0,703.0,705.0,157.9284,111370.241,289,48.1311,33976.6877,202304
705.0,706.0,705.0,705.0,3.6816,2596.2436,23,0.7156,505.2136,202304
705.0,707.0,705.0,707.0,24.2902,17153.9544,72,21.4817,15173.0962,202304
706.0,708.0,705.0,706.0,111.2323,78581.3872,203,69.9889,49472.6458,202304
706.0,708.0,706.0,707.0,7.9067,5591.2487,22,7.6333,5397.9832,202304
707.0,708.0,707.0,707.0,3.1423,2224.5726,19,2.9665,2100.282,202304
708.0,708.0,706.0,706.0,15.0393,10627.56,29,0.262,185.2641,202304
706.0,706.0,704.0,705.0,15.1079,10650.0894,42,2.6324,1856.4894,202304
704.0,706.0,704.0,706.0,20.1089,14168.9259,36,11.8976,8388.1424,202304
706.0,706.0,705.0,706.0,3.8825,2739.3938,22,2.2313,1575.2978,202304
706.0,709.0,706.0,708.0,177.3489,125603.0261,266,145.7247,103201.4296,202304
708.0,709.0,708.0,708.0,5.9585,4218.7684,18,3.42,2421.5104,202304
709.0,709.0,708.0,708.0,6.9181,4900.2999,13,2.2851,1620.1359,202304
708.0,708.0,707.0,708.0,10.0532,7114.4894,33,3.2339,2289.6012,202304
707.0,708.0,707.0,708.0,21.5104,15212.4491,29,4.5963,3254.1804,202304
708.0,710.0,706.0,709.0,258.1379,182630.1627,599,123.4964,87425.8774,202304
709.0,710.0,708.0,709.0,57.7215,40914.2349,160,40.3111,28580.7277,202304
709.0,710.0,707.0,707.0,25.9071,18354.5911,58,8.0291,5694.7609,202304
708.0,709.0,707.0,708.0,65.3764,46234.2164,109,17.4371,12334.153,202304
707.0,708.0,706.0,707.0,27.1894,19222.8681,33,4.0775,2882.8227,202304
707.0,709.0,707.0,708.0,97.2773,68877.714,156,55.7625,39476.8405,202304
709.0,709.0,707.0,707.0,7.07,5005.4389,20,0.1819,128.9671,202304
708.0,708.0,707.0,708.0,0.0869,61.497,4,0.0587,41.5596,202304
708.0,709.0,707.0,708.0,19.7234,13961.5007,31,13.216,9358.928,202304
708.0,709.0,708.0,708.0,7.4844,5303.7418,15,4.7866,3393.6994,202304
709.0,709.0,707.0,709.0,25.3602,17952.7429,42,11.4869,8132.8102,202304
708.0,709.0,708.0,708.0,1.8087,1280.6856,9,0.126,89.334,202304
709.0,709.0,708.0,709.0,2.5789,1828.4119,7,2.5507,1808.4463,202304
708.0,709.0,707.0,709.0,17.0087,12043.0634,27,8.0675,5712.722,202304
708.0,709.0,708.0,709.0,4.3202,3058.8042,11,0.1026,72.7434,202304
708.0,710.0,708.0,708.0,28.6132,20286.9073,50,17.836,12647.283,202304
708.0,709.0,708.0,708.0,2.9849,2113.3236,6,0.0144,10.2096,202304
709.0,709.0,705.0,707.0,160.901,113690.8835,197,15.5418,10977.3081,202304
707.0,707.0,706.0,706.0,28.3687,20031.6646,56,3.3624,2377.2168,202304
707.0,708.0,706.0,708.0,26.9574,19053.683,56,20.6424,14594.7711,202304
708.0,708.0,707.0,707.0,8.6365,6108.5515,23,2.5814,1827.5958,202304
706.0,708.0,706.0,708.0,15.7309,11124.9844,42,12.4411,8800.1656,202304
708.0,708.0,707.0,707.0,10.8011,7640.916,27,4.5383,3213.1164,202304
707.0,708.0,706.0,707.0,34.6733,24519.1474,112,19.6452,13895.4457,202304
707.0,707.0,706.0,706.0,6.7249,4748.3416,14,0.5622,397.4754,202304
707.0,707.0,706.0,707.0,5.8209,4110.6763,17,1.1209,792.4763,202304
707.0,707.0,706.0,707.0,24.9973,17650.7767,51,14.1815,10014.8219,202304
706.0,707.0,706.0,707.0,1.8861,1331.9755,8,0.3889,274.9523,202304
706.0,707.0,706.0,707.0,2.4272,1715.2125,16,1.6093,1137.7751,202304
706.0,707.0,706.0,706.0,14.5617,10280.7025,28,8.9623,6327.5261,202304
706.0,707.0,706.0,707.0,23.3155,16464.837,32,10.8509,7664.8294,202304
707.0,708.0,706.0,706.0,46.4248,32830.03,70,36.5228,25829.8548,202304
707.0,708.0,706.0,707.0,12.3683,8746.8668,27,11.8148,8355.7734,202304
707.0,708.0,707.0,707.0,5.9154,4182.2161,17,0.0283,20.0364,202304
706.0,707.0,706.0,707.0,12.0285,8492.5971,39,0.4761,336.6027,202304
706.0,707.0,706.0,706.0,0.1755,123.9596,5,0.0566,40.0162,202304
706.0,707.0,706.0,707.0,5.4646,3858.152,8,0.1444,102.0908,202304
707.0,707.0,706.0,706.0,0.8484,598.9987,9,0.0283,20.0081,202304
707.0,708.0,706.0,706.0,24.3194,17192.1074,60,14.3176,10124.2362,202304
706.0,706.0,705.0,706.0,3.7175,2624.4908,24,0.9413,664.5578,202304
705.0,706.0,705.0,705.0,6.3911,4511.5449,19,5.8194,4108.4964,202304
705.0,707.0,705.0,706.0,29.9914,21177.7294,103,14.1278,9978.7733,202304
705.0,706.0,705.0,706.0,0.532,375.5637,4,0.5037,355.6122,202304
705.0,706.0,705.0,706.0,1.6108,1135.7781,8,0.1641,115.8546,202304
706.0,706.0,705.0,706.0,0.1383,97.6115,4,0.11,77.66,202304
706.0,706.0,704.0,704.0,55.6522,39233.2431,139,6.2995,4442.1475,202304
705.0,705.0,704.0,705.0,3.7981,2674.8282,23,0.9658,680.889,202304
705.0,706.0,705.0,706.0,18.9186,13341.1594,72,15.9773,11267.5429,202304
706.0,706.0,705.0,705.0,1.0495,740.9045,4,1.007,710.942,202304
705.0,706.0,705.0,706.0,0.3632,256.0842,5,0.0282,19.9092,202304
705.0,705.0,704.0,704.0,3.977,2800.9937,9,0.0142,10.011,202304
704.0,704.0,703.0,704.0,3.873,2726.1363,26,0.4166,293.2864,202304
704.0,704.0,703.0,703.0,13.6635,9605.5116,40,0.4203,295.542,202304
703.0,704.0,702.0,702.0,60.0431,42199.0533,82,31.857,22407.0822,202304
703.0,703.0,701.0,701.0,20.9943,14739.1529,62,4.4373,3116.5365,202304
702.0,704.0,702.0,703.0,86.8819,61115.5522,136,80.6363,56719.4379,202304
703.0,704.0,703.0,704.0,0.0454,31.9304,2,0.0142,9.9968,202304
703.0,704.0,703.0,704.0,19.0618,13404.5251,18,4.0797,2872.1088,202304
703.0,704.0,703.0,703.0,51.4378,36160.8409,10,0.0675,47.52,202304
704.0,704.0,703.0,704.0,0.6205,436.7019,5,0.4904,345.2416,202304
703.0,704.0,702.0,703.0,23.3166,16389.7828,35,0.4526,318.3908,202304
703.0,703.0,703.0,703.0,8.4575,5945.6225,15,7.9834,5612.3302,202304
704.0,704.0,702.0,702.0,11.3074,7947.6773,18,0.0303,21.3312,202304
702.0,703.0,702.0,703.0,11.6199,8167.8833,22,9.2115,6475.6845,202304
703.0,703.0,702.0,703.0,8.7163,6120.0177,17,0.135,94.905,202304
703.0,703.0,702.0,703.0,7.8133,5491.261,17,6.3244,4446.0532,202304
704.0,704.0,702.0,703.0,26.02,18292.2518,35,11.0751,7786.0021,202304
703.0,704.0,703.0,703.0,3.7968,2669.2752,11,0.1248,87.8592,202304
703.0,703.0,703.0,703.0,12.9093,9075.2379,25,8.8202,6200.6006,202304
703.0,703.0,702.0,702.0,30.6484,21519.4124,51,9.5132,6678.2664,202304
701.0,701.0,699.0,701.0,55.2353,38670.1001,142,23.0629,16153.5289,202304
700.0,702.0,699.0,701.0,100.5287,70387.5351,150,63.8774,44764.0142,202304
700.0,701.0,699.0,699.0,15.0265,10517.0472,27,0.4972,348.5372,202304
699.0,700.0,698.0,698.0,43.0812,30092.8037,58,12.4139,8677.4393,202304
699.0,700.0,697.0,699.0,57.9133,40438.062,108,31.5464,22038.4871,202304
698.0,698.0,697.0,698.0,31.0327,21637.6821,90,20.6701,14413.4426,202304
698.0,702.0,698.0,699.0,327.2354,229132.0004,415,263.105,184228.0809,202304
699.0,702.0,699.0,702.0,203.7538,142748.4576,179,130.4482,91414.4882,202304
701.0,701.0,700.0,700.0,16.6778,11677.7688,38,0.0,0.0,202304
700.0,701.0,699.0,700.0,25.508,17853.6265,44,7.318,5122.6528,202304
700.0,701.0,699.0,700.0,154.1754,108027.3234,138,86.1584,60368.7987,202304
700.0,700.0,699.0,700.0,28.1223,19685.324,48,18.327,12828.9,202304
701.0,701.0,700.0,701.0,32.5351,22800.1262,59,12.0533,8449.3633,202304
700.0,701.0,700.0,701.0,21.7654,15252.9261,25,17.1461,12019.4161,202304
701.0,702.0,700.0,701.0,28.8972,20254.9117,65,7.825,5485.5441,202304
702.0,702.0,702.0,702.0,9.6615,6782.373,19,8.599,6036.498,202304
702.0,702.0,700.0,700.0,13.2677,9299.4069,29,1.7852,1253.2104,202304
700.0,702.0,699.0,702.0,178.7842,125281.968,194,119.647,83860.6079,202304
702.0,702.0,701.0,701.0,14.884,10448.396,20,9.2443,6489.4986,202304
702.0,704.0,702.0,704.0,33.0744,23252.9396,69,31.9976,22497.026,202304
704.0,705.0,702.0,703.0,32.1637,22632.7598,70,18.5852,13079.7628,202304
703.0,703.0,700.0,701.0,38.3225,26899.5691,71,10.6191,7450.5749,202304
702.0,704.0,701.0,703.0,164.2108,115393.3747,133,91.3398,64174.5147,202304
704.0,704.0,702.0,702.0,30.9986,21787.9925,65,6.0582,4264.9728,202304
702.0,702.0,702.0,702.0,15.2526,10707.3252,12,0.0,0.0,202304
703.0,705.0,703.0,705.0,40.1243,28258.5421,101,35.1839,24777.8265,202304
706.0,706.0,704.0,705.0,16.6385,11728.1634,15,9.9359,7004.8251,202304
705.0,705.0,703.0,703.0,8.0235,5649.5222,27,1.5482,1091.481,202304
703.0,704.0,703.0,704.0,6.7124,4719.182,8,0.3648,256.8192,202304
704.0,705.0,704.0,705.0,19.9145,14032.4413,35,18.9297,13339.1421,202304
704.0,704.0,701.0,702.0,27.0866,19027.1449,84,8.2469,5790.0344,202304
703.0,703.0,702.0,702.0,2.5841,1814.5565,9,0.5183,364.3649,202304
703.0,703.0,702.0,702.0,3.7026,2599.3541,8,0.1289,90.6167,202304
702.0,703.0,702.0,703.0,2.9259,2054.199,8,0.2172,152.6916,202304
703.0,703.0,703.0,703.0,6.067,4265.101,18,6.067,4265.101,202304
703.0,704.0,703.0,703.0,8.1863,5756.1153,24,5.1758,3639.7338,202304
703.0,705.0,703.0,704.0,35.4709,24957.6361,73,14.2783,10054.2719,202304
705.0,706.0,704.0,704.0,25.4668,17954.3397,68,11.6275,8198.0679,202304
704.0,708.0,704.0,708.0,65.6791,46429.3969,132,53.1413,37553.855,202304
708.0,710.0,707.0,709.0,79.8739,56620.0357,157,49.9099,35380.1863,202304
709.0,711.0,709.0,710.0,42.6517,30261.2466,93,22.3667,15872.4936,202304
710.0,714.0,710.0,713.0,74.9972,53376.7229,196,48.3015,34377.5135,202304
713.0,715.0,712.0,713.0,82.5302,58824.5914,220,34.972,24927.6909,202304
713.0,714.0,711.0,711.0,44.3559,31601.2044,168,15.7034,11193.3709,202304
711.0,713.0,711.0,711.0,200.3146,142690.4384,224,144.7774,103135.8664,202304
711.0,713.0,710.0,711.0,28.0671,19972.6103,83,13.1873,9387.747,202304
711.0,713.0,711.0,712.0,134.7305,96036.628,275,41.0747,29275.2825,202304
713.0,715.0,712.0,712.0,172.4448,123082.6313,385,61.1148,43639.8699,202304
713.0,714.0,711.0,711.0,57.0931,40673.8798,79,20.1126,14340.624,202304
711.0,714.0,711.0,713.0,37.4042,26662.0892,76,19.6577,14009.8805,202304
714.0,717.0,714.0,716.0,65.6155,46933.8924,130,48.7579,34878.599,202304
715.0,716.0,714.0,714.0,53.0051,37905.626,81,21.8311,15620.6186,202304
715.0,716.0,715.0,716.0,33.6685,24084.4365,71,24.0564,17209.6274,202304
716.0,717.0,716.0,717.0,24.0297,17221.2002,75,19.5414,14006.3123,202304
717.0,717.0,716.0,716.0,8.0873,5794.2455,24,2.4735,1773.4995,202304
716.0,718.0,716.0,717.0,21.5098,15415.2543,91,12.9568,9289.079,202304
718.0,718.0,715.0,715.0,65.3044,46823.8863,115,20.7993,14919.2242,202304
715.0,717.0,715.0,716.0,23.6193,16923.0532,59,10.2319,7328.2981,202304
717.0,719.0,715.0,716.0,58.2125,41755.4315,135,22.3997,16073.7593,202304
717.0,717.0,715.0,717.0,42.2817,30292.2895,58,25.3727,18185.6394,202304
717.0,717.0,716.0,717.0,41.1749,29484.7583,48,17.905,12823.5099,202304
716.0,717.0,716.0,717.0,0.3229,231.3718,4,0.1754,125.7618,202304
716.0,718.0,716.0,717.0,15.3763,11025.9023,30,10.2842,7375.7714,202304
717.0,717.0,716.0,717.0,14.2049,10178.8403,16,8.1319,5830.5723,202304
717.0,718.0,716.0,717.0,5.0962,3653.7951,13,1.6868,1209.4552,202304
717.0,717.0,714.0,715.0,29.6999,21251.416,87,2.4316,1740.369,202304
715.0,716.0,715.0,716.0,13.831,9892.3829,20,9.4573,6765.1874,202304
715.0,716.0,713.0,714.0,42.7694,30552.2078,86,17.4501,12459.4416,202304
714.0,716.0,713.0,714.0,46.8428,33467.7156,82,18.5047,13226.4242,202304
715.0,717.0,710.0,711.0,207.3558,147831.8211,393,36.4981,26067.5241,202304
712.0,713.0,712.0,713.0,29.1778,20791.4563,66,24.205,17246.2093,202304
713.0,714.0,712.0,714.0,31.1245,22208.7625,54,22.5327,16075.7251,202304
715.0,715.0,714.0,714.0,11.06,7899.2964,20,2.4564,1756.326,202304
714.0,714.0,714.0,714.0,10.9971,7851.9294,10,0.0,0.0,202304
714.0,714.0,714.0,714.0,2.0678,1476.4092,5,0.0,0.0,202304
715.0,715.0,714.0,715.0,2.7032,1932.0595,7,1.9747,1411.9105,202304
714.0,717.0,714.0,715.0,120.2386,86064.5212,147,100.306,71807.974,202304
716.0,717.0,715.0,716.0,74.5273,53410.6509,102,65.7308,47113.8659,202304
716.0,716.0,713.0,713.0,82.1136,58682.9954,134,38.6811,27647.2413,202304
714.0,716.0,714.0,714.0,121.9563,87280.4672,183,111.9084,80096.7957,202304
714.0,714.0,712.0,712.0,228.649,163023.4818,192,36.0317,25699.7775,202304
712.0,713.0,711.0,712.0,52.9815,37769.3159,81,49.3572,35187.8636,202304
712.0,714.0,712.0,713.0,104.4349,74512.8272,119,83.0353,59259.9425,202304
714.0,714.0,712.0,713.0,9.2947,6619.656,35,0.2983,212.7148,202304
713.0,715.0,712.0,714.0,135.4138,96702.9195,160,110.4611,78890.9508,202304
714.0,716.0,714.0,715.0,30.4866,21813.4918,41,27.7902,19885.5945,202304
715.0,717.0,715.0,716.0,51.2916,36748.4044,70,43.0652,30860.7918,202304
717.0,717.0,716.0,717.0,24.6334,17661.0291,51,15.5257,11131.9269,202304
717.0,719.0,717.0,718.0,74.7551,53671.8475,139,50.7357,36437.3712,202304
718.0,719.0,717.0,718.0,65.1832,46786.0292,128,32.2733,23172.2919,202304
718.0,718.0,717.0,717.0,32.5129,23333.5602,37,1.7448,1251.0216,202304
718.0,718.0,717.0,717.0,13.0998,9405.5157,28,8.6839,6235.0402,202304
718.0,719.0,718.0,718.0,25.1539,18060.6759,34,7.0987,5097.0423,202304
719.0,719.0,717.0,718.0,10.1576,7290.1781,34,0.2893,207.8425,202304
717.0,719.0,717.0,718.0,23.9269,17178.5287,26,14.2591,10238.0692,202304
718.0,719.0,718.0,718.0,19.8984,14304.7633,30,17.7121,12734.9999,202304
718.0,718.0,717.0,717.0,10.3688,7438.196,17,0.0,0.0,202304
717.0,718.0,717.0,717.0,2.5063,1797.7954,17,0.7783,558.8194,202304
717.0,717.0,716.0,717.0,6.2808,4499.8863,16,0.1131,81.0927,202304
717.0,717.0,716.0,716.0,11.3922,8164.0073,21,7.1921,5156.7357,202304
716.0,717.0,716.0,716.0,11.285,8080.1995,21,0.1395,100.0215,202304
717.0,724.0,717.0,723.0,167.8471,121018.8616,322,96.2039,69374.5577,202304
724.0,724.0,721.0,723.0,60.7678,43915.4088,133,11.9293,8619.218,202304
724.0,725.0,722.0,723.0,47.6673,34497.0093,101,24.2888,17577.8212,202304
724.0,725.0,724.0,724.0,54.6955,39624.1523,87,21.0136,15228.2938,202304
724.0,725.0,723.0,724.0,20.431,14793.9848,34,2.0514,1487.1824,202304
724.0,725.0,722.0,723.0,129.0121,93316.088,188,24.9894,18093.2384,202304
722.0,724.0,721.0,721.0,52.9758,38260.6186,117,20.0938,14522.596,202304
720.0,722.0,720.0,721.0,43.4388,31318.8389,51,26.6821,19237.8218,202304
721.0,723.0,721.0,722.0,32.9036,23755.4843,50,14.8647,10732.3328,202304
723.0,723.0,721.0,723.0,77.6158,56087.2019,61,65.2725,47177.3393,202304
723.0,724.0,723.0,723.0,9.1874,6642.5225,29,8.3412,6030.7199,202304
723.0,724.0,722.0,723.0,24.9614,18044.9983,66,7.9571,5752.9973,202304
723.0,726.0,723.0,725.0,137.733,99874.4103,250,96.5601,70019.9703,202304
725.0,729.0,725.0,727.0,258.7125,188338.0175,335,220.985,160901.7057,202304
727.0,728.0,727.0,727.0,52.0375,37863.1563,83,19.2309,14000.0952,202304
727.0,728.0,725.0,727.0,70.7081,51360.3044,146,15.6526,11376.2697,202304
727.0,728.0,727.0,727.0,9.1252,6635.4963,33,6.3159,4593.1352,202304
727.0,728.0,726.0,727.0,30.4432,22130.7778,63,13.8147,10043.4243,202304
728.0,729.0,728.0,729.0,44.1728,32170.2489,92,28.2978,20613.2489,202304
728.0,729.0,727.0,728.0,19.1737,13957.4464,36,3.2675,2380.4798,202304
728.0,728.0,727.0,727.0,35.4596,25806.1821,58,12.336,8979.4493,202304
727.0,728.0,727.0,727.0,33.9958,24715.0152,53,2.7302,1984.924,202304
727.0,727.0,723.0,724.0,159.1934,115353.8801,215,31.8931,23132.0056,202304
724.0,726.0,724.0,726.0,13.8044,10014.3734,39,10.9854,7972.3325,202304
726.0,727.0,722.0,723.0,63.6139,46045.8746,127,18.8475,13647.9978,202304
723.0,723.0,721.0,721.0,57.7872,41723.0304,103,14.9744,10814.1888,202304
722.0,723.0,722.0,723.0,52.712,38061.9913,46,25.3199,18284.8951,202304
723.0,724.0,721.0,722.0,189.0672,136548.0213,172,50.7805,36712.8875,202304
722.0,722.0,718.0,722.0,127.0765,91559.7187,288,70.5992,50899.7547,202304
722.0,723.0,722.0,723.0,17.6545,12750.9366,38,13.7847,9956.941,202304
723.0,725.0,723.0,725.0,83.4183,60361.0124,120,68.837,49817.8287,202304
725.0,728.0,725.0,725.0,297.343,215864.5155,242,147.396,107025.2264,202304
726.0,729.0,726.0,727.0,86.2576,62799.7068,200,56.3985,41063.6473,202304
727.0,728.0,726.0,728.0,70.6166,51384.1613,77,19.8143,14418.9912,202304
728.0,728.0,727.0,728.0,96.6328,70347.7647,68,89.3124,65019.4272,202304
728.0,729.0,727.0,727.0,39.6055,28851.6073,65,30.089,21925.8842,202304
727.0,728.0,727.0,727.0,63.3508,46113.0741,105,39.9369,29070.6437,202304
727.0,728.0,726.0,726.0,28.7967,20925.2894,54,0.0482,35.0896,202304
727.0,728.0,727.0,727.0,32.1528,23376.0896,30,24.8381,18058.3027,202304
727.0,729.0,725.0,726.0,59.6691,43405.9674,105,20.1196,14656.7322,202304
726.0,726.0,724.0,724.0,44.0679,31954.8946,82,22.1631,16076.4303,202304
724.0,726.0,724.0,725.0,15.5603,11281.3678,44,8.7102,6317.1349,202304
725.0,726.0,724.0,726.0,27.5036,19952.6481,40,12.2739,8906.6633,202304
726.0,728.0,726.0,727.0,47.926,34839.4784,53,40.7224,29605.1988,202304
727.0,727.0,727.0,727.0,2.0413,1484.0251,4,2.0413,1484.0251,202304
726.0,728.0,726.0,727.0,59.4391,43220.5275,63,44.7257,32524.8847,202304
728.0,732.0,728.0,730.0,99.9491,72949.4819,245,67.1086,48966.1734,202304
730.0,730.0,728.0,728.0,73.8114,53811.4682,110,22.8114,16642.4262,202304
729.0,729.0,724.0,726.0,54.178,39318.9989,116,11.8377,8602.5664,202304
725.0,729.0,725.0,728.0,116.6541,84746.4736,185,74.2438,53933.8952,202304
728.0,728.0,726.0,728.0,104.4054,75886.1342,108,12.057,8770.8207,202304
727.0,728.0,726.0,727.0,34.6609,25195.1429,84,19.11,13898.484,202304
728.0,728.0,726.0,726.0,2.9026,2110.2363,16,0.1137,82.742,202304
726.0,729.0,726.0,729.0,10.8975,7923.4832,52,7.7315,5624.3476,202304
729.0,729.0,728.0,728.0,34.5926,25213.9072,53,16.6745,12155.7105,202304
728.0,728.0,727.0,727.0,79.4417,57827.8824,94,14.2502,10374.1456,202304
727.0,727.0,724.0,725.0,51.981,37746.2207,80,28.1048,20419.4127,202304
726.0,727.0,725.0,725.0,27.401,19880.5799,65,17.4861,12686.334,202304
725.0,726.0,725.0,726.0,39.7099,28825.4421,59,21.4965,15605.5139,202304
726.0,727.0,726.0,726.0,21.3686,15516.4436,23,12.5225,9094.175,202304
726.0,726.0,724.0,725.0,37.2696,27039.5684,54,12.3797,8984.1094,202304
725.0,725.0,723.0,723.0,20.1169,14572.2389,41,1.9734,1430.4518,202304
724.0,724.0,722.0,722.0,30.2725,21886.8056,40,17.1969,12436.2566,202304
723.0,723.0,720.0,721.0,35.028,25262.2809,68,4.8362,3492.1523,202304
721.0,723.0,721.0,723.0,31.1933,22528.8913,60,28.7533,20766.446,202304
723.0,724.0,722.0,723.0,26.763,19348.6945,34,4.4441,3213.1022,202304
723.0,724.0,723.0,724.0,9.4177,6809.1339,13,3.6349,2628.1695,202304
723.0,725.0,723.0,724.0,17.569,12718.5415,40,13.5195,9790.118,202304
725.0,725.0,724.0,724.0,18.7045,13542.0856,21,8.8305,6393.3096,202304
724.0,724.0,723.0,723.0,70.9195,51345.3606,64,16.9662,12283.5288,202304
724.0,724.0,722.0,723.0,11.9638,8649.8603,51,2.2188,1604.2455,202304
723.0,723.0,721.0,721.0,40.0865,28941.4214,87,11.3459,8192.793,202304
722.0,722.0,720.0,721.0,43.2234,31174.3843,82,12.5192,9036.7074,202304
721.0,721.0,720.0,721.0,44.5589,32085.6375,92,14.1098,10162.2855,202304
720.0,722.0,720.0,720.0,52.9368,38187.3637,84,38.1975,27562.1725,202304
720.0,721.0,720.0,720.0,9.3332,6725.1581,20,5.2541,3788.2061,202304
720.0,723.0,720.0,723.0,35.9762,25951.9075,63,33.6008,24240.845,202304
723.0,724.0,722.0,723.0,11.2366,8122.1268,30,2.5683,1856.9845,202304
723.0,725.0,721.0,721.0,66.358,47941.4739,141,12.1459,8788.8873,202304
721.0,723.0,721.0,723.0,25.7526,18587.0291,47,18.5871,13414.6741,202304
722.0,723.0,722.0,723.0,7.9833,5767.7087,30,3.6117,2611.2591,202304
724.0,724.0,723.0,723.0,0.2301,166.4262,6,0.0639,46.2636,202304
724.0,724.0,722.0,724.0,44.5022,32181.3196,80,15.8294,11452.8852,202304
724.0,724.0,723.0,723.0,37.7953,27363.7489,42,7.745,5607.38,202304
724.0,724.0,720.0,721.0,48.7766,35210.9634,123,5.1366,3704.6207,202304
722.0,722.0,721.0,722.0,2.7111,1956.6556,7,1.9525,1409.705,202304
722.0,723.0,722.0,723.0,10.1878,7361.4122,27,9.9093,7160.3352,202304
722.0,723.0,722.0,723.0,49.5981,35859.3711,45,4.9147,3553.3281,202304
723.0,724.0,722.0,722.0,41.179,29778.8905,64,26.2435,18981.709,202304
723.0,723.0,722.0,723.0,0.1106,79.9361,4,0.0829,59.9367,202304
722.0,724.0,722.0,723.0,34.2579,24768.5766,49,9.6032,6946.0879,202304
723.0,725.0,723.0,724.0,25.2596,18289.6571,56,14.5909,10567.6661,202304
723.0,723.0,721.0,722.0,15.2505,11019.4958,45,0.3862,278.8364,202304
721.0,721.0,719.0,720.0,51.5502,37136.4215,89,18.7988,13541.6395,202304
719.0,720.0,719.0,719.0,33.1274,23848.7352,63,11.5544,8319.168,202304
720.0,721.0,718.0,720.0,96.4809,69426.6795,217,41.8971,30158.6415,202304
720.0,721.0,719.0,720.0,85.3164,61420.4092,124,41.8461,30129.2198,202304
720.0,720.0,719.0,719.0,20.4845,14748.7546,41,1.5527,1117.944,202304
720.0,721.0,719.0,721.0,44.8689,32338.4661,90,28.8321,20781.5758,202304
722.0,723.0,721.0,722.0,19.5399,14112.7771,33,14.1146,10195.8795,202304
722.0,723.0,722.0,723.0,6.3559,4590.0675,11,5.352,3865.2517,202304
723.0,724.0,723.0,723.0,21.3309,15425.382,76,5.2041,3765.7056,202304
723.0,724.0,723.0,724.0,4.4058,3185.6081,9,4.3782,3165.6533,202304
724.0,724.0,723.0,724.0,3.2021,2317.7258,16,2.6075,1887.83,202304
724.0,724.0,722.0,723.0,8.9688,6482.7106,28,0.2758,199.4311,202304
723.0,724.0,722.0,723.0,10.1791,7359.1101,19,4.8824,3530.3969,202304
723.0,724.0,722.0,724.0,27.7491,20068.3838,44,27.6093,19967.3361,202304
723.0,725.0,723.0,725.0,26.5316,19209.8899,39,13.9491,10101.2393,202304
725.0,725.0,723.0,724.0,26.6017,19263.4654,43,5.1284,3717.9802,202304
724.0,724.0,723.0,724.0,8.1488,5897.2731,22,5.6907,4120.0668,202304
723.0,724.0,723.0,723.0,12.9753,9381.2201,22,0.0782,56.6168,202304
723.0,725.0,723.0,725.0,20.4593,14812.5014,32,18.1341,13129.4248,202304
724.0,725.0,724.0,725.0,15.6773,11350.6617,36,7.7657,5622.6633,202304
724.0,725.0,723.0,724.0,18.4183,13337.1213,34,9.1668,6639.5176,202304
725.0,725.0,723.0,723.0,37.1414,26876.4569,37,9.2068,6656.9231,202304
723.0,724.0,722.0,724.0,50.2283,36293.1896,40,20.569,14877.866,202304
724.0,724.0,722.0,723.0,28.508,20617.3033,60,11.8686,8585.7525,202304
723.0,725.0,723.0,724.0,50.8932,36850.498,73,31.7269,22976.1482,202304
723.0,725.0,723.0,723.0,127.1029,92077.6341,184,72.1832,52314.4436,202304
723.0,723.0,722.0,723.0,19.883,14375.3813,27,11.0761,8008.0203,202304
723.0,723.0,722.0,723.0,15.2831,11049.4291,20,0.1408,101.7984,202304
723.0,723.0,722.0,722.0,1.9742,1425.9152,18,0.5428,392.4444,202304
723.0,723.0,720.0,721.0,30.7616,22186.8619,95,11.8528,8549.8358,202304
722.0,722.0,721.0,721.0,33.4427,24123.3833,58,11.1966,8083.9452,202304
721.0,722.0,720.0,720.0,31.8473,22945.0507,37,13.6064,9810.6034,202304
721.0,722.0,721.0,722.0,8.7684,6322.63,25,4.5573,3286.4269,202304
721.0,723.0,721.0,723.0,27.9613,20186.9892,38,25.1357,18149.5026,202304
723.0,723.0,722.0,722.0,2.5762,1862.3636,7,2.3472,1697.0256,202304
723.0,723.0,720.0,720.0,27.9759,20180.208,50,16.368,11803.5642,202304
721.0,721.0,719.0,720.0,23.3236,16795.4605,48,9.1989,6625.9763,202304
720.0,720.0,717.0,719.0,103.8454,74615.0136,193,46.8258,33676.8655,202304
719.0,721.0,719.0,721.0,8.0884,5822.8185,21,5.5634,4006.3191,202304
720.0,721.0,720.0,720.0,25.8897,18640.7089,47,0.1249,90.0529,202304
720.0,720.0,718.0,719.0,22.683,16298.2563,54,6.8301,4911.2333,202304
718.0,719.0,718.0,718.0,3.4751,2496.622,23,1.5002,1078.6438,202304
719.0,719.0,717.0,718.0,11.8908,8536.458,50,0.8749,628.7621,202304
718.0,718.0,717.0,717.0,28.9293,20742.5044,61,0.1963,140.9434,202304
717.0,718.0,717.0,717.0,12.2809,8806.8703,25,1.465,1051.87,202304
717.0,718.0,717.0,717.0,36.565,26217.2369,60,17.3152,12415.1303,202304
717.0,718.0,716.0,717.0,157.5077,112869.0389,183,69.453,49777.0449,202304
718.0,720.0,717.0,719.0,206.0147,148071.1154,172,102.8267,73901.4315,202304
718.0,720.0,718.0,720.0,11.8355,8508.2127,35,10.1293,7283.0183,202304
720.0,721.0,719.0,720.0,27.5719,19851.2958,55,20.8644,15022.3958,202304
720.0,720.0,716.0,718.0,506.5014,363521.6892,401,56.5721,40592.9228,202304
718.0,719.0,718.0,719.0,60.8111,43687.183,84,59.5399,42774.4614,202304
718.0,719.0,718.0,719.0,4.2873,3079.3739,21,1.0925,785.5075,202304
719.0,719.0,718.0,718.0,20.5019,14729.1412,54,9.0546,6509.9798,202304
718.0,718.0,717.0,718.0,13.0312,9356.2385,41,12.8681,9239.2958,202304
718.0,719.0,717.0,719.0,26.7682,19223.9271,58,24.6541,17706.0589,202304
719.0,719.0,718.0,719.0,0.4632,332.8038,13,0.2262,162.6378,202304
719.0,719.0,718.0,719.0,7.857,5649.0597,21,7.7337,5560.5303,202304
718.0,718.0,717.0,717.0,60.4864,43388.1654,95,8.2669,5935.6342,202304
718.0,719.0,717.0,719.0,152.6078,109593.276,162,98.5901,70835.4558,202304
719.0,719.0,717.0,719.0,126.0355,90511.8802,131,52.1508,37456.0568,202304
719.0,719.0,718.0,719.0,1.0963,787.3108,10,0.1674,120.3606,202304
719.0,719.0,717.0,718.0,69.8071,50123.5302,111,16.7722,12044.4998,202304
718.0,720.0,717.0,719.0,146.8957,105562.2064,114,76.0434,54647.7886,202304
719.0,719.0,718.0,718.0,12.2402,8797.7865,35,1.762,1266.878,202304
718.0,720.0,718.0,720.0,9.4999,6828.5875,28,6.1647,4432.5578,202304
719.0,720.0,718.0,719.0,150.9048,108450.009,127,17.5947,12650.6171,202304
718.0,720.0,718.0,718.0,20.3828,14655.3368,55,5.7224,4114.6446,202304
719.0,719.0,718.0,718.0,12.9077,9268.5445,41,9.6426,6924.2027,202304
719.0,719.0,718.0,719.0,1.874,1346.8449,27,1.3129,943.9751,202304
718.0,719.0,718.0,718.0,3.4932,2511.0941,16,2.9765,2140.1035,202304
718.0,719.0,717.0,718.0,15.1822,10897.1399,43,1.0761,772.863,202304
717.0,718.0,717.0,717.0,4.8574,3485.4842,28,2.7284,1958.9912,202304
718.0,718.0,716.0,717.0,28.5332,20468.4195,83,11.6752,8377.3564,202304
716.0,717.0,716.0,717.0,80.0958,57420.7344,62,56.1349,40248.7233,202304
718.0,718.0,715.0,716.0,27.2481,19519.5009,72,5.792,4148.4605,202304
716.0,717.0,715.0,716.0,18.3468,13136.3088,30,8.4921,6080.4273,202304
716.0,717.0,716.0,717.0,15.3527,10995.209,51,2.6758,1918.5486,202304
717.0,719.0,715.0,715.0,61.8805,44347.3183,217,39.7913,28519.431,202304
715.0,715.0,714.0,714.0,71.6842,51241.2857,139,44.04,31488.4716,202304
715.0,717.0,714.0,716.0,38.4279,27499.4258,77,23.8395,17063.2448,202304
715.0,718.0,715.0,718.0,11.2233,8043.5231,38,5.347,3831.0459,202304
717.0,718.0,716.0,717.0,17.8729,12814.372,34,0.1258,90.3102,202304
716.0,717.0,716.0,717.0,19.7288,14135.5983,38,6.4222,4604.7174,202304
718.0,718.0,715.0,716.0,63.3561,45386.1875,114,4.9188,3523.9332,202304
716.0,716.0,715.0,715.0,11.9137,8526.6451,46,4.7274,3384.8184,202304
715.0,717.0,715.0,715.0,15.3601,10997.5407,63,5.4029,3869.7272,202304
716.0,716.0,714.0,715.0,16.967,12131.6437,61,0.8212,587.4247,202304
714.0,716.0,713.0,714.0,236.1108,168760.5774,205,134.9555,96463.1986,202304
715.0,715.0,711.0,714.0,359.6177,256437.5779,303,73.4769,52455.3818,202304
714.0,715.0,713.0,715.0,21.1163,15077.3212,67,12.8859,9203.0967,202304
715.0,716.0,714.0,716.0,28.833,20613.8153,52,10.3635,7409.9585,202304
716.0,717.0,715.0,716.0,29.047,20798.5025,63,27.5564,19732.6677,202304
716.0,717.0,714.0,717.0,385.9199,276028.5143,305,119.1451,85330.8743,202304
717.0,717.0,715.0,716.0,27.862,19950.5576,64,6.7961,4867.9486,202304
716.0,717.0,715.0,716.0,1.4373,1028.198,27,0.2336,167.3023,202304
715.0,718.0,715.0,717.0,42.4074,30373.8214,89,23.0797,16534.5918,202304
717.0,718.0,716.0,718.0,21.3833,15329.0488,34,5.9024,4233.4165,202304
718.0,720.0,717.0,719.0,33.885,24352.9178,101,32.7619,23546.6155,202304
719.0,720.0,718.0,719.0,46.7061,33595.6321,94,16.0181,11519.4752,202304
719.0,721.0,719.0,720.0,62.0855,44694.5814,101,30.0531,21637.2494,202304
720.0,721.0,719.0,720.0,32.9716,23737.7179,71,19.6578,14153.7843,202304
720.0,720.0,718.0,718.0,6.9003,4960.0543,37,0.4615,331.8741,202304
719.0,720.0,718.0,720.0,21.4065,15399.6611,59,18.6846,13442.6151,202304
720.0,721.0,720.0,721.0,46.0974,33236.0313,69,33.6585,24267.7785,202304
721.0,722.0,720.0,721.0,5.3344,3845.9716,29,3.1253,2253.4189,202304
721.0,721.0,717.0,717.0,74.2699,53347.788,158,23.5774,16929.4571,202304
717.0,718.0,715.0,715.0,30.2347,21667.2789,112,12.8422,9207.9133,202304
715.0,717.0,714.0,715.0,68.2022,48813.7051,122,30.7501,22017.4299,202304
716.0,716.0,715.0,715.0,16.016,11459.0054,50,3.713,2658.508,202304
715.0,716.0,714.0,715.0,13.9954,10006.9966,40,5.8931,4214.64,202304
716.0,717.0,716.0,717.0,66.2983,47488.0005,70,42.1357,30187.5511,202304
717.0,718.0,716.0,718.0,21.6379,15521.3699,48,14.5389,10433.1416,202304
718.0,720.0,717.0,719.0,58.5035,42035.2938,91,26.8357,19281.1116,202304
720.0,720.0,719.0,719.0,15.7823,11348.2405,49,0.7668,552.096,202304
719.0,720.0,718.0,720.0,29.1336,20949.1667,50,19.1928,13802.1567,202304
719.0,720.0,718.0,719.0,6.7703,4865.8735,17,0.0557,40.0761,202304
719.0,719.0,718.0,718.0,11.4346,8219.6564,33,2.5438,1828.9922,202304
718.0,719.0,718.0,719.0,4.1037,2946.6519,27,0.1953,140.4207,202304
719.0,720.0,718.0,719.0,17.891,12861.7154,44,9.2657,6662.1247,202304
719.0,721.0,719.0,720.0,30.9831,22298.9547,62,5.4663,3935.7638,202304
721.0,721.0,719.0,719.0,12.9435,9320.8503,65,3.0339,2186.9254,202304
719.0,720.0,719.0,719.0,20.5498,14775.334,24,0.7839,563.6519,202304
718.0,719.0,718.0,718.0,7.5822,5444.1732,31,0.1536,110.4384,202304
718.0,719.0,718.0,718.0,9.1849,6594.89,29,5.3951,3873.8136,202304
718.0,720.0,717.0,718.0,23.4512,16853.7809,64,9.0185,6478.7826,202304
717.0,717.0,713.0,715.0,58.0546,41505.8238,177,25.6415,18319.7532,202304
716.0,717.0,715.0,716.0,24.3341,17407.1105,64,7.2914,5220.6596,202304
717.0,717.0,716.0,716.0,23.2427,16664.6482,36,6.974,5000.358,202304
717.0,718.0,717.0,717.0,13.7037,9828.0922,31,6.1621,4420.765,202304
717.0,717.0,715.0,715.0,18.2933,13105.818,73,2.3643,1692.5057,202304
715.0,716.0,715.0,715.0,14.5276,10392.5328,42,12.5683,8989.8412,202304
715.0,716.0,715.0,715.0,56.5979,40468.6008,95,30.9491,22129.7088,202304
716.0,716.0,715.0,716.0,19.6625,14077.8321,55,13.9059,9956.6244,202304
716.0,717.0,715.0,717.0,15.9237,11405.9869,46,9.6292,6900.4255,202304
717.0,717.0,715.0,716.0,23.2728,16660.7563,61,9.5916,6867.7958,202304
716.0,717.0,716.0,717.0,1.6914,1212.5954,19,1.3924,998.3508,202304
717.0,717.0,716.0,716.0,28.06,20116.6305,31,0.0,0.0,202304
716.0,719.0,716.0,718.0,82.6289,59295.7373,155,61.181,43917.7835,202304
718.0,720.0,715.0,720.0,59.7499,42896.4269,183,35.9063,25797.4098,202304
719.0,720.0,719.0,719.0,0.7445,535.622,21,0.3265,235.08,202304
719.0,719.0,717.0,717.0,23.1266,16616.0092,73,0.3736,268.3322,202304
718.0,718.0,717.0,718.0,6.5839,4726.107,22,5.0754,3644.1372,202304
718.0,719.0,718.0,719.0,0.2198,157.8693,8,0.0529,38.0351,202304
718.0,720.0,718.0,719.0,18.4683,13278.6938,59,3.7771,2715.8044,202304
719.0,720.0,719.0,719.0,20.8561,14996.4335,24,20.0678,14429.6458,202304
719.0,722.0,719.0,721.0,38.9054,28019.5968,73,36.4573,26256.7684,202304
722.0,722.0,720.0,721.0,36.4339,26268.0286,46,5.6548,4078.3229,202304
720.0,721.0,719.0,720.0,21.136,15217.9338,52,11.6118,8360.5376,202304
721.0,724.0,721.0,724.0,181.506,131116.0862,265,149.5605,107998.7714,202304
724.0,727.0,723.0,726.0,175.0106,126919.3637,272,135.0049,97907.5909,202304
727.0,729.0,725.0,728.0,97.7766,71195.5558,193,83.718,60965.4117,202304
729.0,730.0,727.0,728.0,94.9706,69232.5723,190,56.1613,40968.4866,202304
728.0,731.0,727.0,729.0,91.5421,66717.9076,193,65.8267,47990.3628,202304
729.0,729.0,729.0,729.0,4.1187,3002.5323,11,0.0,0.0,202304
730.0,730.0,729.0,729.0,36.6626,26754.8977,64,16.1398,11782.054,202304
729.0,729.0,727.0,727.0,11.9411,8692.8529,44,0.6122,446.2246,202304
728.0,728.0,727.0,727.0,13.0761,9507.4187,18,1.094,796.432,202304
727.0,728.0,727.0,728.0,6.5727,4783.601,17,5.2481,3820.6168,202304
727.0,727.0,726.0,726.0,12.8304,9324.0652,28,6.9642,5062.9734,202304
726.0,727.0,726.0,726.0,7.3486,5335.1246,19,0.041,29.807,202304
726.0,728.0,725.0,728.0,52.3397,38024.6139,92,41.7888,30367.0338,202304
728.0,731.0,728.0,731.0,57.1867,41706.7513,114,32.6343,23805.1996,202304
730.0,730.0,729.0,729.0,11.1711,8154.5413,27,4.5359,3311.207,202304
730.0,730.0,729.0,729.0,43.32,31623.463,38,32.8671,23992.983,202304
730.0,730.0,728.0,728.0,25.0395,18233.774,72,1.8259,1329.2963,202304
728.0,728.0,727.0,727.0,1.2165,885.0589,14,0.6634,482.9552,202304
727.0,728.0,722.0,723.0,141.5917,102599.868,177,10.2779,7434.4987,202304
723.0,725.0,722.0,724.0,22.7747,16472.5658,49,10.5732,7650.8036,202304
724.0,724.0,723.0,723.0,2.949,2134.9932,19,0.1571,113.7404,202304
724.0,725.0,723.0,724.0,11.2845,8169.9316,29,9.3101,6740.54,202304
724.0,724.0,721.0,722.0,30.5764,22088.4499,79,7.8512,5671.2046,202304
722.0,724.0,722.0,724.0,9.8223,7104.8477,43,6.0246,4357.9551,202304
724.0,726.0,723.0,725.0,28.8359,20889.9871,45,18.6463,13512.9678,202304
725.0,725.0,723.0,724.0,24.6293,17831.7234,38,10.8769,7874.8756,202304
725.0,725.0,723.0,724.0,23.1746,16777.6029,38,4.2859,3104.2532,202304
724.0,725.0,723.0,725.0,85.3046,61727.4138,96,15.2506,11055.0823,202304
726.0,727.0,725.0,726.0,10.9435,7939.9314,32,2.758,2002.5308,202304
726.0,728.0,725.0,727.0,76.5167,55542.1916,116,39.8036,28897.0719,202304
728.0,731.0,728.0,729.0,127.7995,93184.5041,250,97.74,71267.6962,202304
729.0,729.0,727.0,727.0,58.5619,42638.9523,100,24.7963,18065.5466,202304
727.0,728.0,727.0,727.0,4.9166,3574.3957,19,0.0275,20.02,202304
728.0,728.0,726.0,727.0,25.4585,18505.9607,54,12.9629,9424.0558,202304
727.0,727.0,726.0,726.0,47.8906,34772.8608,43,1.0709,778.5443,202304
726.0,726.0,724.0,725.0,106.8456,77464.5377,153,23.1953,16816.9771,202304
726.0,728.0,726.0,727.0,47.2125,34299.4254,86,32.1308,23335.0295,202304
727.0,727.0,725.0,725.0,21.5783,15665.8173,36,4.5767,3322.6842,202304
726.0,727.0,725.0,725.0,33.0847,24017.8099,50,14.9295,10843.4571,202304
726.0,726.0,724.0,724.0,137.9548,100023.1304,81,68.4008,49591.7725,202304
724.0,724.0,724.0,724.0,1.0396,752.6704,10,0.0,0.0,202304
725.0,726.0,724.0,724.0,24.995,18115.0568,48,7.5103,5446.6488,202304
724.0,724.0,722.0,722.0,24.818,17938.3333,62,2.8259,2044.4554,202304
724.0,724.0,722.0,724.0,16.5148,11953.1666,27,15.4557,11188.4688,202304
724.0,724.0,723.0,724.0,17.8239,12902.6886,38,15.7553,11406.8372,202304
725.0,725.0,724.0,724.0,13.6927,9925.9586,23,12.4438,9021.755,202304
725.0,725.0,722.0,722.0,22.7368,16447.1741,55,8.1169,5870.9078,202304
723.0,723.0,722.0,722.0,3.0571,2207.3911,9,0.1649,119.2227,202304
722.0,724.0,722.0,722.0,22.5417,16297.7444,45,9.7517,7050.6298,202304
723.0,724.0,722.0,723.0,5.6879,4112.338,21,4.8859,3532.5197,202304
723.0,724.0,723.0,723.0,0.5605,405.4761,10,0.2346,169.8504,202304
723.0,724.0,723.0,723.0,2.3934,1731.187,12,0.7588,549.3712,202304
724.0,724.0,723.0,724.0,15.5292,11243.1129,24,8.7534,6337.4616,202304
724.0,725.0,724.0,725.0,7.3471,5326.5367,44,6.6127,4794.2075,202304
725.0,725.0,725.0,725.0,0.1648,119.48,5,0.0,0.0,202304
725.0,726.0,724.0,726.0,6.883,4990.7803,25,5.2918,3837.2434,202304
725.0,726.0,724.0,725.0,38.5763,27971.882,56,7.5578,5483.4902,202304
725.0,726.0,725.0,725.0,2.1341,1547.2502,22,0.0277,20.1102,202304
725.0,726.0,724.0,726.0,16.4784,11946.8678,15,3.6521,2647.8279,202304
726.0,726.0,725.0,725.0,1.8678,1354.5412,16,0.3862,280.3812,202304
726.0,727.0,725.0,727.0,19.4477,14127.0796,47,19.0966,13872.3826,202304
727.0,727.0,725.0,726.0,23.9276,17364.8495,41,11.3678,8253.1054,202304
726.0,726.0,725.0,725.0,13.783,10005.0996,38,0.0,0.0,202304
726.0,726.0,724.0,725.0,6.2464,4527.6609,21,0.0613,44.49,202304
724.0,726.0,723.0,724.0,19.0987,13841.5038,60,7.8011,5654.5449,202304
725.0,727.0,725.0,727.0,9.6448,6995.8846,35,5.907,4285.7644,202304
727.0,727.0,725.0,726.0,36.3133,26360.92,61,7.1605,5199.9735,202304
726.0,727.0,726.0,726.0,5.0927,3700.4887,11,3.1885,2318.0395,202304
726.0,727.0,725.0,726.0,16.6567,12096.6387,26,11.9295,8664.719,202304
726.0,726.0,725.0,726.0,37.9866,27578.2441,52,15.4044,11183.5944,202304
727.0,728.0,726.0,728.0,83.9351,61008.5991,76,59.8354,43508.5055,202304
729.0,729.0,725.0,725.0,75.9546,55211.8621,121,12.5074,9092.4759,202304
725.0,726.0,724.0,724.0,22.524,16317.4713,40,1.0804,784.29,202304
724.0,725.0,723.0,724.0,13.8346,10016.5099,24,2.1778,1577.0034,202304
724.0,726.0,724.0,726.0,16.0074,11605.2948,42,13.1123,9509.1858,202304
725.0,725.0,724.0,725.0,18.8572,13671.4141,21,2.7258,1976.205,202304
726.0,726.0,725.0,725.0,0.8542,620.1217,5,0.8267,600.1842,202304
726.0,726.0,724.0,725.0,59.5753,43189.9676,74,31.5058,22844.9585,202304
725.0,725.0,724.0,725.0,30.049,21783.958,42,8.9931,6519.9975,202304
725.0,725.0,723.0,723.0,5.2192,3780.243,21,1.6097,1165.4228,202304
723.0,723.0,722.0,722.0,18.0289,13033.5241,50,4.7107,3405.8361,202304
723.0,723.0,718.0,720.0,65.9872,47496.7989,183,37.5489,27021.3171,202304
720.0,721.0,718.0,720.0,75.2999,54155.1725,119,31.5453,22690.1796,202304
720.0,721.0,720.0,720.0,14.3943,10364.8969,37,13.5238,9738.1369,202304
721.0,722.0,720.0,721.0,19.8592,14325.2802,51,10.816,7805.1607,202304
722.0,722.0,722.0,722.0,10.6801,7711.0322,26,0.3946,284.9012,202304
722.0,723.0,721.0,723.0,9.1228,6585.0678,25,5.9947,4328.2485,202304
722.0,722.0,722.0,722.0,0.4004,289.0888,5,0.0,0.0,202304
723.0,724.0,722.0,723.0,3.1146,2251.4635,26,2.1562,1559.028,202304
724.0,724.0,721.0,722.0,28.8877,20862.135,54,2.091,1510.5591,202304
722.0,722.0,719.0,719.0,40.4919,29194.7009,97,5.362,3871.2031,202304
719.0,720.0,716.0,717.0,153.8704,110389.8993,265,74.1511,53236.529,202304
718.0,719.0,717.0,718.0,46.9855,33715.9125,96,31.1873,22376.4833,202304
719.0,719.0,716.0,717.0,76.6256,54963.5977,101,56.7924,40737.2293,202304
717.0,717.0,715.0,716.0,118.8526,85177.9463,125,26.4445,18934.6121,202304
716.0,716.0,714.0,715.0,44.7251,32004.1733,106,12.4086,8877.3845,202304
714.0,714.0,705.0,707.0,444.4192,315106.2304,734,80.6391,57243.094,202304
707.0,707.0,693.0,701.0,370.5258,259765.4922,1133,140.5924,98584.9695,202304
700.0,704.0,700.0,704.0,61.4736,43179.726,136,47.521,33386.8069,202304
704.0,704.0,701.0,702.0,53.5022,37609.0444,138,17.0978,12017.4789,202304
702.0,705.0,699.0,703.0,242.0549,169657.0713,423,188.3738,132045.806,202304
704.0,705.0,703.0,704.0,37.1509,26121.9326,56,4.3825,3085.7298,202304
704.0,704.0,701.0,701.0,29.0606,20427.1007,57,1.9249,1352.9782,202304
702.0,702.0,700.0,701.0,63.621,44577.5563,120,38.492,26975.9998,202304
700.0,701.0,699.0,699.0,71.7112,50175.9354,101,25.8954,18127.1104,202304
700.0,703.0,700.0,703.0,34.9047,24483.8766,85,23.1487,16234.6278,202304
703.0,703.0,700.0,701.0,150.4057,105459.4272,238,32.4892,22819.0723,202304
700.0,701.0,698.0,700.0,123.3326,86264.1951,155,59.5615,41673.2501,202304
700.0,700.0,698.0,700.0,20.0933,14041.9583,62,3.0201,2112.4655,202304
700.0,700.0,692.0,694.0,584.1218,406400.599,772,201.1564,139894.9973,202304
695.0,695.0,691.0,694.0,201.6728,139815.3729,299,106.694,73992.4843,202304
694.0,697.0,693.0,696.0,156.0754,108363.3077,208,81.1729,56404.1612,202304
696.0,698.0,695.0,698.0,12.3083,8568.8968,39,6.2706,4366.7967,202304
698.0,698.0,697.0,698.0,42.9825,29971.7056,77,38.1058,26572.5907,202304
698.0,698.0,697.0,698.0,39.7435,27740.8785,44,10.9043,7611.2014,202304
698.0,700.0,697.0,699.0,180.5535,126144.2012,211,91.0847,63712.3396,202304
700.0,700.0,698.0,699.0,24.3738,17037.0415,60,19.8782,13894.9071,202304
699.0,702.0,699.0,701.0,47.403,33213.4057,103,25.3646,17767.7709,202304
701.0,701.0,699.0,701.0,27.1238,19001.1679,56,10.1002,7073.1188,202304
701.0,701.0,700.0,700.0,15.127,10599.1342,19,1.0144,711.0944,202304
700.0,702.0,700.0,702.0,11.9796,8395.5029,16,9.4696,6638.5029,202304
701.0,701.0,701.0,701.0,10.7719,7551.1019,13,6.4268,4505.1868,202304
701.0,702.0,701.0,702.0,12.2482,8597.4148,15,11.4266,8021.4732,202304
701.0,703.0,701.0,702.0,11.4624,8046.5779,20,9.386,6588.9904,202304
702.0,703.0,702.0,702.0,30.7571,21619.1852,57,22.4182,15759.9946,202304
702.0,704.0,702.0,703.0,4.4411,3123.4717,19,4.0679,2861.1683,202304
703.0,703.0,701.0,702.0,85.4785,60064.5983,79,35.2486,24774.1491,202304
701.0,702.0,701.0,702.0,1.4107,989.9944,10,1.0937,767.7774,202304
702.0,703.0,702.0,703.0,25.3819,17832.339,33,9.4071,6612.1787,202304
703.0,705.0,703.0,705.0,34.1246,24005.0143,42,11.4783,8084.5487,202304
704.0,707.0,704.0,706.0,48.9296,34538.2448,103,35.7607,25245.0619,202304
706.0,707.0,706.0,707.0,15.3493,10843.0283,36,10.6862,7550.8797,202304
707.0,707.0,703.0,704.0,70.3423,49575.6982,91,17.0054,11975.7776,202304
704.0,704.0,702.0,703.0,51.0964,35917.9475,52,5.9162,4159.0886,202304
704.0,704.0,703.0,704.0,44.5485,31329.5023,52,12.0507,8479.0255,202304
704.0,705.0,702.0,702.0,16.227,11412.6773,54,4.3964,3094.7461,202304
703.0,703.0,701.0,702.0,50.5807,35526.4538,93,11.2854,7933.5927,202304
702.0,703.0,702.0,703.0,11.731,8242.8516,16,10.7339,7542.8874,202304
703.0,704.0,702.0,704.0,47.9466,33709.2471,59,47.9182,33689.3103,202304
704.0,704.0,702.0,702.0,60.6345,42621.8838,56,22.4963,15815.2191,202304
702.0,703.0,702.0,703.0,17.2439,12110.3606,41,5.1428,3615.3884,202304
703.0,704.0,702.0,703.0,42.1652,29643.5564,39,36.9936,26009.4582,202304
704.0,704.0,703.0,704.0,82.8792,58345.5364,64,49.1552,34605.2608,202304
704.0,705.0,704.0,704.0,83.6848,58977.1801,78,82.5712,58193.2057,202304
705.0,705.0,703.0,703.0,11.3025,7954.6536,43,0.2004,140.9652,202304
702.0,705.0,702.0,705.0,23.225,16344.1433,68,18.0612,12710.4081,202304
705.0,707.0,705.0,706.0,14.3212,10108.4673,38,11.4242,8065.9095,202304
707.0,707.0,705.0,706.0,13.7385,9698.469,25,5.0829,3589.8139,202304
707.0,708.0,707.0,708.0,17.2125,12169.2855,31,15.7621,11143.8527,202304
707.0,708.0,707.0,708.0,7.9905,5650.1025,13,0.819,579.852,202304
707.0,709.0,707.0,709.0,25.0387,17727.0333,62,21.4322,15174.6386,202304
709.0,710.0,709.0,710.0,23.4735,16643.6399,104,23.3407,16549.4847,202304
710.0,711.0,709.0,709.0,28.4068,20168.3958,37,4.13,2932.8625,202304
710.0,710.0,709.0,709.0,1.0962,777.2612,4,0.0554,39.334,202304
710.0,710.0,707.0,708.0,100.4487,71191.952,146,21.9556,15560.5861,202304
708.0,709.0,708.0,709.0,3.7615,2664.4817,11,1.3397,949.8473,202304
709.0,710.0,709.0,710.0,14.905,10571.9046,24,14.8906,10561.695,202304
709.0,710.0,707.0,708.0,52.5128,37209.6494,79,21.3194,15105.8627,202304
709.0,710.0,708.0,710.0,30.7581,21808.4029,34,29.9061,21205.1869,202304
710.0,710.0,709.0,710.0,19.0343,13500.8115,39,10.4582,7420.3566,202304
710.0,712.0,709.0,710.0,35.1338,24973.7277,61,23.6844,16841.3804,202304
710.0,711.0,708.0,710.0,38.2088,27101.5273,51,20.2416,14354.9835,202304
710.0,710.0,709.0,709.0,0.7044,500.0679,15,0.6483,460.293,202304
709.0,710.0,708.0,709.0,22.8115,16170.6142,53,9.6522,6843.4241,202304
709.0,709.0,709.0,709.0,13.7848,9773.4232,20,2.9632,2100.9088,202304
709.0,711.0,709.0,711.0,7.5827,5382.7017,21,6.0542,4298.5098,202304
710.0,712.0,710.0,712.0,36.1968,25739.8787,69,14.1236,10046.1895,202304
712.0,713.0,711.0,711.0,25.1039,17857.912,67,11.8433,8422.2871,202304
711.0,712.0,711.0,711.0,1.5436,1098.7961,9,1.2965,923.108,202304
711.0,712.0,711.0,712.0,0.7082,504.2106,10,0.6097,434.1064,202304
712.0,712.0,711.0,711.0,33.2408,23656.442,40,19.9625,14207.4223,202304
711.0,711.0,709.0,710.0,24.2182,17181.561,57,0.9397,667.2152,202304
710.0,710.0,710.0,710.0,36.0891,25623.261,58,26.8678,19076.138,202304
711.0,711.0,711.0,711.0,14.1464,10058.0904,41,9.8319,6990.4809,202304
711.0,714.0,711.0,714.0,27.3704,19502.3998,84,26.1494,18633.0283,202304
714.0,715.0,712.0,712.0,48.2426,34451.1703,151,17.189,12279.1005,202304
713.0,713.0,712.0,712.0,4.8248,3440.0533,20,2.0661,1473.1293,202304
713.0,713.0,712.0,713.0,6.6906,4770.37,26,2.0444,1457.6572,202304
712.0,714.0,710.0,711.0,51.496,36701.1472,80,11.8984,8480.6306,202304
712.0,713.0,711.0,712.0,33.3978,23779.6767,58,24.1157,17170.8493,202304
711.0,712.0,711.0,712.0,24.2962,17281.004,54,5.9689,4245.901,202304
712.0,714.0,711.0,714.0,98.436,70148.3213,86,68.4472,48793.8234,202304
714.0,717.0,714.0,717.0,101.9026,72915.3359,162,88.7216,63489.5668,202304
718.0,719.0,717.0,718.0,47.9087,34403.317,112,29.3136,21052.3333,202304
719.0,723.0,718.0,719.0,131.4157,94761.2386,344,76.2948,55013.5824,202304
718.0,721.0,718.0,720.0,54.1477,38963.4148,79,41.8634,30118.831,202304
721.0,721.0,717.0,718.0,289.6943,208220.8743,242,24.6835,17757.4256,202304
718.0,719.0,717.0,717.0,30.0233,21557.0169,66,15.4501,11093.5348,202304
717.0,718.0,717.0,717.0,35.2787,25297.2361,68,13.6678,9802.2208,202304
717.0,719.0,717.0,718.0,108.5595,77967.9469,144,98.3067,70609.2717,202304
718.0,718.0,717.0,718.0,21.4435,15393.0519,48,13.1873,9468.4814,202304
718.0,719.0,718.0,719.0,12.8406,9220.3659,20,2.324,1669.4471,202304
718.0,719.0,718.0,718.0,19.913,14301.4157,32,8.2805,5946.9179,202304
718.0,719.0,718.0,718.0,22.9765,16505.4609,40,11.956,8592.553,202304
719.0,720.0,718.0,719.0,26.9836,19398.8118,57,24.1652,17374.9372,202304
719.0,719.0,718.0,718.0,27.747,19935.7681,39,2.4339,1749.9741,202304
718.0,720.0,716.0,719.0,41.1087,29493.1944,85,25.1801,18061.9895,202304
720.0,721.0,719.0,719.0,36.3695,26186.1083,54,17.0588,12282.4746,202304
719.0,721.0,719.0,719.0,17.9593,12929.3265,35,7.1879,5175.3154,202304
720.0,720.0,719.0,719.0,20.6963,14900.2407,36,7.3609,5299.848,202304
719.0,721.0,718.0,719.0,27.6475,19890.3242,61,12.8832,9272.2789,202304
719.0,719.0,718.0,718.0,15.7192,11300.0042,33,8.2997,5967.4843,202304
718.0,719.0,716.0,717.0,84.9333,60930.8973,126,23.4094,16784.6272,202304
716.0,717.0,716.0,716.0,20.5988,14767.467,29,8.5696,6144.4032,202304
717.0,717.0,716.0,717.0,22.3636,16034.6735,53,13.3666,9583.8522,202304
716.0,718.0,716.0,716.0,39.1165,28053.4059,44,32.1689,23072.2654,202304
716.0,717.0,715.0,715.0,21.7507,15576.1356,53,3.495,2505.915,202304
715.0,716.0,714.0,715.0,53.178,38025.9681,100,20.1461,14415.5018,202304
715.0,715.0,715.0,715.0,11.4463,8184.1045,50,0.0,0.0,202304
715.0,716.0,714.0,715.0,27.8455,19905.2033,43,11.3368,8107.6428,202304
715.0,716.0,715.0,716.0,8.7724,6280.0354,23,7.7126,5522.2216,202304
716.0,716.0,715.0,715.0,18.04,12916.0201,29,8.5513,6122.7308,202304
715.0,716.0,715.0,716.0,0.8802,630.1533,6,0.7823,560.1268,202304
716.0,717.0,715.0,717.0,25.5411,18288.8158,47,11.8097,8457.6682,202304
716.0,718.0,716.0,717.0,38.691,27742.3779,61,12.3186,8833.4509,202304
718.0,718.0,716.0,716.0,9.0505,6491.201,26,2.0204,1450.6472,202304
716.0,716.0,715.0,715.0,18.4539,13212.5645,44,6.1303,4389.2948,202304
715.0,715.0,713.0,714.0,59.097,42202.6775,100,17.4713,12486.1743,202304
714.0,715.0,714.0,715.0,12.2636,8767.1856,16,10.9752,7847.268,202304
716.0,717.0,714.0,715.0,35.5271,25420.8601,48,5.6218,4023.8231,202304
716.0,728.0,716.0,725.0,366.4349,264953.1842,952,222.1184,160621.5886,202304
725.0,726.0,720.0,721.0,88.182,63753.2574,221,31.6593,22868.9326,202304
721.0,721.0,719.0,719.0,41.33,29757.9839,83,21.6429,15584.536,202304
720.0,721.0,716.0,717.0,78.9451,56611.3248,203,29.2239,20974.1054,202304
716.0,718.0,715.0,716.0,47.9164,34346.0082,94,27.8745,19981.7517,202304
717.0,719.0,716.0,716.0,39.566,28389.5944,77,13.2498,9510.6791,202304
717.0,717.0,716.0,716.0,30.1403,21600.3484,39,7.7571,5561.8407,202304
717.0,718.0,716.0,718.0,46.8731,33617.6917,54,36.9275,26486.7251,202304
717.0,717.0,717.0,717.0,34.2927,24587.8659,48,9.6723,6935.0391,202304
718.0,720.0,718.0,719.0,147.8414,106197.6566,175,128.8895,92571.3793,202304
718.0,718.0,717.0,717.0,37.7451,27094.7271,57,10.3251,7413.4218,202304
718.0,719.0,717.0,718.0,19.8239,14233.5256,30,10.4813,7525.6012,202304
718.0,719.0,718.0,718.0,15.9796,11488.6459,32,2.8531,2051.1924,202304
719.0,722.0,719.0,720.0,128.0023,92177.5125,148,113.3569,81627.6391,202304
720.0,720.0,718.0,718.0,25.975,18667.0469,48,6.5133,4677.4259,202304
718.0,718.0,715.0,717.0,59.2626,42459.3101,104,18.7653,13443.6817,202304
718.0,721.0,718.0,720.0,59.3815,42738.7825,98,19.8007,14241.6794,202304
721.0,722.0,720.0,720.0,26.7099,19264.4176,85,7.8058,5630.6503,202304
720.0,724.0,720.0,724.0,22.0879,15949.0055,60,12.6171,9116.2414,202304
724.0,725.0,720.0,721.0,88.1606,63720.3477,192,53.4506,38636.4269,202304
721.0,725.0,721.0,723.0,81.7849,59147.0188,158,45.5812,32945.8807,202304
723.0,724.0,723.0,723.0,28.334,20499.4479,33,20.5338,14852.4881,202304
724.0,726.0,724.0,725.0,36.7685,26657.7303,68,15.1557,10988.5264,202304
726.0,727.0,726.0,727.0,57.6756,41872.4995,78,31.9535,23198.2549,202304
727.0,729.0,725.0,725.0,94.0921,68435.7294,230,47.5141,34571.0703,202304
724.0,724.0,723.0,724.0,35.9209,26002.5758,86,23.6199,17100.8076,202304
724.0,726.0,724.0,724.0,10.1967,7391.0524,37,4.8184,3491.8128,202304
725.0,727.0,724.0,725.0,52.8911,38374.4573,86,37.4066,27145.0288,202304
726.0,726.0,723.0,724.0,59.3646,43021.821,103,35.8926,26011.9537,202304
723.0,723.0,721.0,722.0,26.2052,18924.7164,86,13.1892,9525.2471,202304
722.0,724.0,721.0,724.0,40.6907,29412.746,70,27.2334,19689.697,202304
724.0,724.0,719.0,719.0,75.0159,54067.8741,186,16.8853,12180.2399,202304
720.0,720.0,715.0,718.0,50.9967,36569.5461,152,17.4713,12532.8153,202304
718.0,722.0,718.0,721.0,67.8138,48821.7314,170,21.7774,15682.7638,202304
721.0,724.0,721.0,724.0,18.7329,13534.0748,68,13.6476,9860.5838,202304
724.0,726.0,723.0,723.0,34.0255,24633.5653,73,11.5108,8339.943,202304
723.0,724.0,722.0,722.0,23.077,16686.6907,71,5.5633,4024.8853,202304
722.0,724.0,721.0,722.0,50.3426,36351.1324,100,11.4196,8249.4397,202304
723.0,724.0,722.0,722.0,14.4518,10449.1293,29,6.5845,4762.8873,202304
723.0,724.0,723.0,724.0,5.6098,4056.3471,15,1.3213,955.7616,202304
723.0,724.0,722.0,724.0,24.0377,17386.5619,38,7.2645,5258.5176,202304
724.0,724.0,722.0,723.0,15.2916,11055.7241,33,6.4,4627.3743,202304
723.0,725.0,723.0,724.0,65.1944,47184.8482,104,16.2276,11750.8896,202304
724.0,724.0,723.0,724.0,16.3062,11790.4816,33,6.2456,4515.8082,202304
723.0,724.0,723.0,724.0,26.9635,19510.5257,28,7.8729,5699.9796,202304
724.0,724.0,723.0,723.0,31.611,22862.9211,57,21.5493,15582.4792,202304
724.0,724.0,722.0,724.0,7.1649,5180.8748,19,0.9706,702.6729,202304
723.0,725.0,723.0,724.0,69.1183,50041.1903,73,51.1835,37056.8843,202304
724.0,726.0,723.0,726.0,52.0865,37730.0941,51,34.5723,25049.6378,202304
725.0,725.0,724.0,724.0,34.1464,24755.2785,23,4.5043,3265.6175,202304
724.0,724.0,723.0,723.0,26.4176,19104.6434,33,6.2109,4490.4807,202304
722.0,723.0,722.0,723.0,18.0789,13064.7057,40,8.6877,6279.7318,202304
723.0,723.0,722.0,722.0,10.9649,7925.6188,11,0.0495,35.7885,202304
723.0,723.0,723.0,723.0,8.9418,6464.9214,9,4.3698,3159.3654,202304
723.0,724.0,723.0,724.0,34.1298,24680.5379,58,14.2217,10286.9264,202304
725.0,725.0,724.0,724.0,18.5797,13453.232,32,9.6064,6956.5628,202304
724.0,724.0,724.0,724.0,10.6949,7743.1076,11,0.9965,721.466,202304
725.0,725.0,723.0,723.0,46.5021,33652.9205,83,0.3226,233.4011,202304
722.0,723.0,721.0,722.0,131.036,94568.0361,126,15.2951,11045.0622,202304
722.0,722.0,722.0,722.0,4.3216,3120.1952,4,0.0,0.0,202304
722.0,723.0,722.0,723.0,31.2117,22559.4272,60,16.5048,11926.3385,202304
723.0,724.0,721.0,722.0,29.7906,21514.3462,32,6.2829,4536.5302,202304
722.0,722.0,721.0,721.0,6.3672,4591.5682,22,1.3042,941.1452,202304
721.0,721.0,720.0,721.0,17.9032,12907.3682,40,11.9017,8581.1257,202304
721.0,722.0,720.0,721.0,16.6081,11971.5201,44,3.9539,2850.8671,202304
721.0,722.0,720.0,720.0,26.4409,19045.6956,61,0.9283,669.3182,202304
720.0,722.0,718.0,720.0,63.9406,46009.3486,182,21.2522,15302.998,202304
719.0,721.0,718.0,719.0,46.1822,33227.305,136,27.8784,20062.7322,202304
719.0,719.0,718.0,719.0,14.2186,10223.1024,42,10.9309,7859.3171,202304
720.0,721.0,720.0,720.0,30.4664,21951.4878,52,24.6413,17757.4158,202304
721.0,721.0,720.0,721.0,14.5274,10460.0781,23,1.5333,1104.3261,202304
720.0,720.0,718.0,718.0,26.0891,18772.1062,47,7.959,5730.2745,202304
718.0,718.0,717.0,718.0,85.8527,61637.3286,102,21.537,15463.566,202304
718.0,719.0,717.0,717.0,45.4045,32598.5381,57,15.5151,11139.8697,202304
717.0,718.0,716.0,717.0,32.7605,23488.5918,62,12.649,9069.3503,202304
717.0,718.0,716.0,716.0,26.4594,18968.3152,40,10.6622,7644.6986,202304
716.0,716.0,714.0,716.0,57.5784,41158.4715,101,10.6747,7638.5869,202304
716.0,717.0,716.0,716.0,13.9893,10024.2512,42,8.5164,6100.9682,202304
716.0,718.0,715.0,716.0,93.5414,66982.4439,106,53.7694,38502.0655,202304
716.0,719.0,716.0,718.0,92.9645,66703.8695,160,69.0135,49516.1649,202304
718.0,718.0,715.0,716.0,66.6701,47824.317,85,12.816,9188.8851,202304
716.0,718.0,716.0,717.0,34.2304,24551.7799,66,25.6314,18381.174,202304
717.0,718.0,717.0,718.0,5.5786,4000.571,12,0.9943,713.6279,202304
717.0,717.0,713.0,715.0,70.6868,50519.4767,126,4.1361,2957.6331,202304
714.0,716.0,714.0,716.0,29.8711,21373.4562,60,19.6585,14063.3177,202304
715.0,717.0,715.0,717.0,35.1341,25158.0014,52,18.6166,13331.4856,202304
717.0,717.0,716.0,716.0,2.9534,2116.485,9,0.9826,704.5242,202304
716.0,717.0,715.0,716.0,46.2568,33126.2327,84,6.7468,4832.1317,202304
716.0,718.0,716.0,717.0,24.2298,17351.7993,43,17.9424,12849.0583,202304
717.0,718.0,717.0,718.0,11.8678,8509.7877,23,2.5088,1799.3847,202304
718.0,720.0,718.0,720.0,20.0663,14420.3237,48,5.3177,3822.568,202304
719.0,720.0,718.0,719.0,37.7269,27123.838,58,19.7746,14218.7404,202304
720.0,720.0,719.0,719.0,17.6776,12710.2225,21,5.3333,3834.6708,202304
719.0,719.0,719.0,719.0,13.0598,9389.9962,14,4.5161,3247.0759,202304
719.0,719.0,718.0,719.0,12.6657,9104.7561,20,1.6269,1169.7411,202304
719.0,719.0,719.0,719.0,4.5082,3241.3958,9,1.8426,1324.8294,202304
719.0,720.0,719.0,720.0,8.4681,6092.0614,34,8.1142,5837.6073,202304
720.0,720.0,719.0,720.0,5.7622,4146.9282,30,3.9064,2812.608,202304
720.0,721.0,720.0,720.0,17.7765,12800.4451,60,5.772,4157.2051,202304
720.0,721.0,720.0,721.0,7.9164,5701.3722,34,7.9164,5701.3722,202304
721.0,721.0,720.0,720.0,20.5495,14797.6755,47,10.9053,7853.8515,202304
721.0,722.0,720.0,721.0,20.2503,14601.1274,46,11.3827,8209.1121,202304
721.0,721.0,720.0,721.0,16.0665,11572.8809,24,5.8156,4187.246,202304
721.0,723.0,721.0,722.0,25.2157,18202.9545,47,18.4892,13349.1751,202304
723.0,723.0,722.0,723.0,20.397,14746.9697,39,11.1534,8063.9082,202304
723.0,724.0,723.0,723.0,9.122,6595.2198,17,0.8325,601.9113,202304
724.0,724.0,723.0,724.0,26.9547,19515.0694,48,17.1496,12416.3104,202304
725.0,726.0,724.0,725.0,72.2849,52423.6349,139,45.8221,33241.7283,202304
725.0,726.0,725.0,725.0,6.922,5018.4777,17,1.546,1120.8777,202304
724.0,725.0,724.0,725.0,2.9042,2105.1366,4,2.4958,1809.455,202304
724.0,727.0,724.0,725.0,56.4046,40928.5612,88,39.9057,28950.4448,202304
726.0,726.0,724.0,725.0,63.2108,45818.5306,76,1.2585,912.4263,202304
725.0,726.0,725.0,725.0,21.6632,15705.8516,21,10.355,7507.4066,202304
725.0,726.0,724.0,725.0,3.4646,2511.788,14,1.0837,785.7103,202304
725.0,725.0,724.0,724.0,29.4608,21358.9894,53,12.9576,9394.26,202304
724.0,725.0,724.0,724.0,11.7056,8474.8974,30,7.6074,5507.8006,202304
724.0,725.0,724.0,725.0,0.0808,58.544,2,0.0448,32.48,202304
724.0,726.0,724.0,725.0,27.2626,19765.5328,58,12.5767,9118.3195,202304
725.0,725.0,724.0,724.0,8.1637,5918.6547,13,0.0,0.0,202304
725.0,727.0,725.0,725.0,13.1253,9525.3788,34,6.2436,4531.9514,202304
726.0,726.0,723.0,724.0,59.6489,43178.675,104,24.6454,17844.6468,202304
725.0,726.0,724.0,724.0,28.2106,20443.4615,56,11.1573,8089.5425,202304
725.0,726.0,725.0,725.0,34.7982,25230.195,46,15.4259,11185.2775,202304
725.0,725.0,724.0,724.0,9.212,6677.1065,31,2.9476,2137.01,202304
724.0,724.0,723.0,723.0,11.5206,8336.3623,47,1.0943,792.0943,202304
723.0,724.0,723.0,724.0,25.1667,18209.0311,57,20.0962,14539.8429,202304
724.0,725.0,724.0,725.0,12.7216,9222.1169,29,9.7769,7087.3203,202304
726.0,727.0,724.0,725.0,36.5904,26557.7803,89,5.2609,3819.5232,202304
725.0,726.0,724.0,726.0,44.0762,31950.1101,76,18.2052,13202.6548,202304
725.0,726.0,724.0,726.0,47.5264,34478.2807,113,19.1403,13886.9995,202304
726.0,726.0,726.0,726.0,22.16,16088.16,38,11.7279,8514.4554,202304
726.0,727.0,726.0,727.0,23.6142,17151.688,49,11.3783,8265.8538,202304
728.0,728.0,727.0,728.0,63.6761,46356.1566,55,28.8062,20970.9136,202304
727.0,727.0,725.0,725.0,10.2034,7413.1804,49,3.1766,2309.3882,202304
726.0,727.0,726.0,726.0,16.4187,11927.096,49,7.1585,5198.9794,202304
726.0,726.0,725.0,726.0,5.392,3913.7317,17,3.5088,2547.3888,202304
726.0,726.0,724.0,725.0,15.9121,11540.1307,42,3.0395,2203.6615,202304
725.0,727.0,725.0,726.0,22.1663,16090.5935,42,14.3919,10448.5858,202304
726.0,728.0,726.0,726.0,50.6963,36853.8301,99,28.2074,20509.1678,202304
727.0,727.0,725.0,726.0,15.1749,11025.7485,29,6.4167,4664.2258,202304
726.0,727.0,725.0,725.0,24.0988,17493.4301,40,3.4375,2496.2746,202304
725.0,727.0,724.0,724.0,84.1497,61041.7622,191,44.1355,32026.5725,202304
724.0,725.0,723.0,725.0,41.2863,29897.0603,53,32.9678,23875.6872,202304
724.0,725.0,724.0,725.0,14.6945,10651.5125,24,7.1471,5181.6475,202304
726.0,730.0,726.0,729.0,47.214,34388.9935,136,36.3861,26501.5745,202304
730.0,732.0,727.0,728.0,160.942,117481.5702,325,82.4196,60198.9296,202304
728.0,729.0,726.0,728.0,86.8529,63214.2363,122,63.7912,46432.0199,202304
728.0,728.0,726.0,727.0,27.0673,19694.7284,56,0.821,596.867,202304
726.0,726.0,725.0,725.0,22.6562,16439.5426,47,0.188,136.488,202304
725.0,725.0,724.0,724.0,20.7785,15054.6144,24,0.0,0.0,202304
725.0,726.0,724.0,724.0,80.427,58317.3875,122,37.5213,27212.4481,202304
724.0,724.0,721.0,721.0,114.0749,82434.5319,169,37.0981,26818.6175,202304
721.0,725.0,721.0,725.0,85.1061,61544.7915,113,38.8803,28111.181,202304
725.0,725.0,723.0,724.0,40.5356,29367.7906,92,9.9509,7209.8178,202304
724.0,724.0,722.0,723.0,55.7891,40337.741,94,23.1239,16729.8434,202304
723.0,723.0,722.0,723.0,12.802,9245.2357,44,8.8718,6407.1978,202304
723.0,724.0,722.0,723.0,16.5554,11968.7331,36,8.5083,6151.8129,202304
723.0,724.0,723.0,724.0,16.5609,11984.4196,33,3.4549,2500.488,202304
724.0,724.0,723.0,724.0,11.8045,8544.958,14,4.722,3418.728,202304
724.0,724.0,723.0,724.0,23.0305,16659.0847,44,12.2253,8842.671,202304
725.0,725.0,725.0,725.0,2.3551,1707.4475,16,2.1897,1587.5325,202304
725.0,725.0,724.0,724.0,10.6415,7712.2195,10,0.0,0.0,202304
725.0,725.0,723.0,723.0,19.2186,13914.3001,20,0.4449,322.169,202304
723.0,723.0,722.0,723.0,21.0578,15224.7615,31,1.2373,894.5679,202304
723.0,723.0,723.0,723.0,4.3505,3145.4115,12,2.3183,1676.1309,202304
723.0,724.0,722.0,724.0,12.5366,9065.8096,20,7.155,5174.9267,202304
723.0,723.0,723.0,723.0,36.2423,26203.1829,53,12.0335,8700.2205,202304
723.0,723.0,723.0,723.0,4.0358,2917.8834,4,0.0,0.0,202304
723.0,723.0,722.0,723.0,19.3065,13956.2503,47,12.8769,9309.9987,202304
723.0,723.0,722.0,722.0,55.7748,40279.1961,59,0.0,0.0,202304
722.0,724.0,722.0,723.0,14.9268,10794.5725,52,10.9551,7923.2346,202304
723.0,724.0,723.0,723.0,6.5654,4746.8072,33,0.023,16.652,202304
723.0,725.0,723.0,724.0,23.5207,17028.5164,56,12.5254,9068.8296,202304
723.0,723.0,723.0,723.0,5.8223,4209.5229,28,0.0,0.0,202304
723.0,724.0,723.0,724.0,16.8242,12169.1141,24,5.8813,4257.3974,202304
724.0,724.0,724.0,724.0,21.2366,15375.2984,25,15.3205,11092.042,202304
724.0,724.0,724.0,724.0,0.0734,53.1416,1,0.0,0.0,202304
725.0,725.0,724.0,724.0,0.5196,376.6881,4,0.4977,360.8325,202304
724.0,725.0,724.0,724.0,12.9104,9349.3792,23,6.7892,4917.6304,202304
724.0,724.0,724.0,724.0,0.0,0.0,0,0.0,0.0,202304
725.0,725.0,725.0,725.0,37.2463,27003.5675,45,25.9389,18805.7025,202304
725.0,725.0,725.0,725.0,4.0644,2946.69,3,0.0,0.0,202304
726.0,728.0,726.0,728.0,77.7565,56519.9705,78,47.3281,34399.8182,202304
727.0,727.0,726.0,727.0,25.4402,18491.4859,16,1.01,734.27,202304
727.0,727.0,726.0,727.0,0.7868,571.8036,6,0.5868,426.6036,202304
726.0,726.0,726.0,726.0,0.1687,122.4762,5,0.0,0.0,202304
726.0,727.0,726.0,726.0,0.7774,565.0801,4,0.6877,499.9579,202304
727.0,728.0,727.0,727.0,16.3952,11921.911,56,11.0566,8040.7488,202304
728.0,729.0,727.0,727.0,14.0923,10254.9393,44,3.3936,2470.9626,202304
727.0,728.0,726.0,727.0,21.7738,15833.3074,39,13.6095,9899.7204,202304
727.0,727.0,727.0,727.0,8.7674,6373.8998,11,0.9741,708.1707,202304
727.0,727.0,727.0,727.0,2.7988,2034.7276,3,0.0,0.0,202304
727.0,728.0,727.0,727.0,9.7255,7071.4273,30,4.3241,3144.6095,202304
728.0,728.0,725.0,725.0,19.5231,14176.1272,34,1.2825,933.3775,202304
725.0,725.0,725.0,725.0,0.0,0.0,0,0.0,0.0,202304
725.0,725.0,725.0,725.0,21.651,15696.975,38,11.6057,8414.1325,202304
725.0,725.0,724.0,725.0,21.2023,15370.1675,27,15.9279,11547.7275,202304
726.0,726.0,726.0,726.0,7.7002,5590.3452,25,4.8099,3491.9874,202304
726.0,726.0,725.0,725.0,13.1435,9539.3296,25,0.033,23.958,202304
725.0,727.0,725.0,727.0,10.6871,7765.3077,44,8.0216,5827.6851,202304
727.0,727.0,726.0,726.0,11.4531,8326.333,28,0.0836,60.7772,202304
727.0,728.0,727.0,728.0,6.2984,4579.6366,13,6.2984,4579.6366,202304
728.0,728.0,727.0,727.0,22.1411,16110.926,44,5.3493,3894.2904,202304
727.0,728.0,727.0,727.0,32.2975,23491.2509,61,8.2215,5982.2977,202304
727.0,727.0,726.0,726.0,0.1178,85.6093,5,0.0865,62.8855,202304
726.0,727.0,726.0,726.0,30.4912,22136.9191,53,0.3079,223.8433,202304
727.0,727.0,726.0,726.0,11.1464,8093.4427,9,1.1563,840.6301,202304
726.0,727.0,726.0,726.0,46.4109,33694.367,66,3.8095,2765.7506,202304
726.0,727.0,726.0,726.0,20.8402,15135.064,44,18.8252,13672.174,202304
727.0,727.0,726.0,726.0,44.7258,32475.993,57,7.8579,5709.8976,202304
726.0,727.0,725.0,726.0,106.0666,76920.8055,141,4.747,3444.9199,202304
726.0,726.0,724.0,725.0,22.7951,16526.8818,33,9.0178,6538.4259,202304
725.0,726.0,725.0,725.0,14.4292,10461.184,15,9.4026,6816.899,202304
725.0,725.0,724.0,725.0,14.8581,10771.7845,14,5.6476,4094.51,202304
725.0,725.0,725.0,725.0,0.014,10.15,1,0.014,10.15,202304
725.0,725.0,724.0,724.0,24.759,17939.2952,36,16.6383,12059.9084,202304
724.0,725.0,723.0,724.0,114.1482,82596.745,145,22.6284,16387.6086,202304
724.0,724.0,723.0,723.0,16.2649,11760.0028,35,1.4449,1045.1428,202304
723.0,724.0,723.0,724.0,0.5514,398.6762,2,0.014,10.136,202304
724.0,724.0,724.0,724.0,13.9116,10071.9984,26,11.7251,8488.9724,202304
723.0,724.0,723.0,723.0,22.3318,16147.8914,39,14.613,10567.199,202304
723.0,724.0,722.0,722.0,5.6861,4110.0372,17,0.0414,29.9736,202304
723.0,724.0,723.0,724.0,3.6562,2644.4339,12,3.5995,2603.4398,202304
724.0,724.0,723.0,723.0,0.0864,62.5186,4,0.0514,37.2136,202304
724.0,725.0,724.0,724.0,8.184,5925.2434,27,2.299,1664.5034,202304
724.0,726.0,724.0,726.0,9.9253,7195.6125,21,6.3485,4605.8462,202304
725.0,726.0,725.0,725.0,24.3834,17678.3229,31,0.3579,259.8354,202304
725.0,726.0,725.0,726.0,26.7434,19404.6015,54,18.4825,13415.449,202304
727.0,728.0,726.0,727.0,14.088,10241.7271,46,7.2515,5271.8543,202304
726.0,726.0,726.0,726.0,21.0273,15265.8198,46,6.1764,4484.0664,202304
725.0,727.0,725.0,727.0,5.8082,4215.366,25,4.3605,3165.7835,202304
726.0,726.0,726.0,726.0,1.5314,1111.7964,2,0.0,0.0,202304
727.0,727.0,727.0,727.0,25.6815,18670.4505,57,11.411,8295.797,202304
726.0,727.0,726.0,726.0,0.5436,394.6819,5,0.0283,20.5741,202304
727.0,728.0,727.0,728.0,4.6271,3366.071,27,4.562,3318.7433,202304
728.0,728.0,727.0,727.0,4.3823,3188.9837,11,3.0516,2221.5648,202304
727.0,729.0,727.0,728.0,16.8561,12271.1338,40,3.2211,2345.0004,202304
728.0,729.0,728.0,729.0,4.2988,3131.0264,19,3.933,2864.724,202304
729.0,729.0,728.0,728.0,9.0392,6585.3192,22,4.7816,3485.7864,202304
728.0,730.0,728.0,730.0,31.5871,23034.6855,54,24.4873,17859.8312,202304
730.0,735.0,730.0,732.0,171.8497,125898.9322,459,86.6867,63501.012,202304
733.0,734.0,731.0,734.0,64.2028,47015.4535,154,41.6435,30495.6981,202304
733.0,748.0,732.0,742.0,583.2893,431609.0405,1515,379.7804,281046.7891,202304
743.0,743.0,738.0,739.0,107.5983,79775.4989,292,32.9075,24397.8667,202304
740.0,744.0,740.0,744.0,109.4891,81207.6278,278,59.4501,44109.1609,202304
743.0,744.0,741.0,742.0,96.9633,72097.7972,232,68.7717,51147.0919,202304
742.0,745.0,742.0,744.0,56.4667,42007.1356,127,26.2799,19552.261,202304
745.0,748.0,745.0,746.0,51.3947,38351.4431,173,22.7184,16949.6411,202304
747.0,749.0,745.0,746.0,145.861,109041.9509,347,82.9617,62051.5801,202304
747.0,748.0,745.0,745.0,54.3663,40598.7366,155,36.6289,27364.1454,202304
746.0,746.0,745.0,746.0,54.9274,40943.2453,140,34.8372,25971.6943,202304
746.0,747.0,746.0,746.0,112.1531,83676.8468,98,20.5855,15364.3688,202304
745.0,746.0,743.0,743.0,27.7405,20663.1561,81,8.3446,6216.7447,202304
744.0,746.0,743.0,743.0,44.4042,33035.7144,94,17.3332,12901.5686,202304
744.0,745.0,740.0,741.0,53.1602,39479.5923,142,12.3604,9185.1245,202304
742.0,743.0,740.0,742.0,31.5375,23387.3537,78,15.8874,11787.3795,202304
742.0,742.0,742.0,742.0,44.7518,33205.8356,50,13.6528,10130.3776,202304
742.0,744.0,742.0,743.0,27.782,20641.9742,50,12.7393,9465.389,202304
743.0,745.0,743.0,745.0,43.3398,32251.0186,99,22.2192,16529.4678,202304
744.0,744.0,743.0,743.0,17.6435,13126.417,35,6.068,4514.592,202304
743.0,744.0,742.0,742.0,27.1833,20189.1506,55,0.6382,474.5816,202304
743.0,744.0,741.0,742.0,25.6641,19055.9226,68,9.3001,6907.7712,202304
742.0,744.0,742.0,744.0,9.0286,6708.1925,31,6.8064,5057.2054,202304
743.0,745.0,743.0,743.0,32.2249,23986.4848,78,11.794,8779.9442,202304
743.0,745.0,743.0,745.0,15.7277,11700.4642,45,8.1814,6087.3063,202304
745.0,746.0,745.0,746.0,35.4986,26456.7441,70,17.3266,12914.3211,202304
746.0,747.0,744.0,744.0,40.7353,30357.7511,74,14.6482,10927.3204,202304
744.0,745.0,744.0,745.0,23.8412,17753.1292,46,19.5235,14537.6435,202304
745.0,746.0,744.0,744.0,16.1898,12055.7052,62,4.6724,3480.7797,202304
744.0,745.0,744.0,744.0,42.839,31872.2443,60,18.3093,13622.1475,202304
744.0,747.0,744.0,746.0,49.1517,36638.8736,110,36.8328,27456.4211,202304
746.0,747.0,746.0,746.0,34.9318,26063.5738,48,12.1322,9055.0722,202304
745.0,746.0,745.0,746.0,10.2497,7645.8986,21,5.5349,4129.0354,202304
746.0,746.0,742.0,743.0,124.0963,92193.7869,172,4.6883,3489.3167,202304
742.0,744.0,742.0,743.0,20.7707,15431.1175,43,6.2179,4619.9403,202304
744.0,744.0,743.0,744.0,17.3458,12888.3286,21,0.3992,297.0048,202304
743.0,744.0,743.0,743.0,1.8816,1398.1255,5,0.0967,71.9448,202304
743.0,743.0,742.0,742.0,36.0089,26722.6886,49,13.3683,9919.2786,202304
741.0,742.0,741.0,742.0,27.365,20296.903,35,19.438,14422.996,202304
741.0,743.0,740.0,743.0,28.3039,20973.1003,66,12.7828,9478.7984,202304
742.0,743.0,741.0,743.0,22.2486,16507.6472,35,2.4665,1830.1708,202304
742.0,742.0,741.0,742.0,29.1719,21642.1448,31,2.5832,1916.7344,202304
742.0,742.0,741.0,742.0,4.6402,3441.9032,21,2.4775,1838.305,202304
742.0,744.0,742.0,744.0,53.6883,39867.6934,109,41.5136,30823.6452,202304
744.0,745.0,744.0,744.0,13.0481,9709.3559,22,2.9902,2226.2783,202304
744.0,746.0,744.0,745.0,23.9647,17856.6996,52,13.6096,10144.5427,202304
745.0,745.0,744.0,745.0,17.1802,12793.5793,57,4.3008,3204.096,202304
745.0,745.0,743.0,744.0,17.2534,12838.7503,41,4.1085,3058.4241,202304
744.0,746.0,743.0,744.0,50.3956,37519.3351,138,24.1087,17948.2055,202304
744.0,746.0,744.0,746.0,20.1159,14985.6057,41,9.7301,7249.0097,202304
746.0,746.0,745.0,746.0,49.1378,36653.8582,92,33.5992,25065.0032,202304
747.0,748.0,745.0,746.0,45.1222,33695.331,95,27.2299,20343.8787,202304
746.0,747.0,744.0,747.0,83.7498,62434.3235,184,16.0436,11957.4462,202304
747.0,748.0,746.0,747.0,35.6762,26642.556,67,24.9599,18645.4463,202304
747.0,748.0,746.0,747.0,30.1077,22490.775,47,5.7181,4272.4207,202304
747.0,747.0,745.0,746.0,48.6058,36263.3899,86,16.5464,12343.642,202304
746.0,747.0,745.0,745.0,43.0851,32132.826,65,10.6997,7982.0315,202304
745.0,745.0,743.0,743.0,54.7467,40751.02,68,5.8307,4343.4982,202304
743.0,745.0,743.0,744.0,34.7571,25857.8085,72,13.9723,10395.4785,202304
744.0,747.0,741.0,746.0,175.3421,130597.5715,432,98.8574,73674.3317,202304
746.0,747.0,745.0,745.0,27.9376,20836.2316,108,4.3131,3217.4028,202304
745.0,747.0,744.0,745.0,31.2861,23313.5387,115,8.8733,6613.9136,202304
745.0,745.0,743.0,744.0,18.6179,13853.4437,68,4.8894,3640.0443,202304
744.0,745.0,744.0,744.0,46.4763,34579.0383,78,23.4377,17438.3199,202304
744.0,745.0,742.0,742.0,116.5529,86688.3284,189,75.0249,55817.8437,202304
742.0,744.0,742.0,743.0,16.416,12197.0241,53,3.4831,2588.1239,202304
743.0,743.0,741.0,743.0,59.2521,43969.1474,128,22.7045,16856.8696,202304
743.0,744.0,743.0,744.0,41.9346,31183.0068,76,24.2714,18049.6525,202304
744.0,744.0,743.0,744.0,20.4931,15246.8418,30,5.8843,4377.9192,202304
744.0,746.0,744.0,745.0,39.7528,29640.4811,65,34.2357,25531.6399,202304
746.0,746.0,745.0,745.0,30.9844,23110.2966,33,18.2765,13634.269,202304
746.0,747.0,745.0,746.0,5.9722,4452.8491,34,1.5068,1124.1276,202304
747.0,747.0,746.0,746.0,14.1735,10587.5194,49,6.836,5106.492,202304
746.0,748.0,746.0,748.0,6.6494,4969.1093,16,5.8951,4406.2833,202304
747.0,747.0,746.0,747.0,32.6314,24368.1537,51,2.1874,1633.9878,202304
747.0,747.0,746.0,747.0,12.894,9621.2841,68,2.3601,1762.9947,202304
746.0,748.0,746.0,747.0,34.112,25473.6005,55,18.5863,13886.2026,202304
747.0,748.0,746.0,746.0,94.1238,70298.6868,289,32.3759,24185.2815,202304
747.0,747.0,746.0,746.0,111.6596,83317.3527,159,41.905,31266.4645,202304
745.0,746.0,742.0,743.0,102.5923,76280.7142,246,20.8796,15519.3345,202304
743.0,743.0,742.0,742.0,17.0989,12703.6064,41,0.0185,13.7455,202304
742.0,744.0,742.0,744.0,16.4603,12232.709,36,16.0492,11927.5892,202304
744.0,745.0,744.0,744.0,18.6377,13883.1478,36,18.5575,13823.479,202304
744.0,744.0,743.0,743.0,44.4285,33033.4074,94,14.2288,10576.5205,202304
744.0,744.0,743.0,744.0,8.5623,6366.1446,10,4.3557,3240.6408,202304
743.0,744.0,742.0,742.0,21.4923,15973.9595,27,7.1806,5342.3664,202304
743.0,744.0,743.0,744.0,11.2586,8371.2815,27,10.7236,7973.7765,202304
744.0,744.0,743.0,743.0,8.9334,6645.3151,34,3.6958,2749.6752,202304
744.0,745.0,743.0,744.0,15.5924,11600.7023,22,9.7501,7254.0911,202304
743.0,745.0,743.0,745.0,12.0351,8956.6678,29,7.3126,5443.3701,202304
745.0,745.0,744.0,744.0,8.8013,6549.7697,25,1.7178,1279.6457,202304
743.0,745.0,743.0,743.0,26.7687,19911.876,39,15.8181,11768.72,202304
743.0,743.0,742.0,743.0,0.3244,240.9735,7,0.0355,26.3765,202304
743.0,743.0,743.0,743.0,29.6183,22006.3969,28,8.2727,6146.6161,202304
742.0,743.0,742.0,743.0,3.4158,2534.693,13,0.1694,125.8642,202304
742.0,743.0,742.0,743.0,0.7723,573.3157,2,0.2691,199.9413,202304
743.0,744.0,741.0,742.0,71.5288,53095.3386,94,13.12,9747.6108,202304
743.0,743.0,743.0,743.0,2.016,1497.888,18,1.8187,1351.2941,202304
744.0,744.0,743.0,743.0,8.1674,6070.3782,16,2.0,1488.0,202304
742.0,742.0,742.0,742.0,25.0224,18566.6208,10,0.0,0.0,202304
743.0,744.0,742.0,744.0,104.21,77430.5023,75,54.641,40602.6768,202304
744.0,744.0,743.0,743.0,4.515,3359.0256,5,4.3806,3259.1664,202304
744.0,744.0,743.0,743.0,12.9769,9643.2265,31,1.3898,1034.0112,202304
743.0,745.0,743.0,745.0,66.124,49245.5834,81,44.3627,33036.0034,202304
746.0,746.0,744.0,745.0,15.475,11523.6195,21,2.1243,1583.734,202304
746.0,747.0,745.0,747.0,5.4356,4054.0046,31,4.0958,3055.5842,202304
746.0,747.0,746.0,747.0,18.0831,13504.4811,36,5.6146,4194.1062,202304
747.0,748.0,747.0,748.0,39.3798,29428.6565,65,15.7589,11782.8098,202304
748.0,748.0,748.0,748.0,38.2473,28608.9804,53,13.8163,10334.5924,202304
748.0,749.0,748.0,748.0,22.152,16573.2598,33,4.764,3567.0358,202304
748.0,751.0,748.0,751.0,95.4412,71562.3115,230,85.9663,64466.9604,202304
750.0,752.0,749.0,749.0,96.6009,72546.9865,240,49.198,36980.6903,202304
749.0,750.0,748.0,749.0,7.4788,5600.7984,29,2.0772,1557.8228,202304
749.0,749.0,748.0,749.0,1.0894,815.9388,5,1.0676,799.6324,202304
749.0,750.0,748.0,750.0,24.3631,18240.205,56,9.7528,7305.2433,202304
749.0,749.0,749.0,749.0,1.068,799.932,3,0.0,0.0,202304
749.0,751.0,749.0,750.0,21.1123,15834.4871,33,21.0237,15768.06,202304
751.0,751.0,750.0,751.0,47.5377,35698.5548,83,33.7995,25383.4245,202304
750.0,750.0,747.0,748.0,262.6834,196450.0236,263,98.0737,73304.3594,202304
748.0,748.0,747.0,747.0,6.9763,5211.5525,16,0.2564,191.7872,202304
747.0,748.0,746.0,747.0,99.4764,74308.8532,154,32.4042,24215.5235,202304
747.0,748.0,747.0,747.0,77.8154,58133.6636,77,15.8513,11846.4809,202304
747.0,748.0,745.0,747.0,305.3736,227830.3451,243,147.0837,109741.4615,202304
747.0,747.0,745.0,746.0,81.5623,60845.7259,60,13.7685,10271.5676,202304
745.0,748.0,745.0,748.0,185.7554,138568.9524,137,115.1113,85909.043,202304
748.0,748.0,747.0,747.0,5.6708,4240.1487,20,2.7321,2043.6108,202304
747.0,747.0,746.0,747.0,100.15,74781.3493,100,22.9062,17110.9314,202304
747.0,748.0,746.0,748.0,48.9073,36526.1837,46,0.3628,271.3744,202304
748.0,748.0,746.0,748.0,105.7398,78963.4978,109,45.9066,34306.2669,202304
748.0,748.0,746.0,747.0,83.3198,62222.5113,93,26.5924,19864.6564,202304
747.0,747.0,746.0,747.0,117.9666,88023.8275,88,25.4865,19021.4253,202304
746.0,746.0,744.0,745.0,278.6494,207572.4013,181,143.6327,107012.7227,202304
745.0,745.0,744.0,744.0,13.344,9940.9049,14,12.9689,9661.8305,202304
744.0,745.0,743.0,744.0,85.1573,63367.1141,71,17.7187,13192.8141,202304
745.0,746.0,745.0,745.0,66.0723,49223.9037,31,35.2985,26297.4227,202304
745.0,745.0,744.0,744.0,13.5284,10077.3002,39,0.2102,156.599,202304
744.0,747.0,744.0,746.0,99.1671,73960.949,94,74.1847,55325.6256,202304
746.0,747.0,746.0,747.0,90.9263,67902.7649,103,72.0612,53819.8591,202304
746.0,747.0,745.0,746.0,35.8808,26779.2618,69,27.2147,20316.2652,202304
746.0,746.0,743.0,745.0,101.768,75765.54,163,35.1677,26182.4749,202304
745.0,746.0,745.0,746.0,26.3471,19653.9239,45,12.098,9025.108,202304
746.0,747.0,745.0,746.0,19.9007,14846.1805,39,19.6972,14694.4137,202304
746.0,746.0,746.0,746.0,9.6231,7178.8326,8,0.0,0.0,202304
746.0,747.0,746.0,747.0,2.2479,1678.0303,13,1.0969,819.3843,202304
746.0,747.0,746.0,746.0,10.1205,7559.7834,25,2.0436,1526.5692,202304
747.0,749.0,746.0,746.0,64.3571,48102.8708,111,29.8366,22316.382,202304
747.0,747.0,746.0,747.0,24.4884,18291.7972,50,17.6315,13170.7305,202304
747.0,747.0,740.0,746.0,324.7643,241842.4655,541,79.8425,59498.8354,202304
745.0,747.0,745.0,747.0,1.7814,1328.304,14,1.0794,805.288,202304
747.0,747.0,747.0,747.0,10.2666,7669.1502,27,8.1817,6111.7299,202304
747.0,748.0,747.0,748.0,37.0973,27747.7633,68,14.7513,11033.9724,202304
748.0,749.0,747.0,749.0,32.7588,24502.8118,51,5.7079,4269.5426,202304
749.0,750.0,748.0,749.0,14.9416,11191.3603,49,11.0958,8311.0249,202304
749.0,749.0,749.0,749.0,6.5909,4936.5841,11,0.0,0.0,202304
750.0,752.0,750.0,750.0,63.4142,47612.6547,146,36.0241,27048.9548,202304
750.0,751.0,749.0,749.0,32.7586,24561.9641,49,2.4359,1829.3609,202304
749.0,749.0,749.0,749.0,0.8157,610.9593,3,0.0,0.0,202304
749.0,750.0,749.0,749.0,1.3661,1023.6418,7,0.4329,324.675,202304
749.0,751.0,749.0,750.0,20.804,15606.2074,47,20.3217,15244.8632,202304
751.0,754.0,751.0,753.0,38.8921,29254.7615,114,29.8838,22472.5102,202304
753.0,753.0,750.0,750.0,34.3996,25862.9099,169,0.0133,10.0149,202304
750.0,751.0,749.0,749.0,13.942,10454.248,31,2.022,1518.2558,202304
749.0,751.0,749.0,749.0,19.239,14429.0558,39,11.9357,8951.7899,202304
749.0,749.0,748.0,748.0,12.1525,9100.995,30,2.2414,1678.8086,202304
749.0,749.0,749.0,749.0,2.1908,1640.9092,6,2.1908,1640.9092,202304
749.0,749.0,748.0,748.0,0.6869,513.8977,9,0.0965,72.2785,202304
749.0,749.0,748.0,749.0,13.8259,10353.5421,23,4.6547,3486.3703,202304
749.0,750.0,749.0,750.0,5.5103,4131.8639,15,5.4632,4096.5389,202304
750.0,751.0,750.0,750.0,2.7573,2068.0391,5,0.0641,48.1391,202304
750.0,753.0,750.0,753.0,8.6484,6502.8849,38,8.0234,6033.0777,202304
752.0,753.0,751.0,751.0,20.9069,15714.6251,44,4.4545,3350.7753,202304
751.0,752.0,749.0,750.0,28.1912,21162.2699,48,3.8264,2874.1299,202304
750.0,751.0,750.0,750.0,37.3545,28017.3732,56,19.68,14761.4982,202304
750.0,751.0,750.0,751.0,9.3583,7027.3701,30,3.117,2340.4892,202304
751.0,752.0,751.0,752.0,3.2455,2437.5328,9,0.1623,122.0496,202304
752.0,752.0,750.0,750.0,6.6787,5015.7249,15,0.1329,99.9408,202304
751.0,752.0,751.0,751.0,39.3885,29580.7967,66,31.342,23537.8752,202304
751.0,753.0,751.0,752.0,39.8948,29999.393,92,34.1823,25706.7562,202304
752.0,752.0,751.0,752.0,7.9387,5966.9696,14,0.3331,250.4912,202304
752.0,752.0,751.0,752.0,1.2575,944.5294,5,0.1469,110.4688,202304
752.0,754.0,752.0,754.0,69.4916,52348.0023,106,57.6219,43417.2475,202304
754.0,754.0,752.0,752.0,29.7072,22394.5398,59,19.1091,14408.2614,202304
753.0,753.0,752.0,753.0,7.8498,5906.9372,22,3.8876,2927.3628,202304
753.0,753.0,752.0,753.0,30.1449,22685.5408,40,2.2909,1725.0477,202304
752.0,754.0,752.0,754.0,30.0389,22647.8119,44,23.5672,17768.4001,202304
753.0,754.0,753.0,753.0,6.2564,4716.9666,10,5.8974,4446.6396,202304
754.0,754.0,752.0,752.0,50.9013,38328.4082,80,10.7065,8062.4888,202304
753.0,753.0,752.0,752.0,27.7997,20927.5423,43,4.9856,3752.8958,202304
751.0,753.0,751.0,752.0,4.897,3681.088,17,2.1725,1633.7625,202304
753.0,753.0,753.0,753.0,17.0998,12876.1494,28,3.31,2492.43,202304
753.0,753.0,750.0,753.0,41.6924,31355.3051,78,9.2127,6930.6623,202304
752.0,753.0,751.0,753.0,47.9525,36051.6046,42,19.6559,14781.9711,202304
753.0,757.0,753.0,754.0,89.8185,67794.484,246,58.0323,43819.0506,202304
753.0,769.0,752.0,769.0,587.0957,448258.6339,1153,319.095,243469.7666,202304
769.0,778.0,766.0,776.0,941.4803,728042.1035,1608,377.0101,291255.9593,202304
777.0,777.0,771.0,774.0,282.8956,218815.0105,453,139.8016,108106.4006,202304
775.0,776.0,774.0,776.0,26.2023,20300.37,103,6.9311,5369.7866,202304
775.0,778.0,774.0,775.0,64.263,49879.3391,150,27.2313,21141.4463,202304
776.0,777.0,773.0,775.0,82.1508,63674.0586,148,52.3083,40551.5278,202304
776.0,777.0,774.0,776.0,43.7269,33902.8347,102,23.6986,18380.8976,202304
777.0,783.0,777.0,780.0,185.9246,145034.4479,394,94.9866,74113.8491,202304
779.0,779.0,775.0,776.0,46.8457,36405.8524,127,22.5636,17530.7288,202304
775.0,776.0,772.0,775.0,67.1616,51973.7301,156,34.7724,26917.8318,202304
775.0,777.0,774.0,776.0,46.1621,35802.2987,97,22.0564,17120.6431,202304
777.0,778.0,775.0,775.0,45.6337,35441.238,111,11.758,9142.6529,202304
775.0,778.0,775.0,776.0,135.815,105484.2708,141,83.0073,64493.9383,202304
776.0,784.0,775.0,783.0,457.1094,356574.3901,488,287.8567,224493.0773,202304
782.0,784.0,781.0,783.0,52.4278,41051.4987,124,27.6151,21619.9291,202304
783.0,785.0,783.0,783.0,31.8246,24949.4438,72,12.4056,9726.2842,202304
784.0,784.0,776.0,779.0,490.7726,382859.617,625,228.7025,178449.6475,202304
778.0,781.0,778.0,781.0,131.182,102329.9554,161,61.6192,48072.6225,202304
781.0,783.0,781.0,783.0,23.0632,18040.1142,88,15.2094,11898.4492,202304
784.0,784.0,781.0,783.0,50.727,39665.7971,60,9.4866,7419.9416,202304
783.0,783.0,781.0,781.0,24.1956,18929.5466,38,9.2241,7214.1525,202304
781.0,781.0,776.0,780.0,167.2196,130190.3459,275,70.7498,55101.3523,202304
780.0,784.0,779.0,783.0,146.4677,114542.3232,121,102.1616,79892.6038,202304
782.0,783.0,782.0,783.0,7.5246,5884.9563,18,0.7191,563.0553,202304
782.0,783.0,780.0,783.0,109.2566,85423.3105,112,75.3451,58911.2894,202304
782.0,783.0,778.0,779.0,30.6266,23903.9736,98,9.4916,7410.5664,202304
778.0,779.0,775.0,778.0,153.0497,118894.7411,192,72.8386,56594.6207,202304
778.0,779.0,778.0,778.0,15.3378,11933.6519,36,0.8435,657.0865,202304
778.0,781.0,777.0,781.0,38.8278,30262.782,81,16.9964,13248.6604,202304
781.0,781.0,777.0,777.0,24.3036,18950.8505,77,3.4547,2690.3206,202304
777.0,778.0,777.0,778.0,15.6832,12197.6494,38,6.6937,5207.6986,202304
777.0,779.0,777.0,779.0,20.8594,16244.5844,43,14.1552,11022.4315,202304
779.0,779.0,778.0,778.0,4.9024,3815.0672,19,1.0,779.0,202304
778.0,778.0,777.0,778.0,6.1919,4817.1844,23,3.0854,2400.4412,202304
779.0,780.0,779.0,779.0,8.766,6828.8744,26,5.9849,4662.3975,202304
780.0,780.0,778.0,779.0,16.9393,13195.2694,40,4.9056,3822.2594,202304
780.0,780.0,779.0,779.0,17.1138,13346.5651,34,11.7521,9166.638,202304
780.0,780.0,779.0,780.0,8.2211,6410.0858,21,4.2519,3316.482,202304
780.0,780.0,777.0,777.0,138.6533,107908.1211,116,41.9497,32666.6482,202304
778.0,781.0,777.0,780.0,281.1884,218997.559,292,177.8048,138490.7229,202304
781.0,782.0,780.0,782.0,26.5049,20703.5168,82,15.0662,11771.5082,202304
782.0,785.0,780.0,782.0,86.2905,67533.4355,185,57.269,44833.983,202304
783.0,783.0,782.0,782.0,9.3553,7318.9749,22,3.1303,2451.0249,202304
783.0,783.0,782.0,782.0,16.7171,13079.9386,25,7.1664,5611.2912,202304
782.0,782.0,779.0,779.0,62.3418,48667.2099,126,22.2169,17336.7996,202304
780.0,781.0,779.0,780.0,42.8689,33452.5706,75,28.3373,22120.001,202304
781.0,782.0,780.0,782.0,43.8083,34232.4942,66,38.188,29838.0588,202304
782.0,782.0,780.0,781.0,30.994,24223.8713,43,16.8816,13201.1714,202304
781.0,784.0,780.0,782.0,68.9977,53994.3526,110,61.0422,47771.5014,202304
783.0,784.0,782.0,783.0,34.3532,26908.5273,66,25.6133,20065.2139,202304
784.0,785.0,784.0,785.0,8.6851,6809.1985,22,3.628,2844.4321,202304
785.0,785.0,783.0,783.0,25.9358,20328.6873,44,0.0537,42.1545,202304
783.0,784.0,783.0,784.0,19.3881,15200.204,55,12.6984,9955.5456,202304
784.0,784.0,780.0,780.0,55.7726,43587.2336,76,6.1833,4835.8237,202304
780.0,781.0,780.0,780.0,3.6257,2828.424,13,0.378,295.218,202304
780.0,782.0,780.0,782.0,36.1123,28228.2704,63,30.5267,23865.5615,202304
782.0,782.0,780.0,780.0,12.5185,9775.5244,27,0.7294,570.2782,202304
781.0,781.0,780.0,781.0,0.8543,667.1804,7,0.8264,645.4184,202304
781.0,783.0,779.0,781.0,148.9973,116383.1767,199,76.799,60004.5387,202304
782.0,785.0,780.0,784.0,162.9216,127633.2176,206,92.7925,72694.0045,202304
784.0,784.0,780.0,781.0,36.3978,28473.7642,98,8.2786,6478.9773,202304
781.0,782.0,781.0,782.0,17.5999,13757.6044,54,11.2469,8795.0758,202304
783.0,785.0,783.0,784.0,22.9519,17985.5366,75,17.6541,13833.5005,202304
783.0,787.0,783.0,786.0,49.8034,39127.437,160,36.9007,28996.0636,202304
785.0,786.0,784.0,785.0,16.9109,13276.4602,82,7.7598,6092.9558,202304
785.0,785.0,784.0,785.0,9.3868,7367.8367,30,5.5206,4333.671,202304
785.0,786.0,784.0,785.0,19.9864,15701.7273,61,15.8624,12462.5717,202304
784.0,784.0,781.0,783.0,53.5914,41935.9408,100,16.3835,12814.9592,202304
782.0,783.0,782.0,783.0,2.0764,1625.5299,13,1.7851,1397.7333,202304
782.0,783.0,780.0,781.0,7.5181,5874.4204,50,1.7395,1360.1861,202304
781.0,781.0,779.0,781.0,81.455,63535.8032,127,46.8587,36571.2782,202304
780.0,789.0,779.0,782.0,269.9717,211415.1039,415,155.2115,121566.4281,202304
782.0,784.0,781.0,782.0,119.1172,93269.973,171,64.6411,50610.7188,202304
782.0,783.0,778.0,780.0,77.7064,60642.7679,227,49.1427,38363.4352,202304
780.0,783.0,780.0,781.0,187.8847,147037.3797,267,48.8191,38178.8652,202304
781.0,783.0,779.0,780.0,38.6914,30208.5283,92,21.585,16857.3732,202304
779.0,783.0,779.0,781.0,31.2308,24394.9392,107,11.4696,8959.7597,202304
781.0,781.0,779.0,779.0,6.8208,5317.0933,40,1.6477,1284.8421,202304
778.0,779.0,777.0,777.0,31.0943,24189.4557,70,17.9629,13975.1944,202304
777.0,780.0,777.0,778.0,60.2419,46916.8599,139,43.0347,33514.1504,202304
779.0,779.0,778.0,779.0,16.8835,13141.8869,29,1.1913,928.0227,202304
778.0,779.0,776.0,778.0,31.1676,24205.0372,86,11.5488,8975.6237,202304
777.0,778.0,776.0,777.0,35.8989,27891.7358,67,9.0938,7066.2821,202304
776.0,779.0,776.0,776.0,187.8803,146176.7974,216,114.1255,88787.2901,202304
776.0,777.0,774.0,775.0,317.9563,246612.1307,385,199.6213,154843.6818,202304
775.0,777.0,774.0,776.0,46.7585,36271.4004,136,18.2783,14178.7008,202304
775.0,777.0,774.0,774.0,48.8108,37840.6974,80,16.4446,12754.2429,202304
774.0,777.0,774.0,777.0,22.7992,17686.003,53,18.9069,14666.0919,202304
777.0,778.0,775.0,776.0,26.7324,20754.3047,57,14.8077,11496.7375,202304
776.0,779.0,776.0,778.0,44.3308,34500.425,108,10.1099,7866.9519,202304
778.0,779.0,778.0,778.0,4.259,3316.0259,15,2.5239,1966.1181,202304
778.0,780.0,778.0,779.0,20.9039,16285.8206,38,6.4291,5010.7544,202304
778.0,779.0,777.0,778.0,30.1252,23435.1983,64,14.3554,11169.3317,202304
778.0,778.0,776.0,777.0,33.8954,26340.2687,91,15.6591,12169.0012,202304
777.0,777.0,775.0,775.0,17.8427,13846.6388,40,4.0324,3129.1424,202304
775.0,776.0,773.0,775.0,35.4783,27463.2345,76,16.6774,12910.7527,202304
775.0,775.0,773.0,773.0,60.7772,47030.2585,88,14.4028,11148.8546,202304
774.0,774.0,771.0,772.0,92.1058,71113.2732,157,25.5575,19738.4874,202304
771.0,776.0,770.0,774.0,488.2566,377927.0507,384,304.7048,235781.3942,202304
774.0,776.0,774.0,776.0,137.4192,106522.7452,164,87.3904,67731.1116,202304
775.0,777.0,775.0,777.0,31.6096,24536.8764,53,19.5599,15184.7484,202304
777.0,779.0,777.0,779.0,21.3813,16633.9563,62,20.4066,15876.5431,202304
779.0,779.0,778.0,779.0,28.2879,22018.3298,80,15.0322,11705.3952,202304
779.0,780.0,778.0,780.0,4.98,3881.5934,30,4.8114,3750.2819,202304
780.0,780.0,779.0,779.0,19.6536,15324.708,50,10.2581,8001.0167,202304
779.0,780.0,779.0,779.0,25.1917,19630.7722,57,11.6015,9042.4083,202304
780.0,780.0,779.0,779.0,4.708,3670.869,12,3.337,2602.86,202304
779.0,780.0,778.0,780.0,28.088,21882.5911,84,10.5136,8194.8252,202304
780.0,780.0,779.0,780.0,34.4447,26865.435,44,13.35,10413.0,202304
780.0,780.0,780.0,780.0,23.8282,18585.996,25,12.2419,9548.682,202304
780.0,780.0,779.0,779.0,8.2393,6420.0566,23,1.6419,1280.682,202304
779.0,781.0,779.0,780.0,14.2547,11118.3811,31,11.5268,8990.9478,202304
781.0,781.0,779.0,779.0,8.3936,6548.7897,42,4.3904,3426.3078,202304
779.0,781.0,779.0,781.0,24.0202,18743.6875,26,18.5634,14488.4184,202304
780.0,780.0,779.0,780.0,13.683,10668.2259,31,4.9892,3891.576,202304
780.0,781.0,780.0,780.0,2.8624,2235.2663,7,2.5943,2026.1483,202304
780.0,781.0,780.0,781.0,18.6565,14558.333,26,6.263,4891.403,202304
781.0,781.0,780.0,780.0,8.6151,6724.9555,15,5.1775,4043.6275,202304
780.0,781.0,779.0,779.0,15.4309,12036.7682,21,4.4987,3510.1267,202304
780.0,780.0,778.0,778.0,36.4141,28394.5818,46,19.5642,15259.3793,202304
778.0,780.0,778.0,780.0,8.7944,6850.8077,12,8.0226,6249.6182,202304
779.0,780.0,779.0,779.0,2.564,1997.4258,10,0.0698,54.444,202304
779.0,780.0,778.0,780.0,15.4033,12001.1152,27,7.8854,6144.9496,202304
779.0,779.0,778.0,779.0,21.0802,16420.7656,30,5.6894,4432.0426,202304
779.0,780.0,778.0,778.0,25.1785,19612.8625,41,13.4694,10492.7587,202304
778.0,778.0,777.0,777.0,20.5292,15957.3425,18,1.0197,793.3266,202304
777.0,779.0,777.0,779.0,26.0113,20248.1793,29,20.6182,16052.3711,202304
778.0,778.0,778.0,778.0,6.8639,5340.1142,11,0.0,0.0,202304
778.0,778.0,775.0,776.0,88.5793,68832.8632,95,17.3304,13455.6247,202304
775.0,776.0,775.0,776.0,6.556,5086.4015,31,5.5015,4269.164,202304
775.0,777.0,775.0,777.0,39.0683,30322.6194,36,38.2794,29711.1868,202304
776.0,778.0,776.0,777.0,117.1796,91133.6104,87,87.9074,68361.9904,202304
777.0,778.0,777.0,778.0,2.2201,1725.0305,6,0.0128,9.9584,202304
777.0,779.0,777.0,777.0,13.6584,10627.3395,29,8.2563,6424.5439,202304
777.0,780.0,777.0,779.0,131.9685,102760.4511,75,96.2231,74927.3949,202304
779.0,780.0,779.0,779.0,3.6403,2835.835,11,0.0413,32.214,202304
779.0,780.0,779.0,780.0,11.3629,8862.2905,11,10.5914,8261.292,202304
779.0,780.0,778.0,778.0,35.2047,27422.1636,45,0.8885,692.8597,202304
778.0,779.0,777.0,778.0,15.772,12270.4786,35,6.5347,5084.0538,202304
778.0,782.0,777.0,781.0,260.4181,203112.2716,210,148.3201,115678.8814,202304
781.0,782.0,781.0,781.0,22.2545,17392.4935,66,13.9869,10933.5121,202304
781.0,781.0,779.0,780.0,16.6272,12969.8246,41,2.2095,1723.41,202304
780.0,782.0,780.0,782.0,13.7347,10727.1294,18,3.6489,2850.141,202304
782.0,783.0,781.0,782.0,38.3527,29999.1682,109,16.7656,13117.6917,202304
781.0,782.0,780.0,782.0,23.109,18040.2127,68,12.4282,9704.0815,202304
781.0,784.0,781.0,783.0,149.8894,117332.9046,128,107.4718,84141.0815,202304
783.0,783.0,777.0,779.0,80.1123,62462.9722,210,30.198,23494.0035,202304
779.0,780.0,776.0,778.0,54.2509,42259.2572,133,25.9656,20222.7576,202304
777.0,778.0,772.0,773.0,86.4571,67074.0607,190,15.2048,11804.4033,202304
773.0,774.0,761.0,773.0,384.1106,295400.0081,692,95.7975,73669.1265,202304
772.0,774.0,772.0,774.0,39.3486,30433.5683,89,16.6628,12886.6357,202304
774.0,775.0,773.0,774.0,21.2046,16412.4298,22,9.803,7587.6445,202304
775.0,775.0,774.0,774.0,14.2037,10993.6896,24,3.1921,2470.7112,202304
774.0,775.0,773.0,775.0,27.8783,21569.4386,48,16.9173,13095.2105,202304
774.0,775.0,772.0,775.0,45.7085,35366.2589,63,19.3394,14970.0321,202304
775.0,775.0,772.0,773.0,34.5555,26728.8664,68,20.3491,15731.3704,202304
772.0,777.0,772.0,776.0,74.8142,57996.333,167,58.3342,45210.6271,202304
776.0,778.0,776.0,778.0,15.0452,11700.4919,44,8.6885,6757.8892,202304
777.0,780.0,777.0,779.0,26.1642,20374.219,59,22.5392,17553.5242,202304
779.0,780.0,779.0,780.0,31.6516,24688.1849,42,10.0138,7810.764,202304
779.0,781.0,779.0,780.0,15.3109,11941.249,26,1.3166,1027.0761,202304
779.0,780.0,778.0,780.0,21.7271,16930.7164,55,8.1073,6321.9943,202304
780.0,780.0,775.0,775.0,29.8238,23162.7276,91,10.6361,8258.5179,202304
775.0,776.0,775.0,775.0,25.4724,19763.5932,46,14.2134,11029.5984,202304
776.0,778.0,775.0,776.0,29.6596,23028.2533,56,13.3052,10331.5417,202304
775.0,776.0,773.0,774.0,43.9729,34040.255,95,22.1746,17161.721,202304
774.0,776.0,773.0,775.0,37.647,29165.1909,51,21.5442,16702.6756,202304
776.0,777.0,773.0,776.0,50.9368,39478.4072,92,13.8441,10729.8968,202304
776.0,777.0,775.0,777.0,8.3977,6517.3477,20,4.1619,3232.0667,202304
777.0,778.0,774.0,774.0,40.1904,31171.88,79,13.0369,10107.6087,202304
774.0,778.0,774.0,777.0,35.2189,27341.7824,56,18.8739,14654.8205,202304
776.0,777.0,772.0,772.0,32.3467,25030.0382,82,6.2022,4800.197,202304
772.0,774.0,772.0,774.0,38.7298,29930.9557,49,21.0089,16242.8274,202304
774.0,774.0,765.0,765.0,89.3142,68733.988,194,26.532,20363.8565,202304
765.0,770.0,764.0,770.0,132.8932,101880.4024,327,71.0657,54529.5183,202304
768.0,774.0,768.0,771.0,147.9084,114125.4701,277,99.1314,76491.9574,202304
772.0,775.0,770.0,774.0,46.4833,35941.8403,79,18.2404,14103.8576,202304
775.0,776.0,774.0,774.0,30.6243,23734.2167,66,14.6743,11373.1005,202304
774.0,775.0,767.0,768.0,210.2239,161909.4505,280,63.4851,48882.5222,202304
768.0,769.0,762.0,764.0,167.3448,128032.118,251,51.088,39058.0981,202304
764.0,767.0,763.0,767.0,83.1647,63655.3709,152,25.7436,19700.605,202304
767.0,767.0,766.0,766.0,25.7766,19749.5721,65,12.2124,9357.9303,202304
765.0,766.0,765.0,766.0,20.1213,15407.5492,41,4.6913,3593.5358,202304
767.0,767.0,762.0,764.0,78.605,60016.7965,135,24.0547,18352.6395,202304
763.0,763.0,756.0,758.0,152.8952,116034.9408,315,29.521,22404.8403,202304
758.0,760.0,758.0,759.0,45.2254,34316.407,90,20.4421,15515.8467,202304
759.0,760.0,756.0,760.0,173.1132,131135.911,239,98.1255,74348.5145,202304
760.0,761.0,759.0,761.0,26.4068,20067.3226,67,17.1441,13032.7468,202304
761.0,763.0,760.0,763.0,147.2185,112193.6343,174,87.3638,66589.6463,202304
762.0,762.0,760.0,761.0,101.4473,77261.598,121,25.3148,19264.6624,202304
762.0,762.0,761.0,761.0,0.735,559.9829,9,0.6479,493.6998,202304
761.0,764.0,761.0,764.0,86.6215,66020.9549,183,45.6584,34802.482,202304
763.0,764.0,761.0,763.0,33.7887,25771.3579,73,15.1078,11525.3179,202304
762.0,764.0,761.0,763.0,22.053,16805.4877,74,13.5023,10290.7734,202304
764.0,765.0,762.0,762.0,47.362,36197.5719,132,16.3072,12470.9856,202304
761.0,765.0,761.0,765.0,32.7486,25018.6203,74,16.4934,12594.1397,202304
765.0,766.0,764.0,765.0,26.8124,20515.5199,61,9.0211,6903.4292,202304
765.0,768.0,765.0,768.0,30.7699,23589.4116,60,24.3417,18662.0221,202304
767.0,768.0,767.0,768.0,6.3682,4887.5544,16,3.145,2415.36,202304
767.0,770.0,767.0,769.0,22.1608,17035.0001,72,11.5865,8907.1257,202304
769.0,772.0,769.0,772.0,21.1799,16323.1055,77,14.5238,11191.1173,202304
771.0,773.0,771.0,772.0,18.8712,14570.5652,23,18.8415,14547.6522,202304
772.0,773.0,772.0,773.0,24.0699,18587.8187,38,14.5874,11267.3287,202304
772.0,773.0,771.0,771.0,33.805,26089.0229,67,15.1544,11692.913,202304
770.0,772.0,769.0,772.0,29.0551,22376.3405,59,9.8175,7563.8094,202304
772.0,774.0,771.0,771.0,33.4374,25823.3704,72,12.1166,9358.153,202304
771.0,771.0,770.0,770.0,0.6338,488.4862,12,0.0222,17.1162,202304
770.0,772.0,770.0,771.0,30.354,23405.9929,35,26.9212,20759.33,202304
772.0,772.0,771.0,772.0,9.8958,7632.7067,14,7.1738,5534.0447,202304
771.0,772.0,771.0,771.0,11.6939,9022.5514,31,7.2728,5612.6456,202304
771.0,773.0,771.0,773.0,28.2627,21832.5289,61,22.0052,16997.109,202304
773.0,775.0,773.0,774.0,21.256,16444.2506,48,11.0658,8565.1287,202304
774.0,774.0,773.0,773.0,18.0313,13951.7968,33,10.0874,7807.4335,202304
772.0,774.0,772.0,773.0,19.4785,15052.3651,44,12.4091,9589.693,202304
772.0,774.0,772.0,774.0,10.4836,8110.0796,31,9.612,7436.0642,202304
774.0,774.0,772.0,772.0,24.7146,19098.9676,62,3.4287,2647.1788,202304
771.0,772.0,771.0,771.0,28.3703,21885.1115,45,22.4131,17292.0777,202304
770.0,772.0,770.0,771.0,7.4552,5749.4593,21,7.3018,5631.2471,202304
771.0,772.0,770.0,772.0,13.8054,10644.2117,40,4.1312,3186.0864,202304
772.0,772.0,771.0,771.0,31.5439,24344.404,49,3.1163,2402.6673,202304
770.0,771.0,770.0,771.0,8.946,6897.3052,20,5.0314,3879.2094,202304
771.0,771.0,770.0,770.0,35.3961,27261.0998,79,13.911,10715.564,202304
770.0,771.0,770.0,771.0,10.094,7782.383,22,2.7731,2138.0601,202304
770.0,770.0,769.0,769.0,3.1072,2392.4584,19,0.0438,33.726,202304
769.0,771.0,769.0,770.0,26.6258,20506.5615,61,18.8605,14527.1388,202304
770.0,771.0,770.0,771.0,16.3207,12583.1037,22,7.0437,5430.6927,202304
771.0,772.0,771.0,772.0,2.3465,1810.2233,17,1.0718,827.4296,202304
771.0,774.0,771.0,772.0,25.7418,19897.7061,66,12.5852,9730.926,202304
772.0,774.0,772.0,772.0,14.2812,11040.5905,23,4.2756,3307.7768,202304
772.0,774.0,772.0,774.0,14.9093,11535.9471,34,6.717,5198.958,202304
773.0,775.0,773.0,774.0,23.5408,18220.0652,38,13.5857,10515.3564,202304
774.0,775.0,773.0,774.0,19.6342,15197.2203,31,7.6935,5955.195,202304
774.0,776.0,774.0,776.0,12.5607,9737.919,53,8.2851,6424.49,202304
776.0,776.0,774.0,775.0,21.0558,16328.0922,50,8.4351,6541.5818,202304
775.0,775.0,773.0,773.0,12.3288,9547.8461,51,3.4763,2690.6562,202304
773.0,776.0,773.0,776.0,2.6445,2048.6999,25,2.3826,1845.9612,202304
775.0,775.0,775.0,775.0,44.379,34393.725,46,14.0506,10889.215,202304
775.0,776.0,775.0,775.0,7.9477,6160.4631,14,6.0919,4722.2181,202304
775.0,777.0,775.0,777.0,10.7248,8326.2731,62,6.8652,5332.9877,202304
777.0,780.0,777.0,778.0,53.0764,41375.5824,112,35.7339,27857.1832,202304
778.0,779.0,777.0,778.0,37.0409,28834.7978,85,24.0536,18722.1407,202304
778.0,779.0,777.0,778.0,14.7898,11504.9472,33,10.3229,8032.6463,202304
778.0,779.0,777.0,777.0,26.5279,20619.7199,60,14.6906,11417.6065,202304
776.0,777.0,776.0,776.0,7.2218,5610.6245,18,3.8649,3003.0273,202304
776.0,777.0,775.0,775.0,10.3795,8057.7931,33,3.3729,2620.7433,202304
775.0,776.0,774.0,774.0,21.9267,17001.2467,44,15.2425,11820.2362,202304
774.0,775.0,773.0,774.0,21.0908,16330.9481,71,13.7107,10618.7443,202304
774.0,775.0,771.0,772.0,117.9551,91106.8295,88,8.6178,6654.0278,202304
771.0,773.0,769.0,772.0,410.9214,316736.3428,231,215.9278,166457.4209,202304
772.0,773.0,771.0,772.0,241.9288,186762.5871,60,78.4673,60577.6611,202304
772.0,775.0,772.0,773.0,335.924,259797.8888,150,208.2606,161113.1423,202304
773.0,773.0,771.0,773.0,453.5905,350390.1652,108,99.4095,76843.5435,202304
772.0,774.0,772.0,774.0,153.6621,118791.1925,57,145.0236,112115.6953,202304
773.0,775.0,773.0,775.0,128.2589,99287.1769,21,112.27,86911.8752,202304
774.0,775.0,774.0,774.0,28.1257,21789.0332,13,19.7414,15299.585,202304
774.0,774.0,771.0,771.0,480.5782,371333.2587,233,65.1573,50345.1418,202304
771.0,772.0,770.0,770.0,93.261,71919.677,60,59.243,45687.7329,202304
771.0,772.0,770.0,772.0,447.8961,345135.3434,125,231.8432,178588.635,202304
772.0,773.0,772.0,772.0,1.0305,795.8307,6,0.2847,220.0731,202304
772.0,772.0,771.0,772.0,19.8239,15301.1909,28,3.2862,2536.9464,202304
771.0,774.0,771.0,773.0,22.331,17253.6768,48,16.87,13033.0963,202304
772.0,772.0,771.0,771.0,7.6772,5926.7173,27,1.7408,1343.8976,202304
771.0,772.0,771.0,772.0,6.8635,5294.9169,23,3.1584,2438.2848,202304
771.0,772.0,770.0,772.0,56.2546,43371.7203,105,38.3546,29576.9941,202304
771.0,773.0,771.0,773.0,10.3323,7980.5701,14,10.1172,7814.568,202304
772.0,772.0,772.0,772.0,0.6984,539.1648,3,0.0,0.0,202304
772.0,774.0,772.0,773.0,71.2875,55105.2073,59,31.708,24510.3056,202304
774.0,775.0,773.0,775.0,68.8077,53257.9411,73,43.2164,33450.3918,202304
774.0,775.0,774.0,775.0,15.5838,12075.93,21,9.1729,7108.9975,202304
775.0,776.0,774.0,774.0,14.3479,11119.1703,12,6.2368,4833.5715,202304
774.0,775.0,774.0,775.0,89.2489,69167.8407,54,85.1923,66024.0325,202304
775.0,775.0,774.0,774.0,59.5603,46101.0365,43,4.7663,3689.1527,202304
773.0,773.0,772.0,772.0,63.922,49397.5575,47,0.388,299.924,202304
772.0,773.0,772.0,773.0,56.3298,43534.9643,61,34.2946,26509.7258,202304
774.0,776.0,773.0,776.0,76.5288,59343.5541,92,60.0374,46547.8554,202304
776.0,776.0,775.0,775.0,33.4231,25925.4204,33,0.8269,641.6744,202304
775.0,775.0,774.0,774.0,14.1706,10982.0918,29,7.993,6194.575,202304
774.0,775.0,773.0,774.0,7.1392,5527.9603,22,4.0896,3169.2213,202304
773.0,775.0,772.0,773.0,49.4753,38269.5978,49,10.0941,7813.8122,202304
772.0,773.0,772.0,773.0,12.3991,9584.4472,22,10.465,8089.445,202304
773.0,774.0,772.0,772.0,13.3647,10330.2715,23,10.4862,8107.1245,202304
772.0,773.0,769.0,770.0,59.1582,45593.5911,119,37.8108,29144.2861,202304
769.0,774.0,768.0,769.0,380.3711,293313.4637,337,213.5564,164676.7954,202304
768.0,770.0,768.0,769.0,38.3195,29500.8329,89,16.2597,12517.8193,202304
769.0,771.0,769.0,770.0,14.6146,11253.0609,48,6.494,5000.413,202304
770.0,773.0,770.0,772.0,30.6515,23667.007,97,24.2404,18720.7288,202304
772.0,774.0,772.0,773.0,29.0977,22501.4637,81,16.7391,12941.759,202304
773.0,773.0,770.0,770.0,34.8398,26882.2168,57,9.9282,7664.5704,202304
770.0,774.0,767.0,767.0,455.5135,350540.8102,374,113.2909,87388.5485,202304
767.0,769.0,766.0,766.0,39.7423,30516.4269,101,17.8541,13715.2193,202304
766.0,769.0,766.0,769.0,44.1699,33924.732,105,27.4021,21042.4314,202304
768.0,768.0,767.0,768.0,15.8553,12166.8371,49,10.725,8230.1305,202304
768.0,769.0,768.0,768.0,17.7742,13660.9255,61,3.4975,2688.5754,202304
767.0,768.0,764.0,766.0,46.3877,35510.7051,145,14.5762,11159.5848,202304
766.0,768.0,764.0,765.0,32.4381,24851.0686,83,12.9727,9946.8767,202304
764.0,768.0,763.0,766.0,346.3085,265136.3974,296,201.3486,154121.0879,202304
766.0,767.0,765.0,765.0,17.6072,13477.977,44,9.298,7117.2379,202304
765.0,765.0,763.0,763.0,47.4676,36264.4976,95,14.0969,10766.0187,202304
763.0,765.0,762.0,762.0,27.3169,20855.3997,62,14.1507,10808.1524,202304
762.0,766.0,762.0,764.0,224.813,171846.4001,191,166.2208,127067.3229,202304
763.0,766.0,763.0,765.0,12.8186,9804.0232,39,7.6777,5871.3501,202304
765.0,767.0,765.0,766.0,11.1435,8529.7617,29,1.4959,1145.8868,202304
766.0,767.0,766.0,767.0,27.8687,21371.0265,52,17.7903,13640.9854,202304
766.0,767.0,766.0,766.0,11.3714,8721.0359,31,1.6987,1302.9029,202304
766.0,766.0,766.0,766.0,2.3254,1781.2564,12,0.0,0.0,202304
766.0,769.0,766.0,768.0,31.4698,24152.9777,66,27.1552,20839.4935,202304
767.0,767.0,764.0,764.0,178.2565,136442.9834,121,6.7602,5182.541,202304
763.0,767.0,763.0,766.0,511.8211,391738.6224,387,355.636,272167.6018,202304
766.0,768.0,765.0,766.0,182.3414,139727.4444,162,98.6653,75619.2603,202304
766.0,766.0,765.0,766.0,15.2668,11694.3072,29,6.536,5006.576,202304
766.0,768.0,766.0,768.0,15.6938,12027.2596,36,7.2011,5520.088,202304
767.0,769.0,767.0,768.0,14.4456,11094.1964,45,6.4704,4969.2854,202304
768.0,768.0,767.0,767.0,19.7741,15185.1735,31,4.3958,3375.9744,202304
767.0,769.0,767.0,769.0,3.8133,2929.6093,27,3.7319,2867.1356,202304
768.0,770.0,768.0,769.0,5.6366,4334.5743,16,1.0198,784.2816,202304
768.0,768.0,768.0,768.0,4.6625,3580.8,22,0.0278,21.3504,202304
767.0,767.0,767.0,767.0,5.2176,4001.8992,19,0.0,0.0,202304
766.0,769.0,766.0,768.0,269.1084,206736.9143,175,186.7274,143451.4505,202304
768.0,772.0,768.0,770.0,160.6576,123907.4055,154,153.9226,118718.4158,202304
771.0,771.0,769.0,769.0,7.8614,6053.2692,29,0.0526,40.5282,202304
769.0,771.0,769.0,770.0,8.6812,6686.8572,28,6.0337,4648.3089,202304
769.0,771.0,769.0,770.0,16.549,12743.8751,21,15.1312,11653.5869,202304
770.0,770.0,769.0,770.0,35.1965,27083.2542,53,6.5157,5010.7305,202304
769.0,769.0,767.0,767.0,55.175,42323.635,59,16.719,12823.8881,202304
767.0,768.0,767.0,768.0,3.9794,3056.1573,25,2.3493,1804.2624,202304
767.0,767.0,766.0,767.0,18.7077,14348.1373,37,11.0271,8457.7857,202304
766.0,767.0,766.0,767.0,4.9727,3813.987,18,4.8988,3757.3796,202304
767.0,767.0,767.0,767.0,0.0756,57.9852,3,0.0,0.0,202304
767.0,769.0,767.0,769.0,14.3266,11002.2115,26,11.5424,8865.0023,202304
768.0,769.0,767.0,768.0,8.5049,6531.4823,22,0.1588,122.0234,202304
767.0,768.0,765.0,765.0,22.3049,17107.4894,50,8.5511,6560.4778,202304
765.0,765.0,765.0,765.0,0.7215,551.9475,9,0.0,0.0,202304
765.0,766.0,764.0,766.0,8.7395,6681.8725,31,2.497,1910.3109,202304
765.0,765.0,764.0,764.0,3.3345,2549.0368,20,0.3061,233.9126,202304
763.0,765.0,763.0,764.0,47.5876,36379.2267,40,45.8913,35083.3048,202304
764.0,768.0,764.0,767.0,235.4656,180517.7099,187,147.4763,113051.2597,202304
767.0,767.0,767.0,767.0,2.165,1660.555,5,0.0,0.0,202304
767.0,767.0,767.0,767.0,2.5036,1920.2612,8,0.0,0.0,202304
767.0,767.0,767.0,767.0,12.1841,9345.2047,14,11.4845,8808.6115,202304
767.0,768.0,767.0,767.0,11.1442,8552.5695,32,4.9681,3815.5008,202304
767.0,768.0,767.0,767.0,8.429,6465.1251,16,2.5729,1973.4964,202304
766.0,769.0,766.0,769.0,3.9138,3004.4098,24,3.8418,2949.2578,202304
768.0,768.0,768.0,768.0,2.446,1878.528,8,0.0274,21.0432,202304
767.0,770.0,767.0,769.0,29.398,22613.2679,68,19.3863,14919.4295,202304
768.0,768.0,768.0,768.0,6.3138,4848.9984,13,0.0,0.0,202304
767.0,769.0,767.0,768.0,6.1287,4707.5763,19,5.8804,4516.9302,202304
768.0,768.0,768.0,768.0,1.3544,1040.1792,5,0.0,0.0,202304
768.0,769.0,767.0,767.0,19.0183,14597.5938,58,4.5087,3458.7549,202304
767.0,769.0,767.0,768.0,83.3966,64056.75,102,63.6274,48876.288,202304
767.0,768.0,767.0,767.0,2.6919,2064.7179,20,0.7517,576.5845,202304
766.0,768.0,766.0,767.0,12.4665,9561.9011,33,4.5904,3520.9931,202304
767.0,767.0,767.0,767.0,0.3352,257.0984,4,0.0,0.0,202304
767.0,767.0,765.0,765.0,87.2463,66859.0464,98,3.937,3019.6357,202304
766.0,766.0,765.0,766.0,66.5926,50989.9449,54,41.8262,32024.1084,202304
765.0,770.0,765.0,767.0,399.0908,306169.9355,346,264.3457,202756.7247,202304
766.0,767.0,766.0,766.0,1.7528,1343.9485,12,1.3037,999.9379,202304
766.0,767.0,766.0,767.0,12.6727,9719.9025,22,9.9485,7630.4995,202304
767.0,769.0,766.0,767.0,26.641,20439.9974,88,13.748,10550.339,202304
767.0,767.0,763.0,764.0,266.8581,204119.4782,190,84.8668,64936.6135,202304
764.0,770.0,764.0,767.0,851.2272,652290.7768,781,449.9362,344893.7113,202304
766.0,766.0,766.0,766.0,0.0538,41.2108,2,0.0,0.0,202304
766.0,768.0,766.0,768.0,32.4932,24927.0546,38,32.4202,24871.1165,202304
767.0,768.0,767.0,768.0,3.3324,2558.407,10,0.9164,703.7952,202304
769.0,769.0,768.0,769.0,0.3033,233.1957,8,0.2613,200.9397,202304
768.0,768.0,767.0,767.0,25.1297,19291.5283,49,0.0,0.0,202304
767.0,768.0,767.0,767.0,4.5519,3494.6231,20,3.3158,2546.5344,202304
767.0,768.0,767.0,768.0,1.9849,1523.8487,9,1.4304,1098.5472,202304
767.0,768.0,767.0,768.0,0.0661,50.7162,3,0.0175,13.44,202304
767.0,769.0,767.0,769.0,14.5003,11136.305,30,11.8729,9121.0892,202304
768.0,769.0,768.0,769.0,8.7987,6766.1764,16,0.2948,226.7012,202304
768.0,769.0,768.0,769.0,0.1905,146.4464,4,0.1424,109.5056,202304
769.0,769.0,768.0,768.0,10.418,8011.4134,23,0.6606,508.0014,202304
768.0,769.0,768.0,769.0,35.7869,27520.1005,54,17.7175,13624.7575,202304
768.0,769.0,768.0,769.0,3.4885,2682.6301,8,0.8486,652.5734,202304
770.0,771.0,770.0,771.0,18.4915,14244.5786,41,18.0935,13938.1186,202304
770.0,771.0,770.0,771.0,3.8044,2933.1672,12,3.7792,2913.7632,202304
771.0,772.0,771.0,771.0,24.1797,18655.6686,90,4.5615,3520.8741,202304
770.0,771.0,770.0,771.0,26.8437,20669.9465,60,17.8628,13754.6535,202304
770.0,771.0,770.0,771.0,12.7098,9786.5738,10,0.0278,21.4338,202304
770.0,771.0,770.0,770.0,17.0568,13133.764,30,1.5829,1218.861,202304
769.0,770.0,769.0,769.0,24.4744,18839.3649,66,3.6284,2792.0767,202304
768.0,769.0,768.0,769.0,5.9608,4583.5866,10,4.5431,3493.6439,202304
769.0,772.0,769.0,771.0,355.716,274098.8834,364,178.6739,137654.7749,202304
770.0,773.0,769.0,773.0,73.766,56907.7033,118,48.6669,37545.0012,202304
773.0,774.0,772.0,774.0,70.0805,54226.2409,89,42.2901,32725.8721,202304
775.0,775.0,772.0,773.0,87.7447,67870.2287,119,3.2501,2512.3535,202304
772.0,773.0,772.0,772.0,9.2378,7137.5598,28,4.3289,3346.2397,202304
772.0,774.0,772.0,774.0,9.0932,7028.8811,16,8.9036,6882.5099,202304
773.0,774.0,773.0,773.0,22.419,17339.3334,53,9.8763,7643.8263,202304
772.0,775.0,772.0,775.0,48.5351,37573.0926,83,40.1789,31101.8039,202304
776.0,776.0,775.0,776.0,7.0335,5453.028,27,6.4076,4967.9555,202304
775.0,776.0,775.0,775.0,16.7938,13029.9092,47,4.802,3726.352,202304
775.0,776.0,775.0,775.0,2.0206,1567.4447,13,1.4797,1148.2472,202304
775.0,776.0,774.0,774.0,10.3519,8022.6378,32,0.0978,75.8928,202304
774.0,775.0,774.0,774.0,3.3336,2580.285,17,0.0786,60.915,202304
774.0,775.0,774.0,774.0,7.9487,6152.3154,19,4.9538,3834.2628,202304
774.0,775.0,774.0,775.0,24.9548,19334.902,49,12.9685,10050.5875,202304
774.0,775.0,774.0,775.0,6.1582,4770.9742,13,4.5274,3508.735,202304
774.0,775.0,774.0,774.0,30.3528,23498.1416,43,15.0978,11689.9103,202304
774.0,775.0,774.0,774.0,16.7579,12970.7115,20,1.2941,1001.7303,202304
774.0,775.0,774.0,774.0,14.284,11057.1224,34,4.9866,3860.9348,202304
774.0,778.0,774.0,778.0,65.0265,50464.1745,101,49.0123,38041.5073,202304
778.0,779.0,777.0,777.0,31.2673,24325.1334,62,17.2987,13458.4016,202304
778.0,778.0,776.0,777.0,18.3661,14272.4417,36,5.0603,3934.4367,202304
776.0,779.0,776.0,778.0,53.0919,41298.4295,57,37.2392,28965.4145,202304
778.0,779.0,778.0,778.0,2.1742,1692.4888,12,0.9612,748.7748,202304
777.0,778.0,776.0,777.0,15.323,11894.1597,37,9.9346,7711.1923,202304
776.0,781.0,776.0,781.0,178.9875,139618.992,182,159.6138,124516.6971,202304
781.0,781.0,779.0,779.0,3.1607,2463.9647,27,0.1209,94.341,202304
779.0,780.0,779.0,779.0,5.5486,4324.0513,17,1.6919,1319.682,202304
779.0,781.0,779.0,780.0,24.8926,19427.0721,52,20.6119,16088.4123,202304
780.0,780.0,777.0,778.0,202.7739,157784.2371,197,25.6151,19938.3225,202304
778.0,779.0,778.0,779.0,2.6733,2082.4443,20,2.6169,2038.5651,202304
778.0,781.0,778.0,781.0,55.8095,43547.732,69,26.787,20907.8816,202304
781.0,782.0,780.0,781.0,33.4881,26147.3375,70,20.9761,16380.6069,202304
780.0,780.0,779.0,779.0,23.5514,18358.4467,34,1.7854,1392.612,202304
779.0,780.0,779.0,780.0,1.2178,948.7111,5,0.0449,35.022,202304
779.0,781.0,779.0,780.0,56.2485,43880.2493,71,49.4207,38561.2818,202304
780.0,780.0,777.0,778.0,50.602,39418.8509,69,9.2433,7191.3404,202304
778.0,780.0,777.0,780.0,21.8411,17013.7721,49,19.4459,15149.4517,202304
779.0,780.0,778.0,779.0,36.3512,28318.632,48,23.4544,18273.6445,202304
779.0,780.0,779.0,779.0,5.9302,4620.1604,23,2.1001,1636.5125,202304
779.0,779.0,776.0,776.0,41.4497,32232.4823,79,7.9485,6183.8835,202304
776.0,778.0,776.0,778.0,5.8454,4542.8357,13,2.7969,2174.2192,202304
777.0,780.0,777.0,780.0,76.9609,59996.462,76,75.2078,58632.2149,202304
780.0,783.0,777.0,780.0,313.7029,244667.7195,298,250.5634,195472.8128,202304
779.0,781.0,779.0,781.0,2.4319,1897.2431,29,0.478,373.2231,202304
780.0,784.0,780.0,782.0,188.8322,147799.7977,190,164.5852,128838.0468,202304
783.0,785.0,782.0,784.0,50.9288,39921.6458,137,28.2131,22127.5206,202304
784.0,786.0,782.0,784.0,70.7853,55485.1612,151,16.4821,12913.9425,202304
783.0,784.0,781.0,781.0,7.0147,5489.24,33,0.3878,303.7115,202304
781.0,782.0,781.0,781.0,6.532,5101.9065,13,0.4145,324.139,202304
781.0,783.0,780.0,781.0,13.8756,10843.6709,36,6.2771,4906.9427,202304
781.0,781.0,780.0,781.0,11.4775,8962.098,26,6.8675,5363.5175,202304
781.0,782.0,781.0,782.0,2.2723,1776.5939,6,1.9276,1507.3832,202304
781.0,782.0,781.0,781.0,2.4491,1912.9466,6,0.1995,156.009,202304
781.0,782.0,781.0,782.0,1.734,1355.32,16,1.066,833.612,202304
781.0,782.0,780.0,781.0,65.4756,51156.5912,76,31.1049,24309.0385,202304
781.0,781.0,780.0,781.0,15.982,12481.8924,35,12.53,9785.93,202304
780.0,781.0,780.0,780.0,7.9695,6224.0253,11,1.2902,1007.6462,202304
780.0,781.0,780.0,780.0,12.0474,9406.0212,18,5.7993,4529.2533,202304
780.0,782.0,780.0,781.0,11.1766,8732.8686,39,8.9914,7024.2104,202304
781.0,781.0,780.0,781.0,7.9407,6199.9372,21,1.5494,1210.0814,202304
781.0,781.0,777.0,778.0,32.3206,25180.6,78,2.0677,1609.8872,202304
777.0,779.0,772.0,775.0,325.9167,253067.1701,455,86.1929,66977.9289,202304
775.0,777.0,775.0,777.0,16.0124,12423.6754,33,2.866,2224.9461,202304
777.0,777.0,776.0,776.0,6.2748,4869.2785,14,0.9166,711.3153,202304
776.0,776.0,768.0,773.0,200.9152,155094.3643,399,51.3931,39667.0583,202304
773.0,774.0,772.0,772.0,3.2378,2501.1947,17,0.1219,94.3089,202304
772.0,773.0,771.0,772.0,42.6981,32964.1837,56,16.9006,13049.8002,202304
771.0,773.0,771.0,773.0,23.8051,18384.6984,46,8.208,6340.7951,202304
773.0,774.0,773.0,773.0,8.6467,6686.6621,24,6.1606,4764.9068,202304
773.0,774.0,773.0,774.0,36.2468,28034.7253,51,13.5555,10483.9218,202304
774.0,774.0,772.0,773.0,17.5709,13579.5653,35,1.1354,878.6642,202304
772.0,773.0,772.0,773.0,17.4009,13450.8299,27,6.2631,4841.3763,202304
772.0,773.0,772.0,773.0,11.197,8654.3106,17,6.2343,4819.1139,202304
772.0,773.0,772.0,773.0,12.8037,9897.2069,14,11.4835,8876.7455,202304
772.0,774.0,772.0,774.0,10.3568,8009.1835,35,5.7796,4471.1147,202304
774.0,774.0,773.0,774.0,7.0022,5418.3986,17,5.698,4410.252,202304
774.0,774.0,774.0,774.0,1.6444,1272.7656,7,0.6905,534.447,202304
773.0,773.0,773.0,773.0,31.0356,23990.5188,26,0.0,0.0,202304
773.0,773.0,772.0,773.0,13.1909,10189.642,30,8.3767,6473.0796,202304
772.0,774.0,772.0,774.0,19.0152,14710.0357,31,9.5537,7387.2622,202304
773.0,774.0,773.0,774.0,1.1639,900.8415,7,1.1468,887.6232,202304
774.0,776.0,774.0,776.0,17.8332,13828.6717,54,13.4454,10426.3389,202304
775.0,776.0,775.0,776.0,20.4655,15881.2123,20,4.8258,3744.8208,202304
775.0,776.0,775.0,776.0,10.1663,7888.3537,19,5.7331,4448.8856,202304
776.0,777.0,775.0,775.0,16.3916,12719.8492,23,5.1188,3972.2348,202304
775.0,776.0,773.0,775.0,190.8152,147710.5726,121,24.0763,18659.1585,202304
775.0,775.0,775.0,775.0,10.0769,7809.5975,29,6.8133,5280.3075,202304
774.0,775.0,774.0,774.0,26.5405,20552.9433,51,11.6592,9033.6943,202304
774.0,775.0,771.0,772.0,110.2617,85148.2947,111,49.7853,38438.5047,202304
772.0,772.0,770.0,771.0,12.9968,10027.1784,33,9.4023,7257.124,202304
770.0,771.0,769.0,770.0,36.3473,27988.5003,93,16.1908,12468.8678,202304
769.0,771.0,769.0,770.0,36.3837,28035.5762,64,24.513,18886.8901,202304
769.0,770.0,768.0,770.0,110.0946,84660.6457,145,68.3148,52539.2698,202304
769.0,773.0,769.0,771.0,137.6045,105894.0662,204,22.3227,17205.8139,202304
771.0,772.0,771.0,772.0,30.6362,23620.5478,53,23.1547,17852.3113,202304
771.0,772.0,770.0,771.0,15.4908,11943.1662,32,6.512,5021.4254,202304
771.0,772.0,771.0,772.0,18.5449,14316.643,47,15.4539,11930.4108,202304
771.0,772.0,771.0,772.0,26.1521,20176.6084,36,10.9664,8466.0608,202304
772.0,772.0,771.0,771.0,9.2505,7141.1507,11,0.0,0.0,202304
771.0,773.0,771.0,772.0,24.8088,19152.3947,27,11.2213,8662.8642,202304
773.0,773.0,772.0,772.0,5.9993,4631.5194,17,1.5104,1166.0886,202304
771.0,773.0,771.0,772.0,36.1907,27939.0918,35,35.7803,27622.5848,202304
772.0,773.0,772.0,773.0,17.8503,13798.2619,38,9.4556,7309.1788,202304
772.0,772.0,771.0,771.0,65.8628,50789.2724,49,0.1549,119.5828,202304
771.0,772.0,771.0,771.0,11.6085,8950.2363,28,0.0828,63.9216,202304
771.0,772.0,771.0,772.0,52.3126,40385.2165,31,23.6497,18257.5684,202304
771.0,771.0,768.0,770.0,159.6388,122910.5208,159,62.3515,47968.6424,202304
770.0,771.0,770.0,771.0,15.4096,11880.7329,47,14.0384,10823.6064,202304
771.0,771.0,768.0,768.0,46.8799,36096.7806,76,12.8557,9898.7594,202304
768.0,771.0,768.0,770.0,28.9843,22294.3596,54,15.4192,11864.1429,202304
770.0,771.0,770.0,770.0,13.5616,10442.847,20,1.8221,1403.432,202304
770.0,770.0,769.0,769.0,32.1759,24771.1639,50,8.7094,6702.6663,202304
769.0,770.0,769.0,770.0,16.538,12734.2413,29,10.1436,7810.572,202304
770.0,771.0,770.0,770.0,20.9777,16155.3141,62,8.3757,6451.7741,202304
770.0,773.0,770.0,773.0,13.6897,10565.6303,49,12.1472,9375.7795,202304
773.0,773.0,772.0,772.0,18.381,14201.0646,46,5.3981,4171.2141,202304
772.0,773.0,772.0,773.0,0.2193,169.4301,3,0.1305,100.8765,202304
772.0,772.0,772.0,772.0,10.5256,8125.7632,21,6.4315,4965.118,202304
772.0,773.0,772.0,773.0,24.39,18851.4428,20,22.2546,17202.8058,202304
773.0,773.0,772.0,773.0,6.2258,4811.9927,14,3.2772,2533.2756,202304
772.0,774.0,772.0,773.0,7.6103,5882.7628,24,4.4237,3419.5441,202304
773.0,773.0,773.0,773.0,5.7256,4425.8888,16,2.4944,1928.1712,202304
773.0,773.0,772.0,772.0,7.6733,5928.1272,20,4.3396,3354.5108,202304
772.0,773.0,772.0,772.0,21.543,16631.8697,33,5.2474,4051.6665,202304
771.0,772.0,771.0,772.0,12.6086,9733.7948,17,9.5843,7399.0796,202304
771.0,772.0,771.0,772.0,3.6836,2840.1285,18,2.9366,2264.1915,202304
771.0,771.0,771.0,771.0,12.5716,9692.7036,14,1.2512,964.6752,202304
771.0,771.0,771.0,771.0,0.167,128.757,3,0.0,0.0,202304
771.0,771.0,770.0,770.0,21.4055,16497.2703,32,2.0866,1608.7686,202304
769.0,770.0,769.0,769.0,31.8732,24511.3501,38,23.1834,17828.8939,202304
769.0,770.0,769.0,770.0,16.8793,12986.3038,45,13.5303,10410.7251,202304
770.0,770.0,769.0,769.0,22.9633,17670.4472,50,2.1569,1658.6561,202304
769.0,770.0,769.0,770.0,10.0533,7731.0542,15,1.151,885.1855,202304
769.0,770.0,769.0,769.0,11.3289,8722.58,31,8.1864,6303.528,202304
769.0,770.0,769.0,769.0,13.6227,10475.9083,32,10.0524,7730.3476,202304
768.0,768.0,767.0,768.0,102.2291,78472.4191,133,28.2022,21642.0086,202304
768.0,769.0,768.0,769.0,8.2366,6333.8763,29,5.7692,4436.5148,202304
769.0,771.0,769.0,771.0,10.8666,8368.3812,41,10.0063,7706.0187,202304
770.0,771.0,770.0,771.0,5.8244,4489.8286,17,2.0117,1551.0207,202304
770.0,772.0,770.0,772.0,5.064,3907.6574,34,5.0183,3872.4684,202304
771.0,773.0,771.0,772.0,13.936,10758.1533,22,1.7353,1339.6792,202304
771.0,771.0,771.0,771.0,17.1605,13230.7455,26,4.636,3574.356,202304
771.0,772.0,770.0,770.0,17.9623,13848.9399,34,6.6742,5152.3975,202304
770.0,771.0,770.0,771.0,1.7623,1358.6548,16,1.4832,1143.5472,202304
771.0,771.0,770.0,770.0,7.2401,5581.9261,13,0.0,0.0,202304
770.0,770.0,769.0,769.0,14.6148,11246.7576,46,1.3603,1047.1036,202304
768.0,770.0,768.0,770.0,6.0981,4692.0644,13,6.053,4657.4276,202304
769.0,769.0,768.0,768.0,11.8511,9110.9713,34,6.3536,4885.9184,202304
767.0,769.0,767.0,768.0,8.7936,6752.7537,26,6.7646,5195.6711,202304
768.0,768.0,767.0,767.0,6.6177,5081.1399,20,4.5658,3506.5344,202304
767.0,767.0,767.0,767.0,16.0865,12338.3455,43,10.9657,8410.6919,202304
766.0,767.0,765.0,767.0,27.9667,21420.8559,62,7.6947,5894.2308,202304
766.0,766.0,765.0,765.0,13.3886,10243.5492,29,1.225,938.35,202304
765.0,767.0,765.0,766.0,19.6482,15050.5315,30,17.8091,13641.832,202304
766.0,768.0,766.0,767.0,16.6425,12770.1662,42,12.0129,9219.3177,202304
766.0,767.0,766.0,766.0,8.8668,6800.5416,22,5.0217,3851.6439,202304
766.0,768.0,766.0,768.0,2.2798,1749.1365,10,2.2134,1698.2598,202304
767.0,767.0,767.0,767.0,6.4491,4946.4597,11,0.0,0.0,202304
767.0,768.0,767.0,768.0,8.8444,6784.1998,15,0.545,418.56,202304
767.0,768.0,767.0,768.0,0.7879,605.0555,3,0.7362,565.4016,202304
767.0,768.0,767.0,767.0,4.7902,3676.0169,13,1.9335,1484.928,202304
766.0,766.0,766.0,766.0,11.5976,8883.7616,28,3.655,2799.73,202304
765.0,767.0,765.0,767.0,19.7623,15144.0994,36,13.9861,10719.572,202304
767.0,769.0,767.0,768.0,10.0593,7732.0648,20,9.1822,7058.5248,202304
768.0,769.0,768.0,769.0,21.4279,16477.9993,34,8.2164,6318.4116,202304
769.0,770.0,769.0,770.0,1.5318,1179.4432,12,1.489,1146.53,202304
769.0,770.0,769.0,770.0,5.4758,4215.6907,29,4.6892,3610.684,202304
770.0,771.0,770.0,771.0,13.6766,10531.0271,22,3.317,2554.1351,202304
770.0,771.0,770.0,771.0,1.1892,916.8517,14,1.1677,900.2967,202304
770.0,771.0,770.0,771.0,3.667,2827.2369,29,3.4653,2671.7463,202304
771.0,772.0,771.0,772.0,0.1283,99.0283,2,0.109,84.148,202304
771.0,772.0,771.0,771.0,8.2449,6357.9121,24,1.1279,870.7051,202304
770.0,772.0,770.0,772.0,47.267,36481.4634,49,46.3708,35791.3894,202304
772.0,776.0,772.0,773.0,286.659,222057.5338,217,164.91,127708.9671,202304
773.0,777.0,773.0,776.0,29.8041,23110.3599,81,10.9731,8504.3777,202304
777.0,782.0,776.0,781.0,163.7586,127611.1711,436,90.9492,70886.71,202304
781.0,782.0,780.0,780.0,20.4404,15963.8212,55,9.7251,7600.6854,202304
780.0,780.0,779.0,779.0,13.0146,10148.8812,21,1.0522,820.716,202304
780.0,780.0,777.0,777.0,15.1688,11806.1358,46,10.7714,8382.3717,202304
777.0,778.0,777.0,778.0,2.168,1686.645,14,2.109,1640.802,202304
777.0,778.0,777.0,777.0,11.7863,9169.5413,18,10.2843,8001.1854,202304
777.0,779.0,777.0,779.0,12.4718,9703.8694,21,7.5127,5845.7123,202304
779.0,779.0,777.0,779.0,13.1675,10245.2251,21,12.0175,9350.5746,202304
778.0,779.0,778.0,778.0,1.2398,964.5919,11,0.1053,81.9509,202304
777.0,778.0,777.0,778.0,23.0037,17883.8303,50,17.0659,13268.9786,202304
778.0,778.0,777.0,778.0,13.47,10476.9858,20,9.2856,7224.1968,202304
778.0,778.0,777.0,777.0,1.2445,967.7772,15,0.8007,622.9446,202304
777.0,778.0,777.0,778.0,3.26,2534.2204,8,1.2004,933.9112,202304
777.0,778.0,775.0,776.0,33.6894,26156.2627,76,14.2863,11093.7787,202304
775.0,777.0,775.0,777.0,28.0619,21772.7584,56,19.2684,14949.7959,202304
776.0,777.0,776.0,776.0,11.7694,9135.1186,15,2.0642,1603.8834,202304
775.0,775.0,774.0,775.0,7.043,5458.1965,26,0.3458,267.995,202304
774.0,776.0,774.0,775.0,26.0513,20209.4741,56,13.0116,10091.8071,202304
775.0,776.0,775.0,775.0,13.6374,10580.6087,24,11.761,9126.3987,202304
774.0,776.0,774.0,776.0,3.0544,2369.8299,24,1.1197,868.6419,202304
776.0,776.0,775.0,775.0,157.7619,122320.2389,133,15.486,12017.136,202304
775.0,775.0,775.0,775.0,8.0195,6215.1125,18,0.9945,770.7375,202304
774.0,774.0,773.0,773.0,27.2123,21044.8165,60,2.419,1871.368,202304
772.0,772.0,771.0,772.0,30.3182,23387.8422,73,17.7464,13687.1282,202304
772.0,775.0,771.0,772.0,86.0143,66497.1815,130,80.3675,62133.6225,202304
772.0,772.0,766.0,767.0,50.0807,38502.4935,147,22.193,17049.5309,202304
767.0,769.0,765.0,768.0,85.1456,65254.0023,136,60.32,46242.0407,202304
768.0,770.0,768.0,769.0,43.5138,33429.6293,70,8.374,6437.6683,202304
769.0,771.0,769.0,771.0,20.4584,15761.5685,55,18.3834,14164.8442,202304
770.0,772.0,770.0,771.0,12.8247,9888.0915,39,9.9058,7640.4903,202304
771.0,771.0,770.0,771.0,58.0141,44681.8672,66,15.4686,11920.8391,202304
771.0,777.0,770.0,776.0,293.0155,226835.6694,316,205.5444,159089.7899,202304
776.0,785.0,776.0,782.0,239.8651,187237.4413,360,145.1299,113227.0032,202304
781.0,783.0,781.0,781.0,30.3703,23730.7845,72,10.5596,8252.7791,202304
781.0,782.0,780.0,780.0,19.1537,14957.8305,39,8.2958,6479.2989,202304
780.0,784.0,780.0,783.0,32.8311,25701.0972,77,21.4405,16785.5822,202304
783.0,783.0,781.0,781.0,23.1749,18131.7278,60,5.3346,4176.9054,202304
781.0,782.0,781.0,781.0,3.2661,2550.8804,14,0.0563,44.0266,202304
781.0,782.0,781.0,781.0,25.4229,19855.5358,27,11.6187,9074.4556,202304
780.0,782.0,780.0,781.0,15.6383,12217.6721,33,8.1393,6363.5682,202304
780.0,782.0,780.0,780.0,9.2319,7210.0211,18,7.0324,5492.3335,202304
780.0,783.0,780.0,783.0,26.5434,20756.2278,55,15.7547,12309.8913,202304
782.0,783.0,782.0,782.0,8.2521,6460.1806,18,0.9189,719.4987,202304
783.0,784.0,782.0,783.0,40.0276,31351.221,74,26.8908,21065.1389,202304
782.0,782.0,782.0,782.0,8.3075,6496.465,33,0.2163,169.1466,202304
781.0,782.0,781.0,782.0,10.2795,8031.4762,24,2.0112,1572.7584,202304
781.0,781.0,780.0,780.0,31.362,24481.1752,29,1.8427,1439.1487,202304
781.0,781.0,780.0,781.0,22.6386,17672.0268,27,11.4276,8924.9556,202304
781.0,782.0,781.0,782.0,2.774,2169.223,21,2.729,2134.078,202304
781.0,781.0,781.0,781.0,7.3412,5733.4772,22,2.4185,1888.8485,202304
781.0,783.0,780.0,783.0,7.8006,6093.6859,29,7.6624,5985.7165,202304
783.0,784.0,782.0,783.0,40.5738,31774.2351,73,31.7494,24867.1153,202304
783.0,785.0,783.0,784.0,27.6449,21670.0545,68,11.1765,8765.7592,202304
783.0,785.0,782.0,785.0,11.1202,8712.3228,67,7.358,5767.7812,202304
785.0,785.0,784.0,785.0,12.7947,10033.2974,32,2.2526,1768.291,202304
785.0,785.0,784.0,784.0,14.4977,11366.6379,30,4.426,3470.4251,202304
783.0,785.0,783.0,785.0,18.442,14455.2169,36,8.8863,6967.7906,202304
784.0,785.0,783.0,784.0,12.3243,9658.4901,39,1.665,1306.2058,202304
783.0,784.0,782.0,784.0,3.401,2664.2831,23,2.9718,2328.2331,202304
783.0,785.0,783.0,785.0,6.553,5136.9098,35,5.4773,4294.6,202304
784.0,785.0,783.0,784.0,34.7945,27284.4481,39,9.4571,7422.6537,202304
784.0,784.0,784.0,784.0,0.1509,118.3056,2,0.0,0.0,202304
784.0,788.0,783.0,784.0,61.7081,48516.4504,223,40.4038,31777.6683,202304
784.0,784.0,782.0,783.0,14.2568,11150.8751,40,5.2912,4138.0097,202304
782.0,783.0,781.0,781.0,23.8554,18644.6418,55,5.9305,4635.6914,202304
781.0,782.0,781.0,782.0,24.0146,18770.4092,43,8.6825,6787.2157,202304
781.0,784.0,781.0,783.0,5.5992,4383.7609,33,4.0101,3139.7144,202304
782.0,784.0,782.0,783.0,8.3845,6565.0991,20,7.0654,5532.2632,202304
782.0,784.0,782.0,782.0,22.0814,17272.7238,57,5.5073,4310.4975,202304
781.0,784.0,781.0,783.0,61.4321,48112.9578,90,49.5382,38800.1097,202304
782.0,783.0,782.0,783.0,7.4772,5854.4445,31,5.8828,4606.2324,202304
782.0,783.0,782.0,782.0,5.4018,4224.4016,25,1.742,1362.438,202304
782.0,791.0,782.0,788.0,454.0221,357378.0876,470,394.5673,310571.2304,202304
788.0,794.0,787.0,791.0,242.2408,191769.0012,360,169.8467,134511.5769,202304
792.0,796.0,790.0,795.0,189.5203,150498.0895,370,130.758,103884.9086,202304
795.0,796.0,792.0,792.0,70.7712,56222.0584,198,38.2066,30362.5061,202304
792.0,794.0,792.0,793.0,22.1186,17538.9975,82,12.0353,9545.6226,202304
792.0,793.0,790.0,792.0,38.5681,30540.0353,118,11.8937,9419.5255,202304
792.0,795.0,792.0,794.0,25.3909,20169.6582,62,22.8671,18167.4453,202304
794.0,795.0,793.0,793.0,25.3526,20137.6499,47,16.9366,13458.1394,202304
793.0,794.0,792.0,793.0,21.9541,17409.9077,43,5.6675,4495.3192,202304
792.0,794.0,788.0,790.0,211.9303,167591.3975,219,42.2653,33421.2459,202304
790.0,790.0,789.0,789.0,26.5207,20932.2003,38,13.844,10928.1043,202304
789.0,790.0,787.0,789.0,15.4136,12153.1551,56,6.0024,4733.2747,202304
788.0,788.0,787.0,788.0,18.4881,14566.7389,46,5.5508,4374.0304,202304
787.0,788.0,787.0,787.0,4.25,3347.2496,16,2.4996,1969.6848,202304
787.0,788.0,786.0,786.0,84.5332,66483.1431,90,11.5868,9119.8351,202304
786.0,787.0,786.0,787.0,0.4862,382.5261,11,0.3729,293.4723,202304
786.0,788.0,786.0,787.0,9.8011,7713.6026,27,3.5483,2792.7099,202304
786.0,786.0,785.0,785.0,29.7222,23340.3614,63,3.7285,2927.3637,202304
785.0,785.0,785.0,785.0,0.0507,39.7995,2,0.0,0.0,202304
785.0,787.0,785.0,786.0,15.6573,12306.4242,50,7.274,5718.2192,202304
785.0,786.0,783.0,785.0,31.4192,24635.5935,82,10.7303,8419.6212,202304
784.0,784.0,783.0,783.0,9.8131,7692.1164,18,7.529,5902.736,202304
783.0,784.0,783.0,784.0,0.6075,476.2352,7,0.5627,441.1568,202304
783.0,785.0,783.0,784.0,30.5578,23949.3668,33,7.3533,5765.005,202304
784.0,784.0,783.0,784.0,13.0704,10245.1261,35,7.5132,5890.3488,202304
784.0,784.0,783.0,783.0,10.9299,8563.1827,15,0.0422,33.0848,202304
783.0,785.0,783.0,784.0,3.1108,2438.517,25,2.3346,1830.3582,202304
784.0,784.0,784.0,784.0,3.2085,2515.464,11,1.0486,822.1024,202304
784.0,784.0,784.0,784.0,4.5883,3597.2272,21,2.7662,2168.7008,202304
783.0,784.0,783.0,784.0,4.2316,3317.4812,19,1.093,856.912,202304
783.0,784.0,781.0,782.0,96.3406,75305.9335,149,20.1854,15796.3399,202304
781.0,782.0,780.0,781.0,9.4689,7391.259,47,4.2613,3328.2036,202304
780.0,782.0,780.0,782.0,3.9846,3114.7393,30,3.2323,2527.2171,202304
781.0,783.0,781.0,783.0,11.0793,8665.0876,21,9.4595,7399.9916,202304
782.0,783.0,782.0,783.0,3.0792,2410.8398,15,2.9054,2274.9282,202304
782.0,785.0,782.0,784.0,20.5985,16150.4568,63,13.2586,10397.1746,202304
783.0,783.0,782.0,782.0,19.646,15382.6121,21,0.1879,147.1257,202304
783.0,783.0,782.0,782.0,8.3856,6557.5997,18,6.9575,5440.8255,202304
782.0,783.0,782.0,782.0,18.4941,14474.0848,32,14.3662,11243.228,202304
783.0,784.0,783.0,783.0,5.5162,4319.3405,18,1.842,1442.4419,202304
782.0,788.0,782.0,785.0,198.1859,155722.5662,196,187.8466,147593.0831,202304
785.0,787.0,785.0,786.0,13.458,10581.1207,59,6.2876,4946.0563,202304
785.0,790.0,785.0,789.0,73.6089,58013.7735,96,69.2099,54551.3003,202304
789.0,790.0,787.0,789.0,32.7678,25846.7249,96,20.7068,16336.4375,202304
789.0,791.0,788.0,789.0,84.3547,66667.5336,58,71.7834,56739.3512,202304
790.0,791.0,790.0,790.0,38.1235,30142.5767,61,30.5054,24124.2777,202304
790.0,792.0,790.0,791.0,29.0024,22949.0784,99,14.4271,11413.8099,202304
792.0,792.0,790.0,791.0,25.4408,20132.2216,73,15.5862,12334.514,202304
791.0,791.0,789.0,790.0,27.1731,21466.3684,55,7.1655,5662.392,202304
791.0,791.0,790.0,791.0,12.8822,10187.6003,48,5.1741,4092.7131,202304
791.0,792.0,791.0,791.0,20.6889,16365.0471,41,8.7586,6928.1798,202304
791.0,791.0,788.0,788.0,88.6351,69920.3107,88,6.1023,4812.6271,202304
788.0,789.0,788.0,788.0,17.8524,14067.7051,22,0.0139,10.9671,202304
788.0,789.0,787.0,788.0,41.0938,32362.282,64,10.039,7911.8775,202304
788.0,788.0,786.0,786.0,111.8208,87955.5727,105,17.2385,13555.0957,202304
785.0,787.0,782.0,783.0,246.878,193607.9138,269,45.5254,35726.9665,202304
782.0,784.0,782.0,782.0,42.8849,33577.8058,58,25.275,19791.6229,202304
783.0,783.0,780.0,781.0,42.9989,33571.1038,79,10.9438,8551.8313,202304
781.0,783.0,781.0,782.0,72.8589,56972.0665,133,63.205,49430.2293,202304
781.0,781.0,778.0,779.0,190.0713,148046.855,219,6.9617,5422.1744,202304
779.0,779.0,777.0,778.0,95.863,74539.9471,92,9.3081,7247.7049,202304
778.0,779.0,778.0,779.0,10.666,8307.9935,24,9.8455,7669.6445,202304
778.0,778.0,775.0,776.0,55.3996,43020.3244,113,3.8145,2963.6675,202304
775.0,775.0,772.0,774.0,179.4642,138829.3076,198,12.2996,9525.5829,202304
773.0,774.0,773.0,774.0,24.1261,18657.8713,49,17.8518,13807.8374,202304
773.0,774.0,772.0,774.0,49.9932,38629.264,63,22.6262,17493.89,202304
773.0,775.0,773.0,775.0,20.1446,15599.9502,38,20.1152,15577.224,202304
774.0,775.0,773.0,775.0,26.6486,20622.298,54,11.5884,8971.483,202304
774.0,775.0,773.0,774.0,5.0569,3916.7395,32,3.7255,2886.6365,202304
773.0,775.0,772.0,772.0,84.9819,65703.6092,182,47.1419,36469.4076,202304
772.0,775.0,770.0,775.0,67.6353,52182.7657,182,28.9217,22338.4749,202304
775.0,776.0,774.0,776.0,27.8003,21555.6017,117,12.9653,10057.3747,202304
775.0,775.0,775.0,775.0,13.3866,10374.615,27,3.1372,2431.33,202304
775.0,775.0,774.0,775.0,0.4277,331.4522,8,0.4124,319.61,202304
774.0,774.0,772.0,773.0,14.8129,11452.4128,36,0.1706,131.8738,202304
772.0,773.0,771.0,773.0,14.2354,10990.4244,42,6.4392,4971.7719,202304
772.0,774.0,772.0,774.0,18.985,14680.4529,42,16.1882,12521.0285,202304
773.0,774.0,773.0,774.0,17.2264,13331.2198,33,11.1292,8614.0008,202304
773.0,775.0,772.0,772.0,28.7386,22225.2488,45,8.2409,6374.7635,202304
772.0,772.0,771.0,772.0,31.5231,24326.3993,63,12.9663,10009.9836,202304
772.0,773.0,771.0,773.0,23.5521,18178.457,39,12.0047,9267.7704,202304
772.0,773.0,772.0,772.0,6.3531,4905.5875,26,2.0419,1577.3411,202304
772.0,778.0,772.0,776.0,262.9839,203975.3638,238,256.3117,198798.4247,202304
776.0,777.0,774.0,775.0,29.6364,22970.0329,142,8.4074,6521.463,202304
775.0,777.0,775.0,777.0,6.0688,4713.296,44,3.7219,2890.9427,202304
778.0,778.0,776.0,777.0,8.5506,6643.9787,32,6.7801,5268.4076,202304
776.0,781.0,776.0,779.0,162.8355,127038.4144,197,125.2442,97720.6718,202304
779.0,779.0,777.0,778.0,17.1004,13302.6587,93,7.2939,5675.8981,202304
777.0,778.0,776.0,777.0,11.3697,8833.9713,36,4.9864,3874.5613,202304
777.0,778.0,777.0,777.0,44.7497,34802.3789,47,16.7598,13031.1607,202304
777.0,778.0,777.0,777.0,24.8525,19328.9774,31,22.0532,17153.9213,202304
776.0,777.0,776.0,776.0,30.3616,23590.0603,35,19.061,14810.397,202304
776.0,777.0,776.0,777.0,35.8186,27830.9547,37,32.0224,24881.4048,202304
776.0,780.0,776.0,780.0,41.6327,32414.7264,74,40.954,31886.8071,202304
780.0,781.0,779.0,779.0,131.7296,102728.2571,113,42.1181,32877.972,202304
779.0,779.0,778.0,778.0,2.5667,1996.9356,19,0.1113,86.6344,202304
778.0,780.0,778.0,779.0,20.6892,16121.2713,31,19.2283,14983.2302,202304
778.0,779.0,777.0,777.0,22.5332,17534.2668,39,10.1228,7882.3689,202304
777.0,778.0,777.0,778.0,7.8855,6134.9049,10,7.8714,6123.9492,202304
778.0,780.0,778.0,778.0,30.1699,23495.2028,58,26.3443,20516.098,202304
778.0,778.0,776.0,778.0,51.0577,39679.8627,88,17.1016,13295.3437,202304
777.0,777.0,776.0,776.0,16.9659,13179.3016,20,9.6015,7460.3655,202304
775.0,778.0,775.0,778.0,8.8174,6849.6157,17,7.0982,5514.3151,202304
777.0,779.0,776.0,777.0,78.2561,60877.5791,82,62.3082,48485.7869,202304
776.0,780.0,776.0,779.0,28.1119,21888.3732,46,27.3425,21289.1816,202304
779.0,779.0,773.0,774.0,33.8749,26270.2315,126,11.6917,9058.5005,202304
774.0,776.0,773.0,776.0,30.2407,23427.7146,80,20.0972,15568.5186,202304
776.0,779.0,775.0,778.0,30.4611,23674.9225,65,20.0842,15609.7383,202304
778.0,780.0,778.0,779.0,16.3297,12735.5338,92,7.9591,6207.7058,202304
779.0,779.0,777.0,778.0,18.7646,14605.3846,39,5.9884,4659.076,202304
777.0,779.0,776.0,778.0,14.7384,11460.3187,46,6.5345,5082.4396,202304
777.0,778.0,775.0,776.0,130.8778,101579.611,98,4.8174,3740.2482,202304
775.0,775.0,773.0,773.0,17.3543,13442.9785,60,8.9186,6911.8875,202304
773.0,773.0,769.0,769.0,237.0726,182973.2342,283,67.5305,52130.5413,202304
769.0,771.0,769.0,771.0,10.7442,8275.152,43,4.5292,3490.7689,202304
771.0,771.0,770.0,770.0,22.2134,17122.9462,53,1.0296,793.8216,202304
771.0,772.0,771.0,771.0,17.6962,13646.5319,29,6.656,5134.5377,202304
771.0,772.0,771.0,771.0,6.2536,4823.9828,42,2.4572,1896.9584,202304
771.0,773.0,771.0,772.0,7.4066,5718.7174,47,3.5364,2732.3747,202304
772.0,772.0,771.0,771.0,10.2834,7935.5389,25,1.297,1001.284,202304
771.0,772.0,770.0,770.0,22.1334,17066.0594,59,6.6404,5125.4556,202304
770.0,771.0,770.0,770.0,20.3716,15690.4397,46,12.8646,9910.0497,202304
770.0,771.0,769.0,770.0,29.4413,22669.532,76,18.4744,14228.0134,202304
769.0,772.0,769.0,771.0,14.2817,11003.7889,47,6.6436,5119.4457,202304
771.0,773.0,771.0,773.0,24.4315,18874.8605,65,9.3212,7202.6959,202304
773.0,773.0,772.0,773.0,25.0285,19344.4571,50,6.6309,5125.6857,202304
772.0,775.0,771.0,774.0,161.2432,124596.5325,195,64.8257,50166.122,202304
774.0,776.0,773.0,775.0,55.1194,42710.2869,61,41.2795,31989.1515,202304
775.0,779.0,775.0,778.0,40.6349,31571.755,120,21.5248,16722.9683,202304
777.0,778.0,777.0,778.0,9.4986,7383.4976,26,7.2261,5617.7651,202304
777.0,778.0,777.0,778.0,8.6134,6701.1864,20,4.1208,3205.9824,202304
778.0,779.0,776.0,776.0,12.1359,9440.0929,42,8.696,6765.7052,202304
776.0,777.0,775.0,776.0,58.1141,45082.1147,43,10.6395,8266.2798,202304
775.0,776.0,775.0,775.0,11.231,8704.0696,25,4.02,3115.5446,202304
775.0,776.0,774.0,776.0,15.0806,11693.0736,33,4.0022,3103.464,202304
776.0,777.0,776.0,776.0,7.7542,6017.2728,23,0.0136,10.5672,202304
775.0,775.0,774.0,774.0,19.5025,15106.7507,48,4.6324,3588.1218,202304
774.0,776.0,774.0,774.0,18.6623,14460.3064,41,10.3514,8022.3628,202304
774.0,776.0,774.0,776.0,32.6309,25299.9608,59,15.709,12182.2599,202304
776.0,777.0,776.0,777.0,2.014,1563.1689,7,0.3049,236.9073,202304
776.0,779.0,776.0,778.0,24.1388,18774.2691,50,7.9772,6204.2134,202304
778.0,780.0,778.0,779.0,67.0569,52278.0949,99,57.5515,44868.6312,202304
779.0,780.0,779.0,780.0,17.1903,13406.1349,35,6.5237,5088.486,202304
779.0,782.0,779.0,782.0,53.7035,41934.8111,100,33.1531,25899.2877,202304
782.0,783.0,781.0,782.0,40.9112,31996.4426,118,18.7076,14637.3075,202304
781.0,783.0,781.0,783.0,6.0048,4698.08,24,3.3932,2655.8239,202304
782.0,784.0,782.0,783.0,12.9346,10131.9784,44,6.0881,4771.396,202304
783.0,784.0,783.0,783.0,24.1955,18966.9717,48,7.7382,6066.7488,202304
783.0,785.0,783.0,785.0,12.7343,9984.0252,52,6.7692,5307.8482,202304
785.0,785.0,783.0,784.0,35.8248,28105.7962,78,25.0317,19644.0902,202304
784.0,785.0,784.0,785.0,17.0387,13374.2212,54,7.3442,5765.197,202304
784.0,788.0,784.0,787.0,37.9783,29868.6514,131,21.3972,16831.1761,202304
787.0,788.0,786.0,788.0,35.5135,27935.4102,86,8.4643,6661.5083,202304
787.0,788.0,787.0,787.0,4.4926,3536.7661,25,1.0899,858.8412,202304
787.0,787.0,785.0,786.0,56.4305,44346.3642,100,10.377,8152.5973,202304
786.0,786.0,784.0,785.0,31.6888,24879.3307,47,4.6624,3660.9775,202304
785.0,785.0,784.0,784.0,2.9156,2288.7193,13,0.0,0.0,202304
784.0,784.0,783.0,784.0,35.3436,27705.3383,73,13.3962,10502.6208,202304
785.0,786.0,784.0,785.0,4.6544,3653.8119,28,4.2792,3359.5968,202304
785.0,787.0,785.0,787.0,14.1666,11134.7111,36,5.2184,4105.6555,202304
786.0,786.0,785.0,786.0,11.9373,9382.2022,30,3.9975,3142.035,202304
786.0,787.0,786.0,786.0,11.1724,8787.2054,23,5.699,4485.113,202304
786.0,786.0,786.0,786.0,0.1676,131.7336,6,0.0,0.0,202304
786.0,787.0,786.0,786.0,3.7621,2959.5518,9,2.5412,1999.9244,202304
786.0,789.0,786.0,787.0,28.5663,22496.9406,60,15.202,11971.6601,202304
787.0,787.0,787.0,787.0,11.2839,8880.4293,19,6.7773,5333.7351,202304
787.0,790.0,787.0,790.0,38.4174,30322.6315,106,17.6384,13929.4681,202304
791.0,793.0,789.0,790.0,69.3645,54848.791,216,43.9557,34765.3675,202304
791.0,791.0,789.0,790.0,27.4364,21683.435,71,19.8958,15726.613,202304
789.0,790.0,788.0,789.0,35.2166,27778.0445,76,14.292,11275.3601,202304
789.0,789.0,789.0,789.0,23.5752,18600.8328,41,17.5866,13875.8274,202304
788.0,790.0,788.0,790.0,11.0892,8751.2979,32,9.852,7776.0529,202304
790.0,793.0,790.0,793.0,51.8036,41010.6787,111,28.0359,22203.428,202304
792.0,793.0,792.0,792.0,29.3788,23296.9858,67,14.4282,11441.5626,202304
793.0,793.0,791.0,791.0,26.1981,20731.7544,64,0.4042,320.3485,202304
791.0,791.0,789.0,790.0,14.4262,11400.8659,26,0.0553,43.687,202304
789.0,790.0,789.0,789.0,15.1446,11964.1261,13,15.0367,11878.993,202304
790.0,791.0,788.0,788.0,29.6388,23396.4242,57,15.3847,12143.2964,202304
788.0,789.0,785.0,786.0,77.8692,61308.0201,185,27.1565,21383.2297,202304
786.0,788.0,781.0,783.0,79.0036,61868.4568,201,36.6565,28701.8495,202304
782.0,787.0,782.0,786.0,35.7799,28099.9358,94,28.7915,22612.31,202304
786.0,788.0,786.0,788.0,34.0553,26798.3812,68,10.6067,8351.1258,202304
788.0,791.0,788.0,790.0,54.2707,42895.3596,104,21.708,17153.3182,202304
790.0,792.0,790.0,791.0,24.0164,18997.5227,39,3.076,2433.6823,202304
791.0,791.0,790.0,790.0,29.3254,23188.3366,75,9.9905,7902.4855,202304
790.0,792.0,789.0,792.0,38.7821,30665.191,97,22.4556,17762.3289,202304
791.0,793.0,791.0,791.0,25.945,20551.5981,57,14.2353,11278.6533,202304
791.0,793.0,791.0,793.0,18.0749,14306.6327,57,6.8297,5409.7567,202304
792.0,792.0,791.0,792.0,12.3031,9742.4942,36,2.4988,1979.0496,202304
791.0,793.0,791.0,793.0,19.3736,15346.0543,19,12.6145,9992.8682,202304
792.0,793.0,792.0,792.0,4.9228,3899.8397,7,0.9821,778.8053,202304
792.0,794.0,791.0,793.0,80.3144,63685.8687,84,70.5041,55909.5519,202304
793.0,795.0,793.0,794.0,18.4415,14641.803,49,7.0008,5558.6681,202304
794.0,794.0,790.0,790.0,39.6292,31388.5196,85,8.4207,6677.4708,202304
790.0,793.0,790.0,792.0,32.8469,26000.9751,54,13.199,10450.3683,202304
791.0,791.0,790.0,791.0,20.2417,16002.2955,45,1.6947,1340.5077,202304
790.0,792.0,790.0,792.0,13.3202,10542.9701,17,12.9821,10275.5482,202304
792.0,793.0,792.0,793.0,3.6102,2861.6979,21,1.8659,1478.7437,202304
793.0,794.0,793.0,793.0,24.923,19776.3764,29,13.9066,11040.3712,202304
793.0,794.0,792.0,793.0,18.5835,14736.9249,46,5.748,4558.8734,202304
793.0,795.0,793.0,794.0,17.8211,14162.9153,45,17.5283,13930.4526,202304
795.0,799.0,794.0,799.0,138.0924,109980.3659,300,101.9616,81184.4301,202304
799.0,799.0,796.0,797.0,61.6522,49151.5692,147,15.7127,12536.9789,202304
797.0,797.0,796.0,796.0,8.2072,6537.8836,43,2.5285,2015.2145,202304
796.0,796.0,795.0,795.0,6.5148,5180.5207,30,0.0594,47.2824,202304
795.0,795.0,794.0,795.0,22.1994,17646.3872,63,14.4329,11474.1555,202304
795.0,798.0,795.0,797.0,26.8463,21377.665,77,16.2855,12974.6535,202304
797.0,798.0,796.0,796.0,16.5161,13170.8116,48,7.6807,6129.0611,202304
796.0,798.0,796.0,797.0,19.5822,15596.8288,57,9.75,7768.6564,202304
796.0,799.0,796.0,798.0,35.8002,28562.5074,78,22.4439,17909.0501,202304
798.0,799.0,797.0,798.0,9.5163,7593.5397,32,2.9295,2337.7884,202304
798.0,799.0,798.0,799.0,2.4888,1986.706,18,0.6436,514.2364,202304
799.0,799.0,797.0,797.0,23.2093,18525.1695,38,5.8072,4639.0523,202304
797.0,798.0,797.0,798.0,11.9932,9570.5548,21,7.3904,5897.5392,202304
798.0,801.0,798.0,799.0,164.372,131475.923,284,149.0761,119256.1016,202304
799.0,802.0,799.0,799.0,39.1112,31318.8846,125,12.0682,9663.9045,202304
799.0,802.0,797.0,798.0,50.0708,40027.7319,132,37.1518,29696.3211,202304
799.0,800.0,797.0,799.0,57.9226,46231.7867,98,14.1358,11286.3922,202304
799.0,800.0,798.0,800.0,22.1391,17689.8605,65,8.8317,7058.4401,202304
800.0,800.0,799.0,799.0,7.1455,5716.1058,20,0.7643,611.44,202304
799.0,800.0,798.0,798.0,19.2883,15402.1329,44,1.8438,1474.9003,202304
798.0,800.0,798.0,799.0,29.6198,23654.0168,47,19.1482,15288.134,202304
799.0,799.0,796.0,796.0,75.3687,60110.8563,166,21.6696,17278.2933,202304
796.0,798.0,796.0,798.0,17.3854,13868.7733,83,6.3137,5035.3746,202304
798.0,801.0,798.0,798.0,38.0991,30477.5669,115,14.9529,11962.1395,202304
798.0,803.0,798.0,802.0,62.6771,50246.4865,148,37.4032,29984.728,202304
802.0,802.0,800.0,801.0,25.409,20352.2296,58,6.6687,5343.4257,202304
801.0,804.0,800.0,804.0,36.7946,29518.0199,116,25.5699,20516.3662,202304
803.0,804.0,801.0,801.0,28.464,22846.0427,71,7.7484,6217.9443,202304
801.0,804.0,798.0,803.0,61.5324,49283.3207,181,26.1595,20972.3143,202304
803.0,803.0,798.0,799.0,49.1997,39355.9695,131,14.3786,11499.5686,202304
798.0,802.0,798.0,799.0,59.0997,47322.1687,147,30.2991,24247.4103,202304
799.0,802.0,795.0,796.0,70.2735,56198.9693,184,24.4031,19521.301,202304
796.0,799.0,794.0,796.0,103.6004,82423.5472,210,38.1808,30379.8826,202304
795.0,795.0,786.0,787.0,289.6169,228502.8222,661,100.775,79517.7571,202304
787.0,789.0,778.0,785.0,438.6882,344143.6234,893,104.8896,82437.6569,202304
785.0,786.0,784.0,786.0,83.4751,65517.9369,234,55.0742,43232.5808,202304
786.0,786.0,782.0,783.0,229.2161,179580.6692,286,63.3486,49666.0073,202304
782.0,782.0,778.0,778.0,79.4144,61917.896,239,37.7017,29395.3766,202304
778.0,780.0,774.0,780.0,116.559,90726.6015,273,72.5677,56497.1593,202304
780.0,782.0,780.0,782.0,48.1192,37569.9897,90,40.378,31530.682,202304
781.0,784.0,781.0,783.0,65.2376,51087.0278,145,23.9184,18731.4554,202304
783.0,790.0,782.0,789.0,136.3578,107335.7665,339,111.8896,88107.1195,202304
790.0,798.0,790.0,791.0,377.3856,299368.3947,716,166.304,132047.3049,202304
792.0,792.0,789.0,791.0,110.9303,87701.3149,177,49.8974,39487.6779,202304
791.0,793.0,791.0,792.0,45.3228,35905.4669,94,14.8029,11729.0288,202304
792.0,792.0,791.0,791.0,10.6518,8431.3353,35,1.5701,1241.9491,202304
791.0,793.0,791.0,791.0,23.117,18302.018,40,12.6578,10018.3595,202304
792.0,792.0,789.0,789.0,28.5067,22553.4918,60,13.6932,10844.048,202304
789.0,792.0,789.0,791.0,28.0365,22162.6504,56,21.2616,16815.2897,202304
791.0,792.0,791.0,792.0,5.8939,4665.4994,21,2.8796,2279.7136,202304
792.0,793.0,791.0,792.0,27.883,22063.375,37,1.7999,1425.5461,202304
792.0,794.0,792.0,793.0,64.4243,51067.5547,57,63.5541,50377.8042,202304
794.0,794.0,793.0,793.0,29.8366,23666.8997,34,0.0,0.0,202304
794.0,795.0,794.0,795.0,28.6794,22771.7703,65,16.6571,13226.0641,202304
795.0,797.0,795.0,796.0,22.5455,17939.0602,54,11.519,9163.4235,202304
795.0,796.0,795.0,795.0,2.5973,2066.3718,6,1.5183,1208.5668,202304
796.0,799.0,796.0,798.0,53.1949,42402.572,125,26.5616,21169.2719,202304
798.0,800.0,798.0,800.0,29.9265,23900.0321,53,9.3835,7503.6113,202304
800.0,800.0,799.0,799.0,0.6783,542.6038,11,0.6421,513.68,202304
799.0,799.0,798.0,799.0,5.2182,4168.2251,31,1.2256,979.2544,202304
799.0,799.0,798.0,798.0,7.8764,6292.0942,7,6.727,5374.873,202304
798.0,799.0,797.0,798.0,29.9784,23923.7649,69,11.5567,9223.9136,202304
798.0,800.0,798.0,799.0,24.5752,19633.4502,49,12.3818,9891.783,202304
800.0,800.0,799.0,800.0,9.2691,7409.0439,15,3.033,2426.4,202304
799.0,801.0,799.0,800.0,9.4165,7533.6699,26,6.3863,5109.6494,202304
800.0,801.0,799.0,801.0,39.2636,31426.2948,58,16.5704,13271.991,202304
801.0,801.0,800.0,800.0,25.323,20278.9119,53,11.6602,9339.8202,202304
800.0,801.0,800.0,800.0,1.8589,1487.1946,5,0.0746,59.7546,202304
800.0,802.0,799.0,802.0,44.9158,35922.7395,97,19.2338,15390.7007,202304
802.0,802.0,800.0,801.0,14.425,11554.2798,34,3.8789,3107.0688,202304
802.0,803.0,801.0,802.0,25.0529,20087.8176,59,10.5256,8442.2412,202304
803.0,806.0,803.0,806.0,82.8557,66662.4141,180,51.0069,41045.5435,202304
805.0,808.0,805.0,808.0,41.8736,33761.4084,140,28.0827,22642.9415,202304
808.0,810.0,808.0,808.0,36.3866,29427.9967,132,17.3405,14029.0148,202304
808.0,809.0,806.0,809.0,35.2891,28509.9196,110,16.9023,13661.5356,202304
809.0,811.0,808.0,809.0,71.5415,57911.3634,129,51.2825,41519.3353,202304
809.0,809.0,806.0,807.0,17.0073,13729.3096,84,6.3675,5140.5207,202304
806.0,807.0,805.0,807.0,63.3914,51098.3319,121,24.9317,20099.4735,202304
806.0,809.0,806.0,806.0,43.4206,35038.2361,86,6.2815,5070.2135,202304
805.0,807.0,805.0,806.0,11.9099,9599.8418,30,6.8072,5487.1032,202304
806.0,807.0,803.0,804.0,62.7317,50478.9877,119,16.1633,13015.5145,202304
804.0,810.0,804.0,809.0,53.3296,43048.7019,144,38.145,30791.9628,202304
809.0,820.0,808.0,816.0,340.7811,277723.2121,696,232.4174,189434.7307,202304
815.0,816.0,813.0,814.0,59.5669,48529.7518,137,19.2628,15691.579,202304
814.0,814.0,813.0,813.0,23.0755,18769.394,48,6.94,5649.16,202304
813.0,813.0,811.0,811.0,91.8299,74628.3663,138,20.456,16629.5878,202304
811.0,814.0,809.0,813.0,49.6069,40248.6615,119,30.8431,25037.4617,202304
812.0,814.0,811.0,812.0,26.11,21211.6476,61,13.9438,11329.8524,202304
812.0,813.0,812.0,812.0,6.4927,5273.1105,16,1.0381,843.9753,202304
812.0,812.0,810.0,810.0,36.2781,29438.6183,79,1.2606,1022.3175,202304
809.0,809.0,805.0,806.0,110.4051,89123.6303,232,25.6644,20726.8436,202304
806.0,807.0,805.0,805.0,37.5013,30209.9644,54,0.386,311.0268,202304
804.0,807.0,804.0,806.0,43.0396,34697.8736,108,17.8407,14376.5954,202304
807.0,807.0,806.0,806.0,9.6961,7815.6761,19,3.706,2987.6555,202304
806.0,808.0,806.0,807.0,6.174,4982.3057,24,3.2589,2631.1313,202304
807.0,809.0,807.0,807.0,33.4583,27024.3994,84,19.4145,15686.9612,202304
807.0,807.0,805.0,805.0,15.0059,12098.6968,28,7.2202,5819.4812,202304
805.0,808.0,805.0,807.0,23.4644,18931.5192,67,12.6228,10185.1256,202304
806.0,807.0,805.0,807.0,26.6547,21483.7611,47,12.6374,10185.8665,202304
806.0,808.0,806.0,807.0,8.9228,7203.1539,35,7.8583,6344.8639,202304
807.0,808.0,806.0,808.0,16.9352,13667.3285,52,4.3578,3518.3756,202304
807.0,808.0,804.0,804.0,22.7693,18350.3501,40,0.5352,431.48,202304
804.0,806.0,804.0,805.0,27.5479,22172.6028,53,10.321,8311.4945,202304
805.0,807.0,805.0,807.0,9.5262,7680.6454,25,6.962,5613.9865,202304
806.0,807.0,805.0,806.0,8.3097,6697.787,37,1.8259,1471.8904,202304
805.0,806.0,805.0,806.0,4.9846,4017.5747,16,4.8065,3874.039,202304
806.0,806.0,803.0,804.0,46.7238,37573.0453,112,19.1458,15389.2613,202304
804.0,804.0,802.0,804.0,18.4078,14791.2297,61,8.9038,7156.7724,202304
804.0,805.0,803.0,804.0,51.0006,40976.5117,91,11.08,8905.8449,202304
803.0,805.0,803.0,805.0,22.3789,17995.7614,62,9.3792,7542.9717,202304
805.0,807.0,805.0,807.0,12.5058,10080.4137,45,6.1352,4945.8521,202304
808.0,812.0,808.0,812.0,118.0177,95445.1014,130,69.5842,56281.5378,202304
811.0,813.0,811.0,812.0,29.4551,23916.9069,67,10.2548,8327.4697,202304
812.0,812.0,809.0,809.0,41.5985,33689.3472,72,2.6852,2177.0132,202304
809.0,810.0,808.0,808.0,9.4297,7633.3044,42,1.4846,1201.9559,202304
807.0,808.0,806.0,807.0,36.3539,29320.0148,72,11.9632,9651.6933,202304
807.0,808.0,805.0,805.0,39.548,31867.3737,63,19.138,15414.5644,202304
805.0,806.0,804.0,805.0,27.943,22494.4523,68,11.9995,9662.6792,202304
804.0,805.0,803.0,804.0,33.8767,27236.7523,80,8.6806,6980.1473,202304
803.0,804.0,802.0,804.0,37.4594,30098.8583,79,26.9043,21622.0212,202304
804.0,805.0,804.0,805.0,21.1734,17039.9267,43,4.172,3356.4866,202304
804.0,806.0,804.0,805.0,38.3385,30895.7413,61,16.3901,13208.8239,202304
805.0,806.0,804.0,806.0,10.465,8423.0151,36,5.9352,4777.8732,202304
805.0,805.0,801.0,802.0,60.2289,48342.2026,147,17.989,14429.1957,202304
802.0,803.0,801.0,801.0,41.6766,33420.3625,123,15.39,12345.5772,202304
801.0,803.0,801.0,802.0,45.7127,36639.6255,59,17.9743,14416.4169,202304
802.0,802.0,798.0,798.0,42.146,33722.9592,149,3.7435,2998.368,202304
798.0,800.0,797.0,798.0,20.9229,16703.7433,90,5.3344,4262.1605,202304
797.0,802.0,797.0,802.0,41.5949,33262.2193,92,38.5699,30844.0934,202304
802.0,804.0,801.0,803.0,16.4856,13228.6011,47,9.9539,7987.2115,202304
803.0,803.0,803.0,803.0,13.9134,11172.4602,19,3.0758,2469.8674,202304
804.0,804.0,802.0,803.0,18.442,14808.4404,32,8.3683,6720.2593,202304
803.0,803.0,803.0,803.0,5.3301,4280.0703,18,3.3101,2658.0103,202304
804.0,806.0,804.0,805.0,14.9032,11991.8223,43,8.5459,6875.4616,202304
804.0,804.0,801.0,802.0,43.9223,35257.8038,63,12.8589,10313.9551,202304
802.0,804.0,801.0,803.0,16.728,13432.0073,47,10.077,8092.8882,202304
803.0,803.0,801.0,803.0,12.6296,10128.1729,38,1.2778,1025.0293,202304
802.0,803.0,802.0,802.0,5.2167,4184.0564,13,3.2186,2581.5802,202304
802.0,803.0,801.0,801.0,4.7844,3836.7257,19,1.9831,1590.4875,202304
802.0,803.0,801.0,802.0,42.265,33901.2754,61,34.7293,27859.9269,202304
801.0,801.0,797.0,799.0,62.2477,49746.3829,141,20.2053,16138.0562,202304
799.0,799.0,797.0,798.0,13.5045,10785.406,45,9.2251,7369.8109,202304
798.0,798.0,796.0,798.0,25.2009,20082.7007,70,11.4179,9106.4067,202304
796.0,798.0,794.0,795.0,82.485,65639.3719,210,32.6971,26021.803,202304
796.0,796.0,794.0,795.0,62.0677,49341.0783,211,38.9416,30959.1584,202304
795.0,795.0,794.0,794.0,23.3845,18574.1541,92,12.054,9575.5044,202304
795.0,795.0,793.0,793.0,37.2542,29563.3979,111,12.5824,9986.7417,202304
793.0,793.0,791.0,791.0,55.636,44073.89,88,6.8148,5403.9289,202304
791.0,793.0,790.0,793.0,31.2848,24790.8652,135,15.195,12039.8571,202304
793.0,793.0,788.0,789.0,63.1097,49844.3287,152,2.9875,2363.6474,202304
788.0,790.0,788.0,790.0,41.4769,32728.5436,121,21.2497,16768.6999,202304
790.0,790.0,785.0,787.0,119.0562,93745.6819,220,38.042,29947.1837,202304
786.0,789.0,786.0,787.0,26.8888,21179.9627,58,21.9632,17303.982,202304
787.0,788.0,786.0,788.0,40.3422,31748.8311,107,19.5738,15408.0687,202304
788.0,789.0,787.0,788.0,23.0737,18197.0888,58,4.6811,3691.7711,202304
788.0,790.0,788.0,790.0,14.7444,11631.7639,48,8.2692,6524.5579,202304
789.0,790.0,788.0,790.0,12.776,10081.0354,18,5.9956,4731.3384,202304
790.0,791.0,789.0,790.0,16.4811,13019.4898,56,12.4154,9810.6804,202304
790.0,792.0,790.0,792.0,42.0084,33264.9287,81,18.8902,14960.5566,202304
792.0,792.0,790.0,790.0,20.8893,16520.0562,51,1.81,1431.3413,202304
789.0,789.0,788.0,789.0,11.7523,9272.441,48,0.7036,555.1404,202304
789.0,790.0,785.0,785.0,82.5462,65085.22,107,58.3187,46017.1464,202304
786.0,790.0,786.0,788.0,82.86,65314.2424,141,53.6217,42268.3538,202304
787.0,794.0,787.0,790.0,252.3425,199501.3919,316,219.3098,173415.3916,202304
789.0,793.0,789.0,789.0,60.6735,47998.9191,195,16.7554,13263.2605,202304
789.0,790.0,781.0,788.0,211.1351,165932.4324,538,96.1537,75665.1157,202304
787.0,788.0,785.0,786.0,94.3661,74240.1534,186,31.9321,25123.1741,202304
786.0,790.0,784.0,789.0,153.4324,120864.3739,174,129.8969,102347.4929,202304
788.0,792.0,788.0,792.0,58.4498,46231.4368,140,39.1402,30974.6385,202304
793.0,793.0,791.0,791.0,33.7003,26683.2243,50,3.5338,2797.7332,202304
791.0,793.0,791.0,793.0,74.2809,58858.398,132,38.4809,30497.8646,202304
793.0,793.0,791.0,792.0,33.1267,26221.3363,89,15.2332,12056.3041,202304
792.0,794.0,791.0,793.0,62.1636,49302.5722,105,31.4504,24957.4255,202304
793.0,795.0,792.0,793.0,67.3791,53455.3495,132,27.7313,22019.4345,202304
793.0,793.0,789.0,790.0,224.3283,177384.2672,150,14.3422,11345.8046,202304
789.0,795.0,789.0,794.0,121.5485,96399.3391,116,117.0913,92866.277,202304
794.0,795.0,792.0,794.0,58.7489,46635.1686,79,36.7454,29170.7284,202304
794.0,796.0,792.0,796.0,42.4149,33659.2855,91,22.1369,17576.5101,202304
796.0,796.0,794.0,794.0,25.8173,20532.8887,62,8.0747,6422.6386,202304
794.0,794.0,793.0,794.0,21.1929,16819.9353,36,7.7947,6186.6522,202304
794.0,797.0,794.0,796.0,35.7895,28504.117,58,22.6676,18047.414,202304
796.0,798.0,795.0,797.0,76.6114,61042.1955,96,50.1323,39954.9784,202304
798.0,799.0,797.0,798.0,47.6245,38027.9782,85,18.5727,14826.2441,202304
798.0,798.0,797.0,798.0,19.8739,15845.895,45,8.1012,6459.6017,202304
797.0,798.0,794.0,795.0,37.3262,29685.0122,69,15.169,12074.144,202304
796.0,796.0,792.0,794.0,98.8779,78537.4048,154,14.2052,11280.0196,202304
793.0,794.0,791.0,791.0,61.9383,49091.4923,197,18.1696,14403.1151,202304
791.0,793.0,790.0,793.0,117.1193,92835.6374,143,83.6563,66308.6216,202304
792.0,798.0,792.0,798.0,59.6637,47415.4654,166,31.006,24638.08,202304
798.0,798.0,796.0,796.0,23.247,18536.3457,63,9.9339,7921.5575,202304
796.0,797.0,795.0,797.0,25.5935,20391.7542,46,14.8074,11796.3953,202304
797.0,798.0,796.0,798.0,27.2721,21744.0947,73,16.37,13054.0511,202304
798.0,799.0,797.0,798.0,62.5165,49915.8788,131,27.9084,22288.8267,202304
797.0,800.0,797.0,800.0,25.8091,20627.5091,75,20.6936,16540.2685,202304
800.0,800.0,797.0,797.0,30.2107,24143.0652,51,0.0,0.0,202304
797.0,799.0,797.0,798.0,32.8482,26218.1343,61,19.8652,15855.4687,202304
798.0,800.0,798.0,799.0,8.4303,6731.863,28,4.1564,3318.815,202304
798.0,799.0,797.0,797.0,14.2842,11404.5233,25,8.0362,6417.0264,202304
797.0,798.0,795.0,796.0,27.6978,22054.2561,70,10.063,8011.3386,202304
795.0,796.0,795.0,795.0,5.1408,4089.0128,26,2.1596,1718.9588,202304
794.0,796.0,794.0,795.0,30.1723,23985.0263,39,12.4537,9902.6915,202304
794.0,795.0,793.0,793.0,13.4165,10658.1497,33,6.6138,5254.4227,202304
792.0,792.0,790.0,791.0,37.5436,29706.4074,80,15.8757,12565.704,202304
791.0,791.0,789.0,791.0,28.6014,22604.591,53,11.023,8712.4272,202304
791.0,793.0,791.0,793.0,17.8163,14107.3252,30,10.4998,8319.9227,202304
792.0,795.0,792.0,795.0,20.6994,16430.2862,36,17.8322,14159.4314,202304
794.0,796.0,794.0,795.0,45.0249,35799.9744,75,21.6985,17256.751,202304
796.0,798.0,796.0,798.0,13.9542,11120.2103,36,9.4517,7531.8016,202304
797.0,797.0,793.0,793.0,72.1141,57349.7887,71,10.2777,8181.3839,202304
793.0,793.0,792.0,792.0,9.2352,7320.6322,28,1.9194,1521.6538,202304
792.0,792.0,791.0,791.0,13.3038,10534.4632,27,10.5468,8353.0364,202304
791.0,792.0,788.0,789.0,58.4779,46168.1021,109,13.4954,10660.4986,202304
789.0,791.0,788.0,789.0,66.2843,52325.8446,125,46.9234,37048.8144,202304
788.0,788.0,785.0,786.0,36.9945,29099.275,87,12.3495,9719.6789,202304
786.0,788.0,785.0,787.0,30.5528,24044.2346,66,13.4184,10556.381,202304
787.0,789.0,786.0,788.0,10.4072,8189.5246,55,6.1195,4816.002,202304
788.0,788.0,786.0,786.0,38.6003,30385.0613,84,6.6232,5212.3495,202304
785.0,788.0,785.0,788.0,8.4666,6667.9433,27,6.9014,5434.7644,202304
787.0,790.0,787.0,789.0,38.9811,30743.7141,69,19.9607,15738.6864,202304
790.0,790.0,789.0,790.0,0.5809,458.8061,6,0.476,376.04,202304
789.0,793.0,789.0,792.0,25.0661,19836.6854,72,21.9756,17391.2024,202304
792.0,792.0,789.0,789.0,47.2761,37410.9711,69,6.2272,4927.9604,202304
789.0,790.0,783.0,784.0,409.4993,321987.8049,389,34.957,27478.6131,202304
783.0,785.0,783.0,785.0,74.5738,58419.6308,61,22.6422,17754.923,202304
784.0,787.0,783.0,786.0,53.082,41692.2133,132,39.0772,30697.5942,202304
785.0,788.0,785.0,788.0,19.0762,15013.1508,50,12.8445,10112.6185,202304
787.0,787.0,785.0,785.0,6.9733,5481.1583,22,0.0243,19.0998,202304
785.0,785.0,783.0,783.0,49.3027,38647.4116,108,18.3591,14397.443,202304
782.0,782.0,780.0,781.0,86.6397,67694.6001,224,47.0423,36764.8555,202304
781.0,782.0,781.0,782.0,15.864,12400.8558,32,10.94,8552.5442,202304
781.0,784.0,781.0,783.0,45.9505,35963.0632,63,7.6545,5992.6624,202304
783.0,783.0,782.0,783.0,47.9731,37562.9201,30,21.7607,17038.6281,202304
783.0,784.0,783.0,784.0,5.809,4554.1952,27,2.4318,1906.5312,202304
784.0,784.0,783.0,784.0,10.0676,7892.7528,23,4.4117,3458.7728,202304
783.0,783.0,782.0,783.0,8.8881,6957.4891,27,1.9277,1509.3891,202304
782.0,784.0,781.0,784.0,25.4797,19950.4675,62,19.7104,15439.6121,202304
784.0,786.0,784.0,786.0,9.1524,7184.0414,25,6.4724,5080.9169,202304
785.0,786.0,785.0,785.0,11.4132,8967.8514,32,6.386,5019.396,202304
785.0,787.0,785.0,785.0,17.2134,13527.1171,34,6.1691,4850.0259,202304
785.0,787.0,785.0,787.0,4.2509,3341.1847,11,4.2155,3313.3957,202304
786.0,787.0,786.0,786.0,12.7271,10004.5478,25,1.0472,824.1464,202304
785.0,786.0,785.0,786.0,8.8468,6953.492,12,6.089,4785.954,202304
786.0,787.0,786.0,786.0,27.0398,21265.0394,29,18.497,14550.3986,202304
787.0,788.0,786.0,787.0,62.534,49225.5526,45,41.2314,32480.6828,202304
787.0,789.0,787.0,789.0,28.6702,22612.6177,61,21.7322,17138.7514,202304
788.0,790.0,788.0,789.0,22.9002,18067.1453,41,11.1261,8778.5143,202304
789.0,790.0,786.0,787.0,97.9395,77134.4413,104,24.4135,19265.3111,202304
786.0,788.0,785.0,788.0,17.1784,13507.5918,52,11.6034,9125.6564,202304
787.0,787.0,785.0,785.0,19.6297,15439.5822,41,6.808,5357.8644,202304
785.0,786.0,785.0,786.0,11.071,8701.5892,23,4.3835,3445.431,202304
785.0,786.0,785.0,786.0,1.6063,1262.5154,10,1.4094,1107.7884,202304
786.0,788.0,786.0,787.0,4.2318,3330.8714,25,3.0116,2370.6582,202304
786.0,787.0,786.0,787.0,21.0758,16584.9172,18,17.5969,13848.7603,202304
787.0,788.0,786.0,786.0,6.181,4861.5673,20,0.0127,10.0076,202304
786.0,788.0,786.0,788.0,8.3954,6608.2933,33,7.7514,6102.0313,202304
787.0,788.0,786.0,786.0,32.1107,25284.6076,91,8.797,6932.036,202304
786.0,787.0,786.0,787.0,13.4118,10549.9914,18,8.3166,6545.1642,202304
787.0,787.0,786.0,787.0,27.0761,21284.427,42,0.3963,311.8881,202304
786.0,787.0,786.0,787.0,2.3562,1854.2758,16,1.0607,834.7709,202304
787.0,787.0,785.0,785.0,13.5604,10656.204,44,0.0,0.0,202304
785.0,786.0,785.0,785.0,0.8956,703.7287,6,0.6827,536.6022,202304
785.0,785.0,784.0,784.0,11.5341,9053.2935,31,8.8259,6928.3315,202304
784.0,784.0,784.0,784.0,7.3401,5754.6384,17,5.2991,4154.4944,202304
784.0,785.0,783.0,785.0,17.0729,13383.4335,61,12.5174,9815.7752,202304
784.0,787.0,784.0,787.0,9.1797,7210.5542,26,8.6437,6789.6248,202304
786.0,786.0,786.0,786.0,3.6063,2834.5518,9,1.9999,1571.9214,202304
785.0,788.0,785.0,786.0,19.835,15605.6283,50,18.3552,14441.3765,202304
786.0,787.0,786.0,786.0,2.856,2244.8541,21,0.085,66.8481,202304
785.0,786.0,785.0,785.0,7.9874,6272.7618,27,2.6528,2085.1008,202304
784.0,786.0,784.0,785.0,9.3599,7349.9119,26,8.5507,6714.954,202304
785.0,786.0,785.0,785.0,0.1856,145.7481,7,0.0521,40.9506,202304
785.0,785.0,783.0,783.0,133.5577,104729.3756,88,5.1964,4074.9605,202304
783.0,784.0,782.0,782.0,1.9875,1555.2395,15,0.0482,37.7688,202304
782.0,783.0,782.0,783.0,1.6799,1314.9171,13,1.2353,967.2399,202304
782.0,783.0,782.0,783.0,0.5184,405.5545,6,0.1657,129.7431,202304
782.0,783.0,782.0,782.0,11.1294,8703.221,29,9.8472,7700.5406,202304
782.0,783.0,781.0,782.0,132.0734,103238.4138,91,16.363,12793.2854,202304
781.0,781.0,780.0,780.0,37.3437,29140.202,76,4.5177,3528.3237,202304
780.0,781.0,780.0,780.0,25.5552,19933.471,23,1.663,1297.555,202304
779.0,780.0,777.0,779.0,63.3488,49289.4809,148,8.8885,6924.6553,202304
778.0,778.0,777.0,778.0,17.9986,13990.5802,30,7.4757,5809.9725,202304
777.0,779.0,777.0,777.0,18.6397,14499.786,45,8.6475,6727.9565,202304
777.0,778.0,777.0,778.0,17.8161,13847.3181,45,7.4591,5797.9937,202304
777.0,778.0,776.0,777.0,12.0465,9356.4505,38,0.1055,82.0468,202304
776.0,777.0,776.0,777.0,1.3392,1040.4958,6,1.2766,991.9182,202304
777.0,779.0,777.0,778.0,14.7295,11460.3473,33,2.8126,2189.0528,202304
778.0,780.0,778.0,779.0,35.4016,27583.5989,53,6.2576,4880.4708,202304
779.0,781.0,779.0,781.0,2.5687,2004.8664,20,2.4476,1910.4566,202304
780.0,781.0,780.0,781.0,2.4014,1874.9469,13,1.8549,1448.6769,202304
780.0,782.0,780.0,780.0,16.6562,13007.229,48,8.3037,6485.5815,202304
780.0,782.0,780.0,781.0,0.9478,740.2352,9,0.0408,31.9056,202304
780.0,780.0,780.0,780.0,7.9308,6186.024,18,1.42,1107.6,202304
779.0,780.0,779.0,780.0,1.2163,948.674,6,1.1763,917.514,202304
779.0,779.0,778.0,778.0,6.2273,4847.9827,39,0.2103,163.8237,202304
778.0,778.0,778.0,778.0,16.3139,12692.2142,31,6.1,4745.8,202304
777.0,779.0,777.0,779.0,6.6928,5207.7396,47,3.7242,2899.8626,202304
778.0,780.0,778.0,780.0,6.7295,5244.0705,14,6.6829,5207.8157,202304
779.0,782.0,779.0,782.0,26.0345,20328.0092,69,24.0514,18779.4077,202304
781.0,782.0,781.0,782.0,2.2661,1772.0465,7,2.2224,1737.9168,202304
781.0,782.0,781.0,782.0,7.1956,5626.9224,28,6.6888,5230.6416,202304
782.0,782.0,782.0,782.0,0.2699,211.0618,2,0.0,0.0,202304
782.0,783.0,782.0,783.0,29.445,23030.0194,40,17.8175,13937.3144,202304
782.0,784.0,782.0,782.0,26.024,20375.2932,55,19.6379,15379.4212,202304
782.0,782.0,782.0,782.0,0.6639,519.1698,6,0.0,0.0,202304
782.0,784.0,782.0,783.0,43.3579,33959.0505,78,36.7639,28795.9827,202304
782.0,783.0,782.0,783.0,12.6754,9920.4755,18,0.4996,391.1868,202304
782.0,784.0,782.0,783.0,2.0092,1574.2636,9,1.536,1203.7646,202304
782.0,783.0,782.0,783.0,0.7704,603.2046,3,0.7518,588.6594,202304
783.0,783.0,782.0,782.0,11.8528,9274.4277,25,0.7711,603.7066,202304
781.0,782.0,780.0,780.0,27.7358,21667.1914,33,9.3639,7318.5171,202304
780.0,780.0,778.0,779.0,15.967,12439.5943,51,5.6638,4412.4468,202304
779.0,780.0,778.0,780.0,12.2072,9511.4781,29,3.6187,2821.2909,202304
780.0,780.0,780.0,780.0,7.9629,6211.062,9,6.2452,4871.256,202304
780.0,782.0,780.0,780.0,24.9742,19492.108,37,6.064,4734.8859,202304
781.0,781.0,778.0,779.0,24.3024,18947.0714,38,1.3743,1071.7936,202304
778.0,780.0,778.0,780.0,6.4872,5052.7798,21,4.6332,3610.3678,202304
780.0,780.0,778.0,779.0,6.1785,4812.3921,24,3.1018,2416.3281,202304
779.0,780.0,777.0,777.0,27.1568,21134.7365,48,2.1785,1698.9171,202304
777.0,779.0,777.0,779.0,16.412,12772.8802,43,11.9004,9263.5982,202304
779.0,779.0,777.0,778.0,16.2762,12664.8513,52,3.9749,3090.3123,202304
777.0,778.0,777.0,778.0,8.9931,6989.9947,11,2.356,1832.968,202304
777.0,777.0,774.0,775.0,56.219,43576.6881,124,6.3897,4956.6777,202304
775.0,778.0,775.0,777.0,25.4363,19745.9948,64,19.0123,14762.0407,202304
777.0,777.0,776.0,776.0,25.7001,19951.0067,49,3.1682,2460.4531,202304
776.0,779.0,776.0,779.0,16.0899,12518.6706,45,14.1858,11037.4283,202304
779.0,779.0,778.0,778.0,18.2036,14170.0847,22,3.7968,2957.7072,202304
778.0,779.0,776.0,776.0,50.7781,39458.7154,72,1.5784,1226.297,202304
775.0,776.0,772.0,775.0,64.5988,49978.3342,165,26.852,20782.8559,202304
774.0,775.0,772.0,773.0,21.478,16614.6854,75,6.9584,5383.2915,202304
772.0,774.0,766.0,771.0,203.7914,156800.1398,498,55.5242,42813.7069,202304
771.0,772.0,770.0,771.0,23.3543,18006.3718,55,7.0261,5417.3771,202304
771.0,772.0,771.0,772.0,16.556,12769.0764,40,13.4657,10385.6081,202304
771.0,773.0,771.0,773.0,8.1327,6285.4716,33,4.8769,3769.4088,202304
772.0,773.0,772.0,773.0,7.4952,5789.7054,44,4.0284,3112.4905,202304
772.0,774.0,772.0,774.0,10.6005,8198.8234,21,8.637,6682.9884,202304
774.0,775.0,774.0,775.0,21.1196,16352.4625,35,9.6524,7475.6038,202304
774.0,775.0,774.0,775.0,1.0727,831.3043,7,0.902,699.05,202304
775.0,776.0,774.0,776.0,11.9363,9250.8577,24,3.1295,2426.0377,202304
775.0,776.0,774.0,775.0,27.4544,21276.2384,43,9.0102,6984.014,202304
774.0,775.0,774.0,775.0,6.24,4834.1505,16,4.3905,3402.6375,202304
774.0,775.0,774.0,775.0,4.5071,3490.2474,7,1.752,1357.8,202304
774.0,776.0,774.0,776.0,28.4471,22064.8796,66,27.359,21221.1781,202304
776.0,777.0,776.0,777.0,3.5187,2731.7203,11,1.2091,939.4707,202304
776.0,777.0,776.0,777.0,1.5997,1241.38,5,0.0128,9.9456,202304
776.0,779.0,776.0,777.0,76.4055,59436.6326,137,62.7228,48792.8084,202304
777.0,780.0,777.0,779.0,15.209,11850.716,78,11.143,8679.7951,202304
779.0,781.0,779.0,781.0,7.9348,6190.2325,39,5.2972,4132.9199,202304
781.0,783.0,780.0,782.0,58.5227,45741.3372,144,54.7285,42780.7737,202304
782.0,783.0,782.0,782.0,10.4427,8169.6458,30,7.6523,5987.553,202304
782.0,783.0,780.0,780.0,17.0972,13362.6658,55,0.9701,758.6164,202304
781.0,782.0,780.0,780.0,4.2617,3327.5965,23,2.247,1755.3893,202304
779.0,779.0,779.0,779.0,0.0731,56.9449,2,0.0,0.0,202304
779.0,782.0,779.0,782.0,81.5937,63670.001,81,69.541,54271.8577,202304
782.0,782.0,780.0,781.0,12.2829,9591.7531,27,4.0398,3155.892,202304
780.0,780.0,778.0,779.0,73.5581,57267.6835,109,4.4895,3497.3205,202304
778.0,779.0,778.0,779.0,0.2279,177.4119,5,0.1057,82.3403,202304
778.0,779.0,778.0,779.0,0.0814,63.3684,4,0.0392,30.5368,202304
778.0,779.0,778.0,779.0,2.7055,2105.0159,11,0.1369,106.6451,202304
778.0,780.0,778.0,779.0,12.6468,9852.2529,26,10.9628,8541.3191,202304
779.0,780.0,779.0,780.0,0.1904,148.4115,7,0.0899,70.122,202304
779.0,779.0,778.0,778.0,11.379,8862.7718,16,0.1481,115.3699,202304
778.0,780.0,777.0,777.0,98.6684,76745.5972,117,14.1927,11054.9043,202304
777.0,779.0,777.0,778.0,41.8192,32536.2239,57,31.861,24788.963,202304
777.0,778.0,777.0,778.0,0.3552,276.303,5,0.3126,243.2028,202304
777.0,778.0,777.0,778.0,0.079,61.4236,4,0.0406,31.5868,202304
777.0,777.0,776.0,777.0,20.3869,15837.5079,57,10.6188,8250.8076,202304
776.0,778.0,776.0,778.0,19.2798,14983.0394,27,19.245,14956.0346,202304
777.0,779.0,777.0,777.0,10.4839,8157.6525,30,2.8848,2245.7785,202304
777.0,778.0,777.0,777.0,6.7351,5233.1985,28,0.5981,464.7495,202304
776.0,778.0,776.0,778.0,13.9744,10865.2149,41,11.6771,9078.2239,202304
778.0,780.0,778.0,780.0,6.944,5412.5886,24,4.9505,3859.6714,202304
779.0,780.0,779.0,780.0,1.7173,1339.4508,7,1.6741,1305.798,202304
779.0,780.0,779.0,780.0,22.6321,17653.0225,42,12.1647,9488.466,202304
779.0,781.0,779.0,780.0,13.5493,10568.4873,28,5.6879,4436.609,202304
780.0,780.0,779.0,780.0,6.5385,5100.0044,16,2.5883,2018.874,202304
779.0,781.0,779.0,781.0,7.7339,6034.2633,19,5.2907,4128.5834,202304
781.0,781.0,780.0,781.0,18.4624,14419.0442,53,18.3722,14348.6882,202304
781.0,782.0,781.0,782.0,10.7826,8426.7041,34,5.4935,4295.917,202304
782.0,782.0,781.0,782.0,22.7134,17760.2132,47,10.542,8243.844,202304
782.0,783.0,782.0,783.0,7.5876,5940.5791,21,7.0759,5540.4297,202304
782.0,784.0,782.0,784.0,23.2262,18188.0905,75,11.3654,8903.0977,202304
783.0,784.0,783.0,783.0,0.3089,241.9688,4,0.1001,78.4784,202304
783.0,785.0,783.0,785.0,5.0262,3941.3037,33,4.6058,3611.7262,202304
784.0,786.0,784.0,784.0,20.6649,16221.5862,52,10.4835,8229.573,202304
784.0,785.0,784.0,785.0,2.1569,1691.7825,6,0.7729,606.7265,202304
784.0,784.0,784.0,784.0,0.0134,10.5056,1,0.0,0.0,202304
784.0,786.0,784.0,785.0,20.3131,15949.8471,55,14.6206,11481.2489,202304
785.0,786.0,785.0,785.0,5.6658,4449.9959,30,2.3429,1841.5194,202304
785.0,786.0,785.0,785.0,3.306,2598.1678,6,2.9578,2324.8308,202304
785.0,788.0,785.0,788.0,66.8698,52612.5627,166,33.6001,26429.5089,202304
788.0,790.0,788.0,790.0,21.9318,17295.5337,84,16.7548,13211.9863,202304
789.0,790.0,789.0,790.0,12.6628,9993.3265,31,5.9822,4722.3331,202304
789.0,790.0,788.0,788.0,40.7472,32179.8796,95,28.5797,22577.6726,202304
788.0,790.0,788.0,790.0,14.0902,11118.3787,46,7.832,6181.393,202304
790.0,790.0,787.0,788.0,36.2881,28609.933,77,7.7306,6095.1491,202304
788.0,789.0,788.0,788.0,4.547,3586.8892,12,3.8532,3040.1748,202304
788.0,789.0,788.0,789.0,8.9388,7052.3381,26,8.5637,6756.7593,202304
789.0,790.0,789.0,790.0,14.7937,11682.7761,21,14.7937,11682.7761,202304
790.0,792.0,790.0,790.0,131.925,104357.5629,180,102.5409,81117.5832,202304
790.0,790.0,789.0,790.0,6.2153,4910.0238,15,0.3662,289.298,202304
789.0,790.0,789.0,789.0,14.5797,11503.4125,22,0.0292,23.068,202304
789.0,790.0,789.0,790.0,17.4657,13785.7133,19,5.276,4168.04,202304
789.0,789.0,787.0,788.0,75.0241,59132.5279,87,11.5073,9071.2183,202304
787.0,788.0,787.0,788.0,5.6844,4476.7224,22,3.0996,2442.4848,202304
787.0,788.0,787.0,788.0,3.2001,2521.6639,3,3.1852,2509.9376,202304
788.0,790.0,788.0,789.0,90.5974,71487.435,70,88.4303,69777.5931,202304
789.0,789.0,788.0,789.0,12.7051,10023.6385,29,2.0387,1608.5343,202304
788.0,789.0,788.0,789.0,12.2718,9680.0833,31,9.9049,7814.9661,202304
790.0,790.0,789.0,790.0,5.6253,4442.987,27,4.6253,3653.987,202304
789.0,790.0,789.0,789.0,18.2715,14434.0124,61,7.0723,5587.117,202304
789.0,790.0,789.0,789.0,14.0453,11085.0416,31,4.7124,3721.3835,202304
789.0,791.0,788.0,790.0,10.4933,8284.3144,43,9.3495,7381.6912,202304
790.0,791.0,790.0,791.0,3.7809,2990.1479,15,3.2369,2560.3879,202304
790.0,791.0,789.0,789.0,21.0345,16617.2419,52,5.9204,4682.991,202304
789.0,790.0,789.0,790.0,3.2297,2551.4463,11,1.6477,1301.683,202304
789.0,790.0,788.0,788.0,10.8185,8531.6998,23,0.7131,563.3338,202304
788.0,789.0,787.0,787.0,7.2001,5670.9723,19,0.1133,89.3058,202304
787.0,789.0,787.0,788.0,18.5717,14635.2905,40,11.5525,9104.2151,202304
788.0,789.0,787.0,787.0,31.5645,24872.5998,42,5.0976,4022.0064,202304
787.0,788.0,786.0,787.0,32.78,25796.0455,92,18.5461,14597.7476,202304
787.0,788.0,786.0,786.0,80.4826,63364.6806,71,7.4936,5904.8239,202304
786.0,787.0,785.0,785.0,2.6553,2086.9471,30,0.2355,185.2378,202304
785.0,786.0,784.0,785.0,10.445,8201.4655,58,2.1009,1651.241,202304
784.0,785.0,783.0,783.0,8.8913,6967.8481,37,0.1181,92.6563,202304
783.0,785.0,783.0,784.0,11.9848,9397.3981,28,5.0045,3924.8585,202304
784.0,785.0,784.0,785.0,6.2617,4909.4192,13,5.569,4366.3424,202304
784.0,786.0,784.0,786.0,7.0841,5562.5542,32,6.7732,5318.2136,202304
787.0,787.0,787.0,787.0,1.6348,1286.5876,8,1.6348,1286.5876,202304
787.0,788.0,786.0,788.0,22.0647,17361.526,43,15.7602,12406.189,202304
788.0,789.0,788.0,788.0,4.3096,3396.0896,9,0.6248,492.4672,202304
789.0,790.0,788.0,789.0,1.4284,1127.0024,16,1.3725,1082.9279,202304
790.0,790.0,788.0,788.0,17.1302,13515.9271,26,0.2978,235.262,202304
788.0,789.0,788.0,789.0,1.3448,1061.0341,10,1.2377,976.5453,202304
790.0,790.0,789.0,789.0,8.1679,6444.5496,18,0.1019,80.4756,202304
789.0,789.0,788.0,789.0,23.2755,18364.3441,31,18.1893,14351.3577,202304
788.0,789.0,788.0,789.0,12.9922,10239.2912,40,1.4376,1134.2664,202304
788.0,789.0,788.0,788.0,6.5394,5153.0675,15,0.0203,16.0167,202304
789.0,789.0,788.0,789.0,20.481,16155.5715,33,5.4856,4328.1384,202304
789.0,790.0,789.0,789.0,10.773,8499.9525,25,2.802,2210.8335,202304
789.0,793.0,789.0,791.0,70.0953,55478.8925,178,53.5626,42392.5536,202304
792.0,792.0,791.0,791.0,34.9374,27666.6064,56,24.9058,19725.3936,202304
792.0,798.0,791.0,793.0,223.4951,177768.5302,533,179.7061,142932.5253,202304
793.0,795.0,792.0,793.0,66.8835,53112.4698,147,15.1954,12068.286,202304
794.0,801.0,793.0,799.0,238.4958,190084.8266,627,193.3356,154116.0262,202304
799.0,799.0,797.0,798.0,46.5216,37139.5468,107,12.111,9676.1969,202304
798.0,798.0,796.0,796.0,6.0641,4833.7857,22,0.9739,777.1278,202304
797.0,797.0,795.0,796.0,25.2508,20101.2353,77,20.4287,16263.1591,202304
796.0,801.0,796.0,797.0,230.4756,184052.7833,275,198.4171,158459.195,202304
798.0,799.0,795.0,795.0,39.9498,31834.8275,94,10.5486,8419.3954,202304
796.0,797.0,795.0,797.0,9.7163,7736.8453,38,6.8379,5445.6649,202304
797.0,799.0,797.0,798.0,33.3818,26636.3013,136,21.0374,16786.8057,202304
797.0,799.0,797.0,799.0,3.5188,2809.9133,11,3.4613,2764.0543,202304
798.0,802.0,798.0,801.0,49.3238,39475.7032,183,36.0388,28850.603,202304
800.0,803.0,800.0,803.0,40.4212,32420.6546,94,23.975,19240.7459,202304
802.0,804.0,802.0,802.0,183.0597,146998.6344,237,84.3505,67754.614,202304
803.0,804.0,802.0,803.0,54.4598,43733.0999,129,14.6958,11804.5493,202304
803.0,804.0,803.0,803.0,5.4525,4378.4356,18,0.0781,62.7924,202304
803.0,804.0,799.0,800.0,189.7174,151981.1148,294,50.9919,40832.9849,202304
800.0,801.0,798.0,798.0,27.8899,22286.9604,109,7.5757,6056.8336,202304
798.0,799.0,796.0,797.0,51.8965,41396.5442,102,19.0486,15200.3956,202304
796.0,798.0,796.0,797.0,29.0241,23111.406,64,5.9682,4756.8087,202304
796.0,797.0,795.0,796.0,19.6034,15604.2528,61,1.9565,1558.6074,202304
796.0,796.0,794.0,796.0,64.2967,51117.5319,125,23.1394,18397.4936,202304
795.0,796.0,793.0,793.0,52.3913,41597.4665,130,13.2244,10506.6607,202304
792.0,794.0,792.0,794.0,32.8368,26058.3032,61,27.3536,21707.701,202304
793.0,794.0,793.0,794.0,4.4996,3572.286,12,3.1505,2501.497,202304
793.0,794.0,791.0,792.0,32.1702,25494.08,94,5.4748,4344.1872,202304
792.0,794.0,791.0,794.0,5.8188,4612.3609,24,4.7258,3745.8901,202304
794.0,794.0,793.0,794.0,0.8885,705.4194,21,0.8389,666.0866,202304
794.0,795.0,793.0,793.0,13.9893,11104.3551,30,6.0648,4815.7758,202304
794.0,794.0,793.0,793.0,1.1764,934.0365,7,1.1513,914.1322,202304
793.0,794.0,792.0,793.0,4.8866,3874.742,18,0.4305,341.6952,202304
793.0,794.0,793.0,793.0,12.0955,9593.5421,33,6.2494,4957.5848,202304
793.0,795.0,793.0,794.0,16.7014,13262.2819,48,9.0965,7224.0056,202304
793.0,794.0,793.0,794.0,13.8369,10974.8434,51,6.5241,5175.793,202304
794.0,795.0,793.0,794.0,114.266,90662.1802,127,43.1167,34240.7853,202304
794.0,794.0,791.0,792.0,34.9234,27661.942,56,0.236,187.1115,202304
791.0,793.0,790.0,791.0,178.9453,141519.3411,220,40.6363,32135.8634,202304
791.0,791.0,789.0,791.0,82.0948,64798.9873,148,10.4181,8229.856,202304
791.0,792.0,790.0,791.0,55.7796,44094.8336,78,14.7262,11654.743,202304
790.0,790.0,789.0,790.0,10.7364,8481.6583,28,0.9082,717.478,202304
790.0,790.0,789.0,790.0,8.7606,6920.7916,18,8.6782,6855.778,202304
790.0,790.0,787.0,787.0,52.4516,41352.0178,177,8.7159,6874.6756,202304
787.0,792.0,786.0,790.0,138.8467,109460.3008,303,112.6408,88837.5293,202304
790.0,791.0,789.0,789.0,7.5178,5936.2823,35,2.4823,1961.048,202304
789.0,791.0,789.0,790.0,26.5667,20996.2933,50,10.7381,8491.7698,202304
790.0,790.0,789.0,790.0,34.2557,27052.4054,64,20.8289,16448.7403,202304
789.0,789.0,784.0,785.0,165.5227,130044.8958,281,34.5361,27155.6874,202304
784.0,787.0,783.0,787.0,38.6656,30335.8141,84,15.8233,12424.2473,202304
787.0,790.0,786.0,789.0,125.2447,98718.3285,178,117.6744,92751.1926,202304
788.0,789.0,788.0,789.0,0.781,615.9983,9,0.5703,449.9667,202304
788.0,790.0,788.0,789.0,39.2121,30916.874,51,18.8419,14856.4601,202304
789.0,789.0,786.0,788.0,58.0241,45668.5499,66,6.1719,4861.2404,202304
787.0,788.0,787.0,787.0,19.002,14955.5563,18,5.0145,3947.3938,202304
788.0,789.0,788.0,788.0,15.733,12397.7941,28,6.3725,5021.7201,202304
788.0,788.0,786.0,786.0,10.4214,8205.7764,26,3.759,2961.8208,202304
787.0,787.0,785.0,786.0,17.5535,13797.2817,33,8.2289,6468.2211,202304
786.0,787.0,782.0,783.0,241.6194,189341.7074,231,15.8859,12456.602,202304
784.0,785.0,782.0,782.0,83.6578,65489.1006,147,27.1606,21293.5216,202304
783.0,783.0,780.0,783.0,61.3695,47971.1917,168,21.6303,16927.2034,202304
783.0,784.0,782.0,783.0,52.5569,41139.2439,89,19.526,15289.0516,202304
783.0,783.0,780.0,780.0,53.499,41765.1164,127,16.0986,12568.3341,202304
780.0,782.0,780.0,782.0,18.3675,14339.5121,32,11.0254,8605.332,202304
782.0,782.0,780.0,782.0,28.6705,22401.3482,55,21.9367,17142.9389,202304
782.0,783.0,781.0,783.0,32.0271,25023.3406,40,17.7723,13890.3418,202304
782.0,782.0,781.0,781.0,41.2782,32269.8261,48,24.9602,19518.8764,202304
782.0,782.0,780.0,782.0,64.5139,50393.3518,100,10.5235,8225.7175,202304
782.0,782.0,782.0,782.0,5.1794,4050.2908,8,5.1794,4050.2908,202304
782.0,783.0,781.0,781.0,23.4512,18337.517,36,11.3929,8909.3011,202304
782.0,782.0,782.0,782.0,6.0714,4747.8348,11,6.0714,4747.8348,202304
782.0,782.0,782.0,782.0,2.256,1764.192,3,2.256,1764.192,202304
782.0,782.0,781.0,781.0,18.4674,14437.9833,23,15.2551,11929.177,202304
781.0,781.0,779.0,779.0,21.3635,16661.0977,73,6.0362,4709.9181,202304
779.0,780.0,778.0,780.0,64.0406,49895.0807,86,31.2331,24340.0587,202304
780.0,780.0,779.0,780.0,6.2177,4844.3716,19,0.7833,610.974,202304
780.0,781.0,779.0,780.0,27.6778,21588.5393,37,14.4226,11249.8359,202304
780.0,780.0,779.0,780.0,6.5329,5089.3627,23,1.8665,1454.2371,202304
779.0,779.0,778.0,779.0,2.41,1877.313,15,1.0649,829.5571,202304
779.0,781.0,779.0,780.0,62.6227,48855.7888,65,56.2158,43860.6209,202304
781.0,782.0,780.0,781.0,24.0848,18806.5442,60,15.193,11865.8896,202304
781.0,781.0,780.0,781.0,1.5294,1193.3771,4,0.4451,347.6231,202304
780.0,781.0,780.0,780.0,30.4565,23758.0988,28,3.0288,2364.4928,202304
780.0,780.0,779.0,780.0,15.3059,11924.4897,49,6.7568,5264.7408,202304
780.0,780.0,777.0,778.0,35.8078,27870.6793,85,9.4192,7338.145,202304
778.0,778.0,777.0,778.0,37.4126,29105.6708,70,27.4084,21323.7352,202304
778.0,779.0,778.0,779.0,6.2527,4868.5657,30,3.9651,3088.8129,202304
779.0,779.0,776.0,776.0,85.7318,66596.3956,186,25.6152,19904.0142,202304
776.0,778.0,776.0,778.0,24.0653,18714.4403,57,19.2064,14935.3657,202304
777.0,777.0,774.0,774.0,60.1638,46607.5275,161,19.427,15050.9584,202304
774.0,775.0,774.0,774.0,37.2875,28880.7393,36,8.2956,6428.0285,202304
774.0,774.0,772.0,774.0,29.0728,22457.4918,99,6.4364,4977.9608,202304
773.0,774.0,772.0,774.0,15.3929,11899.0914,50,8.308,6424.3356,202304
773.0,774.0,772.0,773.0,39.5949,30601.6174,41,5.8958,4560.3994,202304
773.0,775.0,773.0,775.0,31.8283,24640.9609,44,31.5315,24411.2656,202304
775.0,775.0,775.0,775.0,10.0423,7782.7825,23,10.0423,7782.7825,202304
775.0,778.0,775.0,778.0,17.4804,13571.8499,55,17.1873,13344.6755,202304
778.0,778.0,776.0,777.0,12.6964,9864.7929,27,4.9569,3851.601,202304
776.0,777.0,776.0,777.0,0.21,163.152,3,0.192,149.184,202304
776.0,777.0,776.0,777.0,19.4008,15055.5995,39,8.0847,6274.3059,202304
776.0,776.0,773.0,774.0,16.3602,12668.1256,80,4.6673,3614.8332,202304
774.0,775.0,773.0,775.0,10.8495,8393.255,26,9.5422,7382.6326,202304
774.0,775.0,774.0,775.0,4.8171,3728.7305,21,2.8744,2225.0807,202304
775.0,775.0,773.0,775.0,16.3178,12633.4023,49,8.1825,6336.6964,202304
775.0,776.0,774.0,775.0,12.0775,9358.828,24,1.8125,1405.4761,202304
774.0,775.0,774.0,774.0,10.0768,7800.2844,12,9.4631,7325.2806,202304
774.0,776.0,774.0,775.0,16.742,12974.0292,41,12.4117,9619.6405,202304
775.0,775.0,775.0,775.0,3.7073,2873.1575,11,2.2677,1757.4675,202304
774.0,774.0,772.0,773.0,23.3915,18079.3135,48,0.9207,711.7682,202304
772.0,773.0,771.0,773.0,17.6618,13635.2319,54,14.7828,11413.1231,202304
772.0,774.0,772.0,774.0,7.8678,6081.5847,28,7.2163,5578.5941,202304
773.0,774.0,773.0,774.0,42.3406,32765.2759,56,12.1459,9400.9266,202304
773.0,774.0,772.0,773.0,30.561,23624.2799,41,16.0047,12372.2739,202304
773.0,773.0,771.0,772.0,16.345,12612.0855,63,2.5969,2004.9272,202304
772.0,774.0,772.0,773.0,25.1396,19432.9701,50,5.9193,4575.7331,202304
772.0,773.0,771.0,773.0,22.8563,17637.0118,78,18.7911,14500.383,202304
772.0,775.0,772.0,774.0,47.2169,36529.3229,95,30.9278,23932.7347,202304
774.0,775.0,773.0,775.0,19.3007,14952.4247,36,7.2886,5646.3243,202304
775.0,776.0,775.0,776.0,14.3013,11093.7644,58,12.3353,9570.1144,202304
775.0,776.0,775.0,776.0,0.7086,549.7958,7,0.6308,489.5008,202304
775.0,777.0,775.0,777.0,13.4011,10399.5736,26,13.3393,10351.6605,202304
777.0,778.0,776.0,777.0,35.9814,27960.1845,87,25.0088,19434.5318,202304
776.0,778.0,776.0,778.0,30.9199,24033.0343,51,29.3901,22845.9095,202304
777.0,778.0,777.0,778.0,15.6327,12147.5012,56,3.0994,2409.1271,202304
778.0,779.0,778.0,778.0,11.5169,8960.6948,31,4.234,3294.5986,202304
778.0,780.0,778.0,780.0,20.611,16061.6754,70,19.7073,15358.5968,202304
779.0,780.0,779.0,780.0,19.9312,15538.8903,54,12.4676,9724.728,202304
780.0,781.0,780.0,780.0,16.8197,13119.43,60,2.3341,1820.662,202304
779.0,780.0,779.0,780.0,0.2136,166.5896,4,0.1952,152.256,202304
779.0,780.0,779.0,780.0,1.6322,1273.0813,8,1.5975,1246.05,202304
779.0,780.0,779.0,779.0,0.2193,170.8728,8,0.0381,29.718,202304
779.0,782.0,779.0,782.0,39.9488,31190.7783,103,37.2845,29113.5564,202304
781.0,782.0,781.0,782.0,0.7136,557.9992,5,0.6776,529.8832,202304
781.0,783.0,781.0,783.0,14.5364,11367.4517,33,14.1806,11089.3155,202304
783.0,784.0,783.0,784.0,40.474,31710.1841,68,39.2053,30716.4317,202304
784.0,786.0,783.0,786.0,136.6532,107214.5601,196,86.6729,68051.1527,202304
786.0,788.0,786.0,788.0,11.8773,9348.0105,45,11.6216,9146.9479,202304
787.0,789.0,787.0,789.0,46.1687,36409.237,83,34.0291,26843.311,202304
788.0,790.0,788.0,789.0,18.1724,14342.8216,104,13.656,10781.7093,202304
789.0,789.0,787.0,788.0,16.1173,12710.1108,62,3.8504,3034.6331,202304
788.0,788.0,788.0,788.0,5.6034,4415.4792,35,1.2215,962.542,202304
788.0,790.0,788.0,788.0,25.6233,20205.9348,83,10.3065,8132.7513,202304
787.0,788.0,787.0,788.0,1.8217,1433.7074,9,0.0295,23.246,202304
787.0,787.0,786.0,787.0,17.8908,14080.0237,35,8.5327,6715.2349,202304
786.0,786.0,786.0,786.0,0.9759,767.0574,8,0.0,0.0,202304
786.0,786.0,785.0,785.0,8.1529,6406.7763,31,0.0,0.0,202304
785.0,785.0,784.0,784.0,34.123,26777.5908,77,5.7587,4520.5795,202304
784.0,785.0,784.0,785.0,8.5587,6718.5388,46,4.7281,3711.5585,202304
784.0,785.0,784.0,785.0,1.143,897.2171,5,1.0896,855.336,202304
785.0,787.0,785.0,787.0,27.5002,21621.1793,78,18.5283,14570.3516,202304
786.0,786.0,786.0,786.0,7.7678,6105.4908,7,0.0,0.0,202304
786.0,787.0,786.0,787.0,11.4081,8978.1433,32,6.1419,4833.6753,202304
786.0,787.0,786.0,787.0,7.8632,6183.6041,24,1.9136,1506.0032,202304
786.0,787.0,786.0,787.0,2.349,1848.6463,17,2.0114,1582.9718,202304
787.0,787.0,786.0,786.0,3.5347,2781.5571,25,0.0,0.0,202304
786.0,787.0,786.0,787.0,0.4947,389.1627,6,0.3285,258.5295,202304
786.0,787.0,786.0,787.0,2.2189,1746.2397,10,2.1843,1719.0441,202304
787.0,788.0,787.0,788.0,2.5816,2034.2838,14,2.5646,2020.9048,202304
787.0,789.0,786.0,789.0,53.2831,41943.917,84,16.2642,12815.1367,202304
789.0,791.0,789.0,791.0,120.5601,95307.6997,131,109.9427,86924.3946,202304
790.0,791.0,789.0,789.0,9.0557,7154.0444,30,0.0927,73.3257,202304
789.0,790.0,789.0,790.0,4.0538,3199.0995,12,0.6513,514.527,202304
789.0,790.0,788.0,789.0,22.9945,18144.8436,69,5.2229,4123.85,202304
789.0,790.0,788.0,789.0,12.6844,10014.5642,68,9.273,7324.6353,202304
788.0,789.0,788.0,788.0,10.2033,8041.8444,34,9.6766,7626.8048,202304
788.0,789.0,787.0,787.0,11.959,9424.693,19,2.4471,1929.3287,202304
787.0,788.0,786.0,788.0,17.7773,13992.7167,63,11.3296,8917.9178,202304
787.0,787.0,785.0,786.0,28.3385,22268.2062,67,11.9853,9418.8307,202304
785.0,785.0,785.0,785.0,10.6392,8351.772,23,7.3228,5748.398,202304
785.0,785.0,785.0,785.0,2.2289,1749.6865,6,0.0194,15.229,202304
784.0,784.0,783.0,784.0,66.5079,52108.062,121,39.5948,31015.1714,202304
783.0,783.0,782.0,782.0,4.5574,3564.5524,25,0.5857,458.6031,202304
782.0,783.0,781.0,783.0,14.375,11241.8331,74,7.2902,5702.0714,202304
782.0,783.0,782.0,783.0,4.9942,3910.4051,15,4.0637,3181.8771,202304
783.0,783.0,781.0,782.0,79.3598,62028.2021,78,15.5647,12173.1666,202304
781.0,782.0,781.0,782.0,7.1516,5592.0352,18,3.0454,2381.5028,202304
781.0,782.0,780.0,780.0,14.7171,11492.8953,53,8.6049,6720.5419,202304
780.0,781.0,780.0,780.0,18.0479,14078.362,56,1.0,781.0,202304
780.0,781.0,780.0,781.0,0.8704,679.7658,9,0.8538,666.8178,202304
780.0,781.0,780.0,781.0,17.0127,13283.5227,45,12.6183,9854.8923,202304
782.0,782.0,782.0,782.0,0.0184,14.3888,1,0.0184,14.3888,202304
782.0,782.0,780.0,782.0,32.8136,25630.3187,60,17.817,13919.5164,202304
782.0,782.0,781.0,782.0,4.6295,3620.2551,4,4.6156,3609.3992,202304
781.0,781.0,781.0,781.0,1.8232,1423.9192,4,0.0,0.0,202304
782.0,783.0,781.0,781.0,23.4686,18350.0841,33,13.5943,10630.7986,202304
781.0,782.0,781.0,781.0,5.8654,4585.8297,13,4.9523,3872.6986,202304
781.0,783.0,781.0,782.0,12.0015,9384.7981,37,6.8092,5324.8238,202304
782.0,784.0,782.0,782.0,8.1929,6413.501,28,1.7271,1351.3133,202304
782.0,782.0,780.0,781.0,23.2181,18126.8309,41,5.4439,4251.7249,202304
781.0,781.0,780.0,781.0,12.4315,9707.0015,26,3.2344,2526.0664,202304
782.0,782.0,781.0,781.0,6.3747,4980.6004,20,1.9597,1532.4854,202304
782.0,782.0,782.0,782.0,1.4023,1096.5986,7,1.4023,1096.5986,202304
783.0,783.0,783.0,783.0,1.701,1331.883,9,1.676,1312.308,202304
783.0,784.0,783.0,784.0,4.2687,3342.8294,8,0.4373,342.8432,202304
783.0,783.0,781.0,782.0,16.5456,12947.4587,39,4.8235,3771.977,202304
782.0,782.0,781.0,781.0,2.1246,1659.3311,3,0.0185,14.467,202304
781.0,781.0,780.0,780.0,8.1665,6374.193,31,0.0,0.0,202304
780.0,780.0,780.0,780.0,2.374,1851.72,5,0.0,0.0,202304
780.0,780.0,779.0,779.0,24.0392,18746.393,37,0.0,0.0,202304
779.0,779.0,779.0,779.0,12.9915,10120.3785,16,7.2903,5679.1437,202304
779.0,779.0,777.0,778.0,3.9498,3074.4778,27,1.2177,948.0124,202304
777.0,779.0,777.0,778.0,7.7922,6062.6028,44,5.1758,4027.0573,202304
778.0,779.0,778.0,779.0,13.0443,10155.2336,32,11.2528,8761.4466,202304
779.0,780.0,779.0,780.0,54.2573,42314.136,33,54.2573,42314.136,202304
780.0,780.0,780.0,780.0,8.5134,6640.452,15,0.0853,66.534,202304
780.0,780.0,780.0,780.0,0.013,10.14,1,0.0,0.0,202304
780.0,781.0,780.0,780.0,4.8244,3766.254,25,3.222,2516.382,202304
780.0,780.0,780.0,780.0,7.4545,5814.51,35,0.0,0.0,202304
780.0,781.0,780.0,780.0,10.0849,7866.257,35,4.5645,3560.345,202304
780.0,780.0,780.0,780.0,4.6606,3635.268,17,1.9153,1493.934,202304
780.0,781.0,780.0,781.0,0.3367,262.9427,5,0.3167,247.3427,202304
781.0,782.0,780.0,781.0,13.1893,10298.4845,42,4.8514,3789.1861,202304
780.0,781.0,777.0,777.0,79.578,61984.3947,126,8.4713,6610.0289,202304
778.0,778.0,775.0,775.0,73.8307,57300.3692,129,6.011,4669.6168,202304
775.0,776.0,775.0,776.0,10.3896,8055.4837,51,3.5437,2749.9112,202304
776.0,776.0,776.0,776.0,9.4487,7332.1912,15,7.422,5759.472,202304
776.0,777.0,776.0,777.0,5.3457,4148.8073,8,5.3457,4148.8073,202304
776.0,777.0,775.0,776.0,46.7138,36246.0445,71,2.2424,1742.3448,202304
776.0,778.0,776.0,778.0,10.6557,8280.3482,23,10.625,8256.525,202304
777.0,778.0,777.0,778.0,2.079,1617.1608,8,1.7778,1383.1284,202304
778.0,778.0,777.0,778.0,8.7137,6776.5743,21,0.058,45.124,202304
778.0,778.0,778.0,778.0,0.3722,289.5716,6,0.3722,289.5716,202304
778.0,778.0,778.0,778.0,4.0124,3121.6472,12,1.942,1510.876,202304
778.0,778.0,778.0,778.0,2.3061,1794.1458,8,0.7878,612.9084,202304
777.0,779.0,777.0,778.0,12.585,9795.4,35,9.2591,7207.957,202304
779.0,779.0,778.0,779.0,4.0802,3174.4664,14,1.347,1048.0368,202304
778.0,779.0,778.0,779.0,0.6074,472.6471,8,0.0899,70.0321,202304
779.0,779.0,779.0,779.0,0.1669,130.0151,2,0.1669,130.0151,202304
779.0,779.0,778.0,778.0,6.6163,5152.5003,7,5.0189,3909.7231,202304
779.0,779.0,779.0,779.0,2.9299,2282.3921,10,2.9299,2282.3921,202304
778.0,779.0,777.0,777.0,12.7633,9925.0642,34,0.3087,240.1943,202304
777.0,778.0,777.0,778.0,9.3135,7245.277,28,2.6512,2062.6336,202304
778.0,780.0,778.0,779.0,30.0935,23444.6912,54,26.4578,20614.4524,202304
779.0,780.0,778.0,778.0,7.7419,6030.3764,22,0.0371,28.938,202304
778.0,779.0,778.0,778.0,3.013,2344.2939,22,0.1799,140.1421,202304
778.0,779.0,777.0,778.0,10.7491,8362.2471,34,0.8606,669.5982,202304
777.0,778.0,775.0,776.0,14.5546,11298.5956,55,0.4987,387.5092,202304
775.0,776.0,775.0,776.0,5.7731,4479.8571,14,5.7046,4426.7696,202304
775.0,775.0,772.0,773.0,20.0099,15485.3499,106,4.0703,3151.6773,202304
772.0,773.0,772.0,772.0,47.542,36714.8646,110,21.7734,16821.4858,202304
772.0,773.0,771.0,773.0,29.3906,22699.4217,80,12.8416,9916.9173,202304
773.0,773.0,771.0,773.0,24.8339,19171.7851,56,14.4792,11177.9826,202304
772.0,773.0,771.0,773.0,15.9544,12322.4689,34,10.821,8359.7462,202304
773.0,773.0,772.0,772.0,10.6365,8221.6388,15,0.9186,710.0778,202304
773.0,773.0,771.0,771.0,14.7559,11388.2231,51,4.8049,3709.4216,202304
771.0,772.0,771.0,772.0,3.9302,3034.012,19,3.8278,2955.0616,202304
772.0,773.0,770.0,770.0,46.8311,36075.5947,142,10.551,8134.1869,202304
769.0,771.0,769.0,770.0,8.8882,6847.9846,25,8.7789,6763.837,202304
770.0,772.0,770.0,771.0,9.6725,7457.5134,24,2.5851,1993.1421,202304
771.0,772.0,771.0,771.0,10.9606,8451.6586,24,8.8025,6787.7635,202304
771.0,773.0,771.0,772.0,10.3818,8016.8702,45,7.6476,5907.2131,202304
773.0,773.0,772.0,772.0,0.3958,305.6459,6,0.0883,68.2559,202304
772.0,774.0,772.0,774.0,1.6853,1302.7631,11,1.4073,1087.8841,202304
773.0,774.0,772.0,774.0,17.6973,13679.9221,46,9.1922,7105.9793,202304
774.0,774.0,773.0,774.0,5.6567,4376.6432,14,4.0141,3106.9134,202304
773.0,774.0,773.0,774.0,0.9981,771.5572,3,0.0259,20.0466,202304
774.0,774.0,773.0,773.0,32.9499,25470.9105,44,0.6378,493.6572,202304
773.0,773.0,771.0,772.0,13.7018,10576.8563,56,0.76,587.4207,202304
772.0,773.0,772.0,772.0,14.2476,10999.229,30,12.9905,10028.7478,202304
772.0,772.0,767.0,768.0,40.0128,30782.8516,142,8.339,6408.4381,202304
769.0,770.0,761.0,763.0,94.6117,72395.1898,322,18.5168,14181.0742,202304
762.0,764.0,711.0,744.0,1645.0049,1212470.3277,4500,683.7848,502479.5858,202304
744.0,750.0,736.0,738.0,608.1459,452718.5233,1546,291.656,217313.366,202304
738.0,741.0,714.0,723.0,1307.0227,952312.5202,3254,398.2823,290009.6588,202304
723.0,737.0,720.0,731.0,214.1054,156186.5277,804,96.3438,70335.9978,202304
730.0,733.0,727.0,733.0,144.3685,105345.6315,482,65.9755,48150.3596,202304
733.0,738.0,732.0,735.0,64.4006,47290.2968,326,29.0421,21329.795,202304
734.0,734.0,731.0,733.0,64.0776,46945.1518,222,20.1918,14805.0738,202304
733.0,736.0,732.0,735.0,53.7822,39461.7821,229,27.8899,20469.9499,202304
734.0,737.0,732.0,733.0,68.6056,50371.8367,268,29.0714,21347.7408,202304
733.0,734.0,731.0,733.0,47.654,34898.5783,137,13.5492,9928.9536,202304
733.0,734.0,729.0,731.0,29.586,21660.0791,126,12.0073,8800.0957,202304
730.0,731.0,726.0,731.0,44.1645,32157.1221,212,21.0936,15367.9367,202304
730.0,734.0,730.0,732.0,74.6909,54645.7827,216,37.7448,27627.5565,202304
732.0,732.0,728.0,729.0,28.5794,20866.4684,123,15.7123,11472.0649,202304
728.0,729.0,720.0,724.0,229.7808,166425.3057,548,71.5635,51881.4073,202304
724.0,727.0,723.0,724.0,307.8662,223429.9901,403,219.819,159568.3335,202304
724.0,727.0,723.0,727.0,212.4554,154092.5707,316,114.6334,83159.984,202304
727.0,731.0,726.0,730.0,54.8252,39955.6042,191,32.5614,23737.3455,202304
730.0,731.0,729.0,730.0,25.541,18640.2256,69,4.9539,3617.6739,202304
729.0,730.0,726.0,727.0,49.0839,35705.1297,116,18.8143,13690.1658,202304
726.0,727.0,723.0,723.0,47.7658,34632.1994,119,5.4144,3925.8813,202304
724.0,727.0,722.0,726.0,169.5444,122843.6407,223,90.8434,65867.3533,202304
726.0,727.0,725.0,726.0,15.6218,11344.2743,48,11.5151,8364.5245,202304
725.0,729.0,725.0,729.0,32.3325,23512.2169,98,18.7974,13669.8694,202304
728.0,728.0,726.0,726.0,31.866,23184.6595,83,5.5435,4035.668,202304
726.0,727.0,726.0,727.0,27.1457,19714.7016,71,17.6001,12784.596,202304
726.0,728.0,726.0,728.0,74.5938,54208.6991,116,40.8961,29719.1778,202304
727.0,732.0,727.0,731.0,159.2069,116200.7988,228,135.1007,98602.0313,202304
731.0,732.0,730.0,731.0,143.5891,104990.754,195,38.7941,28390.0554,202304
731.0,733.0,730.0,732.0,32.9093,24061.5524,101,13.5368,9899.6357,202304
732.0,732.0,729.0,729.0,100.4523,73378.8839,130,14.5978,10672.5105,202304
729.0,730.0,727.0,727.0,62.1258,45279.5777,101,0.122,89.06,202304
728.0,730.0,726.0,730.0,35.5168,25843.9283,111,25.3028,18416.2525,202304
729.0,730.0,729.0,729.0,38.4012,28023.5805,121,25.9975,18978.175,202304
729.0,730.0,728.0,729.0,14.8487,10824.9435,46,8.4322,6148.714,202304
728.0,729.0,727.0,728.0,19.1455,13936.0201,50,9.4923,6910.4905,202304
728.0,728.0,726.0,727.0,31.9807,23249.2321,72,8.786,6387.4752,202304
727.0,735.0,724.0,726.0,726.6932,529970.8,1073,381.8758,279222.4331,202304
726.0,728.0,724.0,726.0,143.3203,104149.7096,196,117.436,85361.5315,202304
726.0,728.0,726.0,727.0,70.8866,51557.0093,153,56.3805,41012.6024,202304
727.0,730.0,727.0,730.0,15.3218,11164.6567,52,12.718,9268.2307,202304
729.0,731.0,729.0,730.0,19.4425,14192.3067,66,11.3369,8276.9504,202304
730.0,731.0,728.0,728.0,58.8965,42976.9198,196,22.3209,16286.4765,202304
728.0,729.0,726.0,726.0,53.6821,39037.0997,170,20.0124,14564.3945,202304
726.0,727.0,725.0,727.0,62.2425,45189.2355,45,55.008,39937.1461,202304
726.0,728.0,726.0,727.0,13.7448,9996.4075,40,13.5004,9818.9275,202304
727.0,727.0,725.0,725.0,15.4953,11257.5399,46,0.9477,688.5924,202304
725.0,727.0,725.0,726.0,10.5436,7658.7384,34,8.8657,6440.7034,202304
726.0,727.0,725.0,726.0,48.6114,35313.4842,83,29.1243,21167.0031,202304
726.0,727.0,724.0,726.0,30.2181,21923.3876,76,8.3174,6036.0428,202304
726.0,727.0,725.0,726.0,13.9679,10137.1155,57,4.8754,3539.5887,202304
725.0,726.0,725.0,725.0,5.9745,4334.3231,22,2.8106,2040.4956,202304
725.0,727.0,725.0,727.0,20.0187,14532.7568,48,12.2981,8928.8235,202304
726.0,727.0,725.0,726.0,21.3185,15486.1379,47,14.0406,10202.5309,202304
726.0,728.0,726.0,728.0,11.9029,8657.9728,65,11.3347,8245.012,202304
727.0,729.0,726.0,727.0,31.0023,22546.0484,68,10.1372,7371.2235,202304
726.0,727.0,726.0,727.0,9.9653,7244.6,38,9.7922,7118.9294,202304
727.0,728.0,726.0,727.0,12.5964,9155.6502,36,5.0088,3641.48,202304
727.0,727.0,726.0,726.0,22.0547,16020.744,56,8.4863,6163.3292,202304
726.0,727.0,725.0,726.0,3.6938,2681.7475,16,2.7375,1987.5012,202304
726.0,727.0,726.0,726.0,3.5968,2612.008,24,0.7312,531.5824,202304
726.0,728.0,726.0,728.0,7.728,5618.3152,38,7.0368,5116.4765,202304
727.0,729.0,727.0,729.0,15.1506,11029.3313,49,11.8863,8656.0568,202304
728.0,730.0,728.0,730.0,5.9707,4353.2045,17,5.4199,3952.2221,202304
729.0,731.0,729.0,731.0,38.3053,27962.6565,65,16.3553,11939.3964,202304
730.0,731.0,727.0,729.0,43.3989,31618.9414,87,11.3515,8269.0079,202304
728.0,729.0,728.0,729.0,16.6694,12151.2458,30,10.3946,7577.6634,202304
728.0,730.0,728.0,730.0,14.1174,10299.6042,60,13.8527,10106.7438,202304
730.0,731.0,728.0,729.0,42.7777,31206.2012,101,15.0024,10946.5066,202304
729.0,730.0,728.0,729.0,24.702,18007.946,64,10.4077,7587.4703,202304
730.0,733.0,729.0,732.0,50.0166,36580.7894,154,38.2008,27933.5798,202304
732.0,735.0,731.0,735.0,136.1898,99920.2272,196,120.6061,88508.8399,202304
734.0,736.0,734.0,735.0,15.7806,11596.4854,62,5.7992,4262.4629,202304
734.0,735.0,733.0,733.0,24.435,17938.3244,85,15.2452,11194.8582,202304
733.0,734.0,733.0,733.0,4.0749,2990.6751,26,3.7734,2769.6756,202304
733.0,734.0,732.0,734.0,21.7193,15923.3839,48,11.7277,8599.5957,202304
733.0,735.0,733.0,735.0,8.1461,5980.5194,37,7.952,5838.2441,202304
734.0,738.0,734.0,737.0,35.6498,26246.8213,128,31.2271,22991.9968,202304
737.0,737.0,736.0,737.0,19.8551,14628.571,59,9.9901,7362.7037,202304
736.0,737.0,733.0,735.0,48.5287,35672.5231,127,15.3928,11317.8863,202304
734.0,735.0,734.0,734.0,3.019,2216.4486,19,0.5026,369.411,202304
734.0,735.0,733.0,734.0,11.4887,8432.9848,29,1.778,1305.3582,202304
733.0,734.0,731.0,732.0,19.2455,14088.742,61,2.9385,2151.378,202304
731.0,732.0,730.0,731.0,36.772,26881.4958,107,19.1074,13970.4365,202304
730.0,732.0,729.0,731.0,256.1551,187058.8951,294,103.5659,75673.3516,202304
731.0,733.0,731.0,733.0,30.9818,22686.3241,77,25.9152,18982.2436,202304
732.0,733.0,732.0,733.0,19.837,14539.6273,60,18.7921,13774.6093,202304
733.0,734.0,733.0,734.0,23.9958,17608.4911,76,19.4319,14263.0146,202304
734.0,735.0,729.0,730.0,48.1484,35242.3193,136,11.9329,8723.241,202304
730.0,733.0,730.0,731.0,25.1569,18401.8697,87,8.8922,6503.4173,202304
731.0,732.0,731.0,731.0,17.8606,13066.2381,49,11.5481,8446.4619,202304
731.0,732.0,729.0,730.0,59.8169,43712.6639,168,34.2055,24996.7988,202304
730.0,731.0,726.0,731.0,172.5501,125584.4071,306,39.0327,28437.996,202304
730.0,730.0,729.0,730.0,8.7438,6379.431,27,2.1342,1557.966,202304
729.0,731.0,728.0,729.0,29.1567,21264.7405,68,17.2931,12610.2499,202304
728.0,732.0,728.0,731.0,21.5353,15734.032,80,12.9039,9425.6034,202304
730.0,731.0,730.0,731.0,1.9823,1447.3802,19,0.3012,220.1772,202304
730.0,732.0,730.0,732.0,26.5778,19449.7402,81,14.8342,10854.6192,202304
732.0,733.0,732.0,732.0,3.6325,2661.4813,14,2.4913,1826.1229,202304
732.0,734.0,732.0,733.0,24.4287,17906.8154,73,13.8533,10155.2014,202304
732.0,734.0,732.0,734.0,9.425,6910.3128,28,7.2512,5317.0093,202304
733.0,734.0,733.0,733.0,2.8132,2064.6912,20,2.6156,1919.8504,202304
733.0,734.0,732.0,732.0,16.8474,12347.5922,43,10.1226,7419.8847,202304
732.0,733.0,731.0,732.0,6.5949,4827.3257,46,0.3046,223.136,202304
731.0,732.0,731.0,731.0,8.0324,5878.0605,24,6.3761,4667.3052,202304
731.0,732.0,731.0,731.0,0.5866,428.9063,12,0.1017,74.4444,202304
731.0,732.0,730.0,730.0,11.5219,8422.4411,32,1.5851,1158.7629,202304
730.0,731.0,730.0,730.0,3.4497,2519.418,27,1.137,831.147,202304
730.0,730.0,729.0,729.0,6.9394,5060.6865,71,0.6006,438.438,202304
729.0,730.0,725.0,726.0,128.0575,93126.5733,373,39.3343,28620.6299,202304
725.0,726.0,724.0,725.0,50.5939,36667.8746,135,14.6739,10648.0769,202304
724.0,726.0,724.0,725.0,36.1136,26182.9266,75,21.5192,15602.0893,202304
725.0,725.0,723.0,724.0,24.682,17871.8605,83,5.7519,4165.5456,202304
724.0,725.0,722.0,723.0,33.1801,23990.7936,117,3.4904,2523.843,202304
722.0,724.0,718.0,723.0,80.2651,57846.0551,251,28.0076,20198.1651,202304
723.0,725.0,722.0,723.0,47.1879,34150.456,93,16.5459,11978.6014,202304
723.0,726.0,723.0,725.0,19.6856,14260.7927,72,6.0742,4400.2817,202304
724.0,726.0,724.0,726.0,3.9067,2833.2127,41,3.7068,2688.4576,202304
725.0,728.0,725.0,727.0,11.934,8675.9542,68,10.6392,7735.1218,202304
728.0,728.0,727.0,728.0,8.5077,6192.6676,28,2.386,1737.008,202304
727.0,728.0,727.0,728.0,6.3384,4612.9049,39,2.449,1782.872,202304
728.0,729.0,727.0,728.0,16.5957,12081.8808,41,4.5108,3284.1011,202304
727.0,729.0,727.0,727.0,6.7545,4916.5493,25,4.9702,3618.3373,202304
728.0,728.0,726.0,727.0,14.3933,10464.3006,51,6.6804,4857.4851,202304
727.0,727.0,724.0,725.0,5.9665,4331.3175,42,0.5078,368.8387,202304
724.0,725.0,723.0,723.0,20.368,14731.5471,73,0.3086,223.6519,202304
723.0,725.0,723.0,723.0,17.7458,12847.6948,49,9.7776,7080.9554,202304
723.0,724.0,723.0,724.0,7.123,5151.9583,29,5.3486,3869.0119,202304
725.0,725.0,724.0,725.0,1.8885,1369.0797,18,1.8057,1309.1325,202304
725.0,725.0,723.0,725.0,9.8085,7103.2514,47,6.1253,4437.4243,202304
725.0,725.0,723.0,725.0,10.3768,7517.4487,46,4.8826,3535.5024,202304
724.0,725.0,724.0,725.0,7.224,5232.1413,31,3.7167,2692.6611,202304
725.0,726.0,725.0,726.0,6.1154,4436.8627,25,4.6001,3337.7275,202304
726.0,728.0,726.0,728.0,5.11,3715.9425,40,4.8326,3514.3277,202304
727.0,729.0,727.0,728.0,7.4523,5425.6094,27,1.8149,1321.6647,202304
728.0,729.0,727.0,729.0,5.1004,3715.7509,37,4.973,3623.0587,202304
729.0,731.0,725.0,727.0,104.6942,76221.9592,269,27.2353,19848.1995,202304
727.0,729.0,727.0,728.0,19.2569,14019.5869,64,9.2605,6744.1601,202304
728.0,728.0,727.0,727.0,6.5309,4754.3904,24,6.4261,4678.2008,202304
728.0,728.0,726.0,726.0,10.1933,7410.2975,43,2.5944,1886.2731,202304
727.0,728.0,726.0,728.0,21.5391,15675.0176,53,20.6685,15041.3203,202304
728.0,729.0,727.0,728.0,11.7526,8555.8515,39,3.2021,2331.177,202304
728.0,729.0,727.0,727.0,17.0513,12407.661,51,3.3892,2468.106,202304
727.0,733.0,726.0,733.0,71.2573,52049.2762,189,57.3555,41874.9135,202304
732.0,733.0,731.0,731.0,23.1429,16940.8621,50,0.2759,202.2347,202304
732.0,733.0,731.0,731.0,28.4421,20819.6858,93,14.7364,10787.168,202304
732.0,732.0,729.0,729.0,28.4262,20756.5673,70,3.6249,2644.3923,202304
729.0,731.0,728.0,729.0,14.5289,10600.4089,60,8.9611,6537.4181,202304
729.0,729.0,727.0,727.0,15.9166,11590.6553,55,5.4831,3992.0416,202304
727.0,729.0,727.0,729.0,9.1615,6671.6053,27,8.7352,6361.2939,202304
728.0,728.0,727.0,728.0,10.1278,7373.0108,27,1.3945,1015.196,202304
728.0,730.0,727.0,730.0,10.2858,7490.7773,34,4.4144,3216.2866,202304
729.0,732.0,729.0,731.0,64.1905,46896.696,133,36.7755,26864.9442,202304
731.0,732.0,731.0,731.0,21.3533,15615.2166,66,8.7028,6363.9982,202304
731.0,732.0,730.0,731.0,15.1753,11094.0745,35,13.9178,10174.8693,202304
731.0,731.0,729.0,729.0,19.2053,14032.5814,37,0.1367,99.9277,202304
730.0,730.0,728.0,728.0,6.6143,4820.8364,27,0.5953,434.5154,202304
728.0,729.0,725.0,726.0,31.8,23131.1135,110,19.8204,14411.052,202304
727.0,727.0,709.0,720.0,337.1805,241626.6683,1016,136.9268,97890.636,202304
719.0,720.0,719.0,719.0,25.6672,18469.6641,81,10.9835,7903.81,202304
719.0,721.0,718.0,721.0,47.4808,34182.8061,158,19.8819,14316.4711,202304
721.0,723.0,720.0,722.0,35.1414,25370.1614,75,18.877,13621.3757,202304
722.0,723.0,722.0,723.0,12.4856,9017.4135,66,2.5755,1862.0865,202304
723.0,730.0,723.0,730.0,66.6294,48440.9895,204,48.7068,35396.1139,202304
729.0,734.0,729.0,733.0,160.1109,117178.893,214,143.9823,105405.1598,202304
733.0,737.0,733.0,736.0,66.533,48899.9371,214,49.7995,36602.4122,202304
736.0,737.0,733.0,735.0,73.9149,54354.5766,207,44.8817,33017.9947,202304
735.0,736.0,731.0,732.0,55.6254,40761.6693,126,7.891,5784.3907,202304
733.0,733.0,732.0,733.0,8.7194,6389.5302,41,5.3286,3905.8638,202304
732.0,733.0,730.0,730.0,9.9863,7310.959,33,4.0175,2944.8275,202304
731.0,732.0,730.0,730.0,15.5884,11394.9947,49,10.4475,7637.1609,202304
730.0,730.0,728.0,728.0,25.6841,18720.6614,66,6.1576,4483.3022,202304
728.0,729.0,728.0,729.0,7.0156,5112.5224,21,2.9052,2117.8908,202304
729.0,729.0,728.0,729.0,8.8525,6450.8599,43,2.5323,1846.0467,202304
729.0,731.0,729.0,730.0,6.3993,4670.0209,33,6.0161,4390.375,202304
730.0,731.0,729.0,729.0,12.8345,9369.7825,52,3.708,2708.5739,202304
729.0,730.0,729.0,729.0,0.0684,49.8772,3,0.0136,9.928,202304
729.0,730.0,728.0,729.0,31.4352,22904.1731,302,11.4866,8363.5709,202304
729.0,729.0,724.0,725.0,167.1077,121327.7234,330,60.8485,44171.7366,202304
725.0,727.0,724.0,726.0,25.1034,18218.412,77,9.8213,7131.845,202304
725.0,726.0,722.0,723.0,53.0001,38350.6766,133,7.5481,5456.5051,202304
723.0,725.0,722.0,722.0,26.0522,18856.0661,56,4.0866,2958.8889,202304
722.0,722.0,708.0,714.0,216.0064,154218.7782,759,114.4208,81652.2726,202304
714.0,716.0,713.0,715.0,37.7226,26956.2472,132,17.6402,12617.1187,202304
716.0,718.0,715.0,718.0,36.4561,26132.9033,129,19.8196,14204.0819,202304
717.0,719.0,717.0,718.0,27.435,19708.8472,95,6.625,4760.4873,202304
718.0,720.0,717.0,720.0,19.9846,14350.9568,97,6.5348,4695.9267,202304
720.0,723.0,719.0,722.0,46.9165,33800.0755,139,30.605,22062.758,202304
722.0,724.0,719.0,722.0,38.2519,27611.5052,145,7.9156,5713.6064,202304
723.0,725.0,722.0,722.0,60.3316,43663.7798,174,34.0852,24681.6656,202304
722.0,724.0,721.0,723.0,58.1198,41986.8609,151,17.713,12800.8886,202304
723.0,726.0,723.0,724.0,55.2234,39977.68,163,14.4698,10485.4485,202304
724.0,725.0,723.0,724.0,30.531,22091.8975,113,9.7006,7022.0932,202304
724.0,727.0,724.0,727.0,31.4251,22797.0341,93,21.3662,15505.3955,202304
727.0,727.0,718.0,722.0,474.725,342826.0476,602,120.7795,87124.6241,202304
722.0,724.0,722.0,723.0,36.9207,26684.4632,146,13.2266,9554.6302,202304
724.0,725.0,723.0,723.0,14.71,10650.3606,24,7.972,5772.2403,202304
723.0,724.0,723.0,723.0,2.1611,1563.4753,18,1.0,724.0,202304
723.0,724.0,722.0,722.0,61.5781,44500.8757,132,12.125,8766.8584,202304
722.0,723.0,721.0,722.0,15.1806,10960.3543,61,8.9294,6447.0613,202304
721.0,722.0,720.0,720.0,7.1279,5138.8189,45,0.5972,430.6186,202304
720.0,720.0,718.0,720.0,67.6761,48685.2508,139,16.8886,12155.8337,202304
720.0,721.0,719.0,720.0,17.3975,12523.6346,51,7.1088,5118.3527,202304
719.0,720.0,717.0,718.0,44.5057,31969.2173,97,17.0305,12238.0119,202304
718.0,718.0,716.0,718.0,24.7692,17758.3923,73,15.3837,11030.2521,202304
718.0,720.0,718.0,720.0,16.2511,11681.8635,69,10.1217,7279.8953,202304
720.0,721.0,720.0,721.0,11.8972,8567.3992,22,4.4042,3172.4392,202304
721.0,721.0,719.0,719.0,5.4315,3907.4529,20,1.1837,851.1411,202304
720.0,723.0,720.0,723.0,12.8008,9235.2981,63,7.9034,5700.0778,202304
723.0,724.0,722.0,724.0,10.8136,7823.1305,24,6.2012,4488.4138,202304
724.0,724.0,722.0,722.0,35.2956,25531.4023,54,20.3703,14740.4589,202304
723.0,724.0,723.0,723.0,16.6211,12017.1555,46,7.5684,5472.0534,202304
723.0,723.0,722.0,722.0,2.4179,1748.0451,8,1.3333,963.9759,202304
723.0,723.0,721.0,722.0,7.6219,5502.7938,28,3.7078,2677.4003,202304
722.0,723.0,722.0,723.0,12.2102,8827.5764,47,3.1478,2275.8594,202304
723.0,723.0,723.0,723.0,0.0,0.0,0,0.0,0.0,202304
722.0,722.0,719.0,720.0,46.4778,33478.2912,107,10.2825,7405.891,202304
720.0,720.0,719.0,719.0,9.8401,7077.1229,22,5.2696,3789.9804,202304
719.0,719.0,717.0,719.0,17.1498,12318.5395,45,7.8781,5656.7066,202304
719.0,721.0,719.0,720.0,3.112,2238.1813,24,2.7123,1950.7132,202304
720.0,720.0,719.0,719.0,20.425,14694.4849,43,6.6525,4783.1475,202304
719.0,719.0,718.0,718.0,13.4423,9658.7371,33,5.4852,3939.9755,202304
719.0,719.0,716.0,716.0,35.9503,25818.6823,115,27.2491,19576.9001,202304
716.0,717.0,714.0,715.0,56.3995,40341.4247,142,14.8429,10623.5813,202304
715.0,717.0,715.0,717.0,27.7858,19900.7757,49,21.2985,15256.1754,202304
718.0,718.0,713.0,714.0,54.678,39145.3902,140,5.8486,4191.7008,202304
715.0,715.0,712.0,712.0,53.1385,37884.639,139,16.6563,11894.0159,202304
712.0,712.0,705.0,708.0,290.1922,205173.2681,557,52.7065,37308.2802,202304
708.0,711.0,708.0,711.0,352.4308,249903.0815,445,303.1332,214969.4012,202304
711.0,713.0,711.0,712.0,58.2366,41444.317,148,13.4669,9589.9888,202304
713.0,714.0,712.0,714.0,27.9244,19908.4334,78,17.2265,12282.6737,202304
713.0,713.0,711.0,713.0,28.7609,20482.112,70,13.2262,9417.8778,202304
713.0,713.0,712.0,712.0,1.0791,769.3692,5,1.05,748.65,202304
713.0,714.0,713.0,714.0,22.3917,15967.1748,50,22.196,15827.6407,202304
714.0,714.0,712.0,714.0,72.7934,51863.4129,97,21.0242,14991.6449,202304
713.0,715.0,713.0,715.0,26.1689,18676.9281,75,10.8911,7778.1471,202304
715.0,715.0,714.0,714.0,68.4538,48900.7087,83,32.4194,23147.8308,202304
714.0,716.0,714.0,716.0,30.4177,21773.7474,78,24.8472,17788.1085,202304
716.0,719.0,716.0,719.0,14.1368,10144.7528,66,13.3163,9556.7458,202304
719.0,719.0,718.0,719.0,6.4495,4636.313,43,5.4848,3943.5712,202304
719.0,719.0,718.0,719.0,31.9178,22936.2369,50,6.0794,4371.0886,202304
718.0,719.0,717.0,719.0,15.7109,11280.2125,30,8.8521,6355.8731,202304
719.0,720.0,719.0,720.0,33.139,23852.9789,65,23.4633,16887.5977,202304
720.0,721.0,719.0,720.0,6.5857,4742.4993,23,4.4366,3195.752,202304
720.0,721.0,719.0,720.0,9.6846,6973.0588,49,2.0857,1502.1899,202304
720.0,720.0,719.0,720.0,0.2456,176.6733,3,0.0869,62.568,202304
719.0,720.0,719.0,720.0,12.9514,9320.2895,47,8.2329,5927.688,202304
720.0,721.0,720.0,721.0,6.1803,4450.1016,30,5.9208,4263.2616,202304
720.0,721.0,720.0,720.0,7.0135,5049.7652,23,0.0452,32.5892,202304
721.0,721.0,718.0,718.0,10.0728,7245.7451,75,2.3321,1679.1424,202304
719.0,721.0,719.0,720.0,29.8627,21506.4185,100,23.5112,16932.1916,202304
721.0,721.0,720.0,721.0,25.4498,18347.827,46,3.4517,2488.6757,202304
721.0,721.0,721.0,721.0,12.6168,9096.7128,27,10.7637,7760.6277,202304
720.0,720.0,720.0,720.0,6.3099,4543.128,34,2.4271,1747.512,202304
719.0,720.0,718.0,719.0,19.5164,14032.3425,91,7.2045,5181.1424,202304
719.0,719.0,718.0,718.0,13.3757,9607.1027,26,4.3501,3126.7219,202304
718.0,718.0,717.0,717.0,22.6198,16232.0716,84,10.2905,7388.579,202304
717.0,717.0,714.0,716.0,128.8848,92180.5139,190,29.6443,21199.933,202304
716.0,717.0,715.0,716.0,12.9855,9297.3067,25,2.7593,1975.6762,202304
715.0,716.0,714.0,714.0,28.0685,20070.4638,75,15.3749,10995.0398,202304
715.0,716.0,715.0,716.0,7.7496,5546.2363,30,3.1465,2250.4339,202304
717.0,719.0,717.0,718.0,10.5857,7601.5281,55,8.6959,6244.6823,202304
719.0,720.0,719.0,719.0,7.8661,5656.1897,24,2.1478,1544.732,202304
718.0,722.0,718.0,722.0,30.7679,22166.2549,114,14.2384,10260.8241,202304
721.0,721.0,720.0,721.0,3.992,2878.2134,28,3.8196,2753.9316,202304
722.0,724.0,721.0,724.0,28.7021,20728.5499,130,11.4943,8307.8323,202304
723.0,724.0,722.0,724.0,27.26,19723.3014,86,14.5157,10508.6829,202304
724.0,724.0,723.0,723.0,1.3077,946.7263,11,1.0222,740.0728,202304
723.0,724.0,723.0,723.0,8.744,6327.735,16,5.823,4215.852,202304
723.0,724.0,723.0,724.0,5.7201,4135.7909,9,0.1586,114.8264,202304
724.0,725.0,724.0,724.0,39.3649,28519.0605,86,29.1506,21117.6664,202304
725.0,726.0,724.0,724.0,27.0071,19582.204,69,3.6742,2667.2515,202304
725.0,726.0,724.0,724.0,5.4707,3965.8119,20,0.673,488.0358,202304
725.0,725.0,724.0,724.0,20.7185,15005.5868,73,8.2122,5950.5012,202304
724.0,725.0,723.0,724.0,17.3429,12554.4772,34,11.0439,7995.9215,202304
724.0,724.0,724.0,724.0,3.9739,2877.1036,15,0.6785,491.234,202304
724.0,724.0,721.0,721.0,99.0347,71591.746,116,0.4101,296.8668,202304
721.0,723.0,720.0,722.0,15.4501,11153.7237,41,11.8215,8535.245,202304
722.0,723.0,721.0,723.0,69.9598,50486.4633,102,36.6209,26443.9967,202304
723.0,723.0,722.0,722.0,9.4935,6854.336,25,5.792,4181.853,202304
722.0,723.0,722.0,722.0,6.8593,4952.4311,27,5.3289,3847.4823,202304
722.0,723.0,722.0,722.0,10.58,7640.02,39,10.58,7640.02,202304
723.0,723.0,721.0,721.0,10.3825,7486.1223,8,0.303,218.7825,202304
722.0,722.0,721.0,721.0,7.9915,5768.1817,16,2.8491,2057.0502,202304
721.0,721.0,721.0,721.0,2.0709,1493.1189,4,0.0,0.0,202304
721.0,721.0,719.0,719.0,86.8354,62600.1324,70,0.0681,49.032,202304
720.0,720.0,718.0,719.0,6.8891,4950.0839,34,2.7839,1999.7002,202304
718.0,721.0,718.0,721.0,7.4823,5381.585,34,5.6553,4068.0332,202304
721.0,723.0,721.0,723.0,26.1974,18899.4442,42,16.9829,12249.7481,202304
723.0,724.0,723.0,723.0,5.7035,4126.152,30,3.6073,2610.5994,202304
724.0,727.0,724.0,726.0,65.9483,47814.5182,110,38.1041,27606.2211,202304
726.0,726.0,724.0,726.0,11.5281,8362.4256,39,8.3947,6090.5582,202304
727.0,728.0,725.0,725.0,12.7862,9290.2808,42,3.4833,2532.3727,202304
725.0,725.0,719.0,722.0,78.0401,56393.4442,204,19.1056,13808.8727,202304
723.0,725.0,723.0,724.0,36.0333,26076.8531,89,26.4358,19130.587,202304
724.0,725.0,724.0,725.0,7.1366,5167.0205,21,7.1112,5148.6309,202304
724.0,725.0,723.0,724.0,21.7467,15746.5423,61,6.0946,4414.4385,202304
724.0,725.0,724.0,724.0,9.9751,7223.2368,20,2.3281,1686.8088,202304
724.0,726.0,724.0,726.0,21.587,15653.5996,47,14.6713,10638.575,202304
726.0,727.0,726.0,727.0,6.0266,4380.235,24,5.9144,4298.7778,202304
727.0,728.0,726.0,727.0,15.0316,10927.9869,31,1.7303,1257.9564,202304
726.0,728.0,725.0,728.0,38.1042,27697.7426,149,27.0816,19697.6394,202304
727.0,728.0,727.0,728.0,12.9107,9396.2315,37,6.1626,4485.3832,202304
727.0,729.0,726.0,727.0,46.9359,34137.5851,78,9.7204,7071.6374,202304
727.0,729.0,727.0,728.0,31.2802,22788.4821,65,25.2875,18423.0912,202304
729.0,730.0,729.0,729.0,12.1531,8861.4113,42,4.6989,3427.2995,202304
729.0,729.0,728.0,728.0,5.7304,4177.401,10,4.3497,3170.9313,202304
729.0,729.0,727.0,728.0,9.1289,6647.9899,27,2.9235,2129.486,202304
727.0,730.0,727.0,730.0,24.7478,18032.6995,55,18.0027,13119.3079,202304
730.0,730.0,729.0,729.0,13.9519,10179.1966,43,6.0603,4423.7405,202304
729.0,732.0,729.0,731.0,27.9458,20400.0434,90,16.1068,11768.4384,202304
732.0,732.0,730.0,730.0,17.5073,12792.3475,45,0.181,132.492,202304
730.0,730.0,727.0,727.0,30.0242,21881.4729,49,11.5724,8436.0841,202304
728.0,728.0,726.0,727.0,36.1592,26292.5694,55,24.3685,17720.7855,202304
726.0,726.0,725.0,725.0,15.6229,11327.6949,35,5.1191,3711.4409,202304
725.0,725.0,724.0,724.0,8.4524,6119.5615,26,2.8109,2035.1155,202304
724.0,726.0,723.0,726.0,49.4709,35872.6277,76,20.2935,14701.8587,202304
726.0,727.0,726.0,727.0,3.8391,2788.1475,7,3.8391,2788.1475,202304
727.0,728.0,727.0,728.0,19.4705,14170.0199,50,13.4468,9784.7812,202304
728.0,728.0,727.0,727.0,17.7982,12954.4182,39,2.3681,1723.9768,202304
727.0,728.0,727.0,728.0,5.4693,3980.5895,18,2.6099,1899.0176,202304
728.0,729.0,728.0,728.0,6.6828,4865.2548,27,1.6524,1203.1236,202304
727.0,727.0,727.0,727.0,5.1455,3740.7785,21,1.6296,1184.7192,202304
726.0,726.0,725.0,725.0,14.2357,10325.6643,32,6.9067,5007.3575,202304
725.0,726.0,725.0,726.0,6.5442,4745.7212,15,5.0601,3669.7487,202304
725.0,725.0,724.0,724.0,20.016,14502.6517,58,7.9805,5783.2726,202304
724.0,726.0,723.0,726.0,21.4821,15556.5181,46,8.5088,6166.7461,202304
725.0,727.0,725.0,727.0,12.3472,8966.2908,35,12.2648,8906.4958,202304
726.0,727.0,725.0,725.0,20.9844,15232.1787,30,2.2442,1629.4908,202304
726.0,726.0,725.0,725.0,17.6343,12791.7489,49,5.8891,4273.5018,202304
725.0,725.0,724.0,725.0,14.2781,10351.6085,33,7.3317,5315.4825,202304
725.0,726.0,724.0,725.0,28.7389,20827.8847,85,16.5426,11988.6899,202304
725.0,725.0,723.0,724.0,93.2428,67429.7865,142,9.6633,6998.0975,202304
724.0,725.0,723.0,724.0,32.2445,23346.9907,41,28.6316,20731.2784,202304
723.0,726.0,721.0,726.0,23.0355,16656.7878,120,13.3656,9670.596,202304
727.0,727.0,725.0,725.0,22.5799,16403.5863,91,7.8379,5696.7982,202304
726.0,726.0,723.0,725.0,8.6477,6265.7954,43,3.1005,2246.5791,202304
725.0,727.0,720.0,727.0,88.4808,63935.3592,228,41.2158,29852.209,202304
726.0,731.0,726.0,731.0,37.3009,27190.6055,178,27.9538,20384.3477,202304
730.0,733.0,730.0,731.0,42.8471,31347.4712,144,27.9959,20491.3229,202304
732.0,735.0,732.0,735.0,38.7682,28441.8445,166,16.0814,11798.2719,202304
734.0,737.0,733.0,736.0,48.6817,35810.8308,167,29.0629,21385.5125,202304
736.0,737.0,735.0,735.0,32.5648,23965.9831,82,12.2797,9040.4488,202304
735.0,736.0,734.0,736.0,16.9963,12495.7966,50,10.0755,7409.6124,202304
735.0,738.0,735.0,737.0,31.7293,23378.2433,108,15.9685,11772.5076,202304
737.0,738.0,736.0,737.0,18.6733,13762.2986,68,5.358,3948.9638,202304
737.0,738.0,734.0,734.0,8.5243,6270.5642,43,1.8209,1342.2729,202304
735.0,738.0,735.0,737.0,47.2094,34763.2071,146,29.1836,21489.5713,202304
737.0,738.0,737.0,738.0,19.4666,14355.3245,53,8.3888,6190.9149,202304
738.0,739.0,736.0,736.0,16.9024,12468.1271,44,3.5429,2613.6451,202304
736.0,736.0,734.0,735.0,12.6615,9312.1396,65,7.9605,5853.9653,202304
735.0,737.0,734.0,734.0,20.0648,14749.697,90,6.7791,4984.9023,202304
735.0,738.0,734.0,736.0,33.653,24760.5487,116,20.781,15291.3096,202304
736.0,737.0,733.0,733.0,46.1142,33856.4578,113,9.4916,6976.9217,202304
734.0,735.0,732.0,733.0,38.7096,28424.672,112,15.0505,11058.707,202304
732.0,734.0,732.0,734.0,22.8192,16727.349,67,12.8346,9410.3227,202304
733.0,736.0,733.0,736.0,17.6168,12938.1918,77,13.3922,9838.6082,202304
736.0,736.0,734.0,734.0,11.4672,8430.6958,36,2.9762,2187.5244,202304
734.0,736.0,734.0,735.0,17.8458,13120.4154,79,12.4805,9176.9971,202304
734.0,734.0,732.0,734.0,23.795,17455.8916,66,10.3898,7622.8607,202304
734.0,736.0,733.0,736.0,29.3679,21573.204,101,19.9553,14657.6667,202304
735.0,735.0,733.0,734.0,15.0645,11065.4178,53,6.8543,5034.3027,202304
734.0,734.0,733.0,733.0,11.8025,8655.2301,25,3.4672,2543.4922,202304
732.0,732.0,731.0,731.0,11.6604,8526.3087,40,3.9808,2909.9797,202304
731.0,731.0,731.0,731.0,16.3656,11963.2536,33,11.4287,8354.3797,202304
731.0,733.0,728.0,729.0,46.9975,34324.7924,118,11.8603,8663.028,202304
729.0,730.0,728.0,728.0,45.2527,33003.8559,127,26.573,19375.679,202304
728.0,731.0,728.0,731.0,42.2594,30832.7032,110,24.9118,18181.0437,202304
731.0,731.0,730.0,730.0,29.5119,21545.768,50,14.2744,10420.312,202304
730.0,730.0,726.0,728.0,25.2364,18360.4011,82,11.0893,8068.802,202304
728.0,729.0,727.0,727.0,23.0015,16736.1194,53,16.4079,11941.5047,202304
728.0,728.0,727.0,727.0,15.5307,11296.2957,61,6.4889,4719.8459,202304
728.0,728.0,727.0,728.0,11.1311,8102.9327,24,6.9022,5024.8016,202304
728.0,728.0,726.0,726.0,32.1177,23322.063,88,18.5551,13471.893,202304
725.0,727.0,725.0,727.0,8.4415,6123.3459,46,2.9626,2151.0229,202304
726.0,726.0,715.0,718.0,1754.867,1261772.6854,1530,1114.7787,800582.7288,202304
718.0,719.0,717.0,717.0,68.2619,48974.0925,164,7.0199,5045.1528,202304
717.0,718.0,716.0,717.0,187.6979,134584.9855,296,66.3628,47596.2805,202304
717.0,718.0,713.0,715.0,155.4067,111246.5797,341,40.2855,28799.8857,202304
715.0,716.0,713.0,716.0,13.4467,9605.1426,65,5.8514,4180.772,202304
715.0,715.0,714.0,715.0,40.1412,28699.0101,81,14.7682,10559.263,202304
715.0,716.0,712.0,713.0,317.3532,226804.0402,378,155.6195,111259.848,202304
712.0,716.0,689.0,703.0,976.7275,688413.0631,2113,381.3503,269273.8033,202304
703.0,710.0,703.0,710.0,391.9063,277116.3746,664,161.0463,113842.5733,202304
710.0,713.0,708.0,713.0,38.9288,27643.3207,167,21.2167,15093.8839,202304
713.0,716.0,712.0,716.0,52.4471,37511.8151,188,27.5026,19677.659,202304
716.0,718.0,715.0,717.0,20.8409,14941.2807,97,5.9722,4286.7166,202304
717.0,719.0,715.0,715.0,13.7308,9843.2199,88,1.2711,912.2155,202304
716.0,717.0,714.0,716.0,30.8137,22060.6548,72,29.0325,20787.7757,202304
715.0,716.0,714.0,715.0,9.97,7125.3825,33,3.4905,2496.8835,202304
715.0,718.0,714.0,717.0,12.9165,9244.9059,78,10.8347,7756.1034,202304
717.0,717.0,713.0,714.0,17.732,12682.5242,50,1.8927,1353.1868,202304
714.0,714.0,711.0,712.0,25.5723,18213.8173,59,5.8973,4206.708,202304
713.0,713.0,710.0,710.0,54.6562,38845.8985,129,28.0849,19968.338,202304
710.0,710.0,708.0,709.0,23.1323,16408.0384,83,14.6529,10395.2034,202304
708.0,708.0,702.0,706.0,272.2252,191915.1629,394,139.2506,98163.2592,202304
706.0,711.0,704.0,710.0,75.1442,53124.5762,222,40.3804,28561.9526,202304
710.0,713.0,710.0,712.0,27.7587,19720.513,61,5.3362,3798.6133,202304
712.0,715.0,712.0,714.0,54.3131,38774.9719,146,37.7549,26962.779,202304
713.0,716.0,713.0,715.0,22.6281,16182.1511,101,16.6355,11897.8646,202304
716.0,716.0,713.0,714.0,33.6824,24096.1525,61,18.5533,13282.3694,202304
714.0,714.0,712.0,713.0,30.6717,21889.3493,71,5.4725,3904.2342,202304
713.0,713.0,709.0,709.0,46.5284,33043.4169,104,12.318,8746.8349,202304
710.0,712.0,709.0,711.0,42.2252,29991.6043,116,25.4215,18052.3826,202304
710.0,713.0,709.0,712.0,33.6255,23941.7513,66,28.4153,20230.3826,202304
711.0,712.0,709.0,710.0,18.873,13406.5329,101,5.5493,3947.1816,202304
709.0,709.0,708.0,709.0,27.4482,19444.3358,93,15.9975,11336.8303,202304
710.0,712.0,710.0,711.0,13.6019,9661.6538,50,9.2907,6599.8432,202304
713.0,715.0,713.0,714.0,25.2688,18036.7067,87,12.255,8748.5943,202304
714.0,714.0,711.0,711.0,13.7984,9830.8528,55,3.2517,2316.3717,202304
712.0,712.0,709.0,710.0,25.3774,18019.7991,92,17.3974,12353.5974,202304
710.0,710.0,706.0,707.0,33.6205,23793.6247,135,10.4392,7392.9304,202304
708.0,709.0,706.0,708.0,90.0375,63677.726,163,38.8051,27438.0846,202304
707.0,711.0,707.0,710.0,35.7069,25318.8617,124,22.4837,15953.2054,202304
709.0,710.0,708.0,709.0,28.9295,20515.773,139,5.1898,3684.1825,202304
709.0,712.0,708.0,710.0,9.8416,6987.1743,74,3.5922,2552.9739,202304
711.0,711.0,711.0,711.0,12.5893,8950.9923,44,4.5668,3246.9948,202304
712.0,713.0,711.0,711.0,20.7709,14784.6542,70,7.5372,5367.5686,202304
711.0,712.0,709.0,709.0,10.4633,7428.2235,69,1.1202,797.5824,202304
709.0,710.0,708.0,710.0,31.5316,22375.4131,110,16.2414,11523.6945,202304
709.0,709.0,707.0,708.0,28.3544,20079.027,126,8.0337,5692.1199,202304
707.0,707.0,705.0,706.0,44.051,31114.1354,162,21.161,14949.6452,202304
706.0,709.0,706.0,709.0,104.7794,74151.0462,186,57.8935,40952.0335,202304
709.0,709.0,706.0,707.0,43.819,31021.9078,136,21.9947,15578.9504,202304
708.0,710.0,707.0,708.0,32.2659,22864.0872,136,17.3575,12296.793,202304
709.0,710.0,708.0,709.0,47.4116,33598.3146,95,18.5107,13123.564,202304
709.0,712.0,709.0,712.0,11.3767,8080.0461,36,10.9071,7746.1949,202304
712.0,712.0,711.0,712.0,25.3929,18078.5703,57,8.9796,6393.4752,202304
712.0,712.0,711.0,712.0,24.261,17265.3866,42,11.5718,8238.2038,202304
712.0,712.0,710.0,710.0,15.4998,11019.3558,42,5.9179,4209.6381,202304
710.0,714.0,710.0,714.0,27.0316,19262.0524,101,20.729,14778.5164,202304
713.0,713.0,713.0,713.0,15.3116,10917.1708,32,6.3807,4549.4391,202304
712.0,712.0,711.0,711.0,14.8929,10603.7107,42,9.1235,6495.932,202304
711.0,713.0,710.0,713.0,13.4427,9556.4898,50,6.6095,4698.752,202304
713.0,714.0,712.0,714.0,13.2769,9465.8047,38,10.6519,7596.8047,202304
713.0,714.0,712.0,714.0,9.1061,6493.0723,25,4.6075,3286.5705,202304
715.0,716.0,714.0,716.0,27.2585,19494.4674,78,17.5294,12536.9395,202304
716.0,717.0,714.0,715.0,27.799,19888.5967,80,7.4284,5314.8982,202304
715.0,715.0,714.0,715.0,3.5471,2535.6839,11,0.8856,633.204,202304
715.0,715.0,714.0,714.0,6.0348,4314.615,22,3.4566,2471.469,202304
715.0,715.0,714.0,714.0,13.3468,9538.3906,30,5.9027,4220.4305,202304
713.0,713.0,712.0,713.0,12.8939,9190.5209,28,4.8332,3446.0716,202304
712.0,714.0,712.0,713.0,10.6224,7577.88,40,3.5543,2535.8691,202304
713.0,714.0,713.0,713.0,16.2357,11589.6538,30,7.8618,5611.8093,202304
713.0,714.0,713.0,714.0,7.4513,5314.859,18,3.9882,2844.797,202304
715.0,716.0,714.0,715.0,6.6363,4744.8318,21,3.3184,2373.058,202304
716.0,716.0,715.0,715.0,9.7174,6949.9196,37,3.9015,2791.5511,202304
714.0,714.0,713.0,713.0,7.1821,5126.4704,24,0.0141,10.0674,202304
713.0,714.0,713.0,713.0,22.5751,16098.0463,36,16.5095,11773.2735,202304
713.0,714.0,713.0,713.0,11.8378,8440.9354,19,6.5608,4678.4344,202304
713.0,713.0,713.0,713.0,5.4755,3904.0315,14,0.0,0.0,202304
714.0,714.0,712.0,712.0,14.2161,10135.1035,16,0.1217,86.7963,202304
713.0,714.0,713.0,714.0,4.7318,3374.3014,6,4.7318,3374.3014,202304
714.0,714.0,712.0,713.0,19.0568,13586.0947,26,8.8299,6296.1234,202304
713.0,716.0,713.0,716.0,5.9552,4254.3328,38,3.2441,2317.6687,202304
717.0,719.0,717.0,718.0,10.9999,7896.0203,46,4.4228,3173.6625,202304
718.0,718.0,717.0,717.0,9.5041,6823.2284,15,0.8656,621.5008,202304
718.0,718.0,716.0,716.0,3.9173,2810.2197,23,1.2235,878.2178,202304
717.0,718.0,716.0,716.0,8.4403,6049.9754,37,4.1742,2993.6864,202304
716.0,716.0,714.0,715.0,9.1793,6563.1556,28,5.9408,4248.672,202304
714.0,714.0,713.0,714.0,22.3112,15920.8955,48,17.3397,12372.5209,202304
714.0,714.0,713.0,714.0,3.2631,2329.5686,21,2.7638,1973.3532,202304
714.0,714.0,713.0,714.0,3.575,2552.452,18,0.9846,703.0044,202304
714.0,714.0,714.0,714.0,7.6772,5481.5208,17,1.3429,958.8306,202304
714.0,715.0,714.0,715.0,5.9981,4282.6924,18,4.2547,3037.9048,202304
714.0,714.0,713.0,714.0,11.2414,8024.4319,12,0.8704,621.4656,202304
714.0,717.0,714.0,717.0,15.0937,10806.4786,53,14.2099,10173.6374,202304
717.0,717.0,716.0,717.0,17.6338,12631.5518,37,4.1797,2994.0329,202304
717.0,717.0,716.0,717.0,3.8841,2784.1097,20,1.362,976.554,202304
717.0,717.0,716.0,716.0,11.2754,8075.9642,28,4.9865,3571.9987,202304
715.0,716.0,715.0,715.0,8.8963,6360.9034,21,0.3937,281.5444,202304
714.0,714.0,713.0,714.0,14.136,10093.0338,28,9.5428,6813.5592,202304
714.0,715.0,714.0,715.0,16.2739,11628.3791,35,8.2808,5917.943,202304
715.0,716.0,715.0,716.0,10.5904,7579.111,25,5.4974,3933.3412,202304
716.0,717.0,715.0,716.0,7.7343,5536.2527,14,1.6402,1174.4111,202304
716.0,717.0,716.0,716.0,20.1308,14414.6398,36,6.6329,4750.1434,202304
716.0,718.0,716.0,717.0,14.8368,10638.2615,20,13.6533,9789.8339,202304
717.0,717.0,716.0,716.0,12.7538,9132.2543,33,4.7375,3392.5835,202304
717.0,718.0,715.0,717.0,10.8809,7797.5181,35,6.0206,4315.9775,202304
718.0,720.0,718.0,718.0,25.0332,18003.3583,84,11.7138,8426.9285,202304
718.0,719.0,717.0,719.0,8.3919,6025.7149,33,4.2921,3082.633,202304
718.0,720.0,718.0,719.0,21.1269,15187.3247,65,4.8855,3512.4329,202304
719.0,719.0,716.0,717.0,82.6674,59369.1324,79,24.3145,17431.4889,202304
716.0,716.0,713.0,715.0,50.1924,35868.2115,112,25.9362,18535.3705,202304
715.0,715.0,715.0,715.0,12.9468,9256.962,14,2.3552,1683.968,202304
715.0,720.0,715.0,720.0,32.5175,23300.008,81,30.2955,21711.0408,202304
720.0,721.0,720.0,720.0,25.3096,18223.271,65,18.4087,13254.623,202304
720.0,723.0,720.0,723.0,31.8596,22962.3501,103,29.9114,21557.6777,202304
722.0,726.0,722.0,725.0,147.6286,106839.32,232,76.8739,55713.3887,202304
724.0,724.0,723.0,723.0,25.4621,18420.4555,66,9.6182,6958.9892,202304
723.0,725.0,722.0,722.0,60.1995,43534.3313,124,37.2799,26956.2925,202304
722.0,722.0,720.0,720.0,20.4585,14750.0164,60,3.3705,2433.4296,202304
720.0,722.0,720.0,722.0,13.058,9410.4514,26,11.5645,8334.482,202304
722.0,722.0,720.0,721.0,6.8238,4917.9864,26,1.8981,1367.935,202304
721.0,722.0,721.0,721.0,13.1674,9500.0169,57,9.1,6566.339,202304
722.0,723.0,716.0,717.0,269.3581,194102.0759,411,93.4244,67355.3004,202304
717.0,718.0,715.0,717.0,43.6174,31283.2524,119,18.1783,13030.8298,202304
717.0,718.0,717.0,718.0,3.4896,2504.1743,17,3.2328,2319.7919,202304
718.0,718.0,716.0,716.0,9.0196,6467.5664,23,0.0162,11.6316,202304
716.0,716.0,715.0,715.0,15.2491,10906.1542,36,9.0958,6505.497,202304
715.0,716.0,714.0,716.0,13.7775,9842.3851,15,3.1012,2218.358,202304
715.0,715.0,714.0,714.0,10.1484,7251.3814,35,1.0412,744.458,202304
714.0,715.0,713.0,715.0,29.728,21242.8425,98,20.5206,14663.7875,202304
716.0,716.0,715.0,716.0,33.897,24268.252,50,21.2905,15243.998,202304
716.0,716.0,714.0,716.0,10.9187,7806.6811,43,2.7145,1940.8954,202304
716.0,716.0,715.0,715.0,43.8389,31374.7614,92,40.865,29248.4229,202304
715.0,715.0,713.0,714.0,10.8264,7731.4825,39,0.3502,250.312,202304
713.0,713.0,712.0,713.0,25.3379,18062.3313,55,11.6592,8313.0096,202304
713.0,713.0,711.0,712.0,114.5569,81543.4936,152,13.2785,9454.2711,202304
712.0,713.0,712.0,713.0,7.8793,5611.1167,18,6.1509,4380.4959,202304
712.0,713.0,712.0,713.0,14.0656,10015.8811,29,7.4262,5288.3684,202304
713.0,713.0,713.0,713.0,11.8724,8465.0212,27,4.2592,3036.8096,202304
713.0,713.0,712.0,713.0,9.3241,6642.9389,27,0.2181,155.5053,202304
712.0,713.0,712.0,713.0,10.9731,7823.7714,36,3.6912,2631.8256,202304
713.0,713.0,713.0,713.0,2.8793,2052.9409,5,0.0,0.0,202304
713.0,713.0,712.0,712.0,22.0996,15745.9562,59,3.8568,2748.9994,202304
712.0,716.0,711.0,714.0,247.6051,176791.3727,287,200.7989,143369.2356,202304
714.0,715.0,714.0,715.0,7.8023,5573.7344,39,2.8435,2033.1025,202304
715.0,717.0,715.0,716.0,19.199,13745.5319,70,5.1805,3709.4399,202304
717.0,717.0,716.0,716.0,3.3912,2428.1266,17,0.0274,19.6458,202304
716.0,716.0,716.0,716.0,5.8894,4216.8104,21,0.0,0.0,202304
716.0,717.0,716.0,717.0,22.2573,15957.6434,71,9.3233,6684.8061,202304
716.0,717.0,716.0,716.0,1.9688,1410.6773,10,1.0165,728.8305,202304
717.0,717.0,717.0,717.0,1.1928,855.2376,4,1.0255,735.2835,202304
717.0,717.0,717.0,717.0,1.413,1013.121,1,0.0,0.0,202304
718.0,719.0,717.0,718.0,16.9138,12143.1223,49,3.4687,2490.5405,202304
718.0,719.0,718.0,718.0,13.1757,9460.1762,35,1.7284,1241.0148,202304
719.0,719.0,718.0,718.0,0.2083,149.6194,4,0.06,43.14,202304
718.0,718.0,718.0,718.0,3.5089,2519.3902,6,0.0,0.0,202304
718.0,719.0,718.0,719.0,16.1633,11621.046,70,11.1525,8018.6475,202304
719.0,719.0,719.0,719.0,9.2905,6679.8695,9,9.1981,6613.4339,202304
719.0,719.0,719.0,719.0,0.665,478.135,8,0.0,0.0,202304
719.0,721.0,719.0,719.0,27.0248,19459.9265,58,17.7241,12764.2395,202304
719.0,719.0,717.0,718.0,12.425,8926.7515,35,4.0055,2876.2988,202304
718.0,718.0,716.0,716.0,7.1939,5163.2384,29,3.5874,2575.7532,202304
717.0,717.0,716.0,716.0,13.3858,9590.6292,31,5.7973,4155.0626,202304
716.0,716.0,715.0,715.0,20.4466,14634.8206,18,15.5016,11099.1456,202304
715.0,715.0,715.0,715.0,42.2469,30206.5335,37,0.1998,142.857,202304
715.0,716.0,714.0,714.0,29.7198,21262.9558,68,20.3523,14567.2209,202304
714.0,715.0,714.0,715.0,3.3496,2394.8933,21,2.079,1486.485,202304
715.0,715.0,714.0,714.0,5.6147,4008.9101,23,1.1697,835.1801,202304
714.0,714.0,713.0,714.0,15.5436,11098.0755,24,7.5576,5396.1264,202304
713.0,713.0,713.0,713.0,19.5206,13918.1878,49,11.4233,8144.8129,202304
713.0,713.0,711.0,713.0,29.5258,21023.9799,85,1.6594,1181.5409,202304
713.0,715.0,713.0,715.0,13.1004,9352.2576,28,12.7305,9088.4917,202304
715.0,716.0,715.0,716.0,6.1412,4391.958,24,5.7718,4127.837,202304
715.0,716.0,713.0,714.0,25.2506,18040.599,72,10.04,7173.3219,202304
714.0,715.0,714.0,715.0,7.8341,5599.8833,31,5.5003,3931.9239,202304
714.0,714.0,712.0,713.0,30.6613,21852.5285,89,13.5501,9655.2899,202304
712.0,712.0,711.0,711.0,12.0821,8593.5356,41,5.3975,3837.6225,202304
711.0,713.0,711.0,712.0,25.6687,18275.2709,39,8.5052,6055.6529,202304
712.0,712.0,711.0,711.0,32.6783,23238.7426,44,3.6646,2609.1241,202304
710.0,711.0,710.0,710.0,24.1294,17140.6037,48,3.7158,2641.9338,202304
711.0,713.0,710.0,712.0,30.7493,21885.5356,72,11.5553,8230.6651,202304
711.0,711.0,711.0,711.0,3.1466,2237.2326,6,0.0,0.0,202304
711.0,712.0,710.0,710.0,13.7745,9788.757,27,0.6391,454.4212,202304
710.0,710.0,706.0,707.0,149.2623,105762.7541,235,8.1862,5783.0613,202304
707.0,707.0,705.0,706.0,14.3987,10159.968,48,7.9541,5615.0309,202304
705.0,706.0,700.0,704.0,224.8183,157944.1256,528,65.6258,46217.0706,202304
703.0,704.0,700.0,701.0,163.1261,114566.9561,342,60.6973,42639.7089,202304
701.0,701.0,695.0,697.0,345.3046,241032.3785,582,224.1029,156456.1516,202304
699.0,700.0,698.0,700.0,40.0861,28033.3145,84,16.079,11251.4766,202304
701.0,702.0,699.0,702.0,40.9936,28714.1159,117,24.8665,17422.3359,202304
702.0,705.0,702.0,704.0,27.7162,19484.9149,119,19.5403,13745.3186,202304
704.0,705.0,703.0,703.0,26.5912,18709.9728,60,9.4737,6670.4417,202304
703.0,704.0,702.0,703.0,17.6849,12424.4128,36,3.3712,2371.1981,202304
702.0,703.0,701.0,701.0,31.9675,22439.0065,79,15.28,10728.3473,202304
701.0,702.0,700.0,702.0,26.7143,18730.737,67,14.4186,10112.6405,202304
702.0,703.0,701.0,703.0,29.268,20538.076,86,18.1384,12732.13,202304
703.0,704.0,702.0,703.0,34.5515,24297.3765,56,19.3599,13617.8789,202304
703.0,703.0,702.0,702.0,8.6486,6078.597,17,1.6761,1178.2983,202304
703.0,706.0,703.0,706.0,44.6986,31444.3073,100,23.9183,16825.4881,202304
707.0,707.0,706.0,706.0,94.4381,66677.7559,179,25.6229,18094.2247,202304
707.0,708.0,706.0,706.0,18.8345,13309.0448,44,6.8534,4846.7662,202304
707.0,710.0,707.0,708.0,52.0621,36851.8644,189,33.1666,23471.3994,202304
707.0,708.0,706.0,706.0,36.1552,25549.2188,70,16.317,11533.583,202304
705.0,706.0,704.0,704.0,13.9245,9821.6356,58,5.3083,3746.8983,202304
704.0,706.0,704.0,705.0,18.835,13278.878,39,11.5056,8111.9817,202304
705.0,706.0,705.0,706.0,4.4404,3131.8798,9,3.6778,2594.2468,202304
705.0,705.0,703.0,703.0,13.1701,9271.3672,39,0.0548,38.634,202304
704.0,705.0,703.0,703.0,33.783,23794.7311,92,17.8189,12554.2316,202304
704.0,704.0,703.0,703.0,21.4882,15122.5123,60,15.8332,11146.5728,202304
703.0,704.0,702.0,704.0,74.2119,52172.8229,164,55.0746,38718.7107,202304
703.0,704.0,702.0,704.0,36.0306,25335.862,65,9.7885,6889.1941,202304
704.0,705.0,703.0,705.0,59.9169,42162.3153,93,27.78,19565.9172,202304
705.0,706.0,704.0,704.0,27.3499,19271.683,47,5.7569,4058.683,202304
704.0,705.0,704.0,704.0,39.6904,27954.3491,67,19.8324,13963.7439,202304
704.0,705.0,703.0,703.0,8.8955,6261.2072,22,6.5509,4612.1172,202304
703.0,704.0,703.0,703.0,11.4372,8040.3777,31,8.81,6193.4561,202304
703.0,705.0,703.0,705.0,11.1718,7862.0036,43,7.7524,5455.5757,202304
705.0,706.0,704.0,704.0,22.7521,16035.0931,54,4.7443,3344.7669,202304
704.0,704.0,703.0,703.0,16.0019,11254.4869,34,9.7428,6849.4117,202304
703.0,703.0,702.0,703.0,15.7225,11052.3035,32,4.4568,3133.1304,202304
704.0,705.0,704.0,705.0,11.16,7856.7615,23,5.878,4138.2335,202304
705.0,706.0,705.0,706.0,3.6907,2604.5917,27,3.2726,2309.4131,202304
707.0,707.0,705.0,705.0,30.4575,21505.3421,58,9.7788,6903.6034,202304
705.0,705.0,705.0,705.0,0.2742,193.311,1,0.2742,193.311,202304
704.0,704.0,704.0,704.0,9.1606,6449.0624,32,3.8675,2722.72,202304
704.0,704.0,703.0,704.0,7.3644,5183.2536,19,5.1957,3657.7728,202304
703.0,705.0,703.0,704.0,10.5331,7417.4738,26,9.7627,6875.4226,202304
704.0,705.0,704.0,705.0,18.935,13340.8497,44,11.8113,8325.7649,202304
706.0,706.0,706.0,706.0,6.8185,4813.861,27,4.8253,3406.6618,202304
705.0,706.0,705.0,705.0,8.6694,6119.2611,15,0.7709,544.2554,202304
705.0,706.0,705.0,706.0,3.9208,2764.2301,27,1.5888,1120.1701,202304
705.0,705.0,703.0,703.0,12.8121,9016.7883,52,1.4769,1040.9843,202304
703.0,703.0,701.0,702.0,13.2513,9297.3464,52,1.6178,1136.1133,202304
701.0,702.0,701.0,702.0,24.8405,17426.7897,54,19.7194,13832.5713,202304
702.0,702.0,701.0,702.0,7.3237,5140.5872,27,3.4687,2435.0274,202304
701.0,701.0,701.0,701.0,10.8829,7628.9129,29,1.7263,1210.1363,202304
701.0,701.0,699.0,700.0,22.8824,16006.892,76,14.8389,10377.9748,202304
700.0,700.0,699.0,699.0,8.0421,5622.9896,25,4.4756,3128.4805,202304
699.0,699.0,698.0,699.0,18.3919,12854.9391,29,16.4517,11499.7383,202304
699.0,700.0,698.0,700.0,38.7423,27080.1799,57,6.2294,4355.8028,202304
700.0,701.0,698.0,699.0,35.951,25154.7711,92,20.0464,14028.4482,202304
699.0,701.0,698.0,701.0,12.6658,8853.2337,55,9.828,6871.4568,202304
701.0,701.0,701.0,701.0,1.0283,720.8383,11,0.946,663.146,202304
701.0,701.0,700.0,701.0,6.2772,4399.9052,18,1.009,707.309,202304
702.0,702.0,701.0,702.0,2.1522,1510.2156,10,1.5234,1069.4268,202304
702.0,702.0,700.0,700.0,16.2694,11393.157,42,6.1185,4282.9939,202304
699.0,700.0,698.0,699.0,22.4763,15708.5806,67,12.4554,8705.5051,202304
699.0,701.0,699.0,700.0,11.3733,7959.8636,48,8.7456,6120.4736,202304
701.0,701.0,700.0,700.0,10.1977,7147.7216,37,3.537,2479.437,202304
700.0,700.0,699.0,699.0,34.9904,24477.2093,75,11.8089,8260.512,202304
699.0,699.0,693.0,698.0,61.0703,42460.2625,254,28.4669,19796.5132,202304
698.0,700.0,698.0,700.0,17.3803,12142.2142,41,5.7426,4011.0096,202304
700.0,702.0,700.0,701.0,17.6746,12388.9935,58,10.6912,7494.0731,202304
700.0,703.0,700.0,702.0,10.4924,7359.5958,29,3.1312,2197.0314,202304
702.0,704.0,702.0,703.0,13.799,9690.6195,39,4.8886,3435.3306,202304
704.0,704.0,703.0,703.0,14.4086,10142.6544,29,9.3252,6564.9408,202304
704.0,704.0,703.0,703.0,16.5826,11665.6234,42,2.0286,1428.1344,202304
703.0,704.0,701.0,703.0,15.4818,10876.678,34,10.4388,7336.2536,202304
703.0,703.0,703.0,703.0,8.4199,5919.1897,22,6.1135,4297.7905,202304
703.0,704.0,703.0,703.0,17.2686,12154.1218,36,6.242,4393.3954,202304
704.0,705.0,703.0,704.0,14.2937,10062.4177,29,6.7164,4728.4155,202304
705.0,705.0,704.0,704.0,7.6851,5417.0936,43,1.906,1343.73,202304
704.0,704.0,704.0,704.0,4.4357,3122.7328,18,2.5802,1816.4608,202304
705.0,706.0,704.0,704.0,13.2114,9312.4668,33,4.8878,3446.1948,202304
705.0,705.0,704.0,704.0,18.5387,13055.7764,34,13.118,9239.5525,202304
704.0,704.0,704.0,704.0,1.1722,825.2288,3,0.0,0.0,202304
705.0,705.0,704.0,704.0,12.4148,8749.7664,48,3.4238,2412.5676,202304
704.0,707.0,704.0,707.0,23.5898,16662.3003,87,12.1311,8564.1824,202304
707.0,709.0,707.0,707.0,21.2947,15061.459,71,10.944,7739.9777,202304
708.0,708.0,707.0,707.0,18.3011,12955.857,56,5.143,3641.244,202304
707.0,708.0,706.0,706.0,17.7916,12585.454,56,11.2954,7990.8293,202304
706.0,706.0,702.0,703.0,38.0537,26787.015,142,16.1324,11355.3512,202304
703.0,704.0,702.0,703.0,32.1224,22594.8813,91,21.5479,15158.1047,202304
703.0,704.0,702.0,703.0,27.3039,19185.643,65,12.5389,8812.1111,202304
704.0,705.0,704.0,705.0,21.1427,14897.7248,67,8.7728,6182.2753,202304
705.0,707.0,705.0,706.0,11.1723,7879.7159,34,6.4126,4523.4022,202304
706.0,707.0,705.0,706.0,17.4869,12336.3969,65,7.2511,5117.0042,202304
708.0,709.0,708.0,708.0,12.9844,9192.9825,49,3.8971,2759.1741,202304
709.0,710.0,709.0,710.0,25.2341,17902.7454,75,17.1431,12161.008,202304
711.0,711.0,708.0,709.0,18.3735,13035.656,51,8.359,5933.0335,202304
709.0,710.0,709.0,709.0,9.4654,6714.5078,38,2.9438,2088.5843,202304
710.0,710.0,708.0,708.0,24.1123,17100.3354,78,12.5071,8869.65,202304
707.0,707.0,707.0,707.0,9.619,6800.633,32,7.8121,5523.1547,202304
708.0,708.0,708.0,708.0,3.5095,2484.726,12,1.5587,1103.5596,202304
708.0,709.0,706.0,707.0,32.2804,22840.1208,98,14.391,10172.6952,202304
707.0,710.0,707.0,710.0,23.196,16431.4942,79,20.5882,14584.9416,202304
709.0,709.0,708.0,708.0,24.9911,17704.3153,76,6.2718,4443.5536,202304
708.0,709.0,708.0,708.0,7.0074,4968.0058,26,4.2671,3025.3739,202304
708.0,709.0,707.0,707.0,18.197,12883.9501,58,7.4381,5269.1133,202304
707.0,708.0,707.0,708.0,11.8287,8374.0308,27,7.0112,4963.2408,202304
708.0,708.0,706.0,708.0,30.8556,21830.1678,64,8.2759,5856.1725,202304
707.0,710.0,707.0,710.0,32.1285,22780.7515,85,23.0823,16371.9117,202304
710.0,710.0,709.0,709.0,16.87,11973.342,35,4.3713,3102.0988,202304
709.0,712.0,709.0,711.0,26.4217,18763.1375,83,18.8296,13372.7182,202304
711.0,713.0,709.0,710.0,40.696,28929.122,109,24.154,17167.4796,202304
709.0,711.0,709.0,711.0,17.1647,12182.4048,73,14.5384,10320.3581,202304
711.0,712.0,710.0,711.0,11.9191,8471.7768,46,8.5303,6065.7288,202304
711.0,712.0,710.0,712.0,17.5235,12457.2742,56,11.2732,8014.514,202304
711.0,712.0,710.0,710.0,13.3694,9506.4438,54,3.2906,2341.9359,202304
710.0,712.0,709.0,712.0,23.3411,16564.278,88,18.2614,12960.279,202304
712.0,715.0,711.0,715.0,18.9014,13475.4357,102,15.9662,11382.7705,202304
714.0,715.0,713.0,714.0,34.1728,24412.481,113,13.5309,9672.4627,202304
714.0,714.0,712.0,713.0,17.0014,12128.3223,77,9.8783,7047.8126,202304
713.0,713.0,711.0,713.0,14.7634,10507.4301,53,6.6174,4711.3011,202304
713.0,715.0,712.0,715.0,24.9031,17759.8627,75,9.9412,7091.0018,202304
715.0,716.0,714.0,716.0,37.2333,26608.5428,99,26.5681,18988.7453,202304
716.0,718.0,716.0,717.0,15.3935,11034.7339,74,8.9729,6432.2737,202304
716.0,717.0,715.0,717.0,18.4014,13177.8217,60,7.0615,5058.6761,202304
717.0,718.0,716.0,717.0,9.4549,6777.0969,36,4.6235,3315.5001,202304
717.0,717.0,715.0,716.0,12.711,9104.0273,46,7.7958,5586.2053,202304
716.0,719.0,716.0,718.0,26.0027,18647.801,69,18.7737,13457.6454,202304
718.0,719.0,718.0,718.0,7.5685,5434.2942,19,2.1111,1515.881,202304
717.0,717.0,713.0,713.0,83.6725,59786.5366,139,40.4901,28876.7748,202304
713.0,713.0,712.0,712.0,51.5371,36737.8388,82,14.8276,10572.0788,202304
712.0,712.0,708.0,711.0,63.7761,45276.1476,243,37.5899,26693.1272,202304
711.0,714.0,710.0,714.0,41.8076,29781.3456,125,23.9249,17051.8118,202304
714.0,714.0,710.0,712.0,48.1303,34276.5958,87,8.9921,6403.5693,202304
712.0,716.0,711.0,716.0,30.831,22036.4911,115,18.6832,13349.7125,202304
716.0,721.0,715.0,719.0,165.0539,118659.9856,256,127.9353,91964.2193,202304
718.0,718.0,717.0,718.0,10.3596,7437.848,51,5.4532,3915.3976,202304
718.0,718.0,715.0,716.0,10.9089,7813.1945,44,1.3617,975.7192,202304
716.0,717.0,714.0,715.0,26.9533,19274.9837,71,21.9597,15702.2405,202304
715.0,716.0,715.0,715.0,47.7646,34174.8541,85,20.2739,14510.7023,202304
716.0,717.0,716.0,717.0,16.7425,11993.2057,41,11.1696,8002.6654,202304
718.0,718.0,717.0,717.0,3.3767,2422.0758,15,0.9819,705.0042,202304
717.0,717.0,716.0,717.0,22.9173,16428.8023,17,1.7975,1288.8075,202304
717.0,717.0,716.0,716.0,6.824,4892.6852,22,3.5866,2571.5922,202304
716.0,716.0,714.0,714.0,8.6127,6160.0829,47,0.2745,196.542,202304
714.0,714.0,713.0,714.0,14.0962,10057.3002,38,6.5265,4654.6993,202304
713.0,714.0,713.0,713.0,22.6557,16161.1566,38,10.8175,7719.2197,202304
713.0,714.0,712.0,713.0,46.2021,32924.6919,85,28.562,20356.499,202304
713.0,714.0,713.0,714.0,15.2455,10875.9956,42,13.9124,9924.845,202304
714.0,714.0,713.0,713.0,13.3932,9556.2669,27,3.7482,2676.2148,202304
713.0,714.0,707.0,708.0,55.1936,39181.6489,177,20.3768,14459.2011,202304
708.0,708.0,672.0,689.0,823.2797,567402.9318,2508,318.1932,219517.094,202304
689.0,692.0,685.0,685.0,67.9856,46813.6315,336,22.1278,15277.0009,202304
685.0,686.0,682.0,683.0,43.1902,29553.0393,244,16.0332,10981.7227,202304
684.0,687.0,683.0,687.0,84.1086,57605.3722,188,58.0688,39789.2857,202304
687.0,687.0,684.0,685.0,50.7594,34791.1397,151,16.643,11411.6717,202304
685.0,688.0,685.0,687.0,30.3872,20854.1019,128,15.869,10891.3438,202304
687.0,688.0,685.0,686.0,34.4717,23687.9418,105,12.6168,8677.0,202304
687.0,690.0,686.0,688.0,24.1917,16648.8252,148,16.6822,11482.8662,202304
689.0,690.0,686.0,687.0,34.6033,23800.4566,69,3.1558,2175.1158,202304
687.0,688.0,684.0,684.0,26.1179,17913.5811,58,10.9027,7488.7302,202304
685.0,686.0,684.0,685.0,11.9372,8177.6473,63,9.0408,6194.7742,202304
685.0,687.0,679.0,680.0,50.2532,34280.3444,235,20.496,13990.685,202304
680.0,683.0,678.0,682.0,56.0355,38188.2779,167,46.3442,31572.9579,202304
684.0,684.0,682.0,683.0,20.5843,14068.8737,100,15.958,10909.1468,202304
683.0,684.0,682.0,683.0,36.228,24742.9975,76,18.5375,12668.9658,202304
682.0,682.0,681.0,681.0,12.8084,8733.6743,40,9.4439,6440.7398,202304
682.0,683.0,682.0,682.0,10.4074,7099.7757,32,4.1499,2832.1607,202304
682.0,683.0,682.0,682.0,7.6439,5213.1773,17,1.3944,951.0183,202304
681.0,683.0,681.0,682.0,14.2423,9711.6623,47,1.0877,742.8114,202304
682.0,682.0,680.0,680.0,21.4057,14565.2799,65,10.3038,7010.9376,202304
680.0,680.0,677.0,679.0,26.9646,18300.4667,120,16.5873,11261.8354,202304
678.0,679.0,676.0,679.0,61.7806,41906.8083,728,47.7347,32392.8156,202304
678.0,678.0,674.0,675.0,43.5762,29455.4864,95,5.4124,3660.1941,202304
674.0,677.0,673.0,676.0,58.9236,39766.1965,170,24.0114,16215.9014,202304
677.0,678.0,676.0,678.0,15.5198,10508.4177,48,8.8724,6008.4341,202304
678.0,681.0,677.0,681.0,40.2423,27356.0815,157,40.1472,27291.553,202304
681.0,681.0,680.0,680.0,7.8485,5341.1891,29,0.3065,208.7265,202304
680.0,681.0,680.0,681.0,41.4377,28179.9644,65,3.8679,2632.5004,202304
681.0,682.0,680.0,682.0,13.0484,8891.7247,74,12.8818,8778.2867,202304
682.0,684.0,681.0,683.0,16.3584,11171.2728,60,15.9282,10877.6682,202304
683.0,684.0,682.0,682.0,25.3142,17286.0171,77,3.7275,2547.9044,202304
683.0,683.0,681.0,682.0,18.4158,12561.132,30,10.022,6839.058,202304
681.0,681.0,680.0,681.0,2.4794,1687.2065,23,0.2215,150.8415,202304
681.0,681.0,670.0,675.0,478.281,322876.5644,423,45.4889,30626.3346,202304
675.0,676.0,673.0,674.0,34.0707,22987.8914,92,7.6831,5178.5878,202304
673.0,674.0,673.0,673.0,9.9951,6735.6587,40,8.9564,6036.6136,202304
673.0,674.0,673.0,674.0,43.7669,29459.1052,56,27.9487,18813.4566,202304
674.0,676.0,674.0,676.0,23.9884,16189.5232,52,23.9442,16159.6882,202304
675.0,677.0,674.0,674.0,16.1234,10899.5159,55,11.9874,8104.9417,202304
674.0,675.0,674.0,674.0,29.1519,19675.0991,76,27.0874,18283.6261,202304
675.0,675.0,673.0,673.0,27.7738,18741.1286,51,16.9569,11444.5881,202304
674.0,674.0,672.0,673.0,20.33,13682.558,38,3.0291,2041.5882,202304
672.0,674.0,671.0,673.0,20.1777,13568.8984,60,5.1578,3470.8667,202304
673.0,676.0,673.0,675.0,33.1227,22354.749,41,27.147,18321.625,202304
675.0,676.0,675.0,676.0,17.6895,11958.0645,56,8.9719,6065.0044,202304
675.0,677.0,675.0,677.0,11.2066,7582.1516,38,11.1618,7551.8842,202304
676.0,676.0,675.0,676.0,11.671,7887.828,39,8.3681,5656.8356,202304
676.0,678.0,675.0,677.0,20.861,14106.948,45,10.4075,7038.2541,202304
677.0,678.0,677.0,678.0,7.0939,4808.034,40,4.8481,3287.0118,202304
678.0,679.0,678.0,679.0,17.6529,11983.589,9,14.9228,10132.5812,202304
678.0,679.0,678.0,679.0,5.2968,3596.5086,7,5.2782,3583.8978,202304
678.0,678.0,678.0,678.0,0.0341,23.1198,2,0.0,0.0,202304
678.0,679.0,678.0,679.0,51.0825,34685.0024,65,29.8912,20296.1248,202304
678.0,679.0,678.0,679.0,6.6494,4509.3873,14,1.0941,742.8939,202304
678.0,679.0,678.0,679.0,4.4532,3023.706,14,4.4364,3012.3156,202304
678.0,679.0,677.0,677.0,8.8864,6020.7479,27,3.1925,2161.9698,202304
676.0,676.0,676.0,676.0,4.6556,3147.1856,18,2.0464,1383.3664,202304
676.0,677.0,676.0,677.0,0.0698,47.2397,2,0.0549,37.1673,202304
676.0,678.0,676.0,678.0,6.376,4316.9249,15,6.109,4136.1828,202304
678.0,680.0,677.0,679.0,29.3678,19933.8681,78,18.135,12309.0165,202304
678.0,680.0,678.0,680.0,12.5525,8530.9728,27,5.488,3728.1575,202304
679.0,681.0,679.0,681.0,3.4726,2363.8535,13,2.9374,1999.9384,202304
681.0,682.0,681.0,681.0,28.9761,19744.2717,64,22.596,15399.4236,202304
681.0,681.0,679.0,679.0,8.1179,5517.772,29,0.9746,663.3475,202304
679.0,679.0,678.0,678.0,4.6776,3171.8113,15,0.7908,536.5609,202304
677.0,677.0,676.0,677.0,24.3779,16503.3383,48,7.2378,4899.9906,202304
676.0,677.0,676.0,677.0,13.2058,8928.2208,28,9.5342,6446.2192,202304
677.0,678.0,677.0,678.0,1.6418,1111.5257,12,1.6418,1111.5257,202304
677.0,677.0,677.0,677.0,6.419,4345.663,11,0.8893,602.0561,202304
676.0,677.0,676.0,676.0,0.4218,285.1857,3,0.0489,33.1053,202304
677.0,677.0,677.0,677.0,15.6563,10599.3151,29,11.3593,7690.2461,202304
677.0,679.0,677.0,679.0,25.026,16954.2933,49,8.1659,5539.1725,202304
679.0,679.0,677.0,677.0,9.8866,6706.5506,31,0.3101,209.9377,202304
677.0,678.0,676.0,677.0,13.443,9091.228,14,3.4558,2339.8808,202304
677.0,678.0,676.0,677.0,10.6108,7181.4796,32,5.2611,3560.0799,202304
678.0,679.0,677.0,678.0,11.4511,7764.829,39,7.7782,5274.6502,202304
679.0,680.0,679.0,679.0,26.2864,17863.5906,19,18.9592,12888.4218,202304
679.0,688.0,679.0,687.0,506.7562,347259.5151,504,327.1048,223800.9331,202304
687.0,689.0,686.0,688.0,46.6012,32048.6734,105,30.7766,21175.0262,202304
688.0,691.0,688.0,690.0,13.1371,9064.6723,80,5.5993,3863.7351,202304
691.0,693.0,690.0,692.0,77.9123,53868.5038,203,40.2978,27880.865,202304
693.0,694.0,692.0,694.0,22.695,15716.017,41,10.6807,7401.7409,202304
694.0,694.0,693.0,694.0,18.0733,12542.7694,49,8.3908,5823.2152,202304
694.0,695.0,692.0,692.0,67.8175,47011.9956,99,0.7501,519.9227,202304
691.0,691.0,689.0,689.0,71.9251,49607.5384,149,0.5213,359.9376,202304
688.0,689.0,688.0,689.0,14.3428,9881.1424,19,13.296,9160.944,202304
688.0,690.0,688.0,689.0,35.0088,24125.4459,26,33.9779,23415.2059,202304
689.0,689.0,687.0,688.0,14.5889,10043.6095,35,6.2535,4303.8011,202304
688.0,688.0,686.0,688.0,19.9204,13688.0772,56,6.8466,4705.1189,202304
688.0,688.0,688.0,688.0,5.8659,4035.7392,15,0.8631,593.8128,202304
688.0,690.0,688.0,690.0,10.2702,7077.2678,34,8.7903,6057.6576,202304
689.0,690.0,689.0,689.0,2.448,1686.9662,11,0.2942,202.998,202304
688.0,688.0,688.0,688.0,1.015,698.32,3,0.0,0.0,202304
688.0,689.0,688.0,689.0,4.4609,3073.2249,11,2.3778,1638.3042,202304
690.0,690.0,690.0,690.0,7.9461,5482.809,26,2.3396,1614.324,202304
690.0,690.0,689.0,690.0,17.0991,11798.2654,67,15.7062,10837.278,202304
691.0,691.0,690.0,691.0,21.5837,14914.2834,42,9.4584,6535.7544,202304
691.0,693.0,691.0,692.0,18.4815,12791.7898,49,17.7092,12257.6524,202304
693.0,694.0,693.0,693.0,10.0287,6954.2265,27,9.9211,6879.6597,202304
693.0,693.0,690.0,690.0,26.0574,18052.3925,51,1.6468,1140.1984,202304
691.0,692.0,691.0,691.0,2.9209,2018.4843,10,2.272,1570.0944,202304
692.0,692.0,690.0,691.0,14.8429,10259.8614,43,8.831,6106.6597,202304
692.0,692.0,691.0,691.0,3.7585,2597.846,7,0.7225,499.97,202304
691.0,691.0,691.0,691.0,1.9519,1348.7629,9,1.673,1156.043,202304
691.0,693.0,691.0,692.0,18.7836,12990.0372,45,14.2992,9891.2895,202304
692.0,694.0,692.0,694.0,7.0424,4881.5173,40,3.5596,2467.7138,202304
694.0,695.0,693.0,694.0,3.259,2261.5249,11,2.4415,1694.4297,202304
693.0,694.0,688.0,688.0,636.0338,439110.3818,450,261.4891,180446.1471,202304
689.0,690.0,689.0,690.0,15.6404,10779.4464,34,15.3755,10596.9303,202304
690.0,691.0,689.0,690.0,26.2414,18105.038,86,11.2489,7762.6505,202304
690.0,690.0,690.0,690.0,3.2392,2235.048,11,0.26,179.4,202304
689.0,690.0,689.0,690.0,15.7566,10857.224,17,0.9266,639.354,202304
690.0,690.0,689.0,689.0,0.4379,302.1236,3,0.4105,283.245,202304
690.0,690.0,688.0,688.0,26.606,18353.5404,78,7.3849,5093.4603,202304
688.0,688.0,687.0,687.0,5.8585,4030.5665,20,0.14,96.32,202304
688.0,688.0,688.0,688.0,0.0294,20.2272,1,0.0294,20.2272,202304
688.0,688.0,687.0,688.0,23.1088,15898.8368,26,16.4088,11289.2544,202304
688.0,688.0,688.0,688.0,0.0,0.0,0,0.0,0.0,202304
687.0,687.0,687.0,687.0,9.7124,6672.4188,25,0.6164,423.4668,202304
686.0,688.0,685.0,688.0,47.7601,32790.0028,111,34.6757,23814.3267,202304
688.0,688.0,687.0,688.0,6.8498,4712.6391,21,6.8265,4696.632,202304
688.0,688.0,688.0,688.0,0.0799,54.9712,2,0.0799,54.9712,202304
687.0,687.0,687.0,687.0,9.8734,6783.0258,19,1.9438,1335.3906,202304
687.0,688.0,687.0,687.0,3.6801,2528.2447,5,0.016,11.008,202304
688.0,688.0,687.0,687.0,7.8213,5377.6065,24,2.8322,1948.5536,202304
688.0,688.0,687.0,688.0,18.4924,12720.4793,29,16.2005,11145.944,202304
688.0,689.0,688.0,689.0,4.0605,2794.1698,20,1.4365,988.8578,202304
689.0,689.0,689.0,689.0,0.5206,358.6934,2,0.0,0.0,202304
690.0,692.0,690.0,692.0,27.9289,19293.3541,66,9.8254,6784.1418,202304
691.0,691.0,691.0,691.0,4.7601,3289.2291,8,0.3473,239.9843,202304
691.0,693.0,691.0,693.0,40.2889,27898.1436,106,36.0178,24942.8265,202304
693.0,693.0,691.0,692.0,7.9471,5499.39,28,0.8813,610.7264,202304
692.0,692.0,691.0,691.0,2.0494,1416.4326,22,1.167,806.6942,202304
690.0,691.0,689.0,689.0,9.5564,6591.3235,24,0.0145,10.0195,202304
689.0,690.0,688.0,690.0,16.1686,11135.548,35,6.3973,4408.5764,202304
690.0,690.0,690.0,690.0,0.058,40.02,1,0.058,40.02,202304
690.0,690.0,690.0,690.0,0.0,0.0,0,0.0,0.0,202304
690.0,690.0,689.0,689.0,7.1517,4927.5358,12,2.829,1949.1955,202304
689.0,690.0,688.0,690.0,6.8074,4690.7627,19,0.548,378.12,202304
690.0,690.0,689.0,689.0,0.0667,45.9938,3,0.0375,25.875,202304
689.0,689.0,689.0,689.0,1.3217,910.6513,9,0.0,0.0,202304
690.0,690.0,690.0,690.0,15.8859,10961.271,16,14.498,10003.62,202304
690.0,690.0,690.0,690.0,4.2245,2914.905,22,4.2245,2914.905,202304
690.0,690.0,689.0,689.0,8.1416,5615.554,11,0.0,0.0,202304
689.0,690.0,689.0,690.0,0.7252,500.088,5,0.4252,293.388,202304
689.0,689.0,689.0,689.0,0.8644,595.5716,4,0.0,0.0,202304
689.0,689.0,689.0,689.0,0.491,338.299,3,0.0,0.0,202304
690.0,690.0,689.0,689.0,2.0665,1424.0068,5,0.1883,129.927,202304
689.0,690.0,689.0,690.0,10.1109,6974.3998,18,7.5304,5195.976,202304
690.0,690.0,689.0,689.0,25.5641,17625.0262,73,6.6589,4588.127,202304
690.0,690.0,690.0,690.0,3.3127,2285.763,25,1.7728,1223.232,202304
689.0,690.0,689.0,690.0,5.3255,3670.9285,11,1.659,1144.71,202304
689.0,689.0,686.0,687.0,12.5913,8655.7687,68,5.4053,3713.7689,202304
687.0,687.0,686.0,687.0,5.1402,3531.2899,22,3.5357,2429.0259,202304
688.0,688.0,687.0,687.0,1.7026,1170.5953,4,0.9251,636.4528,202304
687.0,689.0,687.0,688.0,2.987,2055.1018,17,2.5393,1747.0842,202304
689.0,689.0,687.0,687.0,7.018,4823.6486,24,0.0725,49.9525,202304
688.0,688.0,684.0,686.0,289.9264,198605.824,362,17.7929,12193.3812,202304
685.0,685.0,684.0,685.0,23.5434,16127.0337,39,6.3028,4317.418,202304
686.0,687.0,686.0,687.0,5.9096,4054.0348,20,5.9096,4054.0348,202304
687.0,687.0,686.0,686.0,9.5007,6517.5258,16,0.0456,31.3272,202304
685.0,686.0,685.0,685.0,66.454,45549.6536,99,18.2199,12495.0333,202304
685.0,685.0,683.0,683.0,91.7727,62810.178,157,10.5297,7204.7564,202304
684.0,684.0,682.0,682.0,15.1841,10371.621,31,0.9296,635.8464,202304
682.0,682.0,681.0,681.0,52.6065,35831.141,62,25.3144,17239.7973,202304
681.0,682.0,681.0,681.0,7.4657,5085.5076,12,1.3659,931.5438,202304
681.0,682.0,679.0,681.0,28.4594,19353.5089,100,16.6503,11324.7466,202304
681.0,683.0,681.0,683.0,21.1596,14426.2863,63,8.6516,5904.8655,202304
684.0,684.0,684.0,684.0,7.4746,5112.6264,26,0.728,497.952,202304
684.0,685.0,684.0,685.0,1.9557,1338.2139,11,1.9557,1338.2139,202304
685.0,687.0,685.0,687.0,21.7951,14955.6879,75,21.6001,14822.1129,202304
687.0,688.0,687.0,687.0,32.0646,22048.7674,65,25.7758,17723.3806,202304
688.0,688.0,687.0,688.0,0.5978,411.1807,5,0.4921,338.5648,202304
688.0,688.0,687.0,687.0,15.0214,10333.8502,24,0.6864,472.2432,202304
688.0,689.0,688.0,688.0,13.3722,9201.1846,30,5.6042,3856.8006,202304
688.0,688.0,687.0,688.0,7.3899,5084.207,14,7.3457,5053.8416,202304
688.0,688.0,687.0,687.0,4.0522,2786.6762,13,0.0,0.0,202304
688.0,688.0,687.0,687.0,3.3609,2309.1468,25,0.2085,143.448,202304
687.0,687.0,686.0,686.0,5.8543,4020.0561,35,0.0334,22.9458,202304
686.0,686.0,686.0,686.0,0.4851,332.7786,4,0.0,0.0,202304
686.0,687.0,686.0,687.0,3.7228,2555.3734,7,1.5326,1052.8962,202304
687.0,688.0,687.0,687.0,15.999,10993.313,46,14.241,9785.567,202304
688.0,688.0,686.0,686.0,32.5489,22367.7133,66,1.1145,766.776,202304
686.0,686.0,685.0,685.0,7.4209,5085.1896,33,2.8294,1938.139,202304
686.0,687.0,686.0,686.0,2.8098,1927.6324,17,2.4393,1673.4694,202304
686.0,688.0,686.0,687.0,11.1413,7653.9949,27,8.5649,5884.1081,202304
687.0,687.0,686.0,686.0,30.5409,20955.6351,56,13.2236,9071.4085,202304
686.0,688.0,686.0,686.0,8.3661,5745.8126,34,3.3745,2318.3101,202304
687.0,687.0,686.0,686.0,4.176,2864.7837,19,0.0477,32.7699,202304
686.0,688.0,686.0,688.0,5.1089,3507.2852,24,1.14,783.2163,202304
687.0,689.0,687.0,689.0,7.3115,5030.623,33,4.7674,3281.7127,202304
688.0,690.0,688.0,690.0,5.2576,3622.4915,54,1.9567,1349.0378,202304
690.0,690.0,689.0,690.0,1.6329,1126.6762,31,1.6081,1109.589,202304
690.0,691.0,690.0,691.0,4.7349,3267.895,37,4.6385,3201.379,202304
691.0,691.0,691.0,691.0,1.8843,1302.0513,34,1.8843,1302.0513,202304
691.0,694.0,690.0,693.0,109.4265,75743.4232,173,104.254,72169.7567,202304
693.0,694.0,693.0,694.0,2.2119,1533.9705,9,1.1238,779.9172,202304
694.0,695.0,693.0,694.0,55.529,38538.9347,92,13.0481,9061.7642,202304
694.0,694.0,691.0,692.0,19.8233,13722.231,77,1.0036,696.0293,202304
692.0,694.0,691.0,693.0,56.6249,39197.7576,96,39.4086,27279.8899,202304
693.0,694.0,693.0,693.0,22.7281,15751.8849,43,17.9772,12459.5112,202304
693.0,693.0,692.0,692.0,16.5789,11484.9957,32,0.1031,71.4483,202304
692.0,692.0,692.0,692.0,3.8145,2639.634,14,0.0,0.0,202304
692.0,694.0,691.0,694.0,19.4956,13500.2641,71,14.4972,10042.0162,202304
694.0,695.0,693.0,695.0,20.8553,14461.9825,79,7.5361,5229.4859,202304
695.0,695.0,693.0,693.0,11.9221,8271.4533,39,1.4937,1036.4253,202304
693.0,694.0,693.0,694.0,13.7043,9508.7272,37,7.5822,5259.9898,202304
694.0,695.0,694.0,694.0,21.6719,15049.2474,64,13.0861,9090.7022,202304
694.0,695.0,693.0,694.0,14.1085,9792.3634,31,7.101,4929.1874,202304
694.0,694.0,693.0,693.0,14.9981,10395.0546,39,1.8221,1263.4494,202304
693.0,693.0,693.0,693.0,6.0617,4200.7581,14,2.901,2010.393,202304
693.0,693.0,692.0,692.0,4.4163,3059.6618,29,2.4492,1697.2956,202304
693.0,693.0,690.0,692.0,22.928,15849.5088,72,16.7111,11554.6139,202304
692.0,700.0,692.0,695.0,395.6151,275351.353,623,239.0718,166407.9654,202304
695.0,695.0,694.0,695.0,19.6554,13660.4575,47,13.2841,9232.4495,202304
695.0,695.0,695.0,695.0,3.2877,2284.9515,7,2.094,1455.33,202304
695.0,696.0,695.0,696.0,30.8256,21440.597,68,18.5376,12898.8399,202304
696.0,696.0,696.0,696.0,5.5929,3892.6584,9,3.9491,2748.5736,202304
696.0,696.0,693.0,693.0,21.9794,15266.0607,69,5.334,3704.4609,202304
694.0,694.0,692.0,692.0,28.2136,19561.7225,99,13.5481,9395.7222,202304
692.0,692.0,692.0,692.0,12.0508,8339.1536,24,8.655,5989.26,202304
692.0,692.0,692.0,692.0,6.3788,4414.1296,20,4.026,2785.992,202304
692.0,692.0,690.0,691.0,31.7531,21937.6096,146,7.6823,5307.0014,202304
692.0,693.0,692.0,693.0,10.7121,7417.3058,42,8.4672,5862.4013,202304
692.0,693.0,691.0,692.0,17.1179,11854.7395,60,8.8791,6152.4337,202304
692.0,693.0,692.0,692.0,11.2864,7810.8023,36,4.154,2875.1815,202304
692.0,692.0,690.0,690.0,30.0917,20795.4037,53,6.9564,4809.0564,202304
691.0,693.0,690.0,692.0,38.6618,26733.6941,119,31.8742,22040.4073,202304
692.0,693.0,690.0,691.0,33.9258,23463.5711,125,13.6012,9410.7129,202304
691.0,691.0,691.0,691.0,10.7005,7394.0455,11,10.2821,7104.9311,202304
692.0,692.0,691.0,691.0,4.4667,3086.6342,21,1.4645,1012.114,202304
691.0,693.0,691.0,693.0,25.0499,17352.8744,70,11.5534,8000.6432,202304
693.0,694.0,693.0,693.0,3.2164,2229.3974,10,1.2924,896.0654,202304
693.0,694.0,692.0,694.0,19.9515,13835.3675,58,11.4133,7911.6144,202304
695.0,696.0,695.0,695.0,30.7646,21394.8688,92,25.8407,17972.7583,202304
696.0,696.0,695.0,696.0,22.043,15341.7671,50,5.1127,3558.4392,202304
696.0,697.0,695.0,697.0,14.0311,9771.9575,41,8.4625,5897.7279,202304
697.0,699.0,697.0,699.0,13.7396,9589.39,85,9.869,6885.8254,202304
699.0,700.0,697.0,698.0,77.8661,54372.026,100,16.1466,11277.6372,202304
699.0,700.0,698.0,698.0,58.0191,40593.6531,214,23.4322,16396.8612,202304
698.0,698.0,694.0,695.0,28.8596,20082.352,82,19.4924,13564.9209,202304
695.0,695.0,694.0,695.0,6.176,4291.3197,17,0.5482,380.999,202304
694.0,694.0,694.0,694.0,10.1728,7059.9232,28,7.1247,4944.5418,202304
695.0,695.0,694.0,694.0,5.4797,3802.9419,13,2.4685,1713.1691,202304
695.0,695.0,694.0,695.0,8.0273,5577.895,28,6.9488,4829.416,202304
696.0,696.0,695.0,695.0,18.4152,12802.7158,49,2.7227,1892.8433,202304
695.0,695.0,693.0,694.0,21.1816,14701.0255,37,4.8422,3360.5324,202304
694.0,694.0,693.0,693.0,13.5998,9427.5746,53,3.286,2279.3623,202304
693.0,694.0,692.0,693.0,21.6757,15023.2503,34,16.4765,11420.2347,202304
693.0,693.0,693.0,693.0,9.3149,6455.2257,18,0.6372,441.5796,202304
693.0,693.0,693.0,693.0,4.6442,3218.4306,4,1.0372,718.7796,202304
693.0,693.0,692.0,693.0,29.8847,20700.4925,90,15.8289,10964.5565,202304
693.0,695.0,693.0,695.0,6.2652,4347.7269,28,5.5315,3839.1763,202304
695.0,698.0,695.0,698.0,15.8903,11062.6395,67,11.2226,7814.3198,202304
699.0,699.0,697.0,698.0,28.1612,19650.6434,76,16.2836,11363.1231,202304
697.0,697.0,696.0,696.0,11.2558,7842.413,50,3.2211,2244.8165,202304
695.0,695.0,695.0,695.0,3.4937,2428.1215,12,2.0399,1417.7305,202304
695.0,695.0,693.0,695.0,13.4011,9305.3507,57,3.2541,2259.3107,202304
694.0,695.0,693.0,695.0,12.6483,8777.2287,22,6.991,4851.784,202304
695.0,698.0,695.0,697.0,31.1694,21706.0472,93,21.842,15207.3809,202304
696.0,696.0,695.0,695.0,13.5218,9411.155,30,2.4788,1725.2448,202304
695.0,695.0,694.0,694.0,7.4344,5161.3378,32,0.4459,309.9005,202304
695.0,695.0,693.0,693.0,17.1604,11901.8952,35,6.869,4769.955,202304
693.0,693.0,693.0,693.0,2.7315,1892.9295,10,0.0,0.0,202304
694.0,695.0,694.0,695.0,7.61,5281.3949,24,5.8759,4077.9295,202304
695.0,696.0,695.0,696.0,18.2569,12691.8832,46,17.4915,12159.9302,202304
696.0,697.0,696.0,696.0,1.2562,874.3582,12,0.6615,460.447,202304
697.0,698.0,697.0,698.0,101.4767,70792.2359,115,87.9584,61357.1129,202304
697.0,699.0,697.0,698.0,9.2297,6441.2679,17,5.1043,3562.8287,202304
699.0,699.0,698.0,698.0,8.5196,5952.6954,30,3.8836,2713.8122,202304
698.0,699.0,698.0,698.0,2.8754,2007.3574,9,1.073,749.2822,202304
698.0,698.0,697.0,697.0,3.4064,2376.5778,15,0.7076,493.9048,202304
698.0,698.0,698.0,698.0,5.3064,3703.8672,5,5.013,3499.074,202304
698.0,698.0,698.0,698.0,0.0145,10.121,1,0.0,0.0,202304
698.0,699.0,698.0,699.0,1.359,948.7703,3,0.1883,131.6217,202304
699.0,699.0,699.0,699.0,11.1403,7787.0697,27,2.9513,2062.9587,202304
698.0,698.0,698.0,698.0,11.7593,8207.9914,19,6.0498,4222.7604,202304
698.0,698.0,698.0,698.0,0.0819,57.1662,2,0.0819,57.1662,202304
697.0,698.0,697.0,697.0,38.8967,27139.6531,70,28.957,20211.6822,202304
696.0,697.0,696.0,696.0,11.6586,8124.847,35,5.5109,3841.0973,202304
696.0,696.0,696.0,696.0,3.0771,2141.6616,26,0.0,0.0,202304
696.0,696.0,695.0,695.0,6.7897,4722.7329,32,2.4975,1738.26,202304
695.0,696.0,695.0,695.0,17.893,12435.682,57,8.5841,5965.9965,202304
695.0,695.0,695.0,695.0,7.6377,5308.2015,16,5.7927,4025.9265,202304
696.0,696.0,696.0,696.0,10.8861,7576.7256,37,10.3912,7232.2752,202304
697.0,697.0,696.0,696.0,2.0126,1400.7842,5,0.0146,10.1762,202304
697.0,697.0,697.0,697.0,4.5212,3151.2764,16,4.5212,3151.2764,202304
697.0,697.0,697.0,697.0,5.7548,4011.0956,7,0.0,0.0,202304
697.0,698.0,697.0,698.0,4.7016,3277.8928,20,4.7016,3277.8928,202304
699.0,700.0,699.0,700.0,17.181,12014.269,45,7.1961,5034.8239,202304
700.0,701.0,700.0,701.0,15.5726,10901.074,55,3.4878,2441.714,202304
700.0,702.0,700.0,701.0,25.2962,17741.7004,115,17.6528,12380.2129,202304
702.0,704.0,702.0,702.0,61.4714,43212.5549,224,23.4503,16484.0184,202304
702.0,702.0,700.0,700.0,21.9027,15360.8212,96,3.0772,2159.3504,202304
700.0,701.0,700.0,700.0,4.3709,3059.9161,38,0.9171,642.2561,202304
699.0,699.0,698.0,698.0,6.8696,4798.472,55,0.0159,11.1141,202304
698.0,699.0,698.0,699.0,16.4304,11484.0455,52,14.514,10145.286,202304
699.0,699.0,698.0,698.0,12.8482,8980.5502,41,0.0,0.0,202304
698.0,698.0,698.0,698.0,1.9784,1380.9232,22,0.0,0.0,202304
698.0,698.0,698.0,698.0,4.0764,2845.3272,7,0.0,0.0,202304
699.0,699.0,698.0,699.0,14.0861,9845.9255,39,12.8215,8962.2285,202304
699.0,699.0,698.0,699.0,4.8714,3403.4306,11,3.1934,2232.1866,202304
699.0,699.0,699.0,699.0,21.8363,15263.5737,31,12.283,8585.817,202304
699.0,699.0,699.0,699.0,4.648,3248.952,6,0.296,206.904,202304
699.0,699.0,698.0,698.0,12.277,8578.2788,16,8.3018,5802.9582,202304
699.0,699.0,698.0,698.0,1.4731,1029.3668,5,1.143,798.957,202304
699.0,699.0,698.0,698.0,2.9245,2042.5319,3,1.2309,860.3991,202304
698.0,698.0,698.0,698.0,0.0,0.0,0,0.0,0.0,202304
698.0,699.0,698.0,698.0,2.5144,1756.0512,6,1.0,699.0,202304
699.0,700.0,698.0,698.0,19.1999,13419.8073,42,10.0472,7023.2602,202304
699.0,699.0,698.0,698.0,5.0442,3522.5548,12,1.7032,1190.5368,202304
698.0,698.0,696.0,696.0,51.1491,35682.327,71,0.7569,528.3162,202304
696.0,696.0,696.0,696.0,10.7479,7480.5384,35,4.9724,3460.7904,202304
697.0,697.0,695.0,695.0,1.5754,1095.8136,10,0.0301,20.9797,202304
695.0,695.0,694.0,694.0,26.7021,18557.4721,46,19.501,13553.195,202304
695.0,695.0,695.0,695.0,3.0338,2108.491,12,3.0338,2108.491,202304
695.0,695.0,695.0,695.0,0.0,0.0,0,0.0,0.0,202304
696.0,696.0,696.0,696.0,5.8853,4096.1688,19,5.8853,4096.1688,202304
697.0,698.0,697.0,698.0,1.5686,1093.3415,12,1.5686,1093.3415,202304
698.0,698.0,697.0,697.0,9.2147,6425.6356,27,0.925,645.65,202304
697.0,697.0,697.0,697.0,0.0,0.0,0,0.0,0.0,202304
697.0,698.0,697.0,698.0,17.7021,12346.4052,49,14.4662,10090.9829,202304
697.0,699.0,697.0,699.0,5.479,3824.027,12,2.8264,1975.1648,202304
699.0,700.0,699.0,700.0,0.5545,387.7829,14,0.5545,387.7829,202304
700.0,701.0,700.0,701.0,6.7684,4741.6996,57,6.7684,4741.6996,202304
700.0,701.0,700.0,701.0,10.6886,7485.1706,41,3.259,2284.4506,202304
701.0,702.0,701.0,701.0,5.3416,3745.501,31,1.2488,876.4482,202304
701.0,701.0,700.0,700.0,2.5746,1802.2762,22,0.0562,39.3962,202304
700.0,700.0,700.0,700.0,7.1132,4979.24,24,5.3977,3778.39,202304
699.0,701.0,699.0,701.0,8.393,5872.164,21,5.3805,3766.4265,202304
700.0,701.0,700.0,700.0,2.2289,1560.254,17,1.206,844.224,202304
700.0,700.0,700.0,700.0,1.9609,1372.63,7,0.823,576.1,202304
700.0,700.0,700.0,700.0,0.0,0.0,0,0.0,0.0,202304
699.0,700.0,699.0,700.0,4.6099,3222.3343,15,0.0142,9.94,202304
699.0,699.0,699.0,699.0,4.8098,3362.0502,15,3.0847,2156.2053,202304
699.0,700.0,699.0,700.0,8.4584,5920.736,39,8.3144,5820.08,202304
699.0,700.0,699.0,700.0,4.6566,3259.6056,13,4.6422,3249.54,202304
700.0,700.0,700.0,700.0,4.4,3080.0,17,2.7207,1904.49,202304
699.0,699.0,699.0,699.0,2.9452,2058.6948,18,1.5226,1064.2974,202304
699.0,699.0,699.0,699.0,1.8754,1310.9046,5,1.0996,768.6204,202304
699.0,699.0,699.0,699.0,0.0,0.0,0,0.0,0.0,202304
699.0,700.0,699.0,700.0,5.8944,4120.2164,6,5.2296,3655.5212,202304
700.0,700.0,699.0,699.0,5.846,4091.5851,18,5.2311,3661.77,202304
700.0,700.0,700.0,700.0,4.1895,2932.65,18,4.1895,2932.65,202304
699.0,700.0,699.0,700.0,12.3765,8651.2056,21,0.0321,22.47,202304
699.0,699.0,699.0,699.0,3.0234,2113.3566,15,0.0,0.0,202304
699.0,699.0,698.0,698.0,24.1724,16895.7913,61,22.2183,15530.5917,202304
698.0,698.0,697.0,698.0,2.9824,2081.5022,15,0.8875,619.475,202304
697.0,697.0,696.0,696.0,37.9254,26415.2644,133,16.9016,11767.8114,202304
696.0,696.0,694.0,694.0,9.6943,6739.43,50,2.0608,1434.2704,202304
694.0,696.0,693.0,695.0,86.9713,60371.0198,87,23.7615,16497.3418,202304
694.0,694.0,694.0,694.0,5.714,3965.516,21,0.144,99.936,202304
694.0,694.0,693.0,693.0,2.0089,1392.1821,12,0.0144,9.9936,202304
693.0,693.0,686.0,686.0,90.9449,62653.9823,306,30.6079,21074.2065,202304
687.0,692.0,687.0,691.0,65.6675,45328.9574,174,53.0871,36640.1796,202304
691.0,691.0,691.0,691.0,7.3821,5101.0311,18,5.972,4126.652,202304
691.0,692.0,691.0,692.0,40.0494,27676.1169,56,6.4707,4473.2352,202304
692.0,692.0,691.0,691.0,41.0607,28413.9464,78,1.444,999.248,202304
692.0,692.0,691.0,692.0,9.7733,6753.4186,37,6.3668,4399.5271,202304
692.0,693.0,692.0,693.0,28.679,19867.9919,77,14.6878,10172.0903,202304
693.0,693.0,692.0,693.0,0.4069,281.9376,3,0.3628,251.4204,202304
693.0,694.0,692.0,694.0,11.8748,8227.9514,40,5.7426,3979.6408,202304
694.0,694.0,693.0,693.0,9.1362,6331.4025,33,4.6298,3208.4673,202304
693.0,693.0,693.0,693.0,0.0,0.0,0,0.0,0.0,202304
693.0,693.0,693.0,693.0,0.0,0.0,0,0.0,0.0,202304
692.0,692.0,692.0,692.0,8.3723,5793.6316,27,5.2104,3605.5968,202304
691.0,691.0,691.0,691.0,4.6375,3204.5125,18,0.0,0.0,202304
690.0,690.0,689.0,689.0,20.6053,14204.6603,60,4.989,3442.41,202304
689.0,690.0,689.0,689.0,0.8151,561.8918,18,0.3075,212.1554,202304
688.0,688.0,688.0,688.0,11.0335,7591.048,17,0.0,0.0,202304
688.0,690.0,688.0,690.0,12.0242,8281.7168,29,8.9348,6156.1061,202304
689.0,690.0,689.0,690.0,9.9443,6854.1283,20,6.092,4199.7782,202304
690.0,690.0,690.0,690.0,7.2079,4973.451,7,2.7742,1914.198,202304
690.0,690.0,689.0,689.0,10.8422,7470.5656,25,5.8666,4042.3772,202304
689.0,690.0,689.0,689.0,9.8726,6804.1964,6,5.6028,3862.3042,202304
688.0,689.0,688.0,689.0,3.6229,2493.3909,29,1.6649,1146.2869,202304
689.0,690.0,689.0,690.0,4.6917,3234.0379,10,3.3394,2302.3032,202304
690.0,692.0,690.0,692.0,12.9206,8923.0478,59,12.9206,8923.0478,202304
692.0,692.0,692.0,692.0,0.6031,417.3452,8,0.6031,417.3452,202304
692.0,693.0,692.0,692.0,11.6176,8039.5415,32,1.9669,1361.2571,202304
692.0,692.0,692.0,692.0,2.0662,1429.8104,5,2.0662,1429.8104,202304
691.0,692.0,690.0,692.0,13.4967,9327.1939,47,7.8077,5396.125,202304
692.0,692.0,692.0,692.0,0.0476,32.9392,2,0.0476,32.9392,202304
691.0,693.0,691.0,693.0,13.4859,9333.6027,39,12.8458,8891.2936,202304
692.0,693.0,692.0,693.0,4.4267,3063.3244,9,0.8307,574.8924,202304
692.0,692.0,692.0,692.0,12.1298,8393.8216,16,2.4375,1686.75,202304
692.0,692.0,692.0,692.0,5.5344,3829.8048,9,4.8695,3369.694,202304
692.0,693.0,692.0,693.0,11.9742,8297.4206,45,9.5195,6597.0135,202304
693.0,694.0,693.0,694.0,4.562,3166.0112,35,4.3322,3006.5468,202304
694.0,694.0,694.0,694.0,11.8739,8240.4866,16,0.0334,23.1796,202304
693.0,693.0,693.0,693.0,2.9606,2051.6958,17,0.4035,279.6255,202304
693.0,693.0,693.0,693.0,0.2003,138.8079,1,0.2003,138.8079,202304
692.0,692.0,692.0,692.0,2.4907,1723.5644,10,0.0,0.0,202304
692.0,692.0,692.0,692.0,6.1403,4249.0876,10,5.3566,3706.7672,202304
692.0,692.0,692.0,692.0,6.0044,4155.0448,11,5.2961,3664.9012,202304
692.0,692.0,691.0,691.0,1.5725,1088.1258,6,0.6403,443.0876,202304
691.0,692.0,690.0,691.0,21.1656,14622.6189,61,14.4036,9953.2632,202304
691.0,691.0,691.0,691.0,0.0,0.0,0,0.0,0.0,202304
692.0,692.0,691.0,692.0,1.6383,1133.6859,11,1.6206,1121.4552,202304
692.0,692.0,692.0,692.0,13.6726,9461.4392,23,2.1961,1519.7012,202304
693.0,693.0,692.0,692.0,3.9996,2768.4148,8,0.6916,479.2788,202304
692.0,693.0,692.0,693.0,7.1719,4964.4548,13,7.1719,4964.4548,202304
692.0,692.0,692.0,692.0,0.8919,617.1948,2,0.0,0.0,202304
692.0,692.0,692.0,692.0,0.0,0.0,0,0.0,0.0,202304
692.0,692.0,692.0,692.0,1.135,785.42,3,0.0,0.0,202304
693.0,693.0,692.0,693.0,4.7477,3290.1385,19,4.6936,3252.6648,202304
693.0,693.0,693.0,693.0,1.9947,1382.3271,4,0.0,0.0,202304
693.0,693.0,693.0,693.0,3.7143,2574.0099,18,2.0792,1440.8856,202304
693.0,693.0,693.0,693.0,2.4182,1675.8126,6,2.4182,1675.8126,202304
692.0,692.0,692.0,692.0,0.3391,234.6572,1,0.0,0.0,202304
692.0,692.0,692.0,692.0,13.4627,9316.1884,18,2.8901,1999.9492,202304
692.0,692.0,692.0,692.0,3.354,2320.968,6,3.354,2320.968,202304
692.0,692.0,692.0,692.0,5.7958,4010.6936,7,5.7958,4010.6936,202304
693.0,694.0,693.0,693.0,9.0687,6284.6648,20,7.8791,5460.272,202304
693.0,693.0,689.0,689.0,264.4014,182767.2761,301,33.342,23084.5908,202304
689.0,690.0,689.0,690.0,35.8964,24765.4577,83,32.8381,22658.289,202304
690.0,690.0,689.0,690.0,4.2242,2913.0017,16,2.5279,1744.251,202304
690.0,690.0,690.0,690.0,1.4301,986.769,4,1.4301,986.769,202304
690.0,691.0,690.0,690.0,64.9009,44782.543,113,39.6948,27390.334,202304
690.0,690.0,687.0,687.0,168.454,115980.3,218,21.9971,15161.4741,202304
687.0,689.0,687.0,689.0,9.8544,6782.3466,20,9.3472,6433.9002,202304
688.0,689.0,688.0,689.0,0.9266,637.8124,3,0.3116,214.6924,202304
689.0,689.0,689.0,689.0,2.0,1378.0,2,2.0,1378.0,202304
688.0,688.0,687.0,687.0,101.1311,69539.519,141,8.9615,6156.5505,202304
688.0,688.0,688.0,688.0,0.2337,160.7856,3,0.2337,160.7856,202304
688.0,689.0,688.0,689.0,33.4427,23012.7053,70,25.2277,17360.7853,202304
688.0,689.0,688.0,688.0,19.6956,13555.2142,32,12.7869,8802.0286,202304
687.0,687.0,687.0,687.0,11.1488,7659.2256,31,1.2532,860.9484,202304
687.0,687.0,687.0,687.0,0.0146,10.0302,1,0.0146,10.0302,202304
687.0,687.0,687.0,687.0,0.2487,170.8569,3,0.2487,170.8569,202304
687.0,687.0,687.0,687.0,16.0479,11024.9073,32,7.6777,5274.5799,202304
687.0,687.0,687.0,687.0,3.5713,2453.4831,12,2.6285,1805.7795,202304
687.0,687.0,687.0,687.0,1.1455,786.9585,2,1.1455,786.9585,202304
686.0,686.0,685.0,685.0,16.9675,11639.5807,40,4.8502,3327.2372,202304
686.0,688.0,686.0,687.0,25.7619,17696.7953,56,24.7652,17012.0624,202304
686.0,688.0,686.0,687.0,36.2276,24879.3644,107,15.3589,10558.812,202304
686.0,690.0,686.0,689.0,32.8231,22585.4391,135,28.3196,19488.5626,202304
688.0,690.0,688.0,690.0,10.6035,7305.6748,73,8.5506,5893.2796,202304
690.0,690.0,689.0,690.0,15.0845,10408.2608,44,2.7894,1924.686,202304
690.0,690.0,690.0,690.0,0.8035,554.415,3,0.0,0.0,202304
690.0,692.0,690.0,692.0,112.7399,77912.7909,244,105.2814,72764.4474,202304
692.0,693.0,692.0,693.0,21.8354,15112.8218,33,21.8192,15101.6114,202304
692.0,693.0,692.0,693.0,9.1674,6351.0079,34,6.6172,4585.7196,202304
693.0,693.0,692.0,692.0,14.8659,10300.9127,18,0.0,0.0,202304
692.0,692.0,692.0,692.0,0.016,11.072,1,0.0,0.0,202304
693.0,694.0,693.0,693.0,11.9995,8316.0724,14,11.3566,7870.5427,202304
692.0,692.0,692.0,692.0,13.5434,9372.0328,28,7.6903,5321.6876,202304
692.0,692.0,691.0,691.0,0.3999,276.604,2,0.2731,188.9852,202304
691.0,692.0,691.0,692.0,0.676,467.7774,4,0.6614,457.6888,202304
692.0,692.0,692.0,692.0,11.3966,7886.4472,21,5.0301,3480.8292,202304
692.0,692.0,692.0,692.0,1.7447,1207.3324,6,1.6167,1118.7564,202304
692.0,692.0,692.0,692.0,11.6505,8062.146,21,0.9382,649.2344,202304
692.0,693.0,692.0,693.0,11.2836,7809.4056,25,6.3256,4378.4696,202304
692.0,692.0,692.0,692.0,4.5528,3150.5376,13,0.0145,10.034,202304
692.0,692.0,691.0,691.0,7.1337,4929.4103,21,0.1924,132.972,202304
691.0,691.0,691.0,691.0,4.1655,2878.3605,4,4.1655,2878.3605,202304
691.0,691.0,691.0,691.0,0.0,0.0,0,0.0,0.0,202304
690.0,690.0,690.0,690.0,0.1064,73.416,4,0.0,0.0,202304
690.0,691.0,690.0,690.0,5.2301,3610.9233,19,2.1543,1488.6213,202304
690.0,690.0,690.0,690.0,0.291,200.79,2,0.0,0.0,202304
690.0,690.0,690.0,690.0,0.971,669.99,1,0.0,0.0,202304
690.0,690.0,689.0,689.0,4.486,3091.049,20,2.6947,1856.8433,202304
689.0,689.0,689.0,689.0,0.0,0.0,0,0.0,0.0,202304
689.0,689.0,689.0,689.0,20.4762,14108.1018,28,14.789,10189.621,202304
689.0,689.0,689.0,689.0,5.5901,3851.5789,9,0.9327,642.6303,202304
689.0,690.0,689.0,690.0,9.8612,6801.8448,23,8.249,5691.039,202304
690.0,690.0,689.0,690.0,21.1077,14563.174,28,8.9344,6164.736,202304
690.0,690.0,690.0,690.0,1.4279,985.251,1,1.4279,985.251,202304
689.0,690.0,689.0,689.0,10.5898,7304.7596,24,7.5961,5241.309,202304
689.0,689.0,689.0,689.0,0.0,0.0,0,0.0,0.0,202304
689.0,689.0,689.0,689.0,0.4017,276.7713,6,0.1539,106.0371,202304
689.0,689.0,688.0,688.0,2.3181,1594.9949,19,0.1625,111.9421,202304
687.0,688.0,687.0,687.0,17.9849,12355.6473,26,0.0768,52.7826,202304
686.0,687.0,686.0,687.0,1.0936,751.245,7,1.0354,711.3198,202304
687.0,688.0,687.0,688.0,10.1169,6950.3292,22,7.6721,5270.7516,202304
687.0,688.0,687.0,688.0,11.4473,7875.7277,37,6.8113,4686.1744,202304
687.0,689.0,687.0,688.0,13.6953,9424.2978,27,6.8752,4732.1376,202304
688.0,688.0,687.0,687.0,4.9452,3397.3683,14,0.0159,10.9392,202304
687.0,687.0,687.0,687.0,2.6504,1820.8248,5,2.6504,1820.8248,202304
687.0,688.0,687.0,688.0,7.177,4932.211,10,7.177,4932.211,202304
687.0,688.0,687.0,688.0,17.2086,11838.5042,23,15.0,10320.0,202304
688.0,688.0,687.0,687.0,22.0809,15174.6742,16,0.0,0.0,202304
688.0,688.0,687.0,687.0,1.6868,1158.8955,13,0.0989,68.0082,202304
687.0,688.0,687.0,688.0,5.1234,3520.2184,6,5.1234,3520.2184,202304
688.0,688.0,688.0,688.0,2.016,1387.008,3,2.016,1387.008,202304
688.0,688.0,688.0,688.0,10.2069,7022.3472,29,6.5298,4492.5024,202304
688.0,688.0,687.0,687.0,0.3198,219.7506,3,0.048,33.024,202304
687.0,689.0,687.0,688.0,7.9604,5473.7074,21,3.5246,2425.0718,202304
688.0,689.0,688.0,689.0,20.2803,13969.8221,24,20.2657,13959.7773,202304
689.0,690.0,689.0,690.0,17.1714,11847.6097,28,5.2678,3634.1257,202304
689.0,690.0,689.0,690.0,44.4949,30662.4467,74,2.8143,1941.867,202304
690.0,691.0,689.0,689.0,11.9332,8227.6272,37,5.8909,4063.1182,202304
689.0,689.0,689.0,689.0,5.6536,3895.3304,11,4.7367,3263.5863,202304
689.0,689.0,689.0,689.0,2.623,1807.247,6,2.623,1807.247,202304
688.0,689.0,686.0,686.0,37.5555,25829.8155,84,6.5454,4505.1338,202304
687.0,690.0,687.0,690.0,12.826,8829.5234,50,11.9689,8238.6176,202304
690.0,691.0,690.0,690.0,13.4923,9309.7109,19,4.2024,2899.6799,202304
690.0,691.0,690.0,691.0,8.6344,5962.0247,30,4.01,2770.91,202304
691.0,691.0,689.0,689.0,19.6594,13566.6429,44,6.2267,4290.1963,202304
689.0,689.0,689.0,689.0,0.0162,11.1618,1,0.0162,11.1618,202304
689.0,689.0,689.0,689.0,2.6958,1857.4062,7,2.4856,1712.5784,202304
689.0,689.0,687.0,687.0,23.1434,15918.4139,48,4.7259,3251.7892,202304
687.0,688.0,687.0,687.0,2.7558,1893.8656,9,0.631,434.128,202304
687.0,687.0,686.0,687.0,20.7014,14203.6274,52,11.1783,7669.7473,202304
687.0,687.0,687.0,687.0,4.0305,2768.9535,15,3.0557,2099.2659,202304
687.0,687.0,685.0,685.0,15.7333,10786.4175,46,0.0211,14.4957,202304
686.0,687.0,686.0,687.0,18.753,12869.624,40,18.3816,12614.8436,202304
687.0,687.0,687.0,687.0,1.2424,853.5288,6,1.2424,853.5288,202304
687.0,687.0,687.0,687.0,10.3593,7116.8391,17,2.889,1984.743,202304
687.0,687.0,686.0,686.0,2.8037,1925.9074,13,1.8255,1254.1185,202304
686.0,687.0,685.0,686.0,5.4212,3719.1728,21,1.1591,795.4095,202304
687.0,689.0,687.0,689.0,5.8013,3987.0153,28,5.6212,3863.1065,202304
688.0,688.0,688.0,688.0,19.0959,13137.9792,36,13.2225,9097.08,202304
688.0,688.0,687.0,687.0,1.9785,1361.05,7,0.6114,420.6432,202304
687.0,687.0,687.0,687.0,1.0,687.0,2,0.0,0.0,202304
688.0,688.0,688.0,688.0,5.9788,4113.4144,13,1.514,1041.632,202304
687.0,687.0,686.0,686.0,8.4066,5773.5929,21,0.3937,270.4719,202304
686.0,686.0,686.0,686.0,5.3465,3667.699,12,5.3465,3667.699,202304
687.0,687.0,687.0,687.0,2.9777,2045.6799,14,2.9777,2045.6799,202304
687.0,687.0,687.0,687.0,5.3115,3649.0005,13,5.2672,3618.5664,202304
687.0,688.0,687.0,687.0,26.3481,18102.4673,26,3.9906,2742.8648,202304
686.0,688.0,685.0,688.0,12.9119,8865.0366,42,10.8017,7417.0001,202304
688.0,688.0,687.0,687.0,14.2214,9771.2326,21,1.1308,777.9904,202304
687.0,688.0,686.0,686.0,13.9507,9584.0022,17,6.9908,4803.1796,202304
687.0,687.0,682.0,686.0,82.7928,56624.8922,271,31.3626,21464.7446,202304
686.0,686.0,683.0,685.0,26.1392,17892.9974,71,9.7147,6652.0733,202304
684.0,684.0,682.0,683.0,12.6414,8639.3957,31,6.6545,4546.944,202304
682.0,684.0,682.0,683.0,32.5735,22250.9351,78,16.6189,11358.4412,202304
683.0,684.0,683.0,683.0,35.9187,24549.9567,88,10.6929,7313.9436,202304
684.0,684.0,680.0,682.0,49.8683,34027.0902,125,25.9096,17677.879,202304
682.0,684.0,678.0,679.0,82.4437,56106.3097,223,32.4782,22128.007,202304
679.0,682.0,679.0,682.0,56.6004,38563.371,121,41.5159,28290.1918,202304
682.0,682.0,681.0,682.0,19.9063,13576.0689,30,8.0379,5481.8478,202304
682.0,683.0,681.0,683.0,52.9771,36161.5764,63,34.538,23579.6255,202304
682.0,682.0,680.0,680.0,45.4446,30922.3169,71,5.2347,3561.9644,202304
679.0,681.0,679.0,681.0,2.879,1959.4272,12,0.907,617.0484,202304
682.0,682.0,680.0,681.0,9.1392,6228.5302,36,2.291,1561.7562,202304
680.0,682.0,680.0,682.0,15.2724,10399.497,52,12.8626,8760.6766,202304
683.0,683.0,682.0,682.0,7.1229,4863.445,24,5.4276,3707.0508,202304
683.0,683.0,681.0,681.0,25.3164,17253.6126,44,15.4374,10521.7126,202304
680.0,680.0,680.0,680.0,4.2624,2898.432,10,0.0,0.0,202304
679.0,679.0,677.0,677.0,45.1374,30601.7864,76,18.3973,12472.0266,202304
677.0,680.0,677.0,680.0,26.9239,18274.5568,58,15.7895,10715.6675,202304
680.0,680.0,679.0,680.0,5.2751,3587.0002,14,0.8982,610.776,202304
680.0,682.0,680.0,682.0,5.0662,3452.9412,32,3.3283,2267.6934,202304
682.0,682.0,679.0,680.0,99.0692,67383.3471,109,5.6504,3842.5767,202304
681.0,685.0,681.0,685.0,33.5972,22932.8232,83,27.187,18549.6315,202304
685.0,685.0,685.0,685.0,0.7299,499.9815,9,0.7299,499.9815,202304
684.0,685.0,684.0,685.0,3.4001,2329.0503,4,0.0482,33.017,202304
684.0,685.0,684.0,684.0,3.0367,2077.1597,14,0.0569,38.9765,202304
684.0,684.0,682.0,683.0,38.7532,26471.1647,48,36.7522,25104.5107,202304
683.0,684.0,683.0,683.0,24.7347,16895.6012,36,21.1884,14473.4783,202304
683.0,684.0,683.0,684.0,4.2026,2874.1359,23,3.7601,2571.9084,202304
684.0,685.0,684.0,685.0,1.4111,965.2892,6,0.7708,527.324,202304
685.0,685.0,683.0,684.0,69.1417,47294.1921,100,11.2181,7676.4023,202304
684.0,684.0,683.0,683.0,9.1736,6268.8972,22,0.6046,412.9718,202304
682.0,682.0,681.0,681.0,54.8247,37390.4305,69,49.8533,33999.9506,202304
681.0,681.0,680.0,681.0,16.1768,11015.5208,36,13.5211,9207.8691,202304
682.0,682.0,681.0,681.0,1.2008,818.3023,2,0.5575,380.215,202304
682.0,682.0,681.0,681.0,16.896,11506.1918,38,11.1818,7614.8216,202304
682.0,682.0,680.0,680.0,15.333,10437.4754,56,11.0846,7546.6492,202304
680.0,680.0,679.0,679.0,12.5123,8497.0167,39,7.9622,5407.4988,202304
679.0,680.0,679.0,680.0,6.0096,4085.0802,17,5.3892,3663.8286,202304
679.0,679.0,678.0,678.0,33.6846,22853.9194,48,2.5309,1716.8984,202304
677.0,677.0,674.0,677.0,79.3996,53685.7755,205,56.5269,38222.763,202304
677.0,677.0,676.0,677.0,16.5792,11223.6189,26,5.2153,3530.7581,202304
677.0,677.0,676.0,676.0,0.468,316.4031,3,0.468,316.4031,202304
676.0,677.0,676.0,676.0,12.7309,8606.6159,37,6.2133,4200.7183,202304
676.0,676.0,676.0,676.0,4.6577,3148.6052,12,3.2397,2190.0372,202304
675.0,676.0,675.0,675.0,12.0364,8126.12,47,6.0061,4055.6675,202304
675.0,676.0,675.0,676.0,16.3053,11019.7048,29,13.8873,9387.5548,202304
676.0,678.0,676.0,678.0,25.1283,17020.8295,76,14.5215,9836.0486,202304
677.0,677.0,672.0,673.0,232.1262,156577.7897,345,62.2941,42011.7811,202304
673.0,674.0,669.0,671.0,278.3348,186871.4544,434,105.3965,70780.9608,202304
671.0,673.0,670.0,672.0,23.1635,15559.2071,82,11.8397,7951.0232,202304
672.0,674.0,671.0,674.0,213.3405,143459.0889,246,163.4896,109962.0226,202304
675.0,676.0,675.0,676.0,28.3065,19122.8172,71,22.6102,15273.073,202304
676.0,676.0,675.0,675.0,5.594,3780.2513,18,0.0,0.0,202304
675.0,676.0,675.0,675.0,8.9567,6047.1059,13,2.5383,1714.6859,202304
675.0,677.0,675.0,676.0,9.7558,6596.2985,21,3.3344,2255.6062,202304
676.0,677.0,676.0,677.0,5.8867,3983.0359,13,4.4267,2994.6159,202304
677.0,677.0,677.0,677.0,2.0009,1354.6093,5,1.356,918.012,202304
678.0,680.0,678.0,680.0,14.5449,9877.357,54,6.4107,4349.4346,202304
681.0,681.0,679.0,681.0,7.1472,4866.1465,50,6.6543,4530.9728,202304
681.0,681.0,680.0,680.0,5.9959,4079.5363,29,0.8208,558.6205,202304
680.0,680.0,680.0,680.0,17.1606,11669.208,44,13.6411,9275.948,202304
679.0,679.0,678.0,678.0,1.2081,820.2701,13,0.0,0.0,202304
678.0,678.0,675.0,675.0,32.1594,21757.1335,87,4.5891,3102.2316,202304
676.0,678.0,676.0,678.0,11.913,8062.8893,49,11.5717,7831.9505,202304
678.0,679.0,678.0,678.0,8.0046,5428.8385,24,3.0016,2036.8045,202304
679.0,681.0,679.0,681.0,6.6715,4536.6095,32,4.3475,2956.4267,202304
681.0,681.0,680.0,681.0,25.6836,17485.1177,48,9.1071,6201.9351,202304
681.0,681.0,681.0,681.0,0.2352,160.1712,3,0.0,0.0,202304
682.0,682.0,681.0,682.0,29.2882,19967.9623,47,23.0941,15749.7802,202304
681.0,681.0,680.0,681.0,4.1209,2806.2029,9,0.0837,56.9997,202304
681.0,681.0,680.0,680.0,7.0374,4792.3895,18,2.7192,1851.7752,202304
680.0,682.0,680.0,681.0,17.0241,11590.5314,35,6.0455,4117.8309,202304
680.0,681.0,680.0,680.0,2.3566,1604.4667,9,1.9787,1347.4947,202304
681.0,681.0,681.0,681.0,9.3934,6396.9054,17,5.9929,4081.1649,202304
682.0,683.0,682.0,682.0,8.9848,6127.7802,24,7.4141,5056.5628,202304
681.0,682.0,680.0,682.0,21.3055,14503.3907,35,9.4693,6448.6768,202304
681.0,681.0,680.0,681.0,1.6273,1108.1765,7,0.6585,448.4385,202304
681.0,681.0,679.0,679.0,14.9722,10177.6865,35,0.1714,116.3806,202304
679.0,680.0,679.0,679.0,12.8499,8728.7864,38,10.9029,7405.8564,202304
680.0,681.0,680.0,681.0,2.0046,1363.628,8,2.0046,1363.628,202304
680.0,680.0,679.0,680.0,1.5342,1043.2257,6,0.8849,601.732,202304
680.0,682.0,680.0,681.0,13.863,9443.0435,37,7.1099,4844.8228,202304
680.0,682.0,680.0,682.0,2.5879,1759.8012,5,0.0146,9.9572,202304
681.0,681.0,681.0,681.0,0.0869,59.1789,2,0.0,0.0,202304
682.0,683.0,681.0,683.0,8.9215,6083.513,27,6.0797,4147.6026,202304
683.0,684.0,683.0,684.0,7.5697,5170.1431,16,0.038,25.992,202304
683.0,683.0,683.0,683.0,2.8749,1963.5567,8,0.0,0.0,202304
682.0,682.0,681.0,682.0,5.5263,3768.0036,25,3.3201,2264.3082,202304
682.0,682.0,681.0,681.0,0.676,460.5309,3,0.0,0.0,202304
681.0,681.0,681.0,681.0,3.1385,2137.3185,13,2.3996,1634.1276,202304
682.0,682.0,682.0,682.0,4.9936,3405.6352,10,4.5592,3109.3744,202304
682.0,685.0,682.0,684.0,5.4445,3721.3196,30,4.5859,3135.2946,202304
685.0,687.0,685.0,687.0,22.8186,15653.1953,83,13.3494,9157.419,202304
686.0,688.0,686.0,688.0,5.4792,3761.3292,18,4.3048,2955.6908,202304
688.0,688.0,687.0,687.0,17.6586,12137.5087,60,4.0403,2778.273,202304
688.0,689.0,688.0,689.0,3.9884,2747.0788,28,2.8321,1950.4288,202304
689.0,689.0,689.0,689.0,21.0021,14470.4469,27,7.7524,5341.4036,202304
689.0,689.0,689.0,689.0,4.0289,2775.9121,4,0.0,0.0,202304
688.0,689.0,688.0,689.0,9.1493,6294.7474,18,4.6925,3228.469,202304
688.0,689.0,688.0,689.0,13.4321,9241.3022,18,4.4056,3031.0702,202304
688.0,689.0,688.0,689.0,7.662,5276.6218,17,5.1658,3559.2362,202304
689.0,689.0,689.0,689.0,4.3551,3000.6639,8,0.0597,41.1333,202304
688.0,689.0,688.0,689.0,2.2936,1580.243,8,2.1733,1497.4037,202304
689.0,689.0,688.0,688.0,2.5913,1784.4846,5,1.0888,750.1832,202304
688.0,688.0,688.0,688.0,8.7191,5998.7408,26,6.8239,4694.8432,202304
688.0,688.0,688.0,688.0,0.1062,73.0656,3,0.0,0.0,202304
688.0,688.0,688.0,688.0,2.09,1437.92,13,0.0,0.0,202304
688.0,688.0,687.0,687.0,11.8601,8151.9108,32,4.61,3167.07,202304
688.0,690.0,688.0,690.0,10.9173,7520.4972,34,10.2886,7087.3229,202304
690.0,690.0,690.0,690.0,0.3338,230.322,2,0.3338,230.322,202304
689.0,690.0,689.0,689.0,21.5866,14892.7744,39,10.5985,7312.965,202304
689.0,690.0,688.0,688.0,13.7395,9457.176,39,3.0196,2077.6685,202304
687.0,687.0,687.0,687.0,16.8914,11604.3918,24,9.0094,6189.4578,202304
687.0,687.0,687.0,687.0,1.3993,961.3191,8,0.0,0.0,202304
686.0,686.0,685.0,685.0,8.8405,6059.4973,30,0.2291,156.999,202304
684.0,684.0,683.0,683.0,11.0535,7550.0131,31,0.0,0.0,202304
683.0,684.0,682.0,683.0,25.2037,17214.0646,34,16.2626,11108.3082,202304
683.0,683.0,683.0,683.0,2.263,1545.629,5,0.0159,10.8597,202304
683.0,683.0,682.0,683.0,2.522,1722.4282,7,0.6802,464.5766,202304
683.0,687.0,683.0,687.0,35.4586,24312.7951,72,16.8289,11531.2542,202304
687.0,693.0,687.0,692.0,53.1011,36645.1417,236,26.105,18039.706,202304
693.0,695.0,693.0,693.0,20.1649,13990.1823,84,8.1259,5642.7024,202304
694.0,697.0,694.0,696.0,35.8771,24955.8818,192,16.4759,11466.3859,202304
696.0,696.0,695.0,695.0,20.3903,14179.387,29,0.0474,32.9904,202304
695.0,696.0,694.0,696.0,8.7825,6103.948,43,7.4533,5180.5435,202304
696.0,699.0,696.0,697.0,39.8913,27820.0988,91,29.9979,20921.8846,202304
697.0,697.0,694.0,695.0,6.8396,4762.0742,40,0.1309,91.1064,202304
694.0,694.0,693.0,694.0,28.8461,20015.8632,70,11.1131,7712.4914,202304
693.0,693.0,691.0,692.0,3.5036,2424.1002,31,0.291,201.372,202304
691.0,692.0,691.0,692.0,25.3756,17549.6955,50,24.1033,16670.5362,202304
693.0,694.0,693.0,694.0,5.9401,4120.6529,34,5.6553,3923.0017,202304
694.0,695.0,693.0,695.0,10.2813,7139.2896,28,1.1998,833.861,202304
695.0,696.0,694.0,696.0,8.7497,6080.7803,28,0.781,542.8208,202304
695.0,695.0,692.0,693.0,32.8007,22747.3496,55,3.9706,2751.853,202304
693.0,693.0,692.0,692.0,11.0235,7639.0359,22,2.6851,1860.7743,202304
692.0,692.0,691.0,691.0,9.2293,6386.6177,13,0.0,0.0,202304
691.0,692.0,691.0,692.0,14.4278,9975.815,38,9.2395,6390.6997,202304
693.0,693.0,693.0,693.0,9.5706,6632.4258,24,5.167,3580.731,202304
693.0,694.0,692.0,692.0,1.8991,1316.5829,8,1.1766,815.9345,202304
692.0,692.0,691.0,691.0,8.2645,5716.3382,34,1.8683,1291.0602,202304
690.0,691.0,690.0,691.0,12.594,8698.545,37,8.7041,6014.514,202304
692.0,692.0,691.0,692.0,2.9639,2050.9321,15,2.8772,1991.0224,202304
692.0,692.0,692.0,692.0,2.7259,1886.3228,4,0.0,0.0,202304
691.0,692.0,691.0,692.0,9.3499,6465.2071,28,4.9308,3411.5479,202304
692.0,692.0,691.0,691.0,10.9341,7558.6951,25,0.5095,352.2812,202304
691.0,691.0,690.0,690.0,3.6808,2543.407,14,3.5981,2486.2871,202304
690.0,690.0,690.0,690.0,2.471,1704.99,11,0.0,0.0,202304
690.0,690.0,689.0,690.0,22.4143,15464.7757,74,11.9286,8230.734,202304
689.0,690.0,689.0,690.0,1.568,1081.8928,10,1.5408,1063.152,202304
689.0,689.0,688.0,688.0,1.4,964.5723,14,0.16,110.24,202304
689.0,689.0,687.0,688.0,18.4306,12678.5374,65,2.5019,1722.4839,202304
688.0,689.0,687.0,689.0,12.5926,8661.13,13,7.7619,5340.2397,202304
688.0,689.0,688.0,689.0,14.6636,10099.2723,22,8.1128,5589.7192,202304
689.0,691.0,689.0,690.0,13.7884,9513.6908,25,8.9658,6186.4365,202304
690.0,691.0,690.0,691.0,7.8578,5422.353,26,0.471,325.461,202304
690.0,692.0,690.0,690.0,29.4152,20323.0856,54,8.5702,5924.2866,202304
691.0,692.0,690.0,690.0,25.0719,17313.4407,54,8.0648,5574.7074,202304
690.0,690.0,689.0,690.0,9.3819,6470.8631,27,5.4121,3734.349,202304
690.0,690.0,689.0,689.0,9.7593,6729.2993,21,0.0,0.0,202304
689.0,690.0,689.0,689.0,9.7537,6720.5776,25,0.5438,374.9565,202304
689.0,689.0,688.0,688.0,8.1653,5621.3997,28,2.9459,2029.7251,202304
688.0,689.0,688.0,689.0,26.077,17949.3702,36,14.0155,9651.0582,202304
688.0,689.0,688.0,689.0,13.6321,9387.2174,24,4.541,3128.749,202304
689.0,690.0,688.0,689.0,18.7735,12927.8637,29,5.5314,3812.0532,202304
689.0,689.0,688.0,689.0,9.129,6289.8529,11,4.2359,2918.5351,202304
689.0,689.0,689.0,689.0,11.3952,7851.2928,7,7.7666,5351.1874,202304
689.0,689.0,687.0,688.0,5.271,3629.8261,16,0.7757,533.6816,202304
687.0,688.0,687.0,687.0,2.593,1781.9741,6,0.0,0.0,202304
688.0,688.0,688.0,688.0,7.4546,5128.7648,7,3.6552,2514.7776,202304
688.0,688.0,687.0,688.0,0.8204,564.4048,6,0.1867,128.4496,202304
688.0,688.0,687.0,688.0,5.4436,3745.1712,8,5.418,3727.584,202304
689.0,689.0,689.0,689.0,2.7423,1889.4447,15,2.6352,1815.6528,202304
689.0,689.0,689.0,689.0,0.1183,81.5087,2,0.0,0.0,202304
690.0,690.0,689.0,689.0,5.7015,3934.0203,28,5.6868,3923.892,202304
689.0,689.0,689.0,689.0,0.0,0.0,0,0.0,0.0,202304
689.0,689.0,689.0,689.0,5.5984,3857.2976,15,0.0,0.0,202304
689.0,689.0,689.0,689.0,0.0994,68.4866,3,0.0994,68.4866,202304
688.0,688.0,687.0,687.0,9.1427,6290.1502,15,0.0,0.0,202304
687.0,687.0,687.0,687.0,1.3747,944.4189,12,0.0,0.0,202304
688.0,688.0,686.0,686.0,16.805,11557.0756,28,12.616,8679.808,202304
686.0,686.0,685.0,685.0,23.5163,16117.757,67,1.0,686.0,202304
685.0,685.0,685.0,685.0,0.0919,62.9515,1,0.0,0.0,202304
685.0,686.0,685.0,686.0,9.6081,6589.9141,17,8.3656,5738.8016,202304
687.0,687.0,687.0,687.0,11.8498,8140.8126,27,5.3637,3684.8619,202304
687.0,687.0,687.0,687.0,4.0492,2781.8004,5,4.0131,2756.9997,202304
687.0,687.0,686.0,686.0,1.9798,1360.0137,8,1.4341,985.2267,202304
687.0,687.0,687.0,687.0,1.7476,1200.6012,7,0.7515,516.2805,202304
687.0,688.0,687.0,687.0,14.2122,9764.0097,15,10.5352,7237.9107,202304
687.0,687.0,687.0,687.0,5.5334,3801.4458,5,0.0,0.0,202304
687.0,688.0,687.0,688.0,5.6673,3899.0149,22,5.5798,3838.9024,202304
687.0,687.0,685.0,685.0,20.0467,13739.1919,57,3.2353,2216.2097,202304
685.0,686.0,684.0,685.0,11.4368,7833.829,45,10.0135,6859.6893,202304
684.0,685.0,681.0,682.0,42.1103,28757.7742,114,7.1055,4853.8984,202304
681.0,683.0,680.0,683.0,15.3811,10485.0417,70,8.5546,5838.1791,202304
683.0,685.0,682.0,683.0,18.0897,12358.8495,77,7.6467,5225.7016,202304
683.0,683.0,682.0,683.0,10.7993,7372.7161,46,2.298,1569.534,202304
682.0,684.0,682.0,684.0,4.2719,2917.1371,33,2.4421,1669.1092,202304
684.0,685.0,684.0,684.0,6.1493,4206.2671,13,2.3235,1589.4199,202304
683.0,684.0,681.0,681.0,29.612,20227.4857,65,8.1429,5556.2808,202304
682.0,684.0,681.0,684.0,13.4504,9176.114,63,12.6042,8599.7524,202304
684.0,684.0,684.0,684.0,8.0689,5519.1276,8,0.0918,62.7912,202304
684.0,685.0,684.0,685.0,17.6765,12095.514,22,10.8326,7414.2864,202304
686.0,686.0,685.0,685.0,7.5136,5147.7318,31,2.439,1671.6308,202304
685.0,687.0,685.0,686.0,23.3258,16001.4842,49,8.7991,6036.1972,202304
686.0,686.0,685.0,685.0,5.8323,3998.7701,18,0.5307,363.5295,202304
685.0,685.0,685.0,685.0,0.0,0.0,0,0.0,0.0,202304
686.0,687.0,685.0,685.0,15.2688,10470.915,44,9.4046,6452.9796,202304
685.0,685.0,683.0,684.0,1.9016,1300.0894,16,0.0812,55.622,202304
685.0,687.0,685.0,686.0,16.2862,11162.9704,40,10.4151,7135.9584,202304
686.0,686.0,685.0,685.0,1.1614,795.659,13,0.1,68.6,202304
685.0,685.0,682.0,682.0,7.6172,5205.0582,50,0.7299,499.9815,202304
683.0,683.0,681.0,682.0,13.3746,9127.9846,59,6.8668,4689.4396,202304
683.0,683.0,681.0,681.0,13.6623,9324.0638,42,1.0416,711.4128,202304
682.0,683.0,679.0,683.0,36.7579,25025.2082,131,18.3184,12486.0143,202304
683.0,683.0,682.0,683.0,1.2184,831.8072,5,0.6656,454.6048,202304
683.0,683.0,681.0,682.0,13.7409,9379.0769,43,6.3823,4356.9298,202304
681.0,683.0,681.0,683.0,5.9926,4085.9302,30,5.1134,3487.1041,202304
681.0,683.0,681.0,683.0,43.7341,29806.3236,664,6.165,4206.4518,202304
682.0,683.0,682.0,682.0,7.5721,5171.5664,28,4.7308,3231.1364,202304
683.0,684.0,683.0,684.0,3.4839,2379.5183,8,0.5566,380.1724,202304
683.0,684.0,683.0,683.0,2.9564,2020.5826,22,1.275,872.1,202304
684.0,684.0,683.0,683.0,14.0964,9629.0303,20,1.1891,813.3444,202304
684.0,685.0,684.0,684.0,3.2674,2235.0023,25,1.5786,1079.8631,202304
683.0,685.0,683.0,684.0,9.7841,6694.0776,17,6.0284,4125.2794,202304
685.0,685.0,685.0,685.0,2.9197,1999.9945,1,2.9197,1999.9945,202304
685.0,686.0,684.0,685.0,9.4159,6449.4798,43,6.6997,4589.5106,202304
686.0,686.0,685.0,685.0,3.2257,2210.4639,18,0.8594,589.5484,202304
685.0,685.0,684.0,685.0,8.2488,5648.574,13,0.4321,295.9885,202304
685.0,685.0,685.0,685.0,0.8934,611.979,5,0.0,0.0,202304
685.0,685.0,685.0,685.0,0.4232,289.892,7,0.0,0.0,202304
686.0,686.0,685.0,686.0,11.8599,8135.6585,55,11.627,7976.122,202304
687.0,688.0,687.0,688.0,2.8226,1939.2742,53,2.7826,1911.7942,202304
687.0,687.0,685.0,686.0,36.9612,25360.4152,71,1.0806,741.3422,202304
686.0,686.0,686.0,686.0,0.2826,193.8636,3,0.2826,193.8636,202304
686.0,687.0,686.0,687.0,2.1858,1500.1866,8,0.7278,499.9986,202304
687.0,688.0,687.0,688.0,5.4517,3746.1287,13,5.1587,3544.8377,202304
688.0,688.0,687.0,687.0,13.4174,9224.5639,50,5.3862,3705.7056,202304
687.0,688.0,687.0,687.0,6.7413,4632.1391,10,5.038,3461.972,202304
687.0,687.0,687.0,687.0,10.3355,7100.4885,16,4.8924,3361.0788,202304
687.0,688.0,687.0,688.0,24.4385,16806.5238,64,16.2537,11176.6749,202304
689.0,689.0,689.0,689.0,0.0726,50.0214,3,0.0726,50.0214,202304
688.0,689.0,688.0,689.0,0.6212,427.9238,10,0.5382,370.8198,202304
689.0,690.0,688.0,689.0,19.7809,13627.6608,63,9.9386,6847.7561,202304
690.0,690.0,689.0,689.0,12.658,8733.9925,41,6.8129,4700.901,202304
689.0,689.0,689.0,689.0,0.0,0.0,0,0.0,0.0,202304
689.0,689.0,688.0,688.0,11.8295,8144.4908,38,5.0071,3444.8848,202304
688.0,689.0,688.0,689.0,0.4154,285.8383,3,0.0431,29.6959,202304
689.0,690.0,689.0,689.0,8.6483,5958.8236,29,5.2518,3618.6351,202304
690.0,690.0,690.0,690.0,5.979,4125.51,18,5.8208,4016.352,202304
690.0,692.0,690.0,691.0,11.7896,8150.8485,72,11.315,7822.9928,202304
692.0,692.0,690.0,691.0,42.1892,29161.3844,49,22.4143,15497.0295,202304
691.0,692.0,691.0,691.0,13.0936,9050.0553,27,6.1699,4264.3991,202304
691.0,691.0,691.0,691.0,9.0571,6258.4561,16,0.0,0.0,202304
691.0,692.0,691.0,692.0,6.8501,4740.2545,24,5.4866,3796.7272,202304
693.0,693.0,691.0,692.0,29.8103,20618.0908,66,7.0635,4883.7155,202304
691.0,692.0,691.0,691.0,5.7588,3979.3553,19,0.0245,16.954,202304
690.0,690.0,690.0,690.0,5.7653,3978.057,18,0.2791,192.579,202304
690.0,690.0,690.0,690.0,10.1883,7029.927,17,8.6415,5962.635,202304
690.0,692.0,690.0,692.0,8.6844,6002.1289,36,8.4242,5822.3307,202304
691.0,693.0,691.0,692.0,4.5506,3149.2555,13,4.097,2835.415,202304
692.0,692.0,692.0,692.0,12.0832,8361.5744,17,3.6651,2536.2492,202304
693.0,693.0,691.0,691.0,12.1658,8413.8489,27,5.7872,4001.5514,202304
691.0,692.0,691.0,692.0,15.0609,10411.4461,29,7.8828,5450.6095,202304
692.0,693.0,692.0,692.0,5.4308,3762.6452,9,4.5316,3140.3988,202304
693.0,693.0,693.0,693.0,9.7617,6764.8581,17,9.7617,6764.8581,202304
692.0,692.0,691.0,692.0,13.8598,9587.3734,54,8.8342,6112.8732,202304
691.0,693.0,690.0,691.0,44.7798,30967.1486,69,5.9409,4109.4217,202304
691.0,693.0,691.0,693.0,8.128,5623.041,19,7.4546,5157.0482,202304
693.0,693.0,691.0,691.0,13.8281,9560.5979,32,1.8341,1268.4579,202304
691.0,691.0,691.0,691.0,0.6513,450.0483,3,0.4663,322.2133,202304
692.0,692.0,691.0,691.0,22.9076,15838.4646,49,4.6456,3214.2756,202304
690.0,692.0,690.0,691.0,14.8561,10262.8843,36,7.4316,5135.2828,202304
691.0,693.0,689.0,693.0,20.3851,14083.3797,77,13.9363,9628.8,202304
693.0,697.0,693.0,695.0,17.2262,11983.8592,91,11.1774,7778.668,202304
695.0,695.0,693.0,695.0,11.6746,8108.4542,62,7.2085,5008.4195,202304
696.0,696.0,694.0,694.0,8.0674,5602.9253,17,2.2193,1540.2264,202304
695.0,696.0,694.0,695.0,9.9027,6881.8278,23,4.4269,3076.7228,202304
694.0,694.0,694.0,694.0,4.1024,2847.0656,10,0.1541,106.9454,202304
694.0,694.0,692.0,692.0,27.1131,18794.0757,38,4.632,3214.608,202304
693.0,693.0,692.0,692.0,18.038,12482.4237,31,16.3489,11313.5665,202304
692.0,693.0,692.0,693.0,9.6587,6687.7954,25,7.0052,4849.4299,202304
694.0,694.0,694.0,694.0,5.9129,4103.5526,33,2.7132,1882.9608,202304
693.0,693.0,693.0,693.0,2.1041,1458.1413,14,0.0,0.0,202304
692.0,692.0,692.0,692.0,1.5279,1057.3068,14,0.0,0.0,202304
692.0,692.0,690.0,690.0,14.602,10087.0122,34,8.3112,5743.0864,202304
690.0,690.0,681.0,685.0,279.0848,191107.058,596,59.1905,40529.4191,202304
684.0,684.0,680.0,682.0,53.0363,36130.6472,173,20.5484,13992.0939,202304
682.0,684.0,682.0,684.0,10.2909,7032.5089,52,8.4747,5791.8039,202304
685.0,685.0,685.0,685.0,2.3891,1636.5335,9,2.3341,1598.8585,202304
685.0,686.0,685.0,686.0,9.1474,6273.722,39,4.0964,2809.3447,202304
686.0,686.0,685.0,685.0,12.0831,8284.9296,33,5.7624,3951.0214,202304
685.0,686.0,684.0,684.0,15.6205,10690.9917,38,0.5179,355.2794,202304
684.0,685.0,684.0,684.0,3.5424,2424.0107,10,1.0091,691.2335,202304
684.0,684.0,683.0,683.0,15.9184,10872.41,53,7.5058,5126.6042,202304
682.0,682.0,681.0,681.0,8.3456,5691.6344,25,2.8189,1922.4898,202304
682.0,683.0,682.0,682.0,15.2708,10426.123,44,9.4629,6460.5117,202304
682.0,684.0,682.0,684.0,10.8643,7415.2608,43,9.1838,6267.5699,202304
683.0,683.0,683.0,683.0,1.0,683.0,5,0.0,0.0,202304
683.0,683.0,682.0,682.0,6.4835,4426.3951,17,0.9725,664.2175,202304
682.0,684.0,682.0,682.0,24.9941,17061.7763,61,7.166,4893.1572,202304
682.0,683.0,681.0,682.0,14.6314,9975.1915,39,8.5852,5857.7293,202304
682.0,682.0,681.0,681.0,6.0118,4098.5694,26,4.5336,3091.9152,202304
681.0,683.0,681.0,683.0,3.2609,2223.616,32,3.2609,2223.616,202304
684.0,684.0,682.0,683.0,9.8689,6733.9617,40,3.3427,2283.0933,202304
683.0,684.0,683.0,684.0,8.7965,6008.2328,21,4.5492,3107.3269,202304
683.0,683.0,682.0,683.0,15.5665,10627.7665,49,8.4548,5773.0841,202304
684.0,685.0,684.0,685.0,12.2673,8398.4993,60,8.2501,5647.058,202304
684.0,685.0,683.0,685.0,24.0845,16481.4893,63,11.5668,7919.43,202304
685.0,685.0,685.0,685.0,3.3936,2324.616,7,3.3936,2324.616,202304
685.0,685.0,685.0,685.0,14.3638,9839.203,20,0.1459,99.9415,202304
684.0,684.0,683.0,683.0,6.139,4197.8672,32,0.0,0.0,202304
683.0,683.0,681.0,681.0,6.5539,4473.7826,34,3.1825,2173.2057,202304
681.0,681.0,678.0,679.0,51.2071,34807.052,109,26.8364,18249.0756,202304
678.0,679.0,676.0,679.0,13.932,9444.1163,92,8.1184,5506.0277,202304
678.0,678.0,674.0,677.0,37.4008,25296.1179,161,25.8712,17503.2581,202304
678.0,679.0,677.0,679.0,14.8092,10049.7536,33,7.2322,4905.6835,202304
680.0,680.0,678.0,680.0,6.6727,4535.5555,62,5.4143,3681.724,202304
681.0,682.0,680.0,680.0,36.2817,24710.427,112,8.8836,6052.4052,202304
680.0,682.0,680.0,682.0,44.3506,30209.6141,34,44.1457,30070.2821,202304
682.0,682.0,681.0,681.0,10.3203,7028.1406,14,0.0163,11.1166,202304
681.0,682.0,681.0,681.0,4.5883,3127.6597,19,3.0274,2064.6868,202304
682.0,683.0,682.0,682.0,7.5952,5179.9331,36,4.6974,3203.6335,202304
683.0,684.0,683.0,684.0,4.5169,3085.072,22,4.5169,3085.072,202304
684.0,684.0,683.0,683.0,20.6827,14132.1401,40,5.856,4005.504,202304
682.0,683.0,682.0,683.0,0.9714,662.5804,4,0.0856,58.4648,202304
683.0,683.0,683.0,683.0,1.5466,1056.3278,3,1.5466,1056.3278,202304
683.0,684.0,683.0,683.0,9.8757,6745.7192,50,4.2035,2871.6066,202304
683.0,684.0,683.0,684.0,3.7147,2537.1676,4,3.7147,2537.1676,202304
684.0,685.0,684.0,684.0,6.9607,4762.4226,39,6.4168,4390.395,202304
684.0,686.0,684.0,686.0,18.2664,12498.0908,53,9.5629,6544.8375,202304
686.0,687.0,685.0,685.0,31.4923,21619.8598,132,10.0002,6862.2733,202304
686.0,686.0,686.0,686.0,2.2123,1517.6378,9,0.7288,499.9568,202304
685.0,685.0,685.0,685.0,1.5501,1061.8185,15,0.4438,304.003,202304
684.0,684.0,684.0,684.0,0.0601,41.1084,3,0.0,0.0,202304
683.0,683.0,683.0,683.0,7.3402,5013.3566,25,0.0,0.0,202304
682.0,682.0,682.0,682.0,1.2824,874.5968,12,0.6928,472.4896,202304
682.0,684.0,682.0,684.0,30.5363,20846.1224,53,30.5363,20846.1224,202304
684.0,684.0,684.0,684.0,3.3047,2260.4148,12,3.3047,2260.4148,202304
684.0,684.0,684.0,684.0,14.1516,9679.6944,25,4.3335,2964.114,202304
683.0,683.0,683.0,683.0,0.1254,85.6482,1,0.0,0.0,202304
683.0,683.0,683.0,683.0,6.4496,4405.0768,19,0.0,0.0,202304
683.0,683.0,682.0,682.0,4.0151,2742.2971,4,0.3388,231.4004,202304
682.0,682.0,682.0,682.0,5.4921,3745.6122,17,0.719,490.358,202304
682.0,682.0,682.0,682.0,0.0147,10.0254,1,0.0147,10.0254,202304
682.0,682.0,681.0,681.0,0.1777,121.1747,3,0.161,109.802,202304
682.0,683.0,682.0,682.0,10.3827,7083.0242,17,9.6487,6582.4362,202304
683.0,683.0,683.0,683.0,6.1604,4207.5532,14,5.8886,4021.9138,202304
683.0,683.0,683.0,683.0,0.0,0.0,0,0.0,0.0,202304
683.0,683.0,683.0,683.0,0.0148,10.1084,1,0.0,0.0,202304
683.0,683.0,683.0,683.0,3.8187,2608.1721,18,1.0543,720.0869,202304
683.0,683.0,683.0,683.0,3.5734,2440.6322,5,0.0,0.0,202304
683.0,686.0,683.0,684.0,43.2237,29558.4305,85,27.2023,18592.8179,202304
684.0,685.0,684.0,685.0,11.7553,8048.14,26,6.2795,4297.217,202304
685.0,686.0,685.0,686.0,13.9458,9562.1065,32,6.174,4230.6666,202304
686.0,686.0,686.0,686.0,1.6571,1136.7706,3,1.6571,1136.7706,202304
685.0,685.0,685.0,685.0,7.9582,5451.367,16,0.1209,82.8165,202304
685.0,685.0,683.0,683.0,2.1872,1495.6229,20,0.3985,272.6521,202304
683.0,683.0,683.0,683.0,6.246,4266.018,8,5.5813,3812.0279,202304
683.0,683.0,683.0,683.0,10.2876,7026.4308,15,5.5651,3800.9633,202304
683.0,683.0,682.0,683.0,11.3109,7725.3252,14,7.0437,4810.8471,202304
683.0,685.0,683.0,685.0,41.3417,28295.7766,79,41.3143,28277.035,202304
684.0,685.0,684.0,685.0,0.407,278.7062,5,0.3182,217.967,202304
684.0,684.0,684.0,684.0,5.9745,4086.558,19,0.8282,566.4888,202304
684.0,684.0,684.0,684.0,0.0,0.0,0,0.0,0.0,202304
684.0,684.0,684.0,684.0,5.6361,3855.0924,10,4.9463,3383.2692,202304
684.0,684.0,684.0,684.0,2.2569,1543.7196,7,2.2569,1543.7196,202304
684.0,684.0,684.0,684.0,0.0,0.0,0,0.0,0.0,202304
683.0,683.0,681.0,681.0,21.7939,14851.7973,57,6.5138,4436.8981,202304
681.0,682.0,681.0,682.0,2.2807,1555.3055,8,2.1488,1465.4816,202304
681.0,681.0,681.0,681.0,1.0487,714.1647,4,0.0,0.0,202304
681.0,682.0,681.0,682.0,12.84,8751.0338,15,12.84,8751.0338,202304
682.0,682.0,682.0,682.0,0.0,0.0,0,0.0,0.0,202304
682.0,682.0,682.0,682.0,3.8607,2632.9974,5,3.5675,2433.035,202304
682.0,683.0,682.0,682.0,2.3843,1626.7366,12,0.8443,576.4566,202304
683.0,683.0,682.0,682.0,5.3733,3665.6084,11,4.2272,2883.9682,202304
682.0,682.0,682.0,682.0,11.2306,7659.2692,21,3.5971,2453.2222,202304
682.0,683.0,682.0,683.0,14.0593,9594.0736,22,14.0593,9594.0736,202304
684.0,684.0,684.0,684.0,0.1314,89.8776,5,0.1314,89.8776,202304
684.0,684.0,684.0,684.0,0.7872,538.4448,9,0.5444,372.3696,202304
684.0,684.0,684.0,684.0,0.0,0.0,0,0.0,0.0,202304
685.0,685.0,683.0,683.0,10.0772,6893.4221,23,1.5258,1045.173,202304
683.0,683.0,683.0,683.0,7.5361,5147.1563,16,2.3372,1596.3076,202304
683.0,683.0,683.0,683.0,0.0365,24.9295,1,0.0365,24.9295,202304
683.0,683.0,683.0,683.0,1.7626,1203.8558,5,1.7626,1203.8558,202304
684.0,684.0,682.0,682.0,6.5971,4500.2846,18,0.2003,137.0052,202304
682.0,682.0,682.0,682.0,0.0366,24.9612,1,0.0366,24.9612,202304
682.0,683.0,682.0,682.0,9.2701,6322.4612,13,5.6044,3822.4538,202304
682.0,682.0,682.0,682.0,2.1759,1483.9638,5,2.1759,1483.9638,202304
683.0,684.0,682.0,684.0,14.9802,10230.362,31,7.9548,5433.8768,202304
683.0,683.0,683.0,683.0,4.5361,3098.1563,6,4.5361,3098.1563,202304
682.0,683.0,681.0,683.0,22.995,15681.7873,53,15.0508,10265.3536,202304
683.0,683.0,683.0,683.0,5.2828,3608.1524,17,0.9968,680.8144,202304
684.0,684.0,682.0,683.0,16.6018,11345.4602,42,8.5847,5871.7809,202304
683.0,683.0,683.0,683.0,0.5948,406.2484,6,0.5948,406.2484,202304
683.0,683.0,682.0,682.0,13.2313,9029.556,35,11.8137,8062.7528,202304
682.0,682.0,682.0,682.0,4.9074,3346.8468,9,3.5851,2445.0382,202304
682.0,682.0,682.0,682.0,0.5101,347.8882,1,0.5101,347.8882,202304
681.0,681.0,681.0,681.0,9.892,6736.452,16,3.2917,2241.6477,202304
681.0,681.0,681.0,681.0,8.353,5688.393,12,8.2063,5588.4903,202304
681.0,681.0,680.0,680.0,16.7341,11384.3336,57,2.5213,1714.5403,202304
680.0,682.0,680.0,682.0,12.2057,8301.9811,34,12.2057,8301.9811,202304
682.0,682.0,682.0,682.0,4.3299,2952.9918,15,2.7294,1861.4508,202304
682.0,682.0,680.0,680.0,62.8161,42812.8331,100,23.4235,15974.827,202304
680.0,680.0,679.0,679.0,9.4503,6424.3445,10,7.0008,4760.544,202304
679.0,679.0,679.0,679.0,2.0,1358.0,1,0.0,0.0,202304
679.0,679.0,679.0,679.0,3.557,2415.203,15,0.0,0.0,202304
679.0,681.0,678.0,681.0,30.1317,20471.3907,66,24.1534,16412.8621,202304
680.0,680.0,679.0,679.0,20.5563,13977.2004,52,9.9246,6748.728,202304
679.0,679.0,679.0,679.0,16.8472,11439.2488,27,8.1412,5527.8748,202304
679.0,679.0,679.0,679.0,4.3179,2931.8541,5,0.8875,602.6125,202304
679.0,680.0,679.0,680.0,7.5419,5126.458,19,6.1759,4198.4904,202304
681.0,681.0,680.0,681.0,11.2583,7665.8863,25,4.3059,2932.3179,202304
681.0,681.0,681.0,681.0,3.5377,2409.1737,4,3.101,2111.781,202304
681.0,681.0,681.0,681.0,0.0,0.0,0,0.0,0.0,202304
681.0,681.0,681.0,681.0,1.0992,748.5552,2,1.0992,748.5552,202304
680.0,680.0,680.0,680.0,0.0792,53.856,1,0.0,0.0,202304
680.0,680.0,680.0,680.0,1.002,681.36,9,0.0,0.0,202304
680.0,680.0,680.0,680.0,5.4785,3725.38,8,0.0,0.0,202304
679.0,680.0,678.0,678.0,7.6016,5158.5064,20,0.039,26.501,202304
678.0,678.0,678.0,678.0,5.3527,3629.1306,14,0.2518,170.7204,202304
677.0,678.0,677.0,677.0,15.0617,10199.1726,35,14.1871,9607.0684,202304
678.0,678.0,678.0,678.0,0.027,18.306,1,0.027,18.306,202304
678.0,680.0,678.0,680.0,10.6319,7215.8287,24,10.6319,7215.8287,202304
679.0,679.0,678.0,678.0,3.5102,2379.9697,13,0.0,0.0,202304
678.0,678.0,678.0,678.0,0.0,0.0,0,0.0,0.0,202304
679.0,679.0,679.0,679.0,9.9886,6782.2594,29,8.8654,6019.6066,202304
679.0,679.0,679.0,679.0,4.1301,2804.3379,9,0.1389,94.3131,202304
679.0,679.0,679.0,679.0,9.7963,6651.6877,8,0.0,0.0,202304
679.0,679.0,679.0,679.0,4.5657,3100.1103,4,3.9758,2699.5682,202304
679.0,680.0,679.0,679.0,9.8722,6705.4738,23,6.0049,4079.5771,202304
679.0,679.0,679.0,679.0,0.0159,10.7961,1,0.0,0.0,202304
679.0,679.0,679.0,679.0,0.0366,24.8514,1,0.0,0.0,202304
679.0,679.0,678.0,678.0,17.642,11968.6042,24,10.1232,6863.8916,202304
677.0,678.0,677.0,678.0,1.5515,1051.6041,4,1.2386,839.7708,202304
678.0,678.0,677.0,677.0,8.588,5817.7779,28,2.8142,1905.2281,202304
676.0,677.0,675.0,677.0,34.3541,23222.8883,72,21.577,14586.5802,202304
676.0,677.0,676.0,676.0,1.0282,696.0378,3,0.9746,659.8042,202304
677.0,677.0,677.0,677.0,1.0,677.0,8,1.0,677.0,202304
677.0,678.0,677.0,678.0,10.0459,6801.1895,8,10.0459,6801.1895,202304
678.0,679.0,678.0,679.0,16.8166,11411.0518,33,16.7309,11352.9472,202304
678.0,678.0,678.0,678.0,15.462,10483.236,32,0.6221,421.7838,202304
678.0,679.0,678.0,679.0,0.7749,526.0835,9,0.7013,476.1827,202304
678.0,679.0,678.0,679.0,1.8617,1263.4873,9,1.2547,851.9413,202304
679.0,679.0,676.0,676.0,35.6574,24155.9331,71,7.7232,5233.4212,202304
676.0,676.0,675.0,676.0,13.566,9166.7931,61,11.3877,7696.4406,202304
676.0,677.0,676.0,676.0,5.0498,3415.5179,8,4.6888,3171.4819,202304
676.0,676.0,675.0,675.0,7.1113,4805.0674,13,0.0,0.0,202304
676.0,676.0,675.0,675.0,56.0559,37853.7221,58,34.6981,23436.8336,202304
675.0,676.0,675.0,675.0,3.2795,2213.6914,11,0.0289,19.5364,202304
675.0,676.0,675.0,676.0,6.2584,4229.7608,20,5.3408,3610.3808,202304
676.0,676.0,675.0,675.0,6.9224,4679.488,16,0.2165,146.354,202304
676.0,676.0,676.0,676.0,0.1703,115.1228,2,0.1703,115.1228,202304
677.0,677.0,675.0,676.0,5.1457,3482.77,19,4.3627,2953.5109,202304
675.0,676.0,674.0,676.0,94.9453,64088.5507,180,24.1694,16327.7341,202304
676.0,676.0,675.0,676.0,8.8299,5963.6644,29,4.878,3296.1319,202304
676.0,677.0,676.0,677.0,11.1118,7513.7082,28,10.4971,7098.171,202304
677.0,677.0,677.0,677.0,0.6973,472.0721,2,0.6973,472.0721,202304
677.0,677.0,675.0,676.0,14.8402,10030.1498,45,7.8229,5288.731,202304
676.0,677.0,675.0,675.0,25.8771,17485.1925,74,18.6095,12578.0563,202304
675.0,675.0,674.0,674.0,7.3728,4970.0086,26,1.7138,1155.8426,202304
674.0,674.0,672.0,673.0,15.7082,10572.2749,41,4.3624,2936.3952,202304
673.0,674.0,672.0,674.0,7.1063,4775.7665,22,0.2341,157.6481,202304
673.0,673.0,673.0,673.0,4.0682,2737.8986,11,3.1983,2152.4559,202304
673.0,674.0,673.0,674.0,8.247,5552.7376,11,4.0925,2756.7591,202304
673.0,674.0,672.0,673.0,23.5248,15832.878,44,17.35,11677.3,202304
673.0,673.0,673.0,673.0,3.1242,2102.5866,15,1.654,1113.142,202304
673.0,674.0,671.0,673.0,98.6975,66321.2061,117,35.7512,24052.1566,202304
673.0,674.0,672.0,673.0,7.593,5110.0619,15,5.9309,3991.5686,202304
673.0,675.0,673.0,675.0,5.6277,3788.8908,21,1.3377,901.7208,202304
675.0,676.0,674.0,676.0,5.9807,4036.872,27,5.8357,3939.142,202304
675.0,675.0,675.0,675.0,12.716,8583.3,19,0.5644,380.97,202304
675.0,676.0,675.0,675.0,3.5561,2400.8675,19,1.9108,1290.29,202304
675.0,675.0,675.0,675.0,0.8054,543.645,3,0.8054,543.645,202304
675.0,677.0,675.0,676.0,54.4583,36809.7443,98,42.3883,28654.5906,202304
676.0,677.0,676.0,677.0,3.2456,2196.0185,20,3.141,2125.3089,202304
676.0,677.0,676.0,677.0,0.1611,109.0438,3,0.1402,94.9154,202304
677.0,677.0,676.0,677.0,5.5183,3735.8578,15,5.487,3714.699,202304
676.0,677.0,676.0,677.0,1.6582,1122.4207,8,1.4775,1000.2675,202304
678.0,678.0,677.0,677.0,4.173,2825.1358,13,0.1107,74.9587,202304
677.0,677.0,676.0,676.0,15.1995,10275.2671,40,0.4051,274.2527,202304
676.0,676.0,675.0,675.0,5.8653,3963.9428,16,4.5663,3086.8188,202304
675.0,675.0,675.0,675.0,1.1846,799.605,4,0.2962,199.935,202304
674.0,674.0,673.0,674.0,16.9173,11399.2078,55,8.5332,5751.3768,202304
675.0,676.0,675.0,676.0,7.2074,4868.6803,26,7.0382,4754.4703,202304
675.0,676.0,675.0,675.0,7.6154,5141.0683,22,0.6733,455.1508,202304
676.0,676.0,674.0,675.0,14.2026,9593.5189,44,6.3733,4307.5046,202304
675.0,675.0,673.0,674.0,12.2262,8242.383,23,2.205,1486.17,202304
674.0,674.0,674.0,674.0,5.3394,3598.7556,9,1.3611,917.3814,202304
673.0,674.0,673.0,674.0,10.285,6922.8242,41,6.0165,4050.1237,202304
674.0,674.0,673.0,673.0,3.4511,2325.8875,35,1.5947,1074.8278,202304
673.0,673.0,673.0,673.0,2.6129,1758.4817,17,1.0569,711.2937,202304
672.0,672.0,672.0,672.0,11.5183,7740.2976,35,5.7373,3855.4656,202304
672.0,673.0,671.0,672.0,3.7934,2549.1855,16,1.1333,761.6148,202304
672.0,672.0,671.0,671.0,6.4441,4327.6615,14,2.9499,1982.3328,202304
672.0,673.0,671.0,671.0,3.677,2471.7946,29,2.5243,1697.274,202304
671.0,672.0,671.0,672.0,7.8275,5257.0774,42,4.7891,3218.2752,202304
673.0,674.0,673.0,673.0,5.3819,3622.1349,28,3.5406,2382.94,202304
674.0,674.0,672.0,672.0,4.7535,3199.5612,14,0.4925,331.945,202304
672.0,672.0,668.0,670.0,72.0136,48225.5372,168,23.4381,15699.3963,202304
671.0,672.0,671.0,672.0,15.3955,10340.2379,40,10.6222,7132.5803,202304
672.0,672.0,671.0,671.0,1.6036,1077.592,12,0.0473,31.7856,202304
672.0,672.0,671.0,671.0,4.7324,3176.5143,26,1.4889,1000.1258,202304
671.0,672.0,671.0,671.0,14.6807,9850.9981,41,14.6323,9818.5217,202304
672.0,674.0,672.0,674.0,20.0964,13524.8786,67,14.9906,10088.6752,202304
673.0,673.0,673.0,673.0,1.9597,1318.8781,7,0.0328,22.0744,202304
673.0,676.0,673.0,676.0,13.4722,9098.3544,82,7.7857,5256.0114,202304
676.0,677.0,676.0,677.0,14.1735,9591.5615,42,7.7596,5251.4049,202304
676.0,677.0,675.0,676.0,20.4111,13798.5737,46,8.223,5559.4511,202304
676.0,676.0,674.0,674.0,14.1606,9556.1206,43,0.858,579.6571,202304
674.0,676.0,674.0,675.0,32.0754,21641.8087,77,6.8927,4650.8214,202304
675.0,675.0,673.0,673.0,31.5751,21292.3378,82,1.6844,1135.2856,202304
674.0,674.0,672.0,672.0,32.0577,21573.1504,68,0.5,337.0,202304
672.0,672.0,669.0,671.0,68.4205,45895.8337,224,5.4146,3631.3086,202304
670.0,671.0,669.0,671.0,30.324,20315.7254,101,10.3086,6906.8638,202304
671.0,671.0,670.0,670.0,28.0913,18825.751,47,16.9983,11393.441,202304
670.0,671.0,668.0,669.0,9.8885,6619.0084,37,4.1477,2776.4249,202304
669.0,670.0,668.0,670.0,50.8474,34026.8228,85,31.0958,20815.7919,202304
670.0,671.0,670.0,671.0,6.0807,4074.569,11,2.2004,1474.768,202304
670.0,672.0,670.0,672.0,4.5741,3068.0801,24,3.4877,2339.7045,202304
672.0,672.0,672.0,672.0,0.1268,85.2096,2,0.1268,85.2096,202304
671.0,671.0,671.0,671.0,2.2829,1531.8259,5,0.0,0.0,202304
671.0,672.0,671.0,671.0,15.3983,10344.6049,52,8.6563,5815.8583,202304
671.0,672.0,671.0,672.0,10.7435,7214.1521,27,10.5689,7096.8209,202304
673.0,673.0,672.0,672.0,3.727,2506.262,13,1.718,1156.214,202304
671.0,672.0,671.0,672.0,14.3813,9662.9476,25,5.3362,3585.9264,202304
672.0,673.0,671.0,672.0,11.4645,7704.0382,23,6.7816,4557.2644,202304
672.0,672.0,672.0,672.0,0.0263,17.6736,1,0.0,0.0,202304
672.0,672.0,672.0,672.0,0.1396,93.8112,1,0.0,0.0,202304
673.0,673.0,672.0,673.0,0.6054,407.4069,9,0.5781,389.0613,202304
673.0,673.0,672.0,672.0,5.8485,3935.4954,9,0.33,222.09,202304
673.0,673.0,673.0,673.0,0.03,20.19,1,0.03,20.19,202304
673.0,675.0,673.0,675.0,16.3975,11057.2065,52,8.0509,5423.5815,202304
675.0,675.0,674.0,675.0,13.6945,9243.0583,12,4.9065,3311.8875,202304
676.0,676.0,674.0,674.0,13.0058,8783.4566,20,5.1865,3506.074,202304
675.0,675.0,674.0,674.0,0.2268,152.9193,4,0.0561,37.8675,202304
675.0,675.0,673.0,673.0,10.2305,6893.8801,45,1.6596,1118.6815,202304
674.0,675.0,674.0,675.0,14.1335,9531.0837,50,11.1761,7536.5481,202304
675.0,677.0,674.0,676.0,15.3058,10336.7133,39,6.9558,4700.4563,202304
677.0,678.0,676.0,676.0,7.2752,4925.0419,39,1.859,1258.6896,202304
677.0,677.0,675.0,676.0,15.0693,10185.4999,39,4.6697,3157.7172,202304
676.0,676.0,675.0,676.0,9.759,6596.346,17,3.2293,2183.0068,202304
676.0,676.0,676.0,676.0,6.7305,4549.818,9,6.7305,4549.818,202304
676.0,677.0,676.0,676.0,3.2224,2178.8448,7,1.974,1334.9264,202304
676.0,677.0,676.0,676.0,0.2326,157.2837,6,0.0461,31.2097,202304
677.0,677.0,677.0,677.0,0.1479,100.1283,2,0.1479,100.1283,202304
677.0,678.0,677.0,677.0,7.1748,4857.6238,25,6.8109,4611.2635,202304
677.0,677.0,676.0,677.0,20.1469,13634.5983,41,2.7243,1844.3511,202304
677.0,678.0,677.0,677.0,6.95,4707.1542,22,6.9294,4693.208,202304
677.0,677.0,675.0,676.0,18.7041,12649.0559,64,3.5151,2378.46,202304
677.0,677.0,676.0,677.0,0.8772,593.099,12,0.1118,75.6886,202304
677.0,678.0,677.0,678.0,9.363,6339.3087,25,6.4966,4398.7559,202304
678.0,678.0,677.0,678.0,8.9909,6095.7067,33,2.6076,1767.9528,202304
677.0,677.0,676.0,676.0,2.4941,1687.9789,16,0.566,383.182,202304
677.0,678.0,677.0,678.0,14.5455,9855.6461,36,8.3503,5655.3005,202304
677.0,678.0,677.0,678.0,1.8307,1240.6379,8,1.254,850.212,202304
679.0,679.0,679.0,679.0,20.9016,14192.1864,38,7.4601,5065.4079,202304
679.0,679.0,678.0,678.0,12.4288,8433.6242,21,0.0,0.0,202304
679.0,679.0,679.0,679.0,6.3047,4280.8913,5,6.1722,4190.9238,202304
680.0,680.0,680.0,680.0,0.1993,135.524,7,0.1993,135.524,202304
679.0,680.0,679.0,679.0,4.6752,3174.5065,14,0.0457,31.076,202304
679.0,681.0,679.0,679.0,60.4798,41119.7668,125,29.5936,20136.1349,202304
679.0,679.0,677.0,677.0,44.2127,29959.9159,109,9.9366,6729.985,202304
677.0,678.0,676.0,677.0,29.6954,20118.6336,59,13.0492,8838.0723,202304
677.0,677.0,675.0,675.0,15.5663,10526.19,36,5.8635,3963.726,202304
675.0,677.0,675.0,675.0,13.7791,9314.9015,17,7.9941,5404.3386,202304
676.0,677.0,676.0,676.0,6.7419,4558.0244,16,4.8715,3293.634,202304
677.0,678.0,677.0,677.0,31.1226,21085.6118,55,16.503,11178.0947,202304
677.0,678.0,677.0,677.0,8.2367,5576.7459,32,5.3839,3645.4003,202304
677.0,677.0,673.0,674.0,19.9222,13442.7423,106,1.8667,1260.2314,202304
674.0,675.0,674.0,674.0,27.5497,18578.303,60,25.0978,16925.4394,202304
675.0,676.0,675.0,675.0,3.6939,2493.6297,20,2.7606,1863.6522,202304
675.0,675.0,674.0,674.0,2.3184,1564.7138,19,1.2104,817.02,202304
674.0,674.0,672.0,673.0,27.8323,18730.093,69,0.9116,613.8368,202304
672.0,673.0,670.0,672.0,54.5775,36660.5043,164,34.1537,22943.2587,202304
672.0,672.0,672.0,672.0,6.8104,4576.5888,6,1.5254,1025.0688,202304
672.0,674.0,671.0,673.0,21.9441,14755.8706,53,15.108,10163.4524,202304
673.0,673.0,673.0,673.0,1.445,972.485,2,0.0,0.0,202304
673.0,673.0,672.0,673.0,16.1275,10851.4924,26,2.9459,1982.5907,202304
673.0,673.0,672.0,673.0,11.1338,7490.0222,22,4.2149,2836.6277,202304
672.0,675.0,672.0,675.0,11.7517,7925.2096,45,8.4938,5726.2645,202304
675.0,677.0,675.0,676.0,4.5868,3100.1111,27,3.2472,2195.2653,202304
676.0,676.0,675.0,676.0,10.1334,6850.1531,14,1.3503,912.8028,202304
676.0,678.0,675.0,675.0,25.6448,17348.0291,57,2.9796,2017.5777,202304
675.0,675.0,675.0,675.0,12.9563,8745.5025,17,1.4522,980.235,202304
675.0,675.0,674.0,675.0,29.0968,19639.2786,42,19.4397,13121.7975,202304
674.0,675.0,674.0,674.0,26.0012,17545.1526,50,8.4691,5715.1342,202304
673.0,674.0,672.0,674.0,46.1511,31083.1225,123,26.1762,17637.835,202304
674.0,674.0,672.0,672.0,20.0956,13525.314,43,2.2744,1532.9456,202304
672.0,672.0,670.0,671.0,24.3434,16343.2886,72,9.7467,6545.4321,202304
672.0,672.0,672.0,672.0,8.1587,5482.6464,7,3.1384,2109.0048,202304
672.0,672.0,670.0,670.0,19.4927,13091.0863,40,4.1499,2788.7328,202304
670.0,671.0,670.0,671.0,14.3834,9647.9003,43,3.6664,2460.1544,202304
671.0,672.0,671.0,672.0,22.9349,15409.0555,35,13.949,9373.728,202304
672.0,673.0,671.0,673.0,31.9214,21455.9948,71,16.2622,10942.0662,202304
673.0,675.0,673.0,675.0,12.8777,8685.8231,34,4.9476,3335.363,202304
674.0,675.0,674.0,675.0,0.338,228.1225,5,0.3105,209.5875,202304
674.0,675.0,673.0,674.0,16.4283,11076.9514,52,7.9899,5391.3658,202304
674.0,675.0,674.0,675.0,14.0309,9463.9856,38,8.6042,5806.3898,202304
676.0,676.0,676.0,676.0,17.6899,11958.3724,39,9.3909,6348.2484,202304
676.0,676.0,674.0,674.0,12.1082,8170.1024,25,0.6716,453.6716,202304
675.0,676.0,675.0,676.0,12.1707,8224.1418,14,12.1707,8224.1418,202304
676.0,676.0,676.0,676.0,28.9333,19558.9108,25,23.0618,15589.7768,202304
676.0,676.0,676.0,676.0,0.0,0.0,0,0.0,0.0,202304
676.0,676.0,676.0,676.0,20.125,13604.5,19,8.6811,5868.4236,202304
676.0,676.0,676.0,676.0,4.3213,2921.1988,5,0.0,0.0,202304
675.0,675.0,673.0,674.0,18.4888,12462.6789,43,6.5807,4435.7218,202304
674.0,674.0,674.0,674.0,2.5916,1746.7384,6,2.5615,1726.451,202304
673.0,674.0,672.0,674.0,22.7848,15337.9524,74,12.0027,8080.2631,202304
675.0,676.0,674.0,675.0,5.4178,3656.5264,26,3.7965,2562.6529,202304
676.0,677.0,676.0,676.0,11.6435,7877.4025,36,11.212,7585.7085,202304
677.0,681.0,677.0,680.0,252.9856,171865.4704,378,171.4319,116463.01,202304
681.0,681.0,679.0,680.0,17.7104,12046.4403,66,5.5402,3771.636,202304
680.0,681.0,680.0,681.0,1.8759,1277.4356,20,1.7588,1197.7428,202304
682.0,683.0,681.0,682.0,28.8811,19698.8534,107,6.8793,4695.2625,202304
682.0,683.0,681.0,682.0,11.3889,7762.257,48,3.0173,2058.347,202304
682.0,682.0,682.0,682.0,2.4,1636.8,9,1.474,1005.268,202304
683.0,684.0,683.0,684.0,31.4109,21462.5507,59,5.2064,3559.2288,202304
683.0,683.0,681.0,681.0,30.2537,20630.512,81,1.486,1014.3832,202304
681.0,681.0,681.0,681.0,2.1813,1485.4653,8,0.0,0.0,202304
681.0,681.0,681.0,681.0,4.1782,2845.3542,8,3.3924,2310.2244,202304
681.0,681.0,681.0,681.0,4.6893,3193.4133,10,1.0667,726.4227,202304
682.0,683.0,682.0,682.0,7.766,5299.9879,46,6.9836,4766.3911,202304
682.0,683.0,681.0,681.0,7.2387,4932.5542,32,0.7912,540.3147,202304
680.0,680.0,680.0,680.0,0.0182,12.376,1,0.0,0.0,202304
681.0,682.0,681.0,681.0,15.873,10810.991,23,9.9609,6784.8509,202304
680.0,680.0,678.0,678.0,48.6098,32986.4433,86,1.5749,1069.3571,202304
679.0,679.0,677.0,677.0,18.0132,12222.5116,39,5.821,3952.459,202304
678.0,679.0,678.0,679.0,24.0665,16320.1724,24,24.0665,16320.1724,202304
679.0,679.0,679.0,679.0,0.0,0.0,0,0.0,0.0,202304
678.0,678.0,678.0,678.0,7.1775,4866.345,11,3.0183,2046.4074,202304
679.0,679.0,678.0,679.0,8.4312,5724.7573,29,8.3705,5683.5695,202304
679.0,679.0,678.0,679.0,27.8731,18918.7244,17,11.0282,7488.1478,202304
678.0,678.0,677.0,678.0,12.0444,8165.1049,43,5.989,4060.542,202304
677.0,677.0,677.0,677.0,1.0942,740.7734,2,0.0,0.0,202304
677.0,677.0,675.0,676.0,22.4399,15185.2939,70,8.1671,5528.5252,202304
676.0,676.0,676.0,676.0,0.7109,480.5684,5,0.6015,406.614,202304
677.0,678.0,677.0,678.0,6.2551,4239.2697,30,2.8297,1917.2168,202304
678.0,678.0,677.0,677.0,7.0435,4771.5529,32,0.6161,417.1156,202304
677.0,681.0,676.0,681.0,16.623,11277.3259,89,15.1182,10256.3741,202304
681.0,684.0,681.0,683.0,44.3397,30270.9246,125,8.5384,5830.2742,202304
683.0,683.0,682.0,683.0,12.3091,8406.1763,38,4.0822,2788.1426,202304
683.0,684.0,683.0,684.0,2.4108,1648.8371,19,2.0356,1392.2206,202304
684.0,685.0,684.0,684.0,11.6437,7975.8448,36,3.4161,2340.0285,202304
685.0,685.0,684.0,684.0,6.1324,4198.713,28,0.5931,406.2735,202304
684.0,685.0,684.0,685.0,10.6692,7307.8753,37,9.4109,6446.4665,202304
685.0,687.0,685.0,686.0,15.4201,10577.4535,73,12.994,8914.0681,202304
686.0,686.0,685.0,686.0,3.9769,2728.1228,6,0.184,126.224,202304
686.0,687.0,686.0,687.0,10.3814,7124.0084,33,9.7403,6683.6001,202304
688.0,689.0,687.0,688.0,18.9901,13069.7664,62,8.2814,5702.2246,202304
688.0,688.0,687.0,687.0,2.7822,1911.6536,2,0.2822,194.1536,202304
688.0,691.0,688.0,691.0,23.9155,16511.8098,91,18.8437,13011.4955,202304
691.0,691.0,689.0,689.0,18.9051,13038.1553,42,5.8968,4065.2408,202304
690.0,691.0,690.0,690.0,2.2878,1579.0002,14,1.9978,1378.9002,202304
690.0,692.0,689.0,691.0,26.5611,18334.3825,77,5.3329,3684.6294,202304
692.0,692.0,691.0,691.0,2.2556,1558.9984,9,0.3788,262.1296,202304
692.0,693.0,691.0,692.0,10.8302,7495.2219,40,2.6376,1826.015,202304
692.0,692.0,690.0,691.0,18.7837,12985.5559,37,1.8933,1309.4771,202304
691.0,693.0,691.0,692.0,12.4721,8622.8337,42,9.2563,6400.0773,202304
692.0,692.0,692.0,692.0,6.9572,4814.3824,12,0.0,0.0,202304
692.0,693.0,692.0,693.0,1.4075,975.0156,16,1.0256,710.7408,202304
693.0,695.0,693.0,694.0,12.1393,8429.2748,62,7.9141,5494.4075,202304
695.0,695.0,693.0,694.0,49.1135,34084.7094,79,1.905,1322.1132,202304
694.0,695.0,694.0,694.0,24.2033,16812.5285,71,7.5092,5217.3934,202304
694.0,695.0,692.0,692.0,85.9336,59608.7701,159,13.42,9314.3238,202304
693.0,693.0,691.0,691.0,5.4243,3753.8376,19,1.7241,1194.8013,202304
692.0,692.0,690.0,691.0,15.2641,10544.4806,37,10.2433,7078.1353,202304
691.0,692.0,691.0,692.0,15.3698,10626.9761,46,10.5987,7325.8897,202304
692.0,693.0,692.0,693.0,1.2811,886.6698,5,0.1486,102.9798,202304
693.0,694.0,693.0,693.0,21.4443,14861.0361,32,17.2833,11977.4631,202304
692.0,692.0,692.0,692.0,5.8665,4059.618,11,0.0,0.0,202304
692.0,693.0,692.0,693.0,14.5124,10056.691,26,5.7413,3978.7209,202304
693.0,693.0,692.0,692.0,15.5175,10751.8645,26,8.473,5871.789,202304
692.0,692.0,692.0,692.0,6.8617,4748.2964,19,1.1744,812.6848,202304
693.0,693.0,691.0,691.0,1.833,1268.5689,5,0.1587,109.9791,202304
692.0,693.0,691.0,692.0,32.7099,22636.5543,32,32.0707,22194.315,202304
691.0,692.0,691.0,691.0,26.8719,18581.9187,32,1.0075,697.19,202304
691.0,692.0,689.0,689.0,12.4623,8604.9721,33,0.4335,299.982,202304
690.0,692.0,690.0,692.0,12.2315,8453.625,35,7.309,5047.5991,202304
692.0,693.0,692.0,692.0,13.5342,9365.7385,26,3.6842,2549.5385,202304
692.0,693.0,692.0,693.0,11.9278,8263.5029,34,6.7039,4645.8027,202304
692.0,692.0,692.0,692.0,8.1198,5618.9016,7,0.0,0.0,202304
693.0,695.0,693.0,693.0,23.3138,16166.8288,59,9.5043,6591.4418,202304
693.0,693.0,693.0,693.0,0.942,652.806,2,0.0,0.0,202304
692.0,693.0,692.0,692.0,19.7856,13706.0652,35,15.4854,10730.3268,202304
693.0,693.0,693.0,693.0,2.7215,1885.9995,3,2.7215,1885.9995,202304
693.0,693.0,692.0,692.0,0.7944,549.9248,8,0.2,138.6,202304
692.0,692.0,691.0,691.0,15.9016,10994.3994,30,7.2069,4979.9679,202304
691.0,692.0,691.0,691.0,4.6952,3244.5528,8,0.1696,117.3632,202304
691.0,694.0,691.0,692.0,23.0411,15950.975,69,16.0743,11125.1563,202304
692.0,694.0,692.0,694.0,13.0755,9050.4232,55,3.4299,2375.668,202304
694.0,694.0,693.0,694.0,14.9973,10407.6192,39,6.421,4456.174,202304
694.0,695.0,694.0,694.0,11.6735,8106.9167,56,3.8747,2692.0947,202304
694.0,694.0,692.0,692.0,7.3821,5118.0191,36,1.8917,1311.8582,202304
692.0,693.0,691.0,692.0,19.6303,13587.0884,30,11.4479,7924.9612,202304
692.0,692.0,691.0,691.0,2.4518,1696.6202,7,1.1951,827.0092,202304
691.0,691.0,691.0,691.0,0.0,0.0,0,0.0,0.0,202304
691.0,691.0,691.0,691.0,16.3443,11293.9113,29,0.0,0.0,202304
691.0,691.0,690.0,690.0,51.1334,35290.5258,79,8.51,5878.0567,202304
690.0,690.0,690.0,690.0,10.676,7366.44,14,10.0069,6904.761,202304
691.0,691.0,690.0,691.0,0.1421,98.1691,3,0.1201,82.9891,202304
691.0,691.0,688.0,688.0,22.6333,15596.644,66,4.1013,2823.6856,202304
689.0,690.0,689.0,690.0,24.6897,17027.2408,53,23.0902,15924.694,202304
690.0,690.0,690.0,690.0,2.4547,1693.743,3,0.0,0.0,202304
691.0,692.0,691.0,691.0,49.1199,33976.5876,106,38.5488,26667.5467,202304
691.0,691.0,691.0,691.0,9.6623,6676.6493,31,0.0,0.0,202304
691.0,691.0,691.0,691.0,0.767,529.997,1,0.0,0.0,202304
691.0,692.0,691.0,692.0,6.1551,4259.2412,19,5.0928,3524.2176,202304
692.0,692.0,692.0,692.0,4.358,3015.736,6,0.0,0.0,202304
692.0,693.0,691.0,692.0,1.1222,776.2088,13,0.0962,66.6378,202304
692.0,692.0,691.0,691.0,6.1154,4230.9455,17,3.9728,2749.1776,202304
691.0,692.0,691.0,692.0,3.1107,2149.7799,7,0.2862,198.0504,202304
692.0,692.0,692.0,692.0,0.0187,12.9404,1,0.0187,12.9404,202304
691.0,692.0,691.0,692.0,1.3265,916.9188,11,0.3073,212.6516,202304
691.0,692.0,691.0,692.0,16.0718,11121.5413,33,5.6275,3894.23,202304
691.0,692.0,691.0,692.0,0.2526,174.6324,10,0.0858,59.3736,202304
692.0,692.0,692.0,692.0,1.9011,1315.5612,8,1.1768,814.3456,202304
693.0,693.0,691.0,692.0,10.7584,7444.8128,26,0.4289,296.8277,202304
691.0,693.0,691.0,693.0,0.8974,621.018,9,0.8396,581.0493,202304
692.0,693.0,692.0,693.0,1.1528,798.1403,7,0.4027,279.0711,202304
692.0,693.0,692.0,692.0,1.8572,1285.5392,12,0.3568,247.2624,202304
693.0,693.0,692.0,692.0,0.4945,342.6596,6,0.4656,322.6608,202304
693.0,694.0,692.0,692.0,9.3404,6474.6267,53,6.574,4557.7473,202304
693.0,694.0,692.0,692.0,9.0486,6270.4219,41,3.8642,2678.0246,202304
693.0,693.0,692.0,692.0,2.4096,1669.7029,8,2.2597,1565.9721,202304
693.0,693.0,690.0,690.0,41.3529,28583.7116,101,0.9072,628.0296,202304
690.0,690.0,690.0,690.0,8.0645,5564.505,6,0.0,0.0,202304
690.0,691.0,690.0,690.0,12.5496,8663.224,40,4.0,2764.0,202304
690.0,690.0,690.0,690.0,0.0254,17.526,1,0.0,0.0,202304
690.0,690.0,689.0,689.0,29.824,20568.5991,74,0.9219,635.4405,202304
689.0,690.0,688.0,690.0,5.5586,3829.1065,29,1.4436,994.7489,202304
689.0,689.0,689.0,689.0,3.5817,2467.7913,11,0.0,0.0,202304
690.0,690.0,690.0,690.0,0.3623,249.987,1,0.3623,249.987,202304
690.0,690.0,689.0,689.0,4.2532,2933.6287,17,3.1739,2189.991,202304
689.0,690.0,689.0,689.0,17.4775,12042.0331,92,0.0356,24.564,202304
689.0,689.0,689.0,689.0,14.3011,9853.4579,62,0.0,0.0,202304
689.0,689.0,688.0,688.0,20.524,14139.481,70,0.0,0.0,202304
689.0,690.0,689.0,689.0,19.9347,13742.7812,65,8.6474,5964.3346,202304
690.0,691.0,690.0,691.0,16.6872,11514.5297,31,6.3937,4412.0147,202304
691.0,692.0,691.0,692.0,17.7285,12264.6122,42,16.0833,11127.779,202304
692.0,692.0,692.0,692.0,5.4635,3780.742,9,1.0955,758.086,202304
692.0,692.0,692.0,692.0,8.374,5794.808,48,0.0,0.0,202304
692.0,692.0,692.0,692.0,8.665,5996.18,12,0.0,0.0,202304
692.0,693.0,691.0,692.0,19.03,13167.3186,44,10.3436,7159.2673,202304
693.0,693.0,692.0,692.0,5.4246,3754.9158,7,1.0926,757.1718,202304
692.0,692.0,691.0,692.0,27.0793,18735.8166,78,1.0647,736.7724,202304
692.0,692.0,690.0,691.0,34.1752,23623.5759,76,7.5329,5211.9503,202304
691.0,692.0,690.0,692.0,9.4714,6543.853,45,1.4714,1016.779,202304
691.0,693.0,691.0,692.0,12.9987,8991.9107,40,2.0007,1384.7152,202304
693.0,693.0,692.0,693.0,1.2308,852.7138,8,1.0002,693.1386,202304
692.0,694.0,692.0,694.0,27.9685,19404.7279,60,26.6107,18464.4425,202304
694.0,695.0,693.0,693.0,16.7045,11591.4498,63,4.2489,2948.8965,202304
694.0,694.0,693.0,693.0,21.4707,14899.1583,78,8.6993,6037.3142,202304
694.0,694.0,694.0,694.0,1.3442,932.8748,5,1.3442,932.8748,202304
694.0,695.0,692.0,692.0,16.6291,11532.8803,62,3.8197,2653.1702,202304
693.0,693.0,692.0,693.0,5.5881,3872.4043,13,1.2219,846.7767,202304
693.0,693.0,692.0,693.0,2.5801,1787.2203,16,0.9521,659.8053,202304
693.0,694.0,693.0,694.0,6.4894,4497.7239,29,1.2464,864.3249,202304
694.0,694.0,693.0,693.0,8.1346,5638.7216,26,1.4438,1001.9972,202304
694.0,694.0,693.0,694.0,25.0595,17388.567,62,6.6694,4628.5636,202304
694.0,695.0,693.0,695.0,9.0251,6266.2711,54,3.551,2466.5611,202304
695.0,695.0,693.0,693.0,27.0638,18783.6783,100,3.7551,2607.9769,202304
693.0,693.0,691.0,691.0,57.5011,39795.1628,190,0.0,0.0,202304
692.0,693.0,691.0,691.0,5.5212,3821.6537,22,4.1475,2871.07,202304
692.0,693.0,691.0,691.0,16.7058,11562.5741,51,9.698,6713.1965,202304
692.0,692.0,692.0,692.0,12.5489,8683.8388,11,12.5489,8683.8388,202304
691.0,692.0,691.0,692.0,1.9062,1319.0324,7,1.8482,1278.9544,202304
693.0,694.0,692.0,693.0,19.7337,13679.5979,67,18.0464,12510.3486,202304
693.0,695.0,693.0,694.0,23.8218,16528.9423,48,8.1657,5663.6089,202304
694.0,695.0,694.0,694.0,5.5904,3882.9438,18,3.2407,2252.252,202304
695.0,696.0,695.0,695.0,16.6998,11619.8859,98,12.0621,8394.1436,202304
695.0,696.0,695.0,695.0,2.6774,1860.8105,12,0.3755,260.99,202304
695.0,695.0,695.0,695.0,4.7912,3329.884,14,0.6302,437.989,202304
694.0,694.0,692.0,692.0,90.9018,63044.9529,139,12.5049,8678.4006,202304
693.0,694.0,693.0,694.0,38.8055,26892.7985,71,3.6536,2532.5318,202304
693.0,693.0,691.0,691.0,12.7413,8821.4184,36,0.0,0.0,202304
692.0,692.0,690.0,691.0,10.8794,7517.5713,30,3.8804,2681.3911,202304
692.0,692.0,690.0,691.0,10.273,7100.036,49,3.3648,2327.8707,202304
691.0,692.0,690.0,690.0,12.8923,8905.9541,56,1.6151,1116.4691,202304
690.0,691.0,690.0,691.0,5.8898,4069.6518,24,1.463,1010.933,202304
690.0,692.0,690.0,692.0,12.0737,8338.844,64,7.548,5216.111,202304
692.0,692.0,692.0,692.0,0.0305,21.106,2,0.0305,21.106,202304
692.0,693.0,692.0,692.0,22.064,15274.1434,52,17.0435,11799.9574,202304
692.0,692.0,691.0,691.0,4.562,3156.4669,14,0.8209,568.0628,202304
691.0,691.0,691.0,691.0,0.204,140.964,2,0.0,0.0,202304
691.0,691.0,691.0,691.0,10.2665,7094.1515,24,7.3118,5052.4538,202304
692.0,693.0,692.0,693.0,5.6344,3902.7935,25,4.0765,2823.6982,202304
694.0,695.0,694.0,694.0,31.2958,21727.7053,83,22.3936,15547.2247,202304
694.0,697.0,694.0,696.0,17.4495,12139.0277,60,7.9986,5564.6169,202304
697.0,698.0,695.0,696.0,18.6442,12987.1519,69,13.6428,9503.7484,202304
696.0,697.0,695.0,697.0,3.2443,2258.3324,12,1.5492,1078.673,202304
697.0,697.0,697.0,697.0,6.5595,4571.9715,23,2.74,1909.78,202304
698.0,698.0,698.0,698.0,6.5259,4555.0782,23,5.236,3654.728,202304
699.0,700.0,698.0,699.0,14.8049,10348.2736,35,1.7278,1207.982,202304
699.0,701.0,699.0,701.0,7.2497,5075.1808,39,6.3353,4435.3071,202304
701.0,701.0,698.0,698.0,30.668,21483.4912,68,13.8358,9697.9825,202304
698.0,700.0,698.0,699.0,7.5509,5283.739,43,2.9804,2085.3598,202304
699.0,699.0,696.0,697.0,236.5682,164964.6754,232,56.8138,39617.027,202304
698.0,698.0,695.0,696.0,105.3413,73320.3725,212,29.8295,20773.2437,202304
695.0,698.0,695.0,697.0,26.7801,18657.4356,39,24.1233,16805.7,202304
698.0,698.0,697.0,697.0,6.0169,4193.9799,12,5.1068,3559.6402,202304
698.0,699.0,696.0,699.0,54.1443,37735.836,185,11.3074,7890.514,202304
699.0,699.0,699.0,699.0,1.7463,1220.6637,5,0.0,0.0,202304
699.0,702.0,699.0,701.0,162.8525,114107.3697,165,86.0776,60314.9031,202304
701.0,703.0,701.0,702.0,22.5968,15850.5005,91,17.4579,12245.7235,202304
702.0,702.0,701.0,702.0,4.2809,3005.084,8,1.0056,705.9312,202304
701.0,703.0,701.0,703.0,16.2726,11422.0054,80,13.8374,9714.9302,202304
702.0,702.0,696.0,699.0,158.2378,110536.0145,337,23.8967,16695.604,202304
699.0,700.0,698.0,699.0,36.0835,25226.8617,83,12.078,8447.0331,202304
699.0,700.0,699.0,699.0,26.4963,18520.9309,34,20.3851,14249.2021,202304
698.0,700.0,698.0,700.0,12.1031,8462.6948,44,10.7153,7494.0104,202304
700.0,700.0,699.0,700.0,7.7311,5411.7395,30,5.4999,3849.93,202304
701.0,702.0,701.0,702.0,31.4826,22079.1092,57,30.0083,21045.6249,202304
702.0,703.0,701.0,703.0,36.0763,25322.8347,68,15.2782,10725.4271,202304
703.0,703.0,702.0,703.0,6.4341,4523.0724,30,3.7039,2603.8417,202304
704.0,706.0,704.0,705.0,16.1385,11370.1934,91,10.6192,7481.5451,202304
705.0,706.0,705.0,705.0,13.2715,9362.4566,68,6.5475,4620.806,202304
706.0,706.0,704.0,704.0,10.3633,7313.2503,43,3.8028,2684.7768,202304
705.0,705.0,704.0,705.0,11.1594,7867.305,28,7.5103,5294.7615,202304
705.0,707.0,705.0,707.0,40.9473,28945.9143,78,39.7112,28072.0626,202304
708.0,709.0,704.0,704.0,79.9527,56515.5041,161,31.7407,22471.9261,202304
704.0,705.0,704.0,704.0,22.8437,16082.0429,82,3.5404,2492.5197,202304
703.0,705.0,703.0,704.0,18.4052,12961.5462,57,7.472,5262.983,202304
704.0,705.0,703.0,704.0,14.732,10370.7051,25,9.4058,6621.7396,202304
704.0,706.0,704.0,705.0,6.2491,4404.133,26,4.1455,2922.8609,202304
705.0,705.0,704.0,705.0,13.5946,9582.6608,16,0.4803,338.6115,202304
705.0,706.0,705.0,706.0,0.5772,406.9872,2,0.5772,406.9872,202304
705.0,706.0,704.0,706.0,8.1993,5782.1248,33,2.1083,1487.9438,202304
706.0,706.0,704.0,705.0,4.0123,2828.6862,20,1.329,936.945,202304
704.0,705.0,704.0,704.0,11.3398,7990.8127,32,6.7426,4753.533,202304
704.0,705.0,704.0,705.0,8.0359,5665.1232,18,7.8496,5533.968,202304
706.0,706.0,705.0,706.0,15.1508,10694.2384,39,6.5391,4616.6046,202304
706.0,707.0,706.0,706.0,9.1397,6457.4166,35,7.2271,5107.121,202304
706.0,706.0,705.0,705.0,4.423,3122.138,18,2.5091,1771.4246,202304
706.0,709.0,706.0,708.0,7.9081,5588.8727,45,3.7596,2657.6639,202304
709.0,710.0,708.0,710.0,22.6005,16030.7703,93,14.0359,9958.3429,202304
710.0,712.0,709.0,712.0,60.8156,43210.8684,159,20.4299,14532.5953,202304
713.0,717.0,710.0,716.0,189.6561,135517.2837,512,146.3752,104561.8938,202304
717.0,717.0,715.0,716.0,60.5532,43334.4273,139,9.3316,6682.8425,202304
716.0,717.0,715.0,717.0,17.3711,12438.3355,80,6.2612,4487.6901,202304
717.0,719.0,715.0,716.0,55.3431,39668.1074,139,24.5691,17632.6701,202304
716.0,717.0,715.0,717.0,81.9112,58682.6977,99,70.0921,50231.8746,202304
717.0,718.0,716.0,717.0,11.3942,8170.0793,32,4.1518,2977.3356,202304
718.0,718.0,715.0,716.0,31.6338,22677.8112,80,2.0939,1502.1556,202304
716.0,717.0,716.0,716.0,4.6061,3298.762,34,2.9395,2105.4764,202304
717.0,717.0,716.0,716.0,0.9174,657.6203,6,0.7619,546.2823,202304
717.0,717.0,716.0,716.0,9.3187,6672.3488,30,0.3161,226.4872,202304
716.0,717.0,716.0,717.0,17.3842,12452.0916,35,15.6847,11233.5789,202304
718.0,719.0,717.0,717.0,27.1395,19480.3947,46,2.6824,1926.008,202304
717.0,719.0,712.0,713.0,66.3996,47469.1451,203,19.6158,14069.3542,202304
714.0,716.0,714.0,714.0,37.5036,26804.1721,133,27.282,19495.1288,202304
714.0,714.0,712.0,713.0,52.7474,37604.59,98,6.3863,4556.1831,202304
713.0,717.0,713.0,716.0,28.5407,20424.7023,92,19.7963,14165.6434,202304
716.0,719.0,716.0,718.0,35.1756,25236.5299,93,19.4163,13941.3542,202304
718.0,721.0,718.0,720.0,93.4166,67284.2181,250,55.7104,40112.3707,202304
720.0,723.0,720.0,721.0,59.6977,43075.8474,189,44.8209,32338.1918,202304
721.0,723.0,721.0,723.0,12.2573,8853.6521,43,8.4962,6138.2544,202304
722.0,724.0,722.0,723.0,46.3204,33518.7226,126,36.4158,26355.9987,202304
722.0,722.0,718.0,718.0,19.1425,13793.7309,90,0.33,237.93,202304
719.0,719.0,716.0,716.0,28.3246,20315.4501,108,17.814,12782.0206,202304
717.0,720.0,717.0,718.0,80.8123,58075.7384,219,36.9963,26603.2579,202304
718.0,719.0,718.0,718.0,21.3441,15341.0481,54,18.0,12939.9843,202304
717.0,717.0,715.0,717.0,43.0998,30853.1889,120,15.4218,11042.0606,202304
716.0,717.0,716.0,717.0,10.7284,7687.2948,38,8.5408,6120.6154,202304
718.0,718.0,717.0,718.0,4.2135,3025.056,28,2.592,1861.056,202304
719.0,720.0,719.0,720.0,19.6008,14108.8738,55,7.169,5158.3367,202304
719.0,720.0,719.0,719.0,37.6417,27066.1605,80,18.9217,13606.4805,202304
719.0,723.0,719.0,722.0,46.2384,33378.0869,134,32.6404,23563.7873,202304
722.0,722.0,719.0,720.0,32.0715,23107.9021,117,11.3902,8209.5632,202304
721.0,722.0,719.0,721.0,52.6178,37881.2288,140,8.1386,5861.5403,202304
720.0,721.0,720.0,720.0,4.023,2896.5767,15,0.8851,637.2887,202304
720.0,721.0,719.0,720.0,25.1845,18123.2664,50,7.0371,5066.7398,202304
719.0,719.0,719.0,719.0,2.7736,1994.2184,7,0.0839,60.3241,202304
718.0,719.0,717.0,718.0,12.9632,9307.5757,59,6.5936,4734.2307,202304
718.0,718.0,718.0,718.0,8.1315,5838.417,20,4.277,3070.886,202304
719.0,720.0,719.0,719.0,16.8954,12156.8161,59,6.1603,4431.9952,202304
719.0,719.0,717.0,718.0,12.5725,9033.5144,41,5.819,4180.4623,202304
718.0,718.0,717.0,718.0,5.7144,4099.0153,36,3.0593,2195.3086,202304
717.0,718.0,715.0,716.0,39.7637,28465.3006,81,18.1877,13023.1242,202304
717.0,719.0,717.0,719.0,22.9036,16452.1525,108,19.4314,13960.8587,202304
719.0,719.0,718.0,718.0,2.5429,1828.2072,15,2.405,1729.195,202304
718.0,719.0,717.0,717.0,12.5581,9016.1771,43,1.5321,1100.0783,202304
717.0,718.0,713.0,714.0,115.5343,82431.4021,178,5.7562,4111.5266,202304
713.0,716.0,713.0,715.0,17.042,12175.04,50,11.2778,8055.1527,202304
715.0,716.0,714.0,714.0,6.878,4919.7597,48,1.1734,839.9433,202304
714.0,715.0,713.0,713.0,6.3688,4546.8805,31,0.48,342.8093,202304
713.0,714.0,712.0,713.0,28.1622,20072.3248,83,13.1503,9376.2377,202304
712.0,713.0,711.0,711.0,18.9292,13476.655,63,2.2208,1583.3796,202304
711.0,714.0,710.0,714.0,120.4911,85771.7009,211,69.16,49259.2994,202304
714.0,715.0,713.0,713.0,33.74,24090.0236,48,14.8654,10613.9769,202304
713.0,714.0,712.0,713.0,13.8258,9862.5388,57,10.9729,7828.7423,202304
714.0,714.0,713.0,713.0,0.8448,602.3705,6,0.0281,20.0634,202304
713.0,713.0,712.0,713.0,2.1135,1506.8122,27,0.4216,300.6008,202304
713.0,714.0,712.0,713.0,45.1379,32170.3894,50,8.815,6285.145,202304
712.0,713.0,712.0,712.0,3.6254,2581.2989,4,0.0141,10.0533,202304
713.0,713.0,711.0,712.0,60.5458,43101.4972,97,10.3788,7389.7333,202304
711.0,712.0,711.0,712.0,18.8989,13455.9826,30,13.3987,9539.8744,202304
712.0,714.0,712.0,714.0,9.7342,6937.1167,42,8.7741,6252.7347,202304
714.0,714.0,713.0,713.0,3.4405,2453.6165,17,0.5689,406.1657,202304
712.0,715.0,712.0,714.0,38.059,27167.842,57,33.2637,23751.9534,202304
714.0,714.0,712.0,712.0,40.5219,28914.6586,44,0.205,146.37,202304
712.0,712.0,709.0,711.0,18.1044,12879.3675,95,10.7215,7630.4122,202304
711.0,712.0,710.0,712.0,19.2662,13692.1116,40,9.6497,6862.9367,202304
711.0,712.0,711.0,712.0,8.1183,5779.7741,33,7.6422,5441.2464,202304
711.0,714.0,711.0,713.0,14.1324,10063.3017,64,8.9323,6363.668,202304
713.0,713.0,712.0,713.0,8.0092,5709.6196,26,1.9405,1383.5765,202304
713.0,714.0,713.0,714.0,62.6778,44741.0217,53,59.0161,42127.2707,202304
714.0,714.0,713.0,714.0,5.732,4092.4065,23,3.5868,2560.9752,202304
715.0,716.0,714.0,716.0,18.8605,13492.4172,55,18.0989,12947.9012,202304
716.0,716.0,715.0,715.0,10.5539,7553.231,16,7.1925,5149.83,202304
716.0,716.0,715.0,715.0,16.6296,11899.0174,32,4.8346,3458.1502,202304
715.0,716.0,714.0,714.0,11.1984,8004.8806,16,1.2416,888.9856,202304
714.0,715.0,713.0,715.0,14.5314,10379.4548,52,12.9077,9220.0435,202304
714.0,715.0,713.0,713.0,1.9671,1403.7873,17,0.028,20.02,202304
714.0,715.0,714.0,714.0,7.3889,5275.7103,16,5.119,3655.0017,202304
714.0,715.0,714.0,714.0,8.9451,6389.6444,19,4.914,3511.439,202304
714.0,714.0,712.0,712.0,12.2226,8708.5807,41,0.949,676.2706,202304
711.0,714.0,711.0,713.0,1.7793,1268.6422,20,1.5137,1079.3467,202304
714.0,714.0,708.0,709.0,74.5903,52931.3231,249,29.7368,21110.0428,202304
708.0,709.0,705.0,705.0,27.3174,19302.696,156,4.4623,3157.6201,202304
705.0,705.0,701.0,702.0,38.2331,26875.784,202,15.6948,11044.4805,202304
702.0,703.0,696.0,697.0,192.0161,134068.9985,423,52.002,36312.9597,202304
697.0,697.0,679.0,683.0,343.4078,236119.1766,1238,149.9016,103020.704,202304
682.0,688.0,679.0,683.0,192.7365,131750.5675,754,62.8422,42954.4898,202304
682.0,682.0,663.0,674.0,760.9047,510225.3622,1974,297.7513,199419.5283,202304
674.0,682.0,674.0,680.0,95.4023,64657.3968,545,54.4307,36872.6124,202304
678.0,678.0,671.0,673.0,92.3042,62233.3313,461,41.4339,27908.446,202304
673.0,673.0,654.0,661.0,528.106,349390.4563,2119,268.0733,177433.9715,202304
661.0,669.0,661.0,666.0,88.004,58552.5571,427,56.1556,37359.3399,202304
667.0,674.0,665.0,672.0,136.5104,91339.1487,564,64.7777,43404.8629,202304
672.0,676.0,671.0,674.0,77.9693,52516.5678,587,51.0477,34389.3296,202304
673.0,674.0,672.0,673.0,26.8517,18065.8223,89,6.8208,4590.0242,202304
673.0,674.0,669.0,669.0,61.5946,41353.7465,239,17.762,11945.7554,202304
670.0,678.0,670.0,678.0,62.5533,42085.2964,246,45.2185,30413.5848,202304
678.0,679.0,675.0,676.0,50.4515,34166.1086,147,33.9361,22986.2001,202304
676.0,682.0,675.0,680.0,60.819,41295.2023,287,27.6158,18749.8125,202304
679.0,679.0,677.0,678.0,31.6976,21497.0403,107,8.2959,5624.5333,202304
678.0,683.0,678.0,680.0,27.2062,18526.4933,146,11.1824,7619.9415,202304
680.0,685.0,680.0,685.0,33.3809,22779.3685,117,19.7813,13498.5249,202304
685.0,685.0,681.0,683.0,49.3962,33750.749,164,26.9063,18393.4161,202304
683.0,684.0,681.0,684.0,24.7163,16856.708,106,17.5511,11971.5659,202304
684.0,685.0,682.0,683.0,35.866,24523.3541,94,14.4986,9917.5055,202304
684.0,684.0,681.0,682.0,33.3325,22756.1935,102,11.4878,7847.421,202304
683.0,686.0,682.0,684.0,95.2186,65113.5404,185,78.3952,53625.8814,202304
684.0,685.0,684.0,684.0,35.3025,24161.6253,109,10.5197,7204.0599,202304
685.0,685.0,684.0,684.0,16.1405,11049.7128,62,6.8041,4659.2198,202304
684.0,685.0,684.0,685.0,5.5688,3811.2726,33,5.4801,3750.5833,202304
685.0,685.0,684.0,684.0,11.971,8197.2556,21,0.7828,536.218,202304
685.0,686.0,684.0,685.0,7.5173,5151.6776,50,5.2298,3584.7846,202304
685.0,686.0,685.0,686.0,5.6768,3894.2548,22,4.2805,2936.423,202304
686.0,691.0,686.0,691.0,23.4893,16176.4409,128,14.7228,10135.4787,202304
690.0,691.0,688.0,688.0,29.0107,20008.0468,110,10.2795,7090.7543,202304
687.0,690.0,687.0,690.0,17.362,11940.5745,106,8.8066,6063.0147,202304
689.0,692.0,689.0,691.0,46.9359,32403.6834,154,24.9873,17246.9993,202304
690.0,690.0,689.0,690.0,88.1542,60776.0573,133,38.2182,26337.3309,202304
690.0,691.0,690.0,690.0,6.5063,4490.2306,27,2.1585,1490.2486,202304
689.0,689.0,687.0,688.0,29.9064,20563.2378,102,18.1462,12472.582,202304
688.0,688.0,685.0,687.0,40.9967,28134.4459,159,20.7686,14254.9971,202304
686.0,688.0,686.0,686.0,78.6142,53956.4914,143,33.4103,22928.5857,202304
687.0,687.0,686.0,686.0,15.0006,10294.4838,72,7.4315,5100.195,202304
687.0,687.0,687.0,687.0,15.5831,10705.5897,78,15.5831,10705.5897,202304
687.0,689.0,687.0,689.0,17.0731,11743.3557,50,10.5286,7246.8566,202304
688.0,690.0,688.0,689.0,19.8488,13672.3465,58,12.137,8362.5562,202304
689.0,690.0,688.0,690.0,18.6797,12881.0878,58,14.223,9810.81,202304
691.0,691.0,690.0,690.0,15.8049,10905.9285,34,1.9412,1339.9755,202304
690.0,691.0,690.0,691.0,6.2967,4350.9749,22,6.2519,4320.0629,202304
691.0,691.0,690.0,691.0,0.6601,456.0134,6,0.5444,376.1804,202304
690.0,690.0,689.0,689.0,10.391,7167.775,25,0.0,0.0,202304
689.0,691.0,689.0,690.0,21.3582,14732.8797,70,10.8379,7476.3966,202304
691.0,692.0,687.0,687.0,66.8202,46070.5232,148,12.0936,8346.9467,202304
688.0,688.0,688.0,688.0,14.7086,10119.5168,43,5.4776,3768.5888,202304
688.0,688.0,686.0,688.0,46.6448,32053.2846,92,12.6591,8702.3886,202304
687.0,689.0,687.0,689.0,20.1947,13908.2499,64,15.6149,10753.5197,202304
689.0,689.0,689.0,689.0,4.3287,2982.4743,16,1.9979,1376.5531,202304
689.0,689.0,688.0,689.0,5.917,4075.313,13,1.164,801.996,202304
689.0,689.0,687.0,687.0,48.4668,33328.4037,90,9.2559,6364.4877,202304
686.0,687.0,686.0,686.0,9.0187,6194.1545,29,5.101,3504.387,202304
686.0,690.0,686.0,690.0,19.3574,13318.9072,86,18.1102,12461.1192,202304
689.0,695.0,689.0,694.0,132.8676,91969.4785,190,120.3246,83288.4168,202304
694.0,702.0,694.0,701.0,122.9906,85923.028,425,80.4866,56229.0256,202304
701.0,707.0,699.0,706.0,258.1025,181897.5773,627,130.8375,92233.3665,202304
706.0,708.0,705.0,706.0,253.0148,178783.6578,514,144.2931,101992.4806,202304
705.0,707.0,701.0,703.0,209.6181,147724.155,472,96.6324,68124.1735,202304
702.0,704.0,701.0,701.0,79.327,55684.1715,198,19.8782,13967.9165,202304
700.0,704.0,699.0,704.0,52.1518,36568.4809,195,22.0041,15452.1423,202304
704.0,706.0,703.0,705.0,74.2612,52316.4288,221,48.3098,34036.8725,202304
704.0,705.0,703.0,704.0,20.8062,14656.2669,111,12.1396,8553.9884,202304
704.0,708.0,703.0,705.0,31.6075,22313.5742,135,21.2525,15002.8694,202304
704.0,706.0,703.0,705.0,43.6771,30758.4299,107,16.5625,11668.3802,202304
704.0,705.0,704.0,704.0,19.4736,13724.6178,82,6.2511,4406.1536,202304
704.0,706.0,704.0,705.0,28.2562,19916.8834,112,9.4231,6644.7564,202304
704.0,706.0,694.0,695.0,64.796,45324.2095,383,26.7004,18656.7903,202304
697.0,701.0,696.0,699.0,78.6844,54894.5617,218,36.8439,25705.326,202304
699.0,699.0,697.0,698.0,9.925,6932.3654,56,3.5032,2446.6664,202304
699.0,700.0,699.0,699.0,25.2741,17671.7274,81,5.5101,3854.8844,202304
699.0,700.0,699.0,699.0,9.9717,6977.6472,55,3.9736,2781.52,202304
698.0,699.0,696.0,697.0,17.5073,12215.2658,63,8.1876,5709.4246,202304
697.0,698.0,696.0,697.0,30.045,20936.7306,141,10.4076,7256.0922,202304
697.0,698.0,696.0,697.0,7.6987,5366.0915,25,5.3644,3739.7024,202304
697.0,699.0,697.0,698.0,14.2815,9966.0783,73,6.3347,4422.5494,202304
698.0,699.0,697.0,698.0,12.3992,8654.8029,43,2.6747,1867.6296,202304
698.0,701.0,697.0,701.0,22.1181,15460.3372,110,14.2772,9988.6659,202304
701.0,701.0,698.0,698.0,21.0415,14712.2036,70,4.7766,3336.3234,202304
698.0,698.0,697.0,698.0,8.7601,6112.3561,41,3.6032,2515.0336,202304
698.0,698.0,698.0,698.0,2.2288,1555.7024,5,1.1358,792.7884,202304
697.0,699.0,697.0,699.0,19.3927,13524.9305,51,14.5811,10171.2453,202304
699.0,699.0,699.0,699.0,0.0,0.0,0,0.0,0.0,202304
698.0,698.0,698.0,698.0,4.4724,3121.7352,14,0.0,0.0,202304
698.0,698.0,698.0,698.0,2.906,2028.388,8,1.6609,1159.3082,202304
699.0,700.0,699.0,699.0,3.2987,2306.2013,21,1.9326,1351.2974,202304
699.0,700.0,699.0,699.0,1.8334,1282.0729,13,1.7965,1256.2798,202304
699.0,699.0,699.0,699.0,4.6454,3247.1346,7,0.0,0.0,202304
699.0,699.0,696.0,696.0,23.2534,16216.172,72,4.0313,2806.4973,202304
696.0,697.0,696.0,696.0,13.3048,9268.8945,42,6.3025,4391.9802,202304
696.0,697.0,696.0,697.0,14.1799,9878.6122,51,10.5557,7352.6803,202304
697.0,698.0,696.0,697.0,7.6495,5331.7292,17,1.5378,1071.9033,202304
697.0,698.0,697.0,698.0,0.7715,538.2362,8,0.6435,449.0202,202304
698.0,698.0,698.0,698.0,0.3553,247.9994,2,0.3553,247.9994,202304
698.0,699.0,698.0,699.0,4.6088,3218.974,34,3.5346,2468.8245,202304
699.0,699.0,699.0,699.0,6.6039,4616.1261,14,0.8463,591.5637,202304
699.0,699.0,699.0,699.0,4.9851,3484.5849,8,1.1118,777.1482,202304
700.0,700.0,699.0,699.0,6.6195,4633.2931,34,2.97,2079.0,202304
700.0,700.0,697.0,698.0,28.1419,19641.7917,84,9.3126,6504.2892,202304
698.0,699.0,697.0,698.0,16.7771,11710.356,39,5.953,4155.2227,202304
699.0,700.0,698.0,698.0,46.9803,32830.0955,95,17.7822,12422.3741,202304
699.0,699.0,699.0,699.0,0.1071,74.8629,2,0.1071,74.8629,202304
699.0,699.0,699.0,699.0,10.2385,7156.7115,17,10.2385,7156.7115,202304
699.0,699.0,698.0,698.0,27.0602,18888.4974,44,5.5587,3880.4504,202304
698.0,698.0,698.0,698.0,3.877,2706.146,7,3.877,2706.146,202304
697.0,697.0,697.0,697.0,19.9472,13903.1984,41,10.0176,6982.2672,202304
698.0,698.0,698.0,698.0,0.3419,238.6462,4,0.3419,238.6462,202304
697.0,698.0,697.0,698.0,2.4212,1689.8755,7,2.2991,1604.7718,202304
698.0,698.0,697.0,697.0,2.5028,1745.9761,6,1.5245,1064.101,202304
698.0,699.0,698.0,699.0,34.57,24138.0323,46,34.24,23907.3623,202304
700.0,702.0,700.0,701.0,26.0789,18285.5367,74,12.8892,9039.887,202304
702.0,702.0,700.0,700.0,1.9727,1382.8283,14,0.5149,360.9606,202304
700.0,701.0,700.0,701.0,12.6756,8873.899,60,7.0007,4901.469,202304
700.0,700.0,699.0,699.0,3.8738,2710.66,5,0.0,0.0,202304
699.0,699.0,698.0,699.0,9.7044,6783.1139,30,7.7217,5397.4683,202304
699.0,700.0,699.0,700.0,16.2129,11345.7575,32,16.1629,11310.8075,202304
701.0,702.0,701.0,701.0,10.4814,7352.7868,21,9.486,6655.0114,202304
701.0,702.0,701.0,702.0,11.528,8089.633,38,6.1395,4307.106,202304
702.0,703.0,702.0,703.0,2.4866,1746.6785,13,1.0853,762.9659,202304
702.0,702.0,701.0,701.0,10.8887,7637.2443,30,0.0,0.0,202304
700.0,700.0,700.0,700.0,20.9676,14677.32,46,16.3772,11464.04,202304
699.0,701.0,699.0,700.0,3.2237,2256.1762,14,2.2972,1608.3319,202304
700.0,700.0,699.0,699.0,8.1357,5687.5693,26,0.9971,696.9729,202304
699.0,700.0,698.0,698.0,4.5323,3167.805,17,3.1112,2175.0145,202304
698.0,698.0,697.0,697.0,23.4966,16383.0389,46,10.2834,7167.9934,202304
698.0,698.0,694.0,696.0,32.6264,22709.3488,130,6.4622,4500.4627,202304
696.0,696.0,695.0,696.0,5.0851,3539.216,16,1.6357,1138.4472,202304
696.0,697.0,696.0,696.0,1.5381,1070.9426,6,1.4935,1039.901,202304
696.0,698.0,696.0,697.0,23.138,16115.8268,38,6.2199,4337.2703,202304
697.0,697.0,697.0,697.0,1.8993,1323.8121,3,1.6857,1174.9329,202304
697.0,698.0,696.0,698.0,17.9201,12488.8403,67,11.3962,7944.68,202304
698.0,698.0,697.0,698.0,10.9434,7637.465,36,3.503,2445.094,202304
697.0,698.0,697.0,698.0,10.5564,7358.2849,20,1.7131,1194.5048,202304
697.0,698.0,689.0,691.0,86.6276,59975.0217,401,31.6066,21872.469,202304
692.0,695.0,692.0,695.0,32.2386,22365.5294,145,17.7714,12330.2399,202304
694.0,694.0,692.0,694.0,16.9341,11740.5528,73,5.6271,3901.6913,202304
693.0,696.0,693.0,696.0,15.7189,10919.2994,77,9.2885,6455.5475,202304
696.0,696.0,695.0,695.0,10.5614,7343.7919,37,5.2346,3639.2123,202304
695.0,696.0,695.0,696.0,10.5903,7367.3924,25,2.1717,1510.9268,202304
696.0,696.0,694.0,695.0,9.9399,6909.174,50,2.9686,2063.6521,202304
695.0,696.0,695.0,696.0,6.4374,4474.0493,13,3.0718,2134.9573,202304
696.0,696.0,688.0,694.0,235.6113,163190.0337,514,62.8221,43499.1633,202304
693.0,694.0,692.0,694.0,6.7169,4654.7394,37,5.8778,4073.4134,202304
693.0,693.0,692.0,693.0,6.8911,4771.5165,28,0.1979,137.1447,202304
693.0,694.0,692.0,694.0,5.5623,3854.5894,31,3.9221,2719.571,202304
693.0,695.0,693.0,694.0,8.2103,5695.6652,27,2.6841,1862.7942,202304
694.0,694.0,693.0,693.0,6.634,4597.3909,5,0.0289,20.0566,202304
693.0,693.0,693.0,693.0,6.726,4661.118,19,2.936,2034.648,202304
692.0,693.0,691.0,692.0,12.5517,8687.6677,38,4.237,2933.4087,202304
693.0,693.0,691.0,691.0,15.5772,10773.8844,46,3.8257,2650.6556,202304
691.0,692.0,690.0,692.0,24.7053,17069.2463,86,16.1606,11170.2558,202304
693.0,695.0,692.0,695.0,19.2649,13358.153,68,9.6231,6673.6155,202304
695.0,696.0,694.0,695.0,26.6884,18567.219,62,21.8855,15229.8322,202304
695.0,695.0,694.0,695.0,0.8276,575.1374,9,0.783,544.185,202304
696.0,696.0,695.0,695.0,9.0847,6314.3698,19,0.5321,370.3128,202304
695.0,695.0,694.0,694.0,0.1788,124.116,2,0.0288,20.016,202304
695.0,695.0,692.0,693.0,15.7682,10933.0318,46,6.2914,4364.8616,202304
693.0,694.0,692.0,694.0,19.7561,13694.6519,58,6.5445,4539.1426,202304
693.0,694.0,692.0,693.0,4.7905,3319.9384,26,2.5822,1789.6106,202304
694.0,694.0,693.0,694.0,12.1324,8407.8744,11,0.1212,84.1128,202304
694.0,694.0,693.0,694.0,7.3893,5128.0996,35,4.6797,3247.7118,202304
693.0,693.0,691.0,692.0,10.2951,7122.0567,46,1.9417,1344.3202,202304
691.0,691.0,690.0,691.0,26.1587,18061.6617,78,5.496,3797.736,202304
691.0,692.0,690.0,690.0,14.707,10149.6322,48,6.789,4685.2069,202304
690.0,691.0,690.0,690.0,5.4873,3786.266,20,3.0593,2110.946,202304
690.0,691.0,690.0,690.0,9.722,6709.18,17,8.8042,6075.898,202304
691.0,691.0,690.0,691.0,9.1552,6326.1986,34,3.7088,2562.7808,202304
691.0,692.0,690.0,690.0,27.9377,19302.8858,71,18.8019,12993.3039,202304
691.0,691.0,691.0,691.0,3.0007,2073.4837,6,3.0007,2073.4837,202304
691.0,691.0,689.0,689.0,12.2849,8477.8302,43,5.1302,3541.188,202304
690.0,690.0,689.0,690.0,0.0757,52.2044,3,0.0471,32.499,202304
690.0,690.0,689.0,690.0,14.6795,10125.8492,52,9.3538,6454.122,202304
691.0,691.0,690.0,690.0,2.1552,1487.1676,11,1.5359,1059.8506,202304
691.0,692.0,691.0,692.0,4.2427,2932.2807,23,3.5827,2476.2207,202304
692.0,692.0,692.0,692.0,0.087,60.204,3,0.087,60.204,202304
692.0,692.0,690.0,691.0,15.082,10418.0464,52,1.8454,1276.9721,202304
691.0,692.0,691.0,691.0,8.3069,5740.0969,40,5.1798,3579.2708,202304
691.0,691.0,691.0,691.0,6.2319,4306.2429,11,2.0556,1420.4196,202304
692.0,692.0,692.0,692.0,0.029,20.068,1,0.029,20.068,202304
692.0,692.0,692.0,692.0,2.0,1384.0,2,2.0,1384.0,202304
692.0,692.0,690.0,691.0,8.5944,5939.6237,38,0.9805,678.448,202304
691.0,691.0,691.0,691.0,2.3858,1648.5878,8,2.3858,1648.5878,202304
691.0,691.0,690.0,690.0,5.6425,3893.399,27,0.074,51.134,202304
690.0,691.0,690.0,691.0,0.2331,160.868,7,0.029,20.039,202304
690.0,692.0,690.0,692.0,45.0972,31135.1727,66,33.0251,22797.8599,202304
692.0,693.0,692.0,692.0,1.712,1185.5556,21,1.5981,1106.7368,202304
692.0,692.0,691.0,692.0,9.081,6283.3857,14,0.5364,371.1888,202304
692.0,693.0,691.0,692.0,6.9917,4838.2591,20,0.4389,303.8375,202304
692.0,692.0,691.0,692.0,5.2065,3602.6441,22,4.9526,3427.1992,202304
691.0,693.0,691.0,691.0,18.5624,12837.4976,57,5.6037,3877.7893,202304
690.0,690.0,689.0,689.0,7.6868,5303.374,48,0.0,0.0,202304
689.0,690.0,689.0,690.0,28.7731,19825.042,56,18.7356,12909.2045,202304
689.0,689.0,687.0,688.0,26.1061,17973.5209,100,10.0272,6907.8134,202304
688.0,689.0,688.0,689.0,0.2882,198.3398,12,0.0582,40.0998,202304
688.0,689.0,688.0,689.0,4.2032,2892.9459,26,1.1443,788.4227,202304
689.0,690.0,689.0,690.0,9.8872,6816.484,47,4.0235,2774.1348,202304
689.0,690.0,689.0,690.0,0.1469,101.3296,5,0.1155,79.695,202304
689.0,690.0,689.0,690.0,9.8126,6770.5531,25,7.3853,5095.857,202304
689.0,691.0,689.0,691.0,13.9494,9614.5699,41,2.6443,1825.3196,202304
690.0,691.0,688.0,689.0,14.4963,9993.0226,59,1.2823,884.7577,202304
688.0,690.0,687.0,689.0,34.1281,23490.7573,108,10.2664,7066.7604,202304
688.0,691.0,683.0,687.0,125.9752,86407.6897,574,56.4156,38698.1142,202304
686.0,688.0,683.0,685.0,65.7606,45045.7525,248,20.1964,13852.3613,202304
685.0,688.0,685.0,685.0,25.1617,17282.1476,113,12.9881,8922.3319,202304
686.0,689.0,685.0,687.0,20.762,14267.626,102,12.4915,8582.7161,202304
688.0,688.0,687.0,688.0,6.2822,4322.1245,26,4.0337,2775.1856,202304
687.0,688.0,687.0,687.0,8.2229,5651.3345,37,1.6469,1133.0672,202304
687.0,689.0,687.0,688.0,38.2384,26319.3441,98,22.8405,15724.9398,202304
688.0,690.0,688.0,690.0,6.411,4415.4358,31,5.2583,3622.3333,202304
689.0,690.0,689.0,690.0,8.3332,5749.8486,36,2.3932,1651.308,202304
690.0,691.0,690.0,691.0,12.4599,8597.9092,40,5.8245,4019.4832,202304
690.0,691.0,689.0,690.0,9.3771,6470.7648,38,4.5517,3141.2547,202304
690.0,691.0,690.0,690.0,23.1277,15975.8846,60,10.6426,7354.0366,202304
690.0,692.0,690.0,690.0,15.888,10965.56,66,4.5147,3117.2032,202304
691.0,692.0,691.0,692.0,5.7408,3970.95,36,2.9627,2048.6777,202304
692.0,693.0,689.0,691.0,20.7519,14335.1205,73,2.1109,1460.0753,202304
690.0,691.0,690.0,691.0,7.3409,5066.0693,21,3.4785,2401.0133,202304
691.0,692.0,691.0,692.0,12.8434,8882.1519,53,6.3261,4374.4064,202304
692.0,693.0,692.0,692.0,9.0417,6258.0533,39,6.891,4769.7689,202304
693.0,695.0,693.0,693.0,38.2094,26520.4185,142,19.7856,13733.633,202304
693.0,694.0,692.0,693.0,27.2169,18844.4659,67,5.3161,3684.0862,202304
692.0,693.0,692.0,693.0,2.9685,2056.9789,16,2.7481,1904.4333,202304
694.0,694.0,692.0,693.0,25.0703,17369.1755,74,4.496,3116.6439,202304
692.0,693.0,692.0,693.0,3.651,2527.9931,20,1.5011,1040.2623,202304
692.0,693.0,691.0,692.0,11.6413,8054.6235,31,0.0579,40.0957,202304
692.0,693.0,691.0,693.0,23.8851,16533.4518,94,19.0384,13178.3251,202304
693.0,694.0,693.0,694.0,14.3331,9947.1426,37,5.9703,4143.3882,202304
694.0,694.0,693.0,694.0,10.6308,7377.7464,24,6.5277,4530.2238,202304
694.0,695.0,694.0,694.0,9.5261,6611.315,24,0.8954,621.6092,202304
694.0,695.0,693.0,693.0,5.8136,4034.6556,20,1.5527,1077.6198,202304
693.0,693.0,692.0,693.0,8.5437,5919.8292,38,0.0438,30.3534,202304
692.0,694.0,692.0,693.0,13.9431,9665.2763,24,8.5213,5907.9978,202304
693.0,694.0,692.0,693.0,8.1838,5671.1162,24,1.7735,1229.0933,202304
694.0,694.0,693.0,693.0,6.3006,4372.5354,33,2.3144,1606.1936,202304
694.0,695.0,694.0,695.0,4.725,3283.2321,24,3.6275,2520.4696,202304
695.0,701.0,695.0,700.0,87.5192,61172.7017,353,67.2216,46985.1235,202304
700.0,700.0,696.0,697.0,33.8061,23588.1455,153,11.8308,8250.8604,202304
698.0,701.0,698.0,699.0,27.0414,18908.14,109,12.7551,8917.0953,202304
699.0,700.0,699.0,699.0,13.7127,9590.5796,42,7.7896,5448.4764,202304
700.0,700.0,693.0,694.0,31.8723,22169.0131,163,3.4803,2423.6161,202304
693.0,697.0,690.0,697.0,63.2101,43828.6329,264,45.897,31827.3143,202304
698.0,699.0,697.0,699.0,14.9256,10431.157,65,7.0871,4952.4552,202304
699.0,700.0,699.0,700.0,9.3089,6509.4683,42,3.6228,2534.2922,202304
701.0,701.0,700.0,700.0,17.368,12174.9109,70,3.4772,2437.5172,202304
700.0,700.0,699.0,699.0,20.2448,14160.6724,82,3.1988,2237.9191,202304
699.0,700.0,699.0,699.0,14.6177,10223.5023,42,3.6032,2520.7738,202304
700.0,701.0,700.0,701.0,25.9331,18163.5814,68,18.4691,12931.3174,202304
700.0,702.0,699.0,700.0,225.6226,157993.8904,338,126.4168,88536.0645,202304
700.0,700.0,699.0,699.0,13.8379,9681.9078,52,2.773,1941.1,202304
700.0,701.0,697.0,697.0,38.8094,27137.3887,116,11.898,8336.4989,202304
697.0,699.0,697.0,697.0,12.4362,8677.2232,54,5.3855,3759.1364,202304
697.0,698.0,697.0,697.0,21.7672,15180.9072,69,12.6114,8798.2612,202304
697.0,699.0,696.0,697.0,30.6214,21345.8924,107,7.6542,5336.5589,202304
697.0,697.0,696.0,696.0,6.5334,4547.9232,50,0.3717,259.0749,202304
696.0,699.0,695.0,698.0,24.8852,17343.3071,100,12.309,8582.3587,202304
698.0,699.0,697.0,697.0,17.8228,12439.012,64,1.3328,930.3518,202304
697.0,699.0,697.0,699.0,19.8795,13858.2337,87,8.7231,6082.0949,202304
698.0,700.0,698.0,700.0,6.3511,4441.6992,51,3.1684,2216.1313,202304
700.0,702.0,699.0,701.0,14.8222,10381.953,53,4.7075,3299.9069,202304
701.0,702.0,700.0,700.0,9.76,6840.833,45,0.055,38.61,202304
700.0,701.0,700.0,700.0,1.872,1310.4286,21,0.0286,20.0486,202304
700.0,703.0,699.0,701.0,16.3833,11476.4016,103,7.8835,5524.331,202304
701.0,701.0,699.0,700.0,15.9171,11143.1777,69,0.2563,179.41,202304
699.0,701.0,699.0,700.0,16.0014,11206.652,43,8.428,5905.5278,202304
700.0,702.0,700.0,702.0,17.4097,12207.3172,84,6.2815,4405.2372,202304
701.0,702.0,701.0,701.0,10.8234,7596.2803,36,2.9766,2089.5732,202304
701.0,702.0,700.0,701.0,10.9116,7649.0362,42,0.787,551.7725,202304
701.0,702.0,701.0,701.0,2.7772,1946.8468,24,0.0296,20.7792,202304
701.0,701.0,699.0,700.0,26.3259,18433.6933,102,11.8525,8296.7972,202304
700.0,702.0,700.0,701.0,7.8159,5482.3815,56,4.6659,3273.2411,202304
701.0,705.0,701.0,704.0,20.7342,14593.8115,108,14.7999,10418.5219,202304
704.0,705.0,703.0,705.0,30.3404,21373.6324,100,9.3285,6573.1313,202304
704.0,706.0,704.0,704.0,16.606,11716.1876,90,9.335,6588.6096,202304
704.0,706.0,704.0,706.0,10.4054,7334.809,48,5.872,4139.7799,202304
705.0,705.0,703.0,704.0,55.1341,38812.8213,104,22.6709,15957.566,202304
704.0,707.0,704.0,707.0,56.821,40122.3409,221,46.5279,32860.6185,202304
707.0,707.0,705.0,706.0,7.5307,5319.2847,41,2.165,1529.7855,202304
705.0,706.0,705.0,705.0,3.5563,2509.6767,29,1.7106,1207.6836,202304
705.0,706.0,704.0,704.0,12.7857,9012.8361,32,1.3865,977.4967,202304
705.0,706.0,704.0,704.0,29.4584,20762.2416,65,5.8853,4149.1642,202304
705.0,705.0,702.0,702.0,10.6331,7477.6818,58,1.835,1291.6528,202304
702.0,703.0,698.0,703.0,51.85,36345.4597,277,26.8505,18826.0137,202304
703.0,705.0,702.0,705.0,13.7448,9663.5732,60,9.4334,6632.0757,202304
704.0,704.0,703.0,704.0,11.6065,8170.9484,34,1.8738,1319.1552,202304
704.0,704.0,704.0,704.0,2.5327,1783.0208,8,0.6336,446.0544,202304
705.0,707.0,704.0,707.0,11.0839,7820.4332,89,9.062,6395.0275,202304
706.0,706.0,704.0,705.0,14.6562,10334.702,40,1.6506,1163.673,202304
705.0,705.0,705.0,705.0,8.0805,5696.7525,36,5.5476,3911.058,202304
705.0,705.0,704.0,704.0,14.2027,9999.9525,41,0.7601,535.8705,202304
704.0,704.0,704.0,704.0,1.8668,1314.2272,10,1.8162,1278.6048,202304
704.0,704.0,703.0,704.0,10.8123,7606.7021,54,3.4175,2405.019,202304
704.0,706.0,704.0,705.0,13.9413,9826.9184,59,6.7078,4730.3411,202304
705.0,705.0,704.0,704.0,5.6345,3968.115,38,1.0436,735.3724,202304
704.0,704.0,703.0,703.0,12.8586,9046.11,66,6.1594,4335.6606,202304
703.0,704.0,702.0,703.0,10.9685,7711.6249,55,6.712,4720.9317,202304
702.0,704.0,702.0,704.0,6.4912,4563.1634,30,3.6354,2557.4952,202304
705.0,705.0,704.0,704.0,4.9394,3478.4164,22,1.0788,760.554,202304
704.0,705.0,704.0,705.0,7.2459,5107.9213,40,5.9736,4211.388,202304
704.0,706.0,704.0,706.0,1.8656,1316.1583,14,1.7759,1253.0095,202304
705.0,706.0,705.0,705.0,0.0721,50.8449,3,0.0144,10.1664,202304
705.0,705.0,704.0,704.0,5.0995,3595.1006,15,0.0,0.0,202304
705.0,705.0,705.0,705.0,3.4444,2428.302,9,1.0518,741.519,202304
705.0,706.0,704.0,704.0,5.2952,3733.117,12,1.5163,1069.9088,202304
705.0,706.0,705.0,706.0,2.8331,1997.3429,24,2.8331,1997.3429,202304
706.0,706.0,705.0,705.0,4.5627,3217.3768,24,0.6733,475.3498,202304
705.0,706.0,705.0,706.0,3.7191,2624.8429,30,3.7191,2624.8429,202304
705.0,707.0,705.0,707.0,10.9587,7735.3988,36,8.1801,5776.4858,202304
707.0,707.0,707.0,707.0,0.0321,22.6947,2,0.0321,22.6947,202304
706.0,707.0,706.0,707.0,0.1943,137.3386,4,0.1628,115.0996,202304
706.0,706.0,706.0,706.0,0.572,403.832,4,0.0,0.0,202304
706.0,707.0,706.0,707.0,17.9497,12673.9882,33,9.159,6467.754,202304
706.0,707.0,706.0,707.0,17.9504,12690.9132,52,4.9161,3475.6827,202304
707.0,707.0,705.0,705.0,6.6,4661.8966,27,0.5765,406.7112,202304
705.0,706.0,705.0,706.0,3.2456,2288.4448,24,2.3606,1664.5198,202304
706.0,706.0,705.0,705.0,5.0395,3553.4389,25,0.5914,417.5284,202304
705.0,706.0,705.0,705.0,8.1919,5776.2895,30,4.4728,3154.324,202304
705.0,705.0,705.0,705.0,11.9259,8407.7595,23,4.24,2989.2,202304
705.0,706.0,705.0,705.0,0.526,370.8724,4,0.0424,29.9344,202304
705.0,705.0,705.0,705.0,2.3943,1687.9815,6,0.0,0.0,202304
705.0,706.0,704.0,705.0,8.6948,6129.6647,20,5.7542,4056.8028,202304
705.0,705.0,705.0,705.0,0.1669,117.6645,2,0.1669,117.6645,202304
704.0,704.0,703.0,703.0,16.4548,11569.5889,49,10.4298,7332.7166,202304
703.0,704.0,703.0,703.0,0.184,129.4045,4,0.0525,36.96,202304
704.0,705.0,704.0,705.0,7.4499,5244.9246,21,7.4499,5244.9246,202304
704.0,704.0,704.0,704.0,2.6834,1889.1136,5,0.0,0.0,202304
704.0,704.0,698.0,699.0,47.461,33244.1714,187,5.4308,3799.7429,202304
700.0,703.0,700.0,702.0,19.4754,13656.7119,79,17.1067,11994.229,202304
702.0,704.0,702.0,704.0,5.2934,3724.1385,34,4.9061,3451.8966,202304
703.0,704.0,703.0,704.0,0.8847,622.8104,4,0.8663,609.8752,202304
704.0,705.0,703.0,703.0,24.3192,17111.8036,97,13.5198,9515.8454,202304
703.0,706.0,703.0,704.0,21.9059,15431.9844,112,13.0646,9207.6467,202304
705.0,705.0,705.0,705.0,6.8853,4854.1365,22,3.828,2698.74,202304
704.0,705.0,704.0,704.0,0.5972,420.9401,7,0.5113,360.4665,202304
704.0,704.0,702.0,703.0,11.6405,8191.9433,42,2.3412,1647.3825,202304
704.0,704.0,703.0,704.0,2.539,1787.424,12,1.5376,1082.4704,202304
704.0,704.0,703.0,703.0,9.4461,6641.9162,33,4.8453,3406.2459,202304
703.0,703.0,703.0,703.0,0.1431,100.5993,1,0.1431,100.5993,202304
702.0,703.0,702.0,703.0,12.3836,8694.9328,32,1.6456,1156.8568,202304
703.0,703.0,702.0,703.0,6.5578,4610.1034,15,2.9895,2101.6185,202304
703.0,704.0,702.0,702.0,3.2994,2318.9522,17,0.5515,387.7638,202304
702.0,703.0,702.0,703.0,9.102,6391.9193,29,3.7934,2664.0784,202304
702.0,702.0,700.0,701.0,12.2232,8568.3214,52,1.5451,1083.2509,202304
700.0,700.0,700.0,700.0,12.7409,8918.63,25,6.6105,4627.35,202304
700.0,702.0,700.0,701.0,4.312,3022.7148,21,2.5197,1767.3125,202304
700.0,701.0,699.0,701.0,5.0729,3553.235,25,2.9944,2098.58,202304
700.0,701.0,700.0,701.0,4.5564,3191.8861,22,3.3758,2365.2537,202304
701.0,701.0,701.0,701.0,0.0,0.0,0,0.0,0.0,202304
701.0,701.0,701.0,701.0,3.3749,2365.8049,19,1.9745,1384.1245,202304
701.0,701.0,701.0,701.0,5.0745,3557.2245,11,0.7619,534.0919,202304
701.0,702.0,701.0,702.0,4.4079,3094.118,20,3.7046,2600.6292,202304
702.0,703.0,702.0,703.0,7.6782,5395.9755,31,5.3103,3733.1409,202304
703.0,703.0,703.0,703.0,1.417,996.151,7,0.0,0.0,202304
703.0,703.0,703.0,703.0,0.0,0.0,0,0.0,0.0,202304
702.0,702.0,700.0,701.0,7.3517,5151.5334,42,0.4831,338.7887,202304
701.0,701.0,701.0,701.0,0.1141,79.9841,2,0.1141,79.9841,202304
700.0,700.0,700.0,700.0,3.058,2140.6,24,0.4295,300.65,202304
700.0,700.0,700.0,700.0,6.9338,4853.66,10,6.9338,4853.66,202304
700.0,700.0,698.0,699.0,10.2415,7151.7488,59,0.0856,59.9055,202304
699.0,701.0,699.0,701.0,21.2684,14877.5184,73,10.3323,7232.8545,202304
700.0,702.0,700.0,702.0,5.4373,3808.5508,32,2.3023,1613.4711,202304
701.0,702.0,701.0,701.0,2.6355,1847.9128,14,1.395,978.3223,202304
701.0,701.0,701.0,701.0,0.0,0.0,0,0.0,0.0,202304
702.0,702.0,702.0,702.0,0.0178,12.4956,1,0.0178,12.4956,202304
701.0,701.0,700.0,701.0,9.4212,6603.4054,32,1.4089,987.6389,202304
700.0,701.0,699.0,699.0,8.3485,5843.6597,35,0.8553,598.7813,202304
699.0,699.0,699.0,699.0,0.0,0.0,0,0.0,0.0,202304
699.0,699.0,699.0,699.0,7.9502,5557.1898,29,0.0,0.0,202304
699.0,699.0,698.0,699.0,0.9101,636.0455,7,0.7957,556.1943,202304
699.0,699.0,699.0,699.0,1.4061,982.8639,9,1.4061,982.8639,202304
699.0,699.0,697.0,697.0,7.6157,5318.351,25,0.0,0.0,202304
698.0,698.0,698.0,698.0,3.4167,2384.8566,12,1.3201,921.4298,202304
698.0,698.0,698.0,698.0,6.5981,4605.4738,23,0.5377,375.3146,202304
698.0,699.0,698.0,699.0,0.5796,404.7039,2,0.1431,100.0269,202304
699.0,700.0,699.0,700.0,9.0799,6347.8797,44,3.0869,2158.7727,202304
699.0,699.0,699.0,699.0,0.0988,69.0612,3,0.0,0.0,202304
699.0,700.0,699.0,699.0,4.6708,3264.9808,25,0.5867,410.1949,202304
699.0,699.0,698.0,698.0,2.558,1787.1133,21,0.0,0.0,202304
699.0,700.0,699.0,700.0,0.7681,536.9305,7,0.7681,536.9305,202304
700.0,701.0,699.0,699.0,15.4702,10827.897,77,10.9546,7668.4349,202304
700.0,701.0,700.0,700.0,22.0986,15477.8334,70,12.3764,8670.7172,202304
699.0,701.0,699.0,700.0,7.6052,5324.112,22,6.9043,4833.51,202304
699.0,701.0,699.0,701.0,2.2234,1555.2383,12,1.0528,736.9889,202304
700.0,702.0,700.0,702.0,3.6538,2562.2908,27,3.1618,2217.5608,202304
701.0,701.0,697.0,697.0,130.3769,91108.9327,249,46.5906,32569.2146,202304
698.0,699.0,698.0,699.0,56.8133,39692.7026,123,53.0645,37073.5552,202304
699.0,700.0,699.0,699.0,8.71,6088.3613,12,0.0713,49.91,202304
700.0,700.0,700.0,700.0,0.0531,37.17,2,0.0531,37.17,202304
699.0,700.0,699.0,700.0,18.0981,12666.4056,47,7.7182,5402.74,202304
699.0,700.0,699.0,700.0,4.7654,3335.7358,11,4.0106,2807.42,202304
701.0,701.0,700.0,701.0,27.0391,18939.774,51,11.2255,7869.0755,202304
701.0,701.0,701.0,701.0,2.0616,1445.1816,7,0.5457,382.5357,202304
701.0,701.0,701.0,701.0,3.0295,2123.6795,14,0.648,454.248,202304
701.0,701.0,701.0,701.0,0.0,0.0,0,0.0,0.0,202304
702.0,702.0,701.0,701.0,9.7398,6835.811,44,5.0562,3549.4524,202304
702.0,702.0,702.0,702.0,2.5587,1796.2074,10,0.8429,591.7158,202304
702.0,703.0,702.0,702.0,7.7413,5436.083,14,7.0307,4937.2418,202304
702.0,702.0,701.0,701.0,2.1613,1516.7326,5,0.0,0.0,202304
701.0,701.0,701.0,701.0,0.0,0.0,0,0.0,0.0,202304
702.0,702.0,702.0,702.0,7.4895,5257.629,14,2.8516,2001.8232,202304
702.0,702.0,702.0,702.0,0.5074,356.1948,2,0.5074,356.1948,202304
701.0,701.0,700.0,701.0,2.1902,1534.8302,15,0.252,176.652,202304
701.0,702.0,701.0,701.0,4.6762,3278.0319,18,4.181,2930.8967,202304
701.0,701.0,700.0,700.0,7.7123,5406.2223,15,7.1186,4990.1386,202304
700.0,700.0,700.0,700.0,0.0,0.0,0,0.0,0.0,202304
701.0,702.0,701.0,701.0,8.4628,5932.4436,13,4.7945,3360.9653,202304
701.0,701.0,699.0,699.0,33.9453,23734.607,94,5.2405,3664.501,202304
700.0,702.0,699.0,702.0,25.7877,18047.1133,87,9.5121,6665.4173,202304
702.0,702.0,702.0,702.0,0.3561,249.9822,1,0.3561,249.9822,202304
702.0,702.0,701.0,701.0,0.2525,177.055,3,0.0525,36.855,202304
701.0,701.0,700.0,701.0,4.0272,2822.5672,15,0.0623,43.6723,202304
701.0,701.0,701.0,701.0,0.0,0.0,0,0.0,0.0,202304
700.0,700.0,699.0,699.0,65.2778,45691.0761,103,46.505,32553.5,202304
700.0,701.0,699.0,699.0,4.2422,2969.6982,17,2.9124,2039.18,202304
700.0,700.0,700.0,700.0,0.07,49.0,2,0.07,49.0,202304
700.0,702.0,700.0,701.0,44.1313,30933.1766,113,30.6528,21486.7481,202304
701.0,701.0,698.0,700.0,35.6576,24952.0855,82,6.5182,4561.1958,202304
699.0,700.0,699.0,700.0,1.2577,880.3455,12,1.1136,779.52,202304
701.0,701.0,700.0,700.0,7.1591,5011.3871,18,6.036,4225.2171,202304
701.0,701.0,701.0,701.0,5.4459,3817.5759,22,5.4459,3817.5759,202304
701.0,702.0,700.0,700.0,4.6758,3277.7292,21,3.297,2311.2193,202304
700.0,701.0,700.0,701.0,7.3679,5157.7916,27,2.0606,1442.6816,202304
700.0,700.0,700.0,700.0,0.0897,62.79,1,0.0,0.0,202304
700.0,700.0,700.0,700.0,1.3,910.0,1,0.0,0.0,202304
700.0,701.0,700.0,700.0,1.7458,1222.3636,7,0.3036,212.8236,202304
701.0,701.0,701.0,701.0,0.461,323.161,5,0.461,323.161,202304
701.0,702.0,701.0,702.0,15.6453,10973.29,40,9.0158,6326.0105,202304
701.0,701.0,698.0,699.0,101.4018,70910.5518,144,1.9579,1370.0857,202304
699.0,703.0,698.0,700.0,561.455,393260.6661,1008,356.5548,249830.9221,202304
701.0,701.0,701.0,701.0,0.2845,199.4345,4,0.2845,199.4345,202304
701.0,702.0,701.0,702.0,4.4011,3086.0305,24,3.0237,2120.4731,202304
702.0,702.0,701.0,702.0,21.9076,15378.3908,73,21.1632,14856.5664,202304
702.0,703.0,702.0,703.0,18.0223,12665.0364,60,17.5225,12313.8468,202304
704.0,705.0,704.0,705.0,18.463,13003.5076,107,12.066,8500.0196,202304
705.0,705.0,704.0,705.0,15.2464,10748.6571,45,15.1915,10710.0075,202304
705.0,705.0,703.0,704.0,13.7488,9677.9672,33,1.8992,1338.783,202304
704.0,704.0,703.0,703.0,11.8745,8355.0409,37,2.828,1990.912,202304
703.0,703.0,701.0,701.0,4.5043,3160.812,23,0.5601,393.2449,202304
702.0,702.0,701.0,701.0,0.4827,338.4,4,0.0273,19.1646,202304
701.0,701.0,700.0,700.0,4.9918,3498.2209,30,0.33,231.33,202304
700.0,700.0,700.0,700.0,0.0272,19.04,1,0.0,0.0,202304
700.0,700.0,699.0,699.0,6.0092,4204.3986,37,0.25,175.0,202304
700.0,700.0,699.0,700.0,17.3073,12111.772,57,13.9693,9778.51,202304
699.0,699.0,698.0,699.0,45.8131,32015.9137,49,0.2861,199.9839,202304
698.0,698.0,696.0,697.0,76.6087,53405.0585,141,7.6498,5330.1449,202304
697.0,699.0,697.0,698.0,22.4076,15644.5018,78,18.4334,12871.1407,202304
699.0,699.0,698.0,699.0,17.5911,12296.1645,54,4.1777,2920.2123,202304
698.0,699.0,698.0,699.0,1.6462,1150.4478,9,0.5588,390.6012,202304
699.0,699.0,699.0,699.0,1.618,1130.982,6,0.5491,383.8209,202304
698.0,698.0,697.0,697.0,16.8876,11780.6422,45,4.1748,2913.3038,202304
697.0,699.0,697.0,698.0,3.0977,2162.0126,16,2.4405,1703.287,202304
698.0,699.0,698.0,699.0,20.2969,14184.5331,26,14.7001,10275.3699,202304
699.0,699.0,698.0,699.0,4.6759,3265.1558,11,0.7139,499.0161,202304
699.0,699.0,697.0,698.0,3.0703,2142.0362,16,0.0873,60.9511,202304
697.0,699.0,697.0,699.0,5.7529,4019.5205,16,5.2483,3667.8143,202304
698.0,698.0,698.0,698.0,8.3845,5852.381,24,2.87,2003.26,202304
698.0,698.0,698.0,698.0,6.3521,4433.7658,14,6.3364,4422.8072,202304
698.0,699.0,698.0,699.0,8.031,5606.1607,28,4.224,2948.8747,202304
699.0,700.0,698.0,699.0,10.3283,7218.5587,35,5.6166,3926.5774,202304
698.0,698.0,698.0,698.0,1.0,698.0,2,0.0,0.0,202304
698.0,699.0,698.0,699.0,14.0443,9803.1815,32,6.1264,4276.4873,202304
699.0,699.0,697.0,697.0,13.0402,9091.8933,19,0.0316,22.0884,202304
697.0,698.0,697.0,698.0,4.1572,2900.44,10,2.8716,2004.3768,202304
699.0,699.0,698.0,699.0,3.8775,2710.2425,13,3.0769,2150.7531,202304
700.0,701.0,700.0,701.0,10.3557,7250.5509,47,6.7069,4696.3909,202304
700.0,700.0,700.0,700.0,2.4681,1727.67,8,0.0,0.0,202304
700.0,700.0,700.0,700.0,2.4529,1717.03,10,0.0,0.0,202304
700.0,701.0,700.0,701.0,6.9944,4898.264,10,6.9944,4898.264,202304
701.0,701.0,700.0,700.0,1.0987,770.0333,4,0.9433,661.2533,202304
701.0,701.0,701.0,701.0,15.1021,10586.5721,30,14.0521,9850.5221,202304
701.0,702.0,701.0,702.0,4.0012,2804.8625,12,3.001,2103.7223,202304
701.0,701.0,700.0,700.0,6.1928,4338.3375,21,0.6834,479.0634,202304
700.0,701.0,700.0,700.0,4.2365,2965.5645,18,3.2995,2309.6645,202304
700.0,700.0,700.0,700.0,4.6025,3221.75,12,0.0,0.0,202304
700.0,700.0,700.0,700.0,0.8752,612.64,4,0.0,0.0,202304
700.0,700.0,700.0,700.0,0.2075,145.25,3,0.0,0.0,202304
700.0,700.0,700.0,700.0,0.0279,19.53,1,0.0279,19.53,202304
700.0,700.0,699.0,699.0,1.7833,1248.2397,8,1.713,1199.1,202304
699.0,699.0,698.0,698.0,8.4102,5878.0796,22,0.6706,468.7494,202304
698.0,698.0,697.0,697.0,5.6988,3977.748,35,1.6493,1151.2114,202304
697.0,698.0,697.0,698.0,1.3837,964.7229,14,0.284,198.232,202304
697.0,698.0,696.0,696.0,7.2518,5050.1398,48,3.2528,2264.7283,202304
696.0,696.0,693.0,696.0,72.7842,50577.8097,190,52.6071,36571.9125,202304
696.0,696.0,695.0,695.0,64.2259,44688.8777,175,13.8844,9663.5424,202304
695.0,696.0,693.0,695.0,127.1635,88304.4251,310,68.9455,47891.6631,202304
695.0,697.0,695.0,697.0,21.1334,14718.2865,73,19.4507,13546.7181,202304
698.0,699.0,697.0,697.0,21.8378,15248.9554,77,18.9523,13235.128,202304
698.0,698.0,697.0,697.0,4.4282,3089.6888,11,2.5329,1767.9642,202304
697.0,699.0,697.0,698.0,11.5886,8089.3858,29,11.5299,8048.4432,202304
699.0,699.0,699.0,699.0,0.8266,577.7934,9,0.8266,577.7934,202304
699.0,702.0,697.0,698.0,76.8517,53700.7272,333,36.1104,25252.2862,202304
698.0,699.0,698.0,699.0,15.2981,10689.2195,46,11.6399,8134.1836,202304
699.0,699.0,699.0,699.0,14.8031,10347.3669,26,11.0571,7728.9129,202304
699.0,699.0,697.0,697.0,19.9584,13945.4953,50,12.1248,8473.6834,202304
697.0,698.0,697.0,697.0,29.6722,20698.0498,62,18.8804,13169.1522,202304
697.0,697.0,697.0,697.0,20.5386,14315.4042,46,14.0056,9761.9032,202304
696.0,698.0,696.0,697.0,20.8694,14545.9878,70,12.0095,8370.9665,202304
697.0,697.0,695.0,696.0,88.9161,61873.8199,127,29.6993,20671.8448,202304
696.0,697.0,696.0,697.0,6.8146,4746.0437,27,2.979,2075.8402,202304
698.0,698.0,697.0,698.0,12.4264,8668.1738,51,10.087,7037.612,202304
698.0,699.0,698.0,698.0,18.9169,13205.4962,31,11.9795,8363.191,202304
699.0,700.0,699.0,700.0,16.8953,11817.6723,65,15.0324,10514.1937,202304
700.0,700.0,699.0,699.0,30.9941,21693.6556,66,0.0793,55.51,202304
699.0,700.0,698.0,700.0,11.0993,7764.6825,49,9.4489,6611.6529,202304
699.0,699.0,688.0,692.0,111.5142,77273.4599,475,38.1464,26377.5964,202304
692.0,695.0,691.0,692.0,27.0423,18754.3355,150,15.4045,10684.8446,202304
693.0,694.0,692.0,694.0,14.8983,10330.3072,89,6.669,4625.5677,202304
694.0,694.0,694.0,694.0,1.4981,1039.6814,9,0.6676,463.3144,202304
694.0,694.0,694.0,694.0,4.6801,3247.9894,19,2.6314,1826.1916,202304
695.0,698.0,695.0,698.0,11.8577,8258.086,74,9.9116,6903.526,202304
697.0,697.0,696.0,697.0,11.0317,7687.0949,32,2.1678,1510.9566,202304
698.0,698.0,697.0,698.0,16.0352,11190.5685,26,14.0341,9795.8018,202304
698.0,699.0,698.0,699.0,4.8277,3372.0253,43,4.387,3063.9971,202304
699.0,699.0,698.0,698.0,5.7245,4000.4255,8,0.0,0.0,202304
698.0,698.0,698.0,698.0,5.4922,3833.5556,38,2.2444,1566.5912,202304
697.0,697.0,696.0,696.0,11.7681,8197.5953,48,4.6333,3228.1901,202304
696.0,696.0,696.0,696.0,10.3358,7193.7168,27,3.9389,2741.4744,202304
695.0,697.0,695.0,697.0,10.0313,6989.1263,43,9.4313,6572.1263,202304
697.0,697.0,697.0,697.0,5.0432,3515.1104,14,0.6639,462.7383,202304
696.0,697.0,695.0,695.0,17.5547,12206.8044,59,5.4914,3816.9084,202304
695.0,695.0,692.0,693.0,82.6344,57320.1924,196,19.4563,13502.6432,202304
693.0,694.0,692.0,694.0,32.7769,22731.2253,89,28.3834,19687.1702,202304
694.0,694.0,693.0,693.0,12.412,8604.7524,34,4.5348,3143.4778,202304
692.0,694.0,692.0,694.0,9.4443,6542.1828,49,6.4545,4472.2177,202304
693.0,695.0,693.0,695.0,2.2129,1535.53,19,1.3849,961.148,202304
695.0,695.0,694.0,694.0,21.094,14656.0505,55,1.5573,1082.3235,202304
694.0,695.0,694.0,695.0,56.6645,39350.8821,101,39.5169,27450.4477,202304
695.0,695.0,694.0,695.0,2.601,1807.5508,9,1.728,1200.96,202304
695.0,696.0,695.0,695.0,4.6812,3253.4908,12,1.2106,841.4238,202304
696.0,696.0,695.0,696.0,16.1924,11253.773,24,2.7707,1925.6915,202304
696.0,697.0,696.0,696.0,11.409,7942.8356,38,10.8588,7559.8964,202304
696.0,696.0,695.0,696.0,12.1346,8445.637,37,0.3491,242.9736,202304
696.0,697.0,696.0,697.0,0.635,442.57,8,0.61,425.17,202304
697.0,699.0,697.0,698.0,7.4062,5166.3296,33,7.3898,5154.8824,202304
699.0,699.0,699.0,699.0,11.892,8312.508,46,5.615,3924.885,202304
699.0,699.0,696.0,696.0,32.443,22638.31,69,2.673,1863.1202,202304
697.0,697.0,697.0,697.0,23.5259,16397.5523,39,12.8218,8936.7946,202304
697.0,697.0,696.0,696.0,12.8334,8933.3171,37,6.1536,4284.1763,202304
697.0,698.0,696.0,696.0,12.4466,8674.5032,40,4.206,2931.805,202304
696.0,696.0,695.0,696.0,9.9838,6948.5533,28,1.7202,1197.2592,202304
696.0,696.0,696.0,696.0,14.8796,10356.2016,19,14.737,10256.952,202304
697.0,698.0,696.0,696.0,18.2746,12737.9343,43,6.943,4839.844,202304
697.0,698.0,697.0,697.0,3.4381,2396.6405,13,2.719,1895.4278,202304
698.0,698.0,697.0,697.0,21.9215,15298.287,51,4.9103,3427.3894,202304
698.0,699.0,698.0,698.0,7.4422,5195.3069,26,1.9995,1396.3023,202304
698.0,698.0,698.0,698.0,3.8664,2698.7472,10,0.6465,451.257,202304
698.0,698.0,698.0,698.0,0.7324,511.2152,3,0.7324,511.2152,202304
697.0,698.0,697.0,697.0,19.3624,13496.0228,54,1.9535,1362.0195,202304
696.0,697.0,695.0,697.0,14.5566,10133.1284,31,4.4022,3065.6842,202304
696.0,698.0,696.0,698.0,6.3416,4422.5403,28,5.6101,3912.3685,202304
698.0,698.0,696.0,696.0,8.184,5707.1723,25,0.4307,300.2253,202304
697.0,697.0,697.0,697.0,2.1179,1476.1763,8,1.7053,1188.5941,202304
697.0,697.0,697.0,697.0,2.0972,1461.7484,3,0.0,0.0,202304
698.0,698.0,697.0,697.0,11.5418,8053.1519,30,7.4361,5190.3978,202304
697.0,698.0,696.0,697.0,33.9076,23633.5647,68,2.9266,2040.3137,202304
698.0,698.0,698.0,698.0,4.4504,3106.3792,17,3.8785,2707.193,202304
698.0,698.0,697.0,697.0,7.3824,5151.3514,16,0.43,300.14,202304
697.0,697.0,696.0,696.0,17.1073,11912.1104,62,3.4709,2416.4291,202304
696.0,697.0,696.0,696.0,5.2932,3685.0672,21,4.0991,2853.9736,202304
697.0,698.0,697.0,697.0,5.318,3706.6617,11,4.8888,3407.5093,202304
697.0,697.0,697.0,697.0,6.1565,4291.0805,25,0.0281,19.5857,202304
696.0,696.0,696.0,696.0,5.1963,3616.6248,20,1.6265,1132.044,202304
697.0,697.0,696.0,697.0,14.7392,10271.2224,41,4.9474,3448.3378,202304
697.0,698.0,697.0,698.0,5.9802,4170.0614,11,5.4327,3788.4539,202304
698.0,698.0,698.0,698.0,8.2538,5761.1524,25,7.2799,5081.3702,202304
698.0,699.0,698.0,699.0,4.3573,3041.6741,18,1.4307,998.9073,202304
699.0,699.0,699.0,699.0,5.155,3603.345,8,5.155,3603.345,202304
698.0,699.0,698.0,699.0,8.6837,6065.013,12,3.7904,2649.4896,202304
699.0,703.0,699.0,702.0,53.3308,37328.4102,155,44.324,31028.2029,202304
702.0,702.0,700.0,700.0,14.1584,9929.6095,38,0.3607,252.5364,202304
700.0,701.0,700.0,701.0,3.4051,2384.5863,12,2.7405,1919.3663,202304
700.0,701.0,700.0,701.0,6.9506,4865.849,15,1.8224,1276.109,202304
700.0,701.0,700.0,701.0,23.1687,16220.9754,45,11.8035,8265.3354,202304
700.0,700.0,700.0,700.0,8.1796,5725.72,21,0.429,300.3,202304
700.0,700.0,700.0,700.0,0.7784,544.88,7,0.7784,544.88,202304
700.0,700.0,700.0,700.0,10.313,7219.1,32,2.9428,2059.96,202304
701.0,701.0,700.0,700.0,9.3614,6552.9942,34,5.1747,3622.3042,202304
700.0,700.0,700.0,700.0,0.0,0.0,0,0.0,0.0,202304
699.0,699.0,699.0,699.0,3.8636,2700.6564,20,0.33,230.67,202304
698.0,699.0,698.0,698.0,0.9534,665.9023,10,0.4291,299.9409,202304
698.0,698.0,698.0,698.0,0.0,0.0,0,0.0,0.0,202304
699.0,699.0,699.0,699.0,4.518,3158.082,11,3.9715,2776.0785,202304
699.0,699.0,699.0,699.0,4.6732,3266.5668,8,2.1877,1529.2023,202304
699.0,699.0,699.0,699.0,0.0,0.0,0,0.0,0.0,202304
699.0,699.0,699.0,699.0,0.0,0.0,0,0.0,0.0,202304
698.0,699.0,698.0,699.0,0.0325,22.703,2,0.018,12.582,202304
699.0,699.0,699.0,699.0,1.0932,764.1468,9,1.0932,764.1468,202304
699.0,700.0,699.0,700.0,3.8819,2713.8771,10,3.1699,2216.1891,202304
700.0,700.0,700.0,700.0,0.0,0.0,0,0.0,0.0,202304
700.0,701.0,699.0,699.0,13.7893,9653.5902,46,5.6776,3976.4107,202304
700.0,701.0,700.0,700.0,6.2471,4373.2329,27,1.8485,1294.2129,202304
700.0,700.0,699.0,700.0,2.8401,1986.8712,8,0.0231,16.17,202304
700.0,701.0,699.0,700.0,7.7353,5414.3378,29,5.44,3808.429,202304
700.0,701.0,700.0,700.0,19.6668,13767.4128,45,16.4656,11526.5728,202304
700.0,701.0,700.0,701.0,7.9643,5575.439,16,6.919,4843.729,202304
701.0,701.0,701.0,701.0,0.7131,499.8831,1,0.7131,499.8831,202304
700.0,700.0,700.0,700.0,7.2783,5094.81,15,0.0264,18.48,202304
700.0,700.0,699.0,699.0,0.1737,121.5755,3,0.1592,111.44,202304
699.0,699.0,698.0,698.0,5.7507,4017.9566,20,0.6706,468.7494,202304
698.0,699.0,698.0,699.0,0.038,26.5476,2,0.0236,16.4964,202304
698.0,698.0,697.0,697.0,8.119,5662.1138,14,0.3448,240.6704,202304
697.0,698.0,697.0,697.0,3.7011,2582.454,19,2.7873,1945.5354,202304
697.0,697.0,697.0,697.0,5.2134,3633.7398,17,0.33,230.01,202304
697.0,698.0,697.0,697.0,16.7108,11647.8566,23,11.5272,8034.8874,202304
697.0,699.0,697.0,698.0,26.8263,18725.4154,58,7.4994,5235.4392,202304
699.0,699.0,699.0,699.0,1.5013,1049.4087,11,1.5013,1049.4087,202304
698.0,698.0,698.0,698.0,0.1616,112.7968,1,0.0,0.0,202304
698.0,699.0,698.0,698.0,6.4308,4489.1984,36,1.6171,1129.2358,202304
698.0,700.0,698.0,699.0,15.8282,11059.0277,43,3.5052,2450.9928,202304
699.0,700.0,699.0,700.0,2.771,1937.358,11,2.1467,1500.9723,202304
699.0,699.0,699.0,699.0,0.0541,37.8159,1,0.0,0.0,202304
699.0,699.0,699.0,699.0,0.08,55.92,1,0.0,0.0,202304
699.0,699.0,699.0,699.0,0.2107,147.2793,2,0.0,0.0,202304
699.0,700.0,699.0,700.0,0.3357,234.9543,4,0.3,210.0,202304
699.0,700.0,698.0,698.0,6.904,4826.1358,21,5.9141,4134.213,202304
699.0,699.0,699.0,699.0,0.017,11.883,1,0.017,11.883,202304
699.0,700.0,699.0,700.0,3.1165,2179.862,17,2.9158,2039.5727,202304
699.0,699.0,699.0,699.0,0.0143,9.9957,1,0.0,0.0,202304
699.0,700.0,699.0,699.0,9.3544,6538.7739,30,1.3027,910.6356,202304
699.0,699.0,698.0,698.0,7.3717,5152.7422,20,1.302,910.098,202304
698.0,698.0,698.0,698.0,7.2094,5032.1612,22,0.33,230.34,202304
698.0,698.0,698.0,698.0,3.9254,2739.9292,16,1.7863,1246.8374,202304
698.0,698.0,698.0,698.0,4.2674,2978.6452,11,0.6075,424.035,202304
698.0,699.0,698.0,698.0,13.4515,9389.576,24,6.1776,4312.3938,202304
699.0,699.0,698.0,698.0,0.0637,44.4898,2,0.0272,19.0128,202304
698.0,698.0,698.0,698.0,0.0,0.0,0,0.0,0.0,202304
698.0,700.0,698.0,699.0,18.8469,13164.877,56,5.9592,4164.3047,202304
699.0,700.0,698.0,699.0,3.2742,2288.8719,20,2.4502,1713.1188,202304
699.0,699.0,698.0,698.0,4.4843,3134.4971,17,4.4557,3114.5343,202304
699.0,700.0,699.0,699.0,10.1622,7104.307,37,5.3447,3736.8745,202304
698.0,698.0,697.0,697.0,36.9803,25811.4861,72,2.6028,1816.7544,202304
697.0,697.0,697.0,697.0,0.0,0.0,0,0.0,0.0,202304
698.0,699.0,698.0,699.0,8.0036,5593.7742,42,6.7542,4720.4797,202304
699.0,701.0,699.0,700.0,3.8055,2663.994,34,2.7789,1945.659,202304
699.0,700.0,699.0,700.0,3.0731,2151.095,13,2.9981,2098.67,202304
700.0,701.0,699.0,700.0,11.5664,8096.1601,59,4.6777,3274.8111,202304
700.0,700.0,700.0,700.0,0.0,0.0,0,0.0,0.0,202304
699.0,699.0,699.0,699.0,0.0272,19.0128,1,0.0,0.0,202304
699.0,699.0,696.0,696.0,21.109,14712.4966,88,5.21,3627.8418,202304
696.0,696.0,696.0,696.0,5.2811,3675.6456,8,0.0,0.0,202304
696.0,697.0,696.0,697.0,9.1435,6366.6179,35,5.8151,4050.0155,202304
697.0,698.0,697.0,698.0,3.6218,2524.8236,9,2.7906,1945.4772,202304
697.0,699.0,697.0,699.0,14.3296,9998.6827,42,5.9856,4177.8314,202304
699.0,699.0,698.0,699.0,5.1093,3571.3734,28,4.8074,3360.3726,202304
699.0,700.0,699.0,699.0,5.9859,4185.9421,37,2.3915,1673.4565,202304
699.0,699.0,699.0,699.0,4.8978,3423.5622,22,1.3806,965.0394,202304
700.0,700.0,700.0,700.0,0.0441,30.87,2,0.0441,30.87,202304
700.0,700.0,700.0,700.0,0.0,0.0,0,0.0,0.0,202304
700.0,701.0,699.0,700.0,22.7317,15912.6053,77,5.8656,4106.35,202304
700.0,701.0,700.0,701.0,4.5505,3188.495,25,3.8368,2688.905,202304
701.0,703.0,701.0,702.0,16.2803,11426.9527,138,11.3255,7952.2264,202304
702.0,702.0,702.0,702.0,7.0918,4978.4436,22,0.3621,254.1942,202304
701.0,701.0,701.0,701.0,8.1064,5682.5864,37,3.163,2217.263,202304
702.0,702.0,702.0,702.0,0.6139,430.9578,1,0.6139,430.9578,202304
701.0,701.0,701.0,701.0,0.7,490.7,2,0.0,0.0,202304
701.0,702.0,701.0,702.0,0.5426,380.8628,5,0.5002,351.1404,202304
701.0,701.0,701.0,701.0,0.028,19.628,1,0.0,0.0,202304
701.0,701.0,701.0,701.0,0.215,150.715,1,0.0,0.0,202304
702.0,702.0,701.0,701.0,26.3858,18496.4986,34,10.295,7216.8478,202304
701.0,702.0,701.0,702.0,2.9895,2098.129,17,1.4806,1039.3812,202304
703.0,703.0,703.0,703.0,9.3556,6576.9868,9,9.3556,6576.9868,202304
703.0,704.0,703.0,704.0,9.51,6688.2926,55,9.3897,6603.7217,202304
704.0,705.0,704.0,704.0,21.2761,14979.7675,64,10.8917,7669.1499,202304
704.0,704.0,703.0,703.0,4.846,3410.9398,15,0.0,0.0,202304
704.0,704.0,702.0,702.0,8.5663,6023.7469,43,2.1462,1510.5875,202304
702.0,703.0,701.0,702.0,10.0221,7033.5498,20,0.3656,256.6868,202304
702.0,702.0,700.0,702.0,24.0826,16879.7741,68,8.8494,6208.374,202304
702.0,702.0,701.0,701.0,4.1852,2934.3527,4,0.5275,370.305,202304
701.0,702.0,701.0,701.0,2.6569,1862.5015,6,0.0146,10.2492,202304
701.0,702.0,701.0,702.0,0.1174,82.3258,2,0.0284,19.9368,202304
702.0,705.0,702.0,703.0,109.6424,77148.913,178,90.2719,63512.4314,202304
703.0,703.0,703.0,703.0,0.3,210.9,1,0.0,0.0,202304
703.0,703.0,702.0,702.0,55.5268,38997.8459,57,0.3129,219.9687,202304
702.0,702.0,702.0,702.0,0.0,0.0,0,0.0,0.0,202304
702.0,702.0,702.0,702.0,0.0712,49.9824,1,0.0,0.0,202304
703.0,703.0,702.0,702.0,4.7536,3338.2256,25,1.5376,1080.5936,202304
702.0,703.0,702.0,702.0,2.3745,1666.9559,18,2.3243,1631.7155,202304
703.0,703.0,703.0,703.0,0.0144,10.1232,1,0.0144,10.1232,202304
703.0,703.0,703.0,703.0,1.3291,934.3573,12,1.3291,934.3573,202304
703.0,704.0,703.0,703.0,1.5711,1104.9103,9,1.5175,1067.2295,202304
703.0,704.0,703.0,704.0,11.8677,8351.8383,74,8.3054,5844.6083,202304
704.0,705.0,704.0,704.0,2.7344,1925.7992,14,1.7255,1215.5336,202304
704.0,704.0,704.0,704.0,0.0341,24.0064,1,0.0341,24.0064,202304
703.0,703.0,703.0,703.0,0.0145,10.1935,1,0.0,0.0,202304
703.0,703.0,703.0,703.0,0.0,0.0,0,0.0,0.0,202304
703.0,703.0,703.0,703.0,0.0,0.0,0,0.0,0.0,202304
704.0,704.0,704.0,704.0,6.1668,4341.4272,10,6.1668,4341.4272,202304
704.0,704.0,703.0,704.0,10.5233,7406.4032,38,5.1141,3600.3264,202304
704.0,705.0,704.0,704.0,1.1601,817.0395,8,1.1101,781.8395,202304
704.0,704.0,704.0,704.0,4.6432,3268.8128,9,2.4045,1692.768,202304
704.0,705.0,704.0,704.0,1.1042,778.3334,15,0.9766,688.503,202304
705.0,705.0,704.0,704.0,13.4834,9492.6011,24,1.3211,930.3419,202304
703.0,703.0,703.0,703.0,5.0596,3556.8988,18,0.0,0.0,202304
704.0,704.0,703.0,703.0,0.5103,359.1312,2,0.3903,274.7712,202304
703.0,703.0,702.0,703.0,6.6757,4692.8871,23,3.41,2397.23,202304
703.0,703.0,703.0,703.0,0.09,63.27,1,0.09,63.27,202304
702.0,703.0,701.0,703.0,14.9737,10508.8015,46,8.281,5813.5261,202304
703.0,704.0,703.0,703.0,74.0097,52081.8191,98,64.3554,45287.4162,202304
703.0,703.0,703.0,703.0,1.3869,974.9907,2,0.0,0.0,202304
704.0,704.0,704.0,704.0,7.5827,5338.2208,32,2.3018,1620.4672,202304
704.0,705.0,704.0,705.0,3.3518,2362.2232,25,3.2175,2267.676,202304
705.0,706.0,704.0,704.0,19.5058,13751.0922,57,4.7191,3327.0374,202304
704.0,704.0,704.0,704.0,0.0,0.0,0,0.0,0.0,202304
705.0,705.0,705.0,705.0,0.0458,32.289,2,0.0458,32.289,202304
704.0,705.0,703.0,703.0,7.3927,5203.4859,26,1.7144,1207.6146,202304
703.0,703.0,702.0,703.0,2.3203,1630.1709,18,0.33,231.99,202304
702.0,704.0,702.0,704.0,5.467,3843.8168,11,5.1276,3605.5264,202304
704.0,704.0,704.0,704.0,8.0234,5648.4736,28,5.574,3924.096,202304
704.0,704.0,703.0,703.0,2.5451,1790.4063,5,0.5505,387.552,202304
704.0,704.0,703.0,703.0,4.3713,3077.1464,11,1.4039,988.3456,202304
704.0,705.0,703.0,703.0,2.7728,1951.5969,12,0.7432,523.3388,202304
704.0,704.0,704.0,704.0,0.0215,15.136,1,0.0215,15.136,202304
704.0,704.0,703.0,703.0,5.1016,3590.9405,22,0.6237,439.0848,202304
704.0,704.0,704.0,704.0,7.4457,5241.7728,7,7.0746,4980.5184,202304
704.0,704.0,704.0,704.0,2.7288,1921.0752,12,1.0446,735.3984,202304
703.0,703.0,703.0,703.0,9.0808,6383.8024,44,1.6296,1145.6088,202304
703.0,705.0,703.0,705.0,7.1191,5008.8673,31,7.1191,5008.8673,202304
704.0,704.0,703.0,703.0,1.704,1198.7329,8,0.0289,20.3456,202304
703.0,704.0,703.0,704.0,0.7775,546.7245,4,0.142,99.968,202304
703.0,704.0,703.0,704.0,0.1958,137.6756,2,0.0282,19.8528,202304
704.0,704.0,703.0,704.0,29.653,20850.5395,91,9.6765,6807.06,202304
704.0,705.0,703.0,703.0,5.2737,3712.4086,32,3.5798,2520.246,202304
703.0,703.0,703.0,703.0,0.0,0.0,0,0.0,0.0,202304
703.0,704.0,703.0,704.0,4.3637,3072.0292,10,4.3481,3061.0624,202304
704.0,705.0,704.0,704.0,7.0868,4989.9592,26,3.8932,2741.6648,202304
703.0,703.0,702.0,702.0,5.0311,3534.3662,23,0.7689,540.5367,202304
703.0,703.0,701.0,701.0,15.9141,11160.015,184,0.0283,19.8949,202304
701.0,701.0,700.0,701.0,8.0531,5645.1183,61,1.1492,805.5892,202304
700.0,701.0,700.0,701.0,3.0869,2160.886,67,0.056,39.256,202304
701.0,701.0,700.0,700.0,0.3213,225.21,2,0.3,210.3,202304
701.0,701.0,700.0,700.0,16.488,11557.5407,34,8.6661,6074.9361,202304
700.0,700.0,700.0,700.0,2.6944,1886.08,20,1.1815,827.05,202304
701.0,701.0,700.0,701.0,0.3497,244.9823,8,0.1923,134.8023,202304
701.0,701.0,700.0,700.0,0.193,135.1356,2,0.0356,24.9556,202304
700.0,700.0,700.0,700.0,0.0,0.0,0,0.0,0.0,202304
700.0,701.0,700.0,701.0,4.8451,3391.6212,23,0.0512,35.8912,202304
701.0,701.0,700.0,700.0,1.257,879.9305,7,0.0305,21.3805,202304
700.0,701.0,699.0,701.0,13.2636,9284.4598,48,8.9625,6274.75,202304
701.0,701.0,700.0,700.0,2.3862,1670.3811,4,0.0411,28.8111,202304
700.0,701.0,700.0,701.0,7.0565,4946.2415,38,5.7592,4037.1992,202304
701.0,702.0,701.0,701.0,2.9785,2089.7125,14,2.9641,2079.6181,202304
702.0,704.0,702.0,704.0,13.5212,9504.2206,100,10.6232,7467.3865,202304
704.0,704.0,703.0,703.0,1.9164,1347.3574,11,0.1282,90.2528,202304
703.0,704.0,703.0,703.0,2.3403,1645.6589,10,1.9162,1347.5166,202304
703.0,704.0,702.0,704.0,33.5049,23580.5426,56,32.8262,23103.4784,202304
704.0,704.0,702.0,704.0,6.2682,4407.9799,40,2.1783,1532.8382,202304
704.0,704.0,704.0,704.0,4.7494,3343.5776,39,3.9134,2755.0336,202304
704.0,704.0,703.0,703.0,5.069,3567.961,21,0.9782,688.6528,202304
703.0,703.0,702.0,702.0,5.9778,4202.3417,22,0.3012,211.7436,202304
703.0,703.0,702.0,703.0,10.6185,7464.7799,29,5.3092,3732.3676,202304
703.0,704.0,703.0,704.0,4.8188,3388.6164,14,3.6843,2591.0629,202304
704.0,704.0,703.0,703.0,8.1017,5696.0628,25,0.5677,399.6608,202304
703.0,703.0,702.0,702.0,0.8144,572.1358,10,0.427,300.181,202304
703.0,703.0,703.0,703.0,3.6903,2594.2809,34,2.3227,1632.8581,202304
704.0,704.0,703.0,703.0,7.2269,5085.2391,52,4.7284,3328.7936,202304
703.0,705.0,703.0,704.0,12.5464,8831.6418,49,7.9538,5601.2737,202304
703.0,704.0,703.0,704.0,1.5473,1088.2726,5,0.5207,366.5728,202304
703.0,704.0,702.0,703.0,31.6952,22282.9917,66,2.4003,1688.6914,202304
703.0,704.0,703.0,704.0,0.8659,608.7556,2,0.0279,19.6416,202304
704.0,704.0,703.0,704.0,3.0973,2177.8432,11,0.9918,697.6767,202304
703.0,703.0,702.0,702.0,1.6499,1159.8647,11,0.0,0.0,202304
703.0,703.0,703.0,703.0,7.864,5528.392,23,7.864,5528.392,202304
703.0,704.0,702.0,703.0,7.2418,5091.7341,31,2.8736,2020.9398,202304
704.0,704.0,703.0,703.0,0.4322,304.2516,4,0.415,292.16,202304
704.0,704.0,702.0,702.0,16.7202,11748.7965,62,0.5924,416.9832,202304
703.0,703.0,703.0,703.0,5.5346,3890.8238,27,5.5346,3890.8238,202304
703.0,703.0,702.0,702.0,14.9651,10506.3897,37,2.3165,1627.0725,202304
702.0,703.0,702.0,703.0,15.569,10932.0115,46,10.5197,7387.4029,202304
703.0,704.0,703.0,703.0,10.103,7104.457,26,9.0859,6389.4357,202304
704.0,705.0,704.0,705.0,13.2838,9352.8001,46,8.0824,5691.0145,202304
704.0,704.0,704.0,704.0,2.7582,1941.7728,10,0.427,300.608,202304
704.0,705.0,704.0,704.0,7.7048,5424.6062,29,6.4915,4570.443,202304
704.0,705.0,704.0,704.0,3.0462,2144.6455,14,0.1207,85.0935,202304
704.0,704.0,704.0,704.0,0.8969,631.4176,5,0.8969,631.4176,202304
704.0,704.0,704.0,704.0,1.5905,1119.712,15,1.5905,1119.712,202304
704.0,705.0,704.0,704.0,1.9201,1352.0451,18,1.8562,1307.0595,202304
704.0,704.0,704.0,704.0,11.6715,8216.736,32,4.9956,3516.9024,202304
705.0,705.0,704.0,705.0,1.4223,1002.7038,20,1.4046,990.243,202304
705.0,705.0,704.0,705.0,10.8469,7638.2694,40,3.4394,2423.3894,202304
704.0,705.0,704.0,705.0,1.1663,821.9272,5,0.852,600.66,202304
705.0,705.0,704.0,705.0,7.9816,5626.9751,50,7.9287,5589.7335,202304
705.0,705.0,704.0,705.0,11.7936,8304.5449,30,1.8505,1304.6025,202304
705.0,706.0,704.0,706.0,11.4106,8051.0838,60,10.866,7667.1693,202304
706.0,707.0,705.0,705.0,27.6688,19513.7232,81,4.6292,3268.3274,202304
705.0,706.0,704.0,706.0,12.2905,8669.3941,44,9.919,6997.5011,202304
706.0,707.0,706.0,706.0,6.5109,4597.5566,63,3.5724,2522.9756,202304
706.0,706.0,705.0,706.0,7.6256,5382.6583,54,6.6103,4666.8718,202304
706.0,707.0,705.0,707.0,5.7121,4032.7984,30,5.5961,3951.0184,202304
707.0,708.0,707.0,707.0,13.1074,9267.6181,67,4.6504,3288.5191,202304
708.0,708.0,708.0,708.0,14.4222,10210.9176,36,13.767,9747.036,202304
708.0,708.0,707.0,708.0,3.1203,2209.1542,21,3.1021,2196.2868,202304
708.0,708.0,707.0,708.0,4.776,3381.2815,25,4.6495,3291.846,202304
708.0,710.0,708.0,709.0,18.3974,13045.6337,91,17.4078,12344.1232,202304
709.0,713.0,709.0,713.0,127.8529,90881.856,282,108.8267,77370.03,202304
712.0,713.0,711.0,713.0,25.2359,17968.2753,98,9.8742,7032.2857,202304
712.0,712.0,711.0,712.0,20.6662,14712.2904,44,1.9057,1356.8584,202304
711.0,711.0,710.0,711.0,9.9296,7059.5994,49,4.1484,2949.5124,202304
711.0,712.0,710.0,711.0,20.3328,14464.4051,51,12.3447,8786.6586,202304
711.0,711.0,711.0,711.0,0.388,275.868,2,0.0,0.0,202304
711.0,711.0,710.0,711.0,5.5441,3941.2141,26,0.3259,231.7149,202304
711.0,711.0,711.0,711.0,5.4558,3879.0738,25,4.2342,3010.5162,202304
711.0,711.0,710.0,710.0,14.1687,10072.5863,25,3.1387,2231.6157,202304
711.0,711.0,711.0,711.0,1.0,711.0,5,1.0,711.0,202304
710.0,711.0,710.0,711.0,4.452,3164.819,10,3.899,2772.189,202304
711.0,712.0,711.0,711.0,16.054,11414.816,28,6.9989,4976.6399,202304
711.0,713.0,711.0,712.0,10.3239,7344.8187,46,7.3788,5250.3415,202304
712.0,712.0,710.0,710.0,11.0108,7833.1591,51,3.5873,2553.3455,202304
710.0,711.0,709.0,710.0,26.0268,18477.9983,76,10.7791,7653.5148,202304
711.0,711.0,711.0,711.0,1.7436,1239.6996,4,1.7436,1239.6996,202304
710.0,712.0,710.0,710.0,20.6143,14650.3451,67,9.8159,6980.219,202304
711.0,711.0,710.0,710.0,10.8203,7687.9072,53,5.9076,4198.0884,202304
710.0,711.0,710.0,711.0,6.3634,4519.7352,25,6.3634,4519.7352,202304
711.0,712.0,711.0,712.0,4.6272,3291.4982,24,4.0279,2865.3959,202304
712.0,713.0,712.0,712.0,12.9311,9207.3662,51,4.1517,2956.4334,202304
712.0,713.0,711.0,712.0,7.7131,5492.1348,26,2.9189,2078.6798,202304
712.0,714.0,712.0,713.0,25.099,17894.8433,109,15.2454,10869.4392,202304
713.0,713.0,712.0,712.0,0.5527,393.9901,4,0.4677,333.4701,202304
712.0,712.0,706.0,708.0,58.1633,41235.6754,232,13.579,9637.0014,202304
708.0,711.0,708.0,709.0,19.6271,13921.5785,81,9.0443,6414.5565,202304
709.0,709.0,709.0,709.0,7.1043,5036.9487,16,6.5654,4654.8686,202304
709.0,710.0,709.0,709.0,13.5602,9627.2752,35,8.9595,6361.245,202304
709.0,709.0,709.0,709.0,0.015,10.635,1,0.0,0.0,202304
709.0,709.0,709.0,709.0,0.0,0.0,0,0.0,0.0,202304
710.0,711.0,710.0,710.0,10.858,7709.2123,27,2.8618,2031.9103,202304
709.0,710.0,708.0,708.0,10.401,7374.2472,40,1.9244,1364.4206,202304
708.0,708.0,708.0,708.0,4.5709,3236.1972,14,0.0,0.0,202304
708.0,710.0,708.0,709.0,9.6904,6870.8606,37,8.393,5951.06,202304
709.0,709.0,709.0,709.0,0.5003,354.7127,1,0.0,0.0,202304
710.0,710.0,710.0,710.0,8.5078,6040.538,36,4.9776,3534.096,202304
710.0,711.0,710.0,710.0,4.606,3270.683,10,0.9935,705.808,202304
711.0,711.0,710.0,710.0,0.0354,25.1551,2,0.0211,15.0021,202304
710.0,710.0,710.0,710.0,0.0,0.0,0,0.0,0.0,202304
710.0,711.0,709.0,711.0,8.0508,5714.7423,28,1.6981,1205.7673,202304
711.0,711.0,711.0,711.0,0.0,0.0,0,0.0,0.0,202304
711.0,711.0,711.0,711.0,0.0,0.0,0,0.0,0.0,202304
711.0,711.0,710.0,711.0,3.75,2666.2244,34,3.0179,2145.7269,202304
711.0,711.0,711.0,711.0,5.1555,3665.5605,18,0.7352,522.7272,202304
711.0,711.0,710.0,710.0,6.3964,4542.7072,23,1.0112,718.6778,202304
709.0,709.0,703.0,707.0,115.8461,81788.2642,384,48.3794,34139.4039,202304
707.0,708.0,706.0,707.0,12.316,8705.7586,58,6.2521,4420.2633,202304
707.0,708.0,707.0,708.0,7.3648,5210.9121,37,5.2492,3714.7245,202304
708.0,708.0,707.0,707.0,1.8199,1288.4732,9,0.2472,175.0176,202304
707.0,707.0,707.0,707.0,5.1232,3622.1024,27,1.1125,786.5375,202304
707.0,709.0,707.0,708.0,9.5107,6734.5295,40,4.9277,3489.7855,202304
708.0,710.0,708.0,710.0,12.4023,8794.6081,51,12.4023,8794.6081,202304
710.0,710.0,710.0,710.0,1.0073,715.183,12,1.0073,715.183,202304
709.0,710.0,709.0,709.0,5.5588,3942.5406,14,1.3514,959.494,202304
710.0,711.0,709.0,709.0,8.6811,6162.9695,12,0.125,88.842,202304
709.0,710.0,709.0,710.0,6.2247,4413.4179,27,1.1273,799.3613,202304
709.0,709.0,709.0,709.0,2.7514,1950.7426,11,0.0,0.0,202304
709.0,709.0,709.0,709.0,0.0,0.0,0,0.0,0.0,202304
710.0,710.0,710.0,710.0,10.4784,7439.664,35,2.9157,2070.147,202304
709.0,709.0,709.0,709.0,9.4674,6712.3866,32,5.5331,3922.9679,202304
710.0,710.0,709.0,709.0,2.4515,1740.1322,10,2.0187,1433.277,202304
709.0,709.0,709.0,709.0,0.0562,39.8458,1,0.0,0.0,202304
710.0,710.0,709.0,710.0,10.3484,7347.2711,41,4.1319,2933.649,202304
710.0,710.0,709.0,710.0,2.7471,1950.2309,16,1.3457,955.447,202304
709.0,709.0,709.0,709.0,0.018,12.762,1,0.0,0.0,202304
709.0,710.0,709.0,710.0,0.8641,613.0695,7,0.4226,300.046,202304
710.0,710.0,710.0,710.0,9.8669,7005.499,30,3.9741,2821.611,202304
710.0,710.0,710.0,710.0,3.1171,2213.141,8,0.7264,515.744,202304
711.0,712.0,711.0,711.0,39.0856,27796.8456,117,38.5834,27439.7814,202304
712.0,713.0,711.0,713.0,3.4498,2456.2374,34,3.2278,2298.3954,202304
712.0,713.0,712.0,713.0,0.8037,573.0132,14,0.7788,555.2844,202304
712.0,712.0,712.0,712.0,0.0843,60.0216,2,0.0,0.0,202304
712.0,713.0,711.0,712.0,14.9884,10673.4916,37,4.5869,3267.6508,202304
712.0,712.0,711.0,711.0,4.995,3556.4176,14,0.5685,404.772,202304
711.0,712.0,711.0,712.0,4.132,2937.9591,12,0.1071,76.2552,202304
711.0,712.0,711.0,712.0,14.5037,10313.7447,37,8.4051,5977.6401,202304
712.0,712.0,711.0,712.0,11.035,7851.7334,24,5.8484,4164.0608,202304
712.0,712.0,712.0,712.0,0.0393,27.9816,1,0.0393,27.9816,202304
711.0,711.0,711.0,711.0,1.3993,994.9023,6,0.0,0.0,202304
711.0,711.0,711.0,711.0,0.0682,48.4902,2,0.0,0.0,202304
711.0,711.0,710.0,711.0,11.5689,8224.0319,46,2.0945,1489.1895,202304
712.0,712.0,711.0,711.0,3.5942,2558.9733,9,3.4971,2489.9352,202304
711.0,711.0,711.0,711.0,0.605,430.155,5,0.0,0.0,202304
710.0,710.0,710.0,710.0,0.9239,655.969,6,0.0,0.0,202304
710.0,710.0,710.0,710.0,1.1402,809.542,2,0.0,0.0,202304
711.0,711.0,710.0,710.0,0.9077,645.3458,4,0.8788,624.8268,202304
710.0,710.0,710.0,710.0,0.136,96.56,2,0.0,0.0,202304
711.0,711.0,711.0,711.0,7.7344,5499.1584,18,6.7253,4781.6883,202304
711.0,711.0,710.0,710.0,8.1958,5827.1936,21,0.0,0.0,202304
711.0,711.0,710.0,710.0,0.0568,40.3561,2,0.0281,19.9791,202304
710.0,711.0,710.0,711.0,8.9805,6376.578,35,3.9495,2804.568,202304
711.0,711.0,711.0,711.0,0.9913,704.8143,5,0.9913,704.8143,202304
710.0,710.0,710.0,710.0,3.247,2305.37,7,0.423,300.33,202304
710.0,710.0,709.0,709.0,9.7395,6906.0975,31,1.318,935.254,202304
709.0,710.0,709.0,710.0,4.7451,3364.6989,12,4.0386,2863.7904,202304
710.0,711.0,710.0,711.0,21.8612,15524.4668,73,8.5954,6105.7488,202304
711.0,712.0,711.0,711.0,2.6524,1885.9734,12,2.115,1503.882,202304
711.0,711.0,711.0,711.0,0.0,0.0,0,0.0,0.0,202304
710.0,712.0,710.0,712.0,6.8867,4895.7083,25,2.0934,1489.1063,202304
711.0,711.0,711.0,711.0,8.8696,6306.2856,33,3.0324,2156.0364,202304
711.0,711.0,711.0,711.0,0.4511,320.7321,2,0.4511,320.7321,202304
711.0,711.0,710.0,710.0,0.381,270.5662,7,0.0562,39.9582,202304
710.0,711.0,710.0,711.0,0.3605,256.0969,3,0.1419,100.8909,202304
710.0,710.0,710.0,710.0,5.5916,3970.036,23,0.0141,10.011,202304
709.0,710.0,709.0,710.0,1.2724,903.3495,9,1.2179,864.709,202304
710.0,710.0,710.0,710.0,4.9586,3520.606,11,0.7113,505.023,202304
710.0,710.0,710.0,710.0,0.0,0.0,0,0.0,0.0,202304
709.0,709.0,709.0,709.0,0.6881,487.8629,4,0.0,0.0,202304
709.0,709.0,709.0,709.0,0.0,0.0,0,0.0,0.0,202304
709.0,709.0,709.0,709.0,0.5698,403.9882,9,0.0,0.0,202304
709.0,710.0,709.0,709.0,2.6303,1864.8976,20,0.0149,10.579,202304
709.0,709.0,709.0,709.0,0.0,0.0,0,0.0,0.0,202304
708.0,708.0,707.0,708.0,4.6404,3284.9422,33,2.3109,1636.1172,202304
708.0,708.0,707.0,708.0,3.2581,2306.4518,21,1.0182,720.8856,202304
708.0,708.0,708.0,708.0,13.9648,9887.0784,27,7.8595,5564.526,202304
708.0,708.0,708.0,708.0,0.5794,410.2152,2,0.5794,410.2152,202304
709.0,709.0,709.0,709.0,0.0144,10.2096,1,0.0144,10.2096,202304
709.0,709.0,709.0,709.0,0.0189,13.4001,1,0.0189,13.4001,202304
708.0,708.0,708.0,708.0,1.2122,858.2376,3,0.0,0.0,202304
708.0,709.0,708.0,709.0,5.8166,4122.9694,29,4.1508,2942.9172,202304
710.0,710.0,709.0,709.0,4.8238,3421.5136,22,1.5088,1071.1786,202304
708.0,709.0,708.0,709.0,0.183,129.7329,2,0.1689,119.7501,202304
708.0,709.0,708.0,708.0,38.5715,27308.6397,64,7.6817,5438.6613,202304
708.0,708.0,708.0,708.0,1.674,1185.192,9,0.0,0.0,202304
707.0,707.0,706.0,706.0,17.4174,12301.0211,55,6.9057,4875.825,202304
706.0,706.0,706.0,706.0,8.832,6235.392,21,6.4532,4555.9592,202304
706.0,706.0,705.0,706.0,4.8405,3416.3853,23,3.4042,2403.3652,202304
706.0,706.0,706.0,706.0,0.2909,205.3754,3,0.2909,205.3754,202304
706.0,706.0,706.0,706.0,9.3837,6624.8922,41,8.5297,6021.9682,202304
706.0,706.0,705.0,705.0,13.9693,9848.3721,41,3.2481,2289.9261,202304
705.0,705.0,705.0,705.0,0.1485,104.6925,5,0.1485,104.6925,202304
705.0,705.0,705.0,705.0,0.0,0.0,0,0.0,0.0,202304
704.0,704.0,703.0,703.0,8.1454,5733.2212,44,0.6118,430.7072,202304
703.0,703.0,702.0,702.0,3.4893,2452.738,17,0.3213,225.8739,202304
702.0,703.0,701.0,702.0,19.5379,13715.9084,75,4.4719,3139.6579,202304
702.0,702.0,701.0,702.0,6.9719,4893.6895,33,5.2145,3660.579,202304
701.0,702.0,701.0,702.0,6.4283,4506.5357,14,0.2974,208.7748,202304
701.0,702.0,700.0,702.0,5.7053,3999.2604,27,4.0313,2826.1229,202304
702.0,702.0,702.0,702.0,16.8489,11827.9278,44,11.5422,8102.6244,202304
702.0,702.0,701.0,701.0,24.1046,16908.3508,109,13.7528,9649.3899,202304
701.0,701.0,700.0,700.0,27.5809,19314.3795,53,20.6255,14445.0545,202304
700.0,700.0,698.0,698.0,8.7106,6091.098,58,2.0326,1422.4484,202304
699.0,699.0,698.0,699.0,7.7681,5422.3587,31,3.8768,2706.2313,202304
699.0,699.0,699.0,699.0,8.2699,5780.6601,29,6.5736,4594.9464,202304
699.0,699.0,699.0,699.0,11.8052,8251.8348,22,0.6888,481.4712,202304
700.0,700.0,699.0,699.0,5.5505,3879.9221,11,0.1226,85.82,202304
699.0,699.0,697.0,698.0,6.1909,4321.197,31,0.4229,295.1986,202304
698.0,698.0,698.0,698.0,3.8218,2667.6164,24,2.1237,1482.3426,202304
699.0,699.0,698.0,699.0,4.8071,3360.1415,26,4.7211,3300.0489,202304
700.0,700.0,699.0,699.0,6.4026,4475.449,26,1.3836,967.168,202304
698.0,699.0,698.0,698.0,4.2725,2982.2414,21,0.3675,256.5514,202304
698.0,698.0,698.0,698.0,4.8143,3360.3814,19,4.7846,3339.6508,202304
698.0,698.0,698.0,698.0,0.0,0.0,0,0.0,0.0,202304
698.0,699.0,698.0,699.0,4.2906,2999.1148,17,4.276,2988.924,202304
699.0,699.0,699.0,699.0,7.806,5456.394,19,0.0,0.0,202304
698.0,699.0,698.0,699.0,0.6507,454.6886,2,0.5,349.5,202304
699.0,700.0,698.0,700.0,4.9478,3458.6822,12,4.6888,3277.9002,202304
700.0,700.0,700.0,700.0,2.1398,1497.86,16,2.1398,1497.86,202304
700.0,701.0,700.0,701.0,7.7664,5440.6536,30,6.9995,4903.8236,202304
701.0,702.0,701.0,701.0,37.6999,26431.5808,71,18.1144,12702.1453,202304
702.0,702.0,702.0,702.0,0.9026,633.6252,1,0.9026,633.6252,202304
702.0,702.0,700.0,700.0,23.4236,16422.4645,75,4.7116,3305.9716,202304
700.0,700.0,699.0,699.0,19.3536,13540.9168,43,5.3877,3770.7541,202304
699.0,699.0,699.0,699.0,0.427,298.473,3,0.427,298.473,202304
699.0,700.0,699.0,699.0,8.4112,5879.8558,20,8.3683,5849.8687,202304
699.0,699.0,699.0,699.0,0.0,0.0,0,0.0,0.0,202304
699.0,699.0,698.0,698.0,3.8127,2664.1158,12,0.0,0.0,202304
699.0,699.0,699.0,699.0,0.0343,23.9757,1,0.0343,23.9757,202304
698.0,698.0,698.0,698.0,1.9629,1370.1042,16,0.0,0.0,202304
698.0,698.0,698.0,698.0,0.0497,34.6906,1,0.0,0.0,202304
698.0,700.0,698.0,700.0,7.2079,5038.0191,20,6.4779,4528.4791,202304
699.0,699.0,699.0,699.0,1.3689,956.8611,4,0.0,0.0,202304
700.0,701.0,700.0,701.0,12.8715,9012.4308,35,12.8715,9012.4308,202304
701.0,701.0,700.0,701.0,0.7428,520.6756,5,0.7156,501.6356,202304
701.0,702.0,701.0,701.0,13.5021,9466.2561,69,11.078,7766.962,202304
701.0,702.0,700.0,701.0,8.1152,5687.7312,32,3.8358,2689.3238,202304
700.0,701.0,700.0,700.0,0.4624,323.7084,8,0.0284,19.9084,202304
700.0,700.0,700.0,700.0,0.8414,588.98,6,0.0,0.0,202304
701.0,701.0,701.0,701.0,0.0305,21.3805,1,0.0305,21.3805,202304
701.0,702.0,701.0,702.0,7.7759,5451.258,47,7.5982,5326.6903,202304
702.0,702.0,701.0,701.0,0.0455,31.9112,2,0.0157,11.0214,202304
702.0,702.0,702.0,702.0,2.3251,1632.2202,9,2.3251,1632.2202,202304
702.0,702.0,702.0,702.0,0.0,0.0,0,0.0,0.0,202304
701.0,701.0,700.0,700.0,2.8983,2031.6889,15,1.5039,1054.2339,202304
701.0,701.0,701.0,701.0,1.9058,1335.9658,6,1.9058,1335.9658,202304
701.0,701.0,701.0,701.0,1.3287,931.4187,2,1.3287,931.4187,202304
701.0,701.0,701.0,701.0,19.1507,13424.6407,21,19.1507,13424.6407,202304
701.0,702.0,700.0,702.0,16.5917,11634.0547,47,8.2994,5820.7246,202304
702.0,702.0,702.0,702.0,0.4499,315.8298,2,0.0,0.0,202304
702.0,703.0,702.0,703.0,1.7155,1204.4188,9,0.1378,96.8734,202304
703.0,703.0,703.0,703.0,0.8194,576.0382,16,0.8194,576.0382,202304
703.0,703.0,702.0,703.0,6.9984,4916.4096,36,3.5328,2483.5584,202304
703.0,704.0,703.0,704.0,2.0321,1429.6769,44,2.0321,1429.6769,202304
704.0,704.0,704.0,704.0,1.5907,1119.8528,25,1.5907,1119.8528,202304
704.0,705.0,704.0,705.0,5.3684,3779.6495,53,5.3684,3779.6495,202304
705.0,705.0,704.0,705.0,1.8015,1270.0152,42,1.7592,1240.236,202304
705.0,705.0,705.0,705.0,4.7682,3361.581,26,4.7682,3361.581,202304
705.0,705.0,704.0,705.0,2.2422,1580.651,29,2.1422,1510.251,202304
705.0,706.0,705.0,706.0,5.9828,4218.7997,41,4.8563,3424.6172,202304
706.0,706.0,705.0,706.0,1.7919,1264.8064,30,1.5169,1070.9314,202304
706.0,706.0,704.0,706.0,15.9763,11262.6203,65,4.0711,2872.9328,202304
706.0,706.0,705.0,706.0,1.778,1255.2263,24,1.7363,1225.8278,202304
706.0,706.0,705.0,706.0,1.6053,1133.3275,23,1.591,1123.246,202304
706.0,707.0,706.0,707.0,8.2498,5826.1344,66,8.1752,5773.4668,202304
707.0,707.0,706.0,707.0,11.0645,7822.5869,78,11.0499,7812.2793,202304
707.0,707.0,706.0,707.0,3.8978,2755.7171,30,3.8703,2736.3021,202304
707.0,707.0,706.0,707.0,1.6949,1198.2799,25,1.6805,1188.1135,202304
707.0,707.0,706.0,706.0,9.6477,6811.4052,39,1.0903,769.8808,202304
706.0,706.0,705.0,705.0,1.3757,971.217,16,1.3485,952.041,202304
706.0,706.0,706.0,706.0,0.8012,565.6472,12,0.8012,565.6472,202304
706.0,707.0,706.0,707.0,6.9444,4903.6008,43,6.7854,4791.3468,202304
707.0,707.0,707.0,707.0,0.8171,577.6897,13,0.8171,577.6897,202304
707.0,707.0,706.0,706.0,1.8534,1309.2939,14,1.2185,861.0545,202304
706.0,707.0,706.0,706.0,4.335,3060.7492,34,3.7938,2678.662,202304
706.0,706.0,705.0,706.0,1.1794,832.6419,17,1.1649,822.4194,202304
706.0,707.0,705.0,707.0,6.1766,4360.3798,30,5.1449,3633.0313,202304
706.0,707.0,706.0,707.0,0.9029,638.2521,18,0.8047,568.9229,202304
707.0,707.0,706.0,707.0,1.7032,1204.1071,19,1.6479,1165.0653,202304
707.0,707.0,707.0,707.0,1.6544,1169.6608,15,1.6544,1169.6608,202304
707.0,707.0,707.0,707.0,4.0738,2880.1766,21,4.0738,2880.1766,202304
707.0,707.0,705.0,706.0,13.9016,9813.8278,64,1.5454,1092.0976,202304
706.0,706.0,705.0,706.0,1.8792,1325.6894,17,0.8534,602.5004,202304
706.0,706.0,705.0,706.0,3.7123,2620.332,26,2.4776,1749.1856,202304
706.0,708.0,706.0,707.0,10.2947,7277.2828,67,8.6084,6085.144,202304
708.0,709.0,707.0,708.0,2.9941,2120.5589,42,2.4677,1747.9816,202304
709.0,709.0,707.0,707.0,4.9616,3513.2172,14,1.5877,1124.5166,202304
707.0,707.0,707.0,707.0,5.6437,3990.0959,26,0.5031,355.6917,202304
707.0,707.0,707.0,707.0,3.5313,2496.6291,9,3.5313,2496.6291,202304
706.0,706.0,705.0,705.0,10.0791,7108.6871,45,2.1371,1507.028,202304
705.0,706.0,704.0,706.0,6.5785,4638.2533,12,6.5643,4628.2565,202304
706.0,707.0,706.0,706.0,4.7202,3332.8862,22,4.3814,3093.6934,202304
706.0,706.0,705.0,705.0,4.2951,3031.2524,19,0.0,0.0,202304
705.0,705.0,704.0,705.0,3.8546,2717.4645,23,2.3894,1684.527,202304
705.0,705.0,704.0,704.0,4.243,2991.031,24,1.9561,1379.0505,202304
704.0,704.0,704.0,704.0,16.6184,11699.3536,43,2.6194,1844.0576,202304
704.0,704.0,704.0,704.0,9.6925,6823.52,28,0.0,0.0,202304
704.0,704.0,703.0,703.0,14.348,10095.6043,31,0.0,0.0,202304
704.0,706.0,704.0,704.0,46.3513,32652.0565,122,37.3509,26313.4877,202304
704.0,704.0,704.0,704.0,0.0,0.0,0,0.0,0.0,202304
704.0,704.0,703.0,703.0,7.6426,5374.5826,22,0.0,0.0,202304
704.0,705.0,704.0,704.0,5.7282,4034.5788,26,5.4557,3842.7388,202304
704.0,704.0,704.0,704.0,0.0,0.0,0,0.0,0.0,202304
705.0,705.0,705.0,705.0,0.0157,11.0685,1,0.0157,11.0685,202304
705.0,707.0,705.0,706.0,12.3047,8682.892,83,8.6109,6077.9099,202304
707.0,707.0,706.0,706.0,4.4074,3111.7338,23,0.4466,315.409,202304
706.0,706.0,705.0,705.0,0.6801,479.6863,9,0.2158,152.3548,202304
706.0,706.0,705.0,706.0,0.8819,622.6055,16,0.866,611.396,202304
706.0,706.0,706.0,706.0,1.1206,791.1436,11,1.1206,791.1436,202304
706.0,706.0,706.0,706.0,0.8255,582.803,10,0.8255,582.803,202304
706.0,706.0,705.0,706.0,2.4731,1744.2604,19,0.7249,511.7794,202304
706.0,706.0,704.0,705.0,4.1662,2936.6902,24,0.7413,522.7777,202304
705.0,705.0,703.0,704.0,2.6697,1879.8704,21,0.8445,595.0296,202304
704.0,705.0,703.0,704.0,6.8086,4792.5353,47,2.4091,1696.1899,202304
704.0,704.0,703.0,704.0,5.7947,4074.595,25,4.3288,3044.0673,202304
704.0,705.0,703.0,704.0,10.4526,7355.8445,49,4.5189,3181.4181,202304
704.0,704.0,704.0,704.0,1.7106,1204.2624,14,1.7106,1204.2624,202304
704.0,705.0,704.0,705.0,1.7984,1267.1819,18,1.3029,918.3499,202304
705.0,705.0,703.0,704.0,3.8069,2680.5201,20,0.8075,568.9664,202304
704.0,704.0,704.0,704.0,0.8196,576.9984,12,0.8196,576.9984,202304
704.0,705.0,703.0,704.0,39.7464,27971.395,62,12.2229,8607.6312,202304
704.0,704.0,703.0,704.0,13.4885,9483.5535,40,3.9308,2764.4904,202304
704.0,704.0,703.0,704.0,1.3442,945.7637,11,0.7911,556.9344,202304
704.0,705.0,704.0,705.0,4.4627,3142.1668,19,4.2961,3024.8804,202304
704.0,705.0,703.0,704.0,5.3079,3737.3266,34,3.0634,2157.2149,202304
704.0,705.0,704.0,704.0,12.3662,8706.2308,46,7.3396,5167.5044,202304
703.0,705.0,703.0,704.0,5.7755,4066.223,19,2.2752,1602.1668,202304
703.0,704.0,703.0,704.0,0.0638,44.8806,2,0.0292,20.5568,202304
704.0,705.0,703.0,703.0,5.6859,4002.2827,31,3.8036,2678.1604,202304
703.0,703.0,703.0,703.0,0.0853,59.9659,3,0.0,0.0,202304
703.0,704.0,703.0,704.0,7.8529,5521.3326,25,1.757,1235.9149,202304
704.0,704.0,704.0,704.0,6.9265,4876.256,16,6.9265,4876.256,202304
704.0,704.0,704.0,704.0,0.7526,529.8304,3,0.0936,65.8944,202304
703.0,703.0,703.0,703.0,1.7993,1264.9079,16,0.2755,193.6765,202304
702.0,702.0,702.0,702.0,9.561,6711.822,18,4.2063,2952.8226,202304
701.0,701.0,701.0,701.0,7.1378,5003.5978,38,1.1794,826.7594,202304
701.0,703.0,701.0,702.0,9.8141,6891.8432,27,8.2637,5803.5444,202304
703.0,703.0,703.0,703.0,1.281,900.543,7,1.281,900.543,202304
702.0,703.0,702.0,703.0,0.5111,359.2192,3,0.427,300.181,202304
702.0,703.0,701.0,701.0,10.0649,7060.6261,41,6.2855,4409.7758,202304
701.0,701.0,698.0,699.0,32.8211,22967.5218,111,22.2566,15579.3861,202304
699.0,700.0,698.0,700.0,14.6164,10220.1747,63,7.1636,5011.3229,202304
700.0,700.0,699.0,699.0,20.5064,14336.6836,64,8.6928,6078.9772,202304
699.0,700.0,698.0,699.0,12.5123,8745.308,50,5.6933,3980.0457,202304
699.0,701.0,699.0,700.0,12.6021,8817.5635,59,11.5763,8100.5054,202304
701.0,702.0,701.0,701.0,8.6151,6039.8418,56,6.0556,4245.6323,202304
701.0,701.0,700.0,700.0,4.035,2825.4652,21,1.267,887.8652,202304
699.0,699.0,698.0,698.0,2.5963,1813.7139,12,0.33,230.67,202304
698.0,699.0,698.0,699.0,17.7345,12379.11,65,12.0349,8400.7892,202304
699.0,700.0,698.0,699.0,28.7144,20065.6812,103,16.0243,11198.3771,202304
699.0,700.0,698.0,700.0,20.2377,14143.3242,70,7.5589,5285.8161,202304
700.0,700.0,700.0,700.0,8.2197,5753.79,29,8.2197,5753.79,202304
699.0,699.0,698.0,698.0,5.1929,3629.8224,22,0.2645,184.8855,202304
698.0,698.0,698.0,698.0,5.2403,3657.7294,20,0.8266,576.9668,202304
698.0,698.0,697.0,697.0,0.9804,684.2741,10,0.9353,652.8394,202304
697.0,697.0,697.0,697.0,8.6258,6012.1826,35,1.3029,908.1213,202304
698.0,698.0,697.0,698.0,2.0724,1445.2472,9,0.7844,547.5112,202304
698.0,699.0,698.0,698.0,7.8328,5467.7244,36,5.7469,4011.7662,202304
698.0,700.0,698.0,699.0,6.7067,4686.2764,33,4.0966,2864.4119,202304
699.0,701.0,699.0,701.0,10.3974,7282.4078,65,9.1598,6416.2858,202304
701.0,703.0,701.0,701.0,18.3136,12852.2583,65,8.1982,5752.5862,202304
701.0,701.0,699.0,701.0,8.5146,5960.4855,32,1.4524,1017.1062,202304
700.0,700.0,700.0,700.0,8.2676,5787.32,20,3.2858,2300.06,202304
701.0,701.0,701.0,701.0,5.0171,3516.9871,31,4.8992,3434.3392,202304
702.0,705.0,702.0,704.0,67.6144,47598.0734,260,40.2323,28323.4197,202304
705.0,705.0,702.0,703.0,6.3302,4454.0807,39,2.2673,1595.8774,202304
703.0,705.0,703.0,705.0,10.734,7550.8341,52,10.2164,7186.9613,202304
705.0,708.0,704.0,707.0,34.4203,24322.0948,199,22.4589,15866.6646,202304
708.0,708.0,706.0,707.0,31.7081,22407.3165,137,11.2072,7918.7293,202304
707.0,708.0,706.0,706.0,22.9381,16211.5108,101,11.8756,8397.0202,202304
707.0,709.0,707.0,708.0,9.5238,6742.7695,79,7.7104,5458.8823,202304
708.0,709.0,708.0,708.0,8.7697,6213.762,31,4.8144,3413.4096,202304
708.0,709.0,707.0,707.0,53.2174,37684.7675,121,41.1093,29109.4254,202304
707.0,707.0,699.0,700.0,67.1178,47158.8366,270,14.8881,10443.3276,202304
701.0,702.0,701.0,702.0,31.543,22131.3137,79,29.5835,20757.2685,202304
702.0,702.0,701.0,702.0,5.2328,3672.7129,22,2.6427,1855.1754,202304
702.0,707.0,702.0,705.0,36.5576,25766.8219,192,25.2273,17777.6687,202304
705.0,706.0,704.0,705.0,8.2078,5786.125,34,1.4289,1007.726,202304
706.0,707.0,706.0,706.0,17.5557,12395.0266,73,8.5844,6061.2888,202304
706.0,707.0,706.0,707.0,3.938,2782.1768,18,2.4641,1741.6034,202304
706.0,707.0,706.0,707.0,16.1031,11382.7245,80,13.9359,9852.6813,202304
706.0,707.0,702.0,703.0,21.5467,15179.2724,116,7.1177,5010.6033,202304
703.0,703.0,703.0,703.0,20.2617,14243.9751,39,5.2914,3719.8542,202304
703.0,705.0,703.0,704.0,32.2858,22717.1404,83,25.9223,18237.2364,202304
704.0,705.0,704.0,705.0,9.4652,6664.4525,49,5.6279,3962.9933,202304
705.0,706.0,705.0,706.0,2.2463,1584.2425,19,2.0746,1463.194,202304
706.0,706.0,706.0,706.0,0.0302,21.3212,1,0.0302,21.3212,202304
705.0,706.0,705.0,706.0,0.0332,23.4213,2,0.0153,10.8018,202304
706.0,707.0,706.0,707.0,4.928,3480.4815,37,3.9356,2779.8471,202304
706.0,706.0,704.0,705.0,13.0495,9205.4461,46,0.5678,400.725,202304
705.0,705.0,704.0,704.0,3.8476,2709.9884,19,1.278,900.99,202304
705.0,707.0,705.0,707.0,15.0475,10618.8392,45,14.4598,10204.0471,202304
706.0,707.0,705.0,707.0,3.311,2337.9623,18,1.3678,966.0928,202304
706.0,706.0,706.0,706.0,0.9977,704.3762,7,0.0,0.0,202304
706.0,706.0,705.0,705.0,6.5856,4647.3906,20,0.0,0.0,202304
705.0,706.0,705.0,705.0,1.9753,1394.0526,9,1.5552,1097.8821,202304
705.0,705.0,704.0,704.0,4.9911,3516.5378,18,2.8034,1976.397,202304
705.0,705.0,704.0,704.0,1.853,1304.9549,9,0.9914,698.3885,202304
704.0,704.0,703.0,703.0,13.6931,9627.1156,46,5.8326,4101.1841,202304
702.0,702.0,701.0,701.0,2.763,1939.2708,16,0.4073,285.9246,202304
702.0,703.0,699.0,701.0,67.5551,47311.4016,225,50.8988,35649.5313,202304
701.0,701.0,701.0,701.0,25.4783,17860.2883,40,12.088,8473.688,202304
701.0,703.0,701.0,703.0,9.3371,6553.1489,42,6.9302,4864.9092,202304
703.0,704.0,703.0,704.0,9.3895,6605.1637,61,8.2467,5801.7753,202304
704.0,705.0,704.0,704.0,5.4561,3841.5223,13,0.428,301.7399,202304
704.0,704.0,704.0,704.0,16.0265,11282.656,47,1.7862,1257.4848,202304
704.0,705.0,704.0,704.0,3.9903,2809.4986,10,0.856,602.9514,202304
704.0,704.0,703.0,704.0,0.906,637.7884,7,0.8704,612.7616,202304
704.0,704.0,703.0,704.0,6.4891,4568.2975,18,2.9522,2078.3488,202304
704.0,706.0,703.0,706.0,17.0086,11979.4478,70,9.9593,7016.7706,202304
706.0,708.0,706.0,707.0,36.2473,25618.2738,240,26.5907,18792.1173,202304
706.0,707.0,706.0,707.0,0.1888,133.4373,6,0.1445,102.1615,202304
706.0,706.0,704.0,704.0,5.796,4090.4197,37,0.41,289.079,202304
704.0,704.0,701.0,701.0,31.9472,22423.8631,145,6.9156,4852.6791,202304
700.0,702.0,699.0,700.0,13.2304,9264.574,73,2.1434,1501.679,202304
700.0,700.0,696.0,696.0,59.2407,41367.3496,225,25.6436,17926.9532,202304
697.0,697.0,695.0,697.0,28.4665,19809.9197,176,15.937,11093.3352,202304
698.0,699.0,697.0,699.0,15.6242,10907.8535,74,12.9268,9026.0104,202304
698.0,699.0,698.0,698.0,3.623,2529.0929,22,1.9074,1331.6041,202304
697.0,697.0,697.0,697.0,3.1096,2167.3912,10,0.0,0.0,202304
698.0,699.0,698.0,699.0,14.5421,10157.8189,47,7.2899,5090.5669,202304
699.0,699.0,698.0,699.0,5.9321,4146.3642,16,2.1408,1496.4192,202304
699.0,699.0,698.0,698.0,4.5761,3198.2929,9,0.0,0.0,202304
699.0,699.0,697.0,698.0,9.9798,6963.9147,29,2.6753,1867.3737,202304
698.0,698.0,692.0,693.0,25.7966,17932.0576,158,6.4069,4453.2638,202304
692.0,694.0,692.0,694.0,18.0185,12494.6791,85,12.4236,8618.2859,202304
694.0,694.0,691.0,692.0,22.7834,15777.7782,106,10.2913,7128.4574,202304
692.0,693.0,692.0,693.0,15.1414,10485.4674,74,8.0891,5603.7022,202304
694.0,694.0,693.0,693.0,16.13,11185.9435,82,10.5407,7310.5104,202304
694.0,694.0,693.0,694.0,5.5144,3824.9936,20,3.2486,2254.5284,202304
694.0,694.0,694.0,694.0,5.1794,3594.5036,22,1.8396,1276.6824,202304
694.0,695.0,694.0,695.0,3.2165,2232.2787,7,0.5555,385.5447,202304
695.0,695.0,695.0,695.0,2.4588,1708.866,25,2.0722,1440.179,202304
695.0,695.0,695.0,695.0,8.0199,5573.8305,12,1.817,1262.815,202304
695.0,695.0,695.0,695.0,3.2924,2288.218,5,0.0,0.0,202304
695.0,696.0,695.0,696.0,16.2996,11331.8444,37,9.6244,6692.5804,202304
696.0,697.0,696.0,697.0,11.3829,7927.1344,48,9.1546,6375.9076,202304
698.0,698.0,697.0,698.0,11.5448,8055.5121,42,5.6435,3939.163,202304
699.0,699.0,698.0,698.0,7.2293,5052.2586,28,6.2072,4338.8328,202304
698.0,698.0,697.0,697.0,15.3253,10691.7751,33,0.0,0.0,202304
697.0,697.0,697.0,697.0,0.0256,17.8432,1,0.0256,17.8432,202304
697.0,698.0,697.0,698.0,8.509,5932.7771,27,6.2168,4334.3581,202304
698.0,698.0,697.0,697.0,12.5474,8756.5455,24,2.2292,1555.9816,202304
699.0,699.0,699.0,699.0,1.0161,710.2539,9,1.0161,710.2539,202304
698.0,698.0,697.0,697.0,11.0801,7727.6748,31,0.9275,647.395,202304
697.0,697.0,697.0,697.0,1.328,925.616,5,1.328,925.616,202304
696.0,696.0,696.0,696.0,0.5037,350.5752,2,0.0,0.0,202304
697.0,697.0,696.0,697.0,5.4914,3827.3322,16,4.8141,3355.4277,202304
697.0,697.0,696.0,696.0,11.1551,7764.1434,37,3.9725,2765.0538,202304
697.0,697.0,697.0,697.0,0.0194,13.5218,2,0.0194,13.5218,202304
697.0,697.0,697.0,697.0,1.4991,1044.8727,10,1.4991,1044.8727,202304
697.0,697.0,696.0,696.0,1.1789,821.0194,3,0.505,351.985,202304
696.0,696.0,696.0,696.0,4.1422,2882.9712,27,1.1625,809.1,202304
696.0,696.0,696.0,696.0,4.2625,2966.7,18,3.5429,2465.8584,202304
697.0,697.0,695.0,696.0,5.955,4140.3751,39,1.3779,958.0691,202304
696.0,696.0,696.0,696.0,12.0631,8395.9176,38,11.0222,7671.4512,202304
696.0,696.0,696.0,696.0,0.6331,440.6376,4,0.6331,440.6376,202304
696.0,697.0,696.0,697.0,4.3922,3057.5452,14,1.1689,814.1284,202304
697.0,697.0,697.0,697.0,0.0,0.0,0,0.0,0.0,202304
697.0,697.0,697.0,697.0,1.4969,1043.3393,1,1.4969,1043.3393,202304
696.0,696.0,695.0,695.0,1.6874,1174.2394,8,0.0,0.0,202304
696.0,697.0,696.0,697.0,22.3253,15559.1627,31,21.8392,15220.5071,202304
698.0,698.0,697.0,697.0,0.3938,274.5284,6,0.0498,34.7604,202304
697.0,697.0,696.0,696.0,21.1991,14764.1686,47,2.4747,1723.3051,202304
696.0,696.0,696.0,696.0,4.0093,2790.4728,10,2.7918,1943.0928,202304
697.0,698.0,697.0,697.0,6.6678,4647.4739,31,2.9012,2022.1537,202304
697.0,698.0,696.0,697.0,13.0329,9083.8843,31,4.2635,2972.668,202304
698.0,698.0,698.0,698.0,11.2513,7853.4074,37,10.8205,7552.709,202304
698.0,698.0,698.0,698.0,1.9274,1345.3252,3,0.0,0.0,202304
698.0,698.0,696.0,696.0,29.6623,20678.5143,52,4.2398,2954.3141,202304
695.0,696.0,695.0,696.0,6.1562,4284.6694,31,3.3716,2346.6336,202304
696.0,696.0,692.0,693.0,12.2621,8514.4639,64,6.1542,4274.8375,202304
