OPEN,HIGH,LOW,CLOSE,VOLUME,QUOTE_ASSET_VOLUME,NUMBER_OF_TRADES,TAKER_BUY_BASE_ASSET_VOLUME,TAKER_BUY_QUOTE_ASSET_VOLUME,YEAR_AND_MONTH
6.7794,6.8276,6.7749,6.8224,30342.1,206513.882912,858,14581.36,99219.963314,202206
6.8222,6.8267,6.7871,6.7871,20137.22,137185.843124,586,10227.69,69661.716518,202206
6.7863,6.7898,6.678,6.7178,100078.51,671787.465267,2050,45878.5,308045.130468,202206
6.7184,6.8078,6.7162,6.7862,53464.0,362105.647064,1494,26654.07,180480.297384,202206
6.7858,6.787,6.6695,6.7092,51819.83,348162.697556,1542,24443.89,164316.571301,202206
6.7096,6.764,6.7006,6.7278,56646.4,381371.463056,1344,27013.5,181828.580302,202206
6.7317,6.7633,6.7009,6.755,41372.25,278705.646488,960,17974.68,121005.048631,202206
6.7569,6.7844,6.739,6.7655,32084.94,217077.334054,894,16755.66,113361.486218,202206
6.7663,6.7944,6.763,6.7685,35707.87,242142.609881,1031,21090.58,143009.400693,202206
6.7669,6.7768,6.7359,6.7368,31039.19,209866.512772,877,17285.97,116919.333948,202206
6.7359,6.7869,6.7245,6.7684,34673.64,233943.921426,845,21932.21,147966.593504,202206
6.7719,6.85,6.7719,6.8251,65202.98,445076.167302,1469,39924.6,272551.84023,202206
6.8245,6.8273,6.7768,6.7768,36901.09,250853.873,1011,16147.92,109766.391496,202206
6.7784,6.7912,6.7737,6.7878,18591.7,126079.695704,544,8469.02,57432.174149,202206
6.7878,6.8112,6.7814,6.8018,20913.49,142078.242353,522,9745.4,66212.71812,202206
6.8026,6.8042,6.7839,6.7962,20022.67,136060.592247,561,10469.86,71130.082794,202206
6.794,6.794,6.731,6.7435,32413.15,219172.43373,826,15940.41,107853.885533,202206
6.7446,6.792,6.7446,6.7893,28094.92,190293.105691,519,20280.9,137406.95946,202206
6.788,6.8144,6.778,6.809,27947.6,189967.732598,673,15468.77,105175.502747,202206
6.808,6.8086,6.751,6.7711,20796.33,140802.4365,564,11375.1,77013.950443,202206
6.7714,6.7751,6.7246,6.7273,36621.2,246629.558715,684,11163.13,75205.633179,202206
6.7273,6.7479,6.7257,6.7356,22385.32,150777.779503,623,10590.07,71326.820026,202206
6.7357,6.7735,6.7353,6.7704,26433.86,178407.237225,412,19148.18,129181.229368,202206
6.7742,6.7898,6.7707,6.7813,21325.04,144592.662167,584,10515.88,71310.153536,202206
6.7789,6.7826,6.7545,6.7741,22783.58,154258.910813,583,10159.24,68784.62133,202206
6.7738,6.7749,6.714,6.7162,22771.35,153461.908732,638,9354.01,63053.650299,202206
6.7164,6.7389,6.7164,6.7291,31216.49,210029.081241,790,17968.44,120897.05609,202206
6.7292,6.7307,6.6845,6.702,59154.44,396540.48859,1206,28567.2,191510.551738,202206
6.7007,6.7165,6.6926,6.7019,23771.62,159328.645814,702,11652.99,78103.09081,202206
6.7023,6.7137,6.6873,6.7042,32301.61,216462.406258,711,16658.08,111633.85393,202206
6.7037,6.7214,6.6955,6.7209,23692.29,158985.44199,708,12637.6,84810.478975,202206
6.7185,6.7185,6.6876,6.6905,17058.35,114308.805316,572,8818.48,59093.379954,202206
6.692,6.7089,6.6743,6.7074,31349.49,209649.401431,868,15659.76,104739.194347,202206
6.7055,6.7055,6.6676,6.6701,27375.61,182966.072128,605,12768.39,85356.565022,202206
6.6719,6.6806,6.6483,6.6748,46234.21,308011.267783,909,27326.81,182057.214605,202206
6.6733,6.7054,6.6703,6.6955,23363.03,156266.354827,665,9139.03,61121.242927,202206
6.6932,6.6932,6.6179,6.6278,42533.17,282815.833672,933,9660.04,64281.354009,202206
6.6312,6.6452,6.5886,6.6063,61182.92,404641.407497,1319,20252.79,134016.043163,202206
6.6063,6.6306,6.5992,6.612,30632.52,202534.854916,767,13007.63,86014.721794,202206
6.612,6.6244,6.567,6.6048,58526.34,386230.006661,1028,30915.94,204075.062283,202206
6.605,6.6498,6.605,6.6341,38910.92,258027.920703,904,25242.39,167426.318361,202206
6.633,6.6449,6.614,6.6213,18802.52,124690.656948,476,9527.21,63185.74164,202206
6.6208,6.6208,6.5821,6.5982,29017.98,191454.390931,786,11565.2,76299.264751,202206
6.5982,6.6055,6.5821,6.5989,22945.4,151330.321194,653,11258.86,74251.680696,202206
6.6023,6.6146,6.5716,6.5732,21977.59,144846.439388,506,6217.65,41017.02883,202206
6.5728,6.6029,6.5728,6.5993,18618.39,122702.955668,560,9687.2,63834.757539,202206
6.5991,6.6084,6.5919,6.6084,16541.51,109150.462214,463,8426.77,55604.090942,202206
6.6074,6.6252,6.5837,6.6044,28493.35,188240.817113,739,16974.85,112144.636881,202206
6.6053,6.6492,6.6005,6.6328,41478.92,274956.548317,1017,24260.86,160767.701131,202206
6.628,6.629,6.5768,6.5773,27613.77,182396.357793,801,10553.47,69692.518005,202206
6.5752,6.6095,6.5634,6.6082,77035.71,507117.688003,1622,43199.59,284436.538947,202206
6.6099,6.6457,6.6099,6.6229,33611.43,222849.248076,1016,16740.01,111006.336967,202206
6.6188,6.6302,6.6046,6.6145,20835.19,137862.806645,671,9060.86,59955.885456,202206
6.6123,6.6273,6.6016,6.6273,17926.7,118655.882036,474,7753.36,51315.545101,202206
6.6273,6.6685,6.6212,6.6593,23616.25,157140.042078,755,13832.16,92027.96271,202206
6.6593,6.6638,6.6512,6.6602,26047.05,173426.032202,437,9444.65,62885.498049,202206
6.6603,6.6649,6.6545,6.6563,18274.22,121649.142869,385,4855.01,32328.226068,202206
6.656,6.7033,6.656,6.6862,34267.47,229049.714933,696,21818.03,145762.862937,202206
6.6858,6.6927,6.6686,6.6686,23197.74,154966.524201,560,13596.21,90837.682776,202206
6.6736,6.6997,6.6715,6.6947,19985.48,133566.034467,546,9803.77,65501.58584,202206
6.6963,6.7121,6.6771,6.6886,16834.08,112656.227059,507,8537.07,57140.933126,202206
6.6892,6.7084,6.6881,6.7001,22217.64,148810.691193,578,8518.72,57063.590931,202206
6.7001,6.7034,6.6816,6.6816,9860.96,66000.608476,307,4441.33,29722.448379,202206
6.6827,6.6844,6.6662,6.6685,12121.04,80903.364535,306,6381.83,42594.799604,202206
6.6668,6.6685,6.624,6.6245,38685.32,257218.360784,572,11938.85,79373.017531,202206
6.6255,6.6429,6.6053,6.6429,17252.49,114364.475753,564,9833.94,65162.774822,202206
6.6408,6.6408,6.59,6.5951,23864.94,157785.286862,627,11701.94,77411.068406,202206
6.5953,6.6007,6.583,6.594,19662.24,129593.98391,565,10430.06,68740.936951,202206
6.5954,6.6626,6.5901,6.6527,33112.92,219381.363087,882,18043.87,119564.893358,202206
6.6531,6.6776,6.6417,6.6417,25779.29,171701.768714,696,13570.44,90391.325687,202206
6.64,6.6509,6.6374,6.6374,16140.09,107213.125694,443,9085.42,60342.336227,202206
6.6385,6.6595,6.6368,6.6575,14261.01,94739.715174,409,6343.12,42142.882335,202206
6.6584,6.671,6.6358,6.6685,20374.93,135547.908454,593,9604.12,63880.452485,202206
6.6687,6.6799,6.6635,6.6675,13151.06,87762.635254,343,5041.86,33645.098417,202206
6.6674,6.6691,6.6509,6.6622,11532.91,76822.635601,407,5775.42,38468.756788,202206
6.6621,6.6686,6.6401,6.6489,11164.01,74278.934191,356,6609.16,43974.566864,202206
6.6489,6.6984,6.6466,6.696,24399.73,163053.67243,513,12619.6,84307.978786,202206
6.6942,6.6963,6.6751,6.688,18374.8,122915.478936,514,9398.03,62873.642174,202206
6.6877,6.6935,6.66,6.6621,16279.22,108614.024638,523,8251.25,55061.828806,202206
6.6595,6.6854,6.6534,6.6812,15530.31,103591.240844,444,8799.54,58703.816591,202206
6.6803,6.7671,6.6803,6.7183,116719.93,785070.05642,1710,74828.22,503014.146329,202206
6.7183,6.7271,6.6973,6.7271,22154.6,148671.616696,669,12733.46,85456.530705,202206
6.7267,6.7391,6.72,6.7375,18196.13,122450.883342,514,8070.3,54305.847118,202206
6.7375,6.7402,6.7234,6.7329,19328.11,130161.301859,457,12547.17,84489.3074,202206
6.7337,6.7799,6.7061,6.7623,35863.03,242030.201133,1041,22529.66,152101.183659,202206
6.7635,6.775,6.7054,6.722,26161.12,176082.334948,827,11452.67,77087.193366,202206
6.7186,6.7617,6.7154,6.7559,20367.91,137222.050685,609,9694.97,65338.412545,202206
6.7549,6.7815,6.7173,6.7227,38760.49,261531.27835,1034,17990.13,121388.009703,202206
6.7221,6.7272,6.706,6.7095,11919.37,80036.856986,450,5483.97,36819.951799,202206
6.7109,6.7782,6.7055,6.7613,27602.8,186411.755774,758,18608.01,125646.470503,202206
6.7599,6.7719,6.7254,6.7672,40564.15,273746.167968,850,18197.04,122882.028524,202206
6.7698,6.8182,6.7648,6.7888,38085.94,258929.776937,913,22983.23,156251.190204,202206
6.7868,6.7999,6.7212,6.725,39298.74,265511.254619,983,13567.78,91725.06722,202206
6.7271,6.7444,6.6987,6.7444,45206.62,303535.510651,809,19330.14,129774.022393,202206
6.7449,6.7818,6.7343,6.7384,28482.23,192395.175163,699,11712.18,79106.292715,202206
6.7391,6.7423,6.7018,6.7086,23026.51,154637.218997,533,10409.86,69917.519153,202206
6.7102,6.7457,6.7091,6.7316,21805.95,146616.202535,558,12143.06,81630.190078,202206
6.7317,6.7346,6.6769,6.7065,52027.55,348363.487457,894,33016.12,221059.071978,202206
6.7044,6.7546,6.7014,6.7422,42265.98,284650.119187,893,26551.46,178756.038934,202206
6.7417,6.775,6.7406,6.7652,32453.74,219462.581327,855,21857.2,147801.661405,202206
6.7647,6.7684,6.7436,6.7506,30133.79,203520.843667,767,11777.75,79557.004667,202206
6.7504,6.8022,6.7481,6.7882,44377.87,301170.300857,791,29010.33,196927.959057,202206
6.7881,6.802,6.766,6.794,30155.41,204680.803461,774,10895.03,73929.671242,202206
6.7921,6.8089,6.7769,6.7785,23582.45,160224.054277,635,12768.68,86738.150657,202206
6.7767,6.8012,6.7564,6.7609,30350.57,205511.397223,715,16511.78,111776.360603,202206
6.7638,6.7811,6.7598,6.7729,19104.29,129304.32872,510,8317.98,56296.880762,202206
6.773,6.7835,6.7606,6.7689,24603.33,166609.308643,723,13179.68,89241.704148,202206
6.7697,6.7741,6.751,6.7527,24471.8,165490.408507,397,17184.12,116221.08094,202206
6.7565,6.7726,6.747,6.7484,17523.92,118457.088636,497,8135.46,54984.426394,202206
6.7483,6.7736,6.7468,6.7578,27839.36,188224.645122,578,12677.18,85732.688111,202206
6.7586,6.7621,6.727,6.742,23154.56,155978.220113,430,7400.87,49857.268602,202206
6.7419,6.7484,6.7316,6.7375,15729.83,106037.572195,391,8198.2,55268.347548,202206
6.7369,6.7769,6.735,6.7722,21489.97,145279.705967,564,9895.87,66890.446513,202206
6.7737,6.7822,6.7591,6.7728,22380.37,151472.603875,542,11306.4,76514.724168,202206
6.7737,6.7748,6.7469,6.7642,17469.32,118119.452089,562,7220.21,48815.718349,202206
6.7641,6.7767,6.7562,6.7756,10620.02,71822.191322,338,5840.04,39491.810233,202206
6.7756,6.7932,6.772,6.7866,16467.82,111708.17392,483,8905.31,60404.523307,202206
6.785,6.8098,6.7787,6.8094,12179.57,82775.537289,413,6612.01,44943.820956,202206
6.808,6.8271,6.8,6.822,22603.7,153982.485463,502,14203.68,96775.718521,202206
6.8206,6.8358,6.801,6.8335,29332.88,200050.859653,619,16591.8,113125.871354,202206
6.8327,6.8452,6.7941,6.8027,34962.75,238276.564896,833,17129.62,116749.126496,202206
6.7997,6.8159,6.7828,6.7895,32820.86,223078.736294,685,16359.6,111176.881651,202206
6.7879,6.8314,6.7864,6.818,14830.28,101068.338165,462,7340.4,50028.417885,202206
6.8171,6.8223,6.7894,6.7968,16616.37,113007.20267,445,8994.31,61166.983252,202206
6.7966,6.8131,6.7889,6.7903,16442.66,111791.101378,487,8311.27,56498.230575,202206
6.7927,6.7934,6.7656,6.785,20470.4,138794.52706,712,8739.89,59265.440467,202206
6.7851,6.7964,6.7735,6.7756,16137.14,109501.728922,523,7941.94,53896.016507,202206
6.7756,6.7982,6.7553,6.7622,21732.33,147229.637005,770,9727.44,65916.610919,202206
6.7615,6.7929,6.7557,6.7843,18616.68,126053.307731,525,9077.86,61456.777191,202206
6.7841,6.7932,6.7706,6.7787,10334.57,70077.281987,378,4501.46,30514.360968,202206
6.7786,6.7824,6.7434,6.7496,15016.68,101572.189358,457,7780.5,52644.823231,202206
6.7467,6.7587,6.7338,6.7463,32541.92,219511.673525,727,10725.95,72381.425477,202206
6.7438,6.7507,6.7374,6.7437,23733.69,160093.52191,572,9369.56,63206.895432,202206
6.7439,6.7573,6.7221,6.7528,29504.78,198858.793426,786,13535.37,91246.774583,202206
6.7552,6.7902,6.7552,6.7835,18773.21,127216.317924,570,11929.65,80845.8046,202206
6.7836,6.8049,6.7043,6.7103,33047.65,223554.335572,893,17172.11,116387.394248,202206
6.7074,6.7298,6.6678,6.7289,62817.58,420216.057437,1377,24366.41,163167.406021,202206
6.7291,6.7379,6.679,6.7048,31128.45,208887.022774,696,12980.58,87052.33814,202206
6.7025,6.7316,6.6699,6.7282,27252.37,182626.071715,697,14370.6,96318.897668,202206
6.7281,6.7363,6.6871,6.6908,21785.75,146334.336259,608,7755.79,52121.686364,202206
6.6902,6.6902,6.6432,6.6594,33184.35,221121.955702,958,12772.67,85126.113436,202206
6.6594,6.6962,6.6531,6.6918,26549.18,177326.570458,715,13785.19,92100.175048,202206
6.69,6.7142,6.6783,6.7084,27844.01,186506.600311,843,15129.47,101350.281292,202206
6.7082,6.7119,6.6855,6.7056,17860.07,119722.763577,506,8556.59,57366.440869,202206
6.7057,6.7285,6.7017,6.7102,21368.36,143517.231581,579,13414.86,90104.185205,202206
6.71,6.715,6.6603,6.6648,28464.44,190172.108215,704,9094.19,60795.377252,202206
6.6667,6.6885,6.6655,6.6705,19349.82,129136.120146,512,8598.61,57389.772275,202206
6.67,6.6926,6.66,6.6709,29009.75,193503.593017,582,10552.46,70419.230527,202206
6.672,6.7125,6.6683,6.7085,18423.27,123274.57243,506,10556.83,70658.207891,202206
6.7106,6.7314,6.7057,6.7302,23389.86,157135.331563,429,13403.04,90036.686337,202206
6.7315,6.7355,6.695,6.7295,27874.62,187148.498832,647,12428.85,83495.768734,202206
6.7308,6.8149,6.7238,6.8076,56199.99,380105.892907,1423,31189.94,210930.819883,202206
6.8048,6.8452,6.7938,6.8257,62244.14,424716.214329,1298,34351.95,234354.235495,202206
6.8267,6.8482,6.8014,6.8027,38615.37,263535.858865,949,20916.49,142722.387049,202206
6.8024,6.8104,6.7824,6.8089,28483.87,193554.881302,758,10850.02,73730.730114,202206
6.809,6.8124,6.7935,6.7973,26822.05,182489.737688,635,12623.15,85875.08891,202206
6.7966,6.8151,6.7648,6.7885,96706.83,656836.151334,1092,32584.28,221677.014079,202206
6.7892,6.8803,6.7707,6.8524,95321.09,652223.423264,1728,72281.38,494769.486249,202206
6.8515,6.9582,6.8463,6.9515,118881.15,820158.48833,2417,67744.98,467376.614273,202206
6.9515,7.0346,6.9196,7.0035,231975.41,1619781.976611,3561,132755.17,926967.315186,202206
7.0006,7.0098,6.9752,6.9852,69672.97,487165.481862,1403,33567.94,234767.617573,202206
6.987,7.0022,6.9568,6.9691,60836.82,424623.691335,1218,31370.4,219019.453696,202206
6.9658,7.0072,6.9223,6.942,150713.47,1049311.166185,2777,64573.89,450242.500959,202206
6.9379,6.9544,6.8872,6.892,90803.72,629852.892144,1923,43223.72,299849.389332,202206
6.8927,6.9239,6.8704,6.8932,81433.72,562028.020097,1701,44098.13,304407.102595,202206
6.8932,6.9025,6.8502,6.8797,78430.62,539294.080541,1486,28802.32,198163.690434,202206
6.8796,6.8983,6.8677,6.8937,46668.8,321076.814747,989,20472.32,140874.223874,202206
6.896,6.9197,6.8889,6.913,39960.09,275901.316393,852,19461.84,134383.971334,202206
6.9136,6.9334,6.8921,6.896,49579.92,342587.580598,1162,28047.2,193806.514531,202206
6.8976,6.8991,6.8232,6.8331,65835.01,451020.018549,1228,16942.95,116160.603977,202206
6.836,6.8525,6.794,6.8034,43779.65,298649.989277,1007,16014.79,109270.164052,202206
6.8027,6.8058,6.7252,6.7313,99485.17,672086.930766,1959,29527.57,199494.601054,202206
6.7301,6.7669,6.7301,6.7507,60640.31,409458.304223,1147,35968.14,242870.0172,202206
6.7501,6.7665,6.685,6.6943,54712.5,367602.431633,1373,23543.27,158248.617361,202206
6.6933,6.737,6.6559,6.6686,95396.12,638215.51967,1794,43502.83,291325.932614,202206
6.6677,6.6677,6.5274,6.6342,229914.56,1518054.746321,4493,117983.29,779212.611828,202206
6.6315,6.6531,6.6007,6.6344,90250.91,598652.439673,1814,42162.33,279682.321676,202206
6.6341,6.635,6.6044,6.6062,90701.12,600290.721856,1138,40573.35,268434.213782,202206
6.6061,6.6853,6.5833,6.6817,114436.61,758090.706181,1839,66904.88,443403.829621,202206
6.6819,6.6959,6.6423,6.6441,46600.98,310779.021485,976,19793.7,132047.702742,202206
6.6443,6.6512,6.6024,6.6202,81946.73,543192.932187,1405,38857.29,257602.445828,202206
6.6201,6.6544,6.6046,6.6098,44632.15,295785.182063,964,24240.65,160653.174696,202206
6.6086,6.6477,6.6061,6.625,56149.85,372030.437315,892,18471.52,122388.309717,202206
6.6247,6.626,6.5897,6.5924,60988.08,403179.628174,929,15768.15,104146.089181,202206
6.5915,6.5918,6.5181,6.5777,182326.09,1195199.021412,3367,98285.14,644540.23418,202206
6.5747,6.6071,6.5226,6.5891,128437.86,843449.579191,2435,71229.73,468036.553992,202206
6.5902,6.5945,6.5384,6.5519,60195.21,395204.917027,1122,22156.8,145480.0296,202206
6.5544,6.5697,6.5142,6.5489,48806.69,319160.270968,1193,24934.02,163095.828821,202206
6.5489,6.5726,6.5392,6.5412,58908.35,386308.819188,1032,25358.64,166320.558989,202206
6.5411,6.5845,6.5345,6.558,50426.02,331269.454772,1085,31937.92,209845.951207,202206
6.558,6.5874,6.5277,6.5795,57204.25,374676.667706,1075,34565.4,226346.95269,202206
6.5838,6.5847,6.5263,6.5377,19304.8,126452.790091,488,7399.88,48481.513741,202206
6.5356,6.5427,6.4414,6.4573,219463.47,1422723.659971,3438,100218.7,649404.739625,202206
6.4544,6.4843,6.4466,6.4833,67458.68,436126.253112,1397,29567.61,191179.537384,202206
6.4803,6.5035,6.4327,6.5003,99716.58,644489.947602,1747,38712.05,250493.632172,202206
6.4987,6.5247,6.4646,6.4799,52302.49,339615.780734,1178,29678.09,192706.881951,202206
6.477,6.4816,6.4239,6.4544,69647.96,449924.872934,1475,27954.02,180643.680308,202206
6.4551,6.4654,6.398,6.3985,82739.41,531635.84114,1698,33487.61,215335.030083,202206
6.3975,6.446,6.3883,6.4116,81933.68,525745.964891,1528,47408.93,304289.332883,202206
6.4132,6.4389,6.4094,6.4379,75025.94,481907.06565,1143,45875.99,294762.889816,202206
6.4375,6.4471,6.4084,6.4133,49643.88,319313.19144,733,19667.77,126523.365076,202206
6.4119,6.4323,6.3837,6.3923,43537.98,278812.938094,816,25959.48,166262.812451,202206
6.3947,6.4188,6.3862,6.4188,41092.43,263052.366761,724,21303.58,136423.243627,202206
6.4182,6.4272,6.3915,6.3956,31932.77,204763.604514,495,16037.25,102873.819793,202206
6.3944,6.4025,6.3286,6.3486,117656.41,748757.259752,1745,42355.98,269720.117269,202206
6.3437,6.354,6.3112,6.3522,106234.46,672609.882707,1651,48140.8,304942.425008,202206
6.3523,6.3775,6.3471,6.3658,61465.0,391136.301285,937,40080.2,255100.637375,202206
6.3661,6.37,6.3327,6.349,58760.95,373329.184035,874,17895.76,113705.553828,202206
6.3477,6.3477,6.2196,6.2632,256234.17,1604404.82143,2857,78568.48,492854.023889,202206
6.2643,6.3177,6.2536,6.3031,54725.14,343788.267549,1053,34719.71,218027.919795,202206
6.3025,6.3025,6.268,6.2858,34768.58,218551.117099,801,16700.09,104957.276273,202206
6.2859,6.337,6.2752,6.328,43620.56,275406.444875,1056,23804.51,150303.085239,202206
6.3256,6.3363,6.2994,6.309,42675.9,269604.016565,918,24785.18,156629.036543,202206
6.3111,6.3265,6.2983,6.3077,38760.02,244653.434951,854,20981.53,132413.6221,202206
6.307,6.3248,6.2758,6.2799,41884.23,263606.081491,1022,19928.18,125439.091366,202206
6.2793,6.3103,6.2762,6.2998,48303.24,304132.889316,902,31812.2,200290.249588,202206
6.3013,6.3104,6.2799,6.3008,41023.49,258161.886124,773,18168.97,114338.40341,202206
6.2999,6.326,6.2921,6.3062,63422.37,400086.710307,1144,31545.75,199017.788644,202206
6.3062,6.3087,6.2901,6.2969,37300.47,234946.662577,566,23835.79,150127.823651,202206
6.2962,6.3019,6.2798,6.2922,32663.65,205482.888026,607,16540.84,104072.811569,202206
6.293,6.3496,6.2884,6.3324,61441.88,388376.59716,1094,45162.73,285562.741443,202206
6.3316,6.3437,6.3176,6.3216,41533.64,262920.620974,811,28304.65,179182.409142,202206
6.3212,6.3499,6.2726,6.3002,99836.48,630140.927689,1725,52356.35,330434.852246,202206
6.3006,6.3365,6.2969,6.3077,40058.17,252963.430254,799,23711.3,149719.778588,202206
6.3073,6.3271,6.2973,6.3207,38826.01,244902.815128,640,23680.33,149354.319912,202206
6.3208,6.3239,6.3018,6.3074,32557.01,205469.255658,712,14091.84,88940.312615,202206
6.3053,6.3209,6.2847,6.2919,56559.39,356487.873859,924,24419.0,153903.731836,202206
6.2932,6.2991,6.2365,6.2612,59960.28,375651.25825,1184,24867.76,155811.190843,202206
6.2608,6.2665,6.1668,6.203,101197.64,627840.837542,1747,30500.3,189502.778075,202206
6.2038,6.2439,6.1985,6.2254,45580.31,283490.46678,767,19849.46,123584.711279,202206
6.2218,6.2329,6.2116,6.2202,38592.89,240126.333516,669,23836.6,148320.692562,202206
6.219,6.2405,6.2012,6.2072,44292.11,275534.970852,798,24177.36,150433.554193,202206
6.2059,6.2175,6.1862,6.1902,33997.29,210915.757771,588,15607.33,96826.130177,202206
6.1899,6.1967,6.1636,6.1757,47561.34,293913.636336,876,26954.24,166638.440947,202206
6.173,6.1923,6.1685,6.1726,36686.7,226746.44089,761,23705.02,146516.532024,202206
6.1723,6.1921,6.1635,6.1863,22587.79,139563.892286,524,11999.0,74140.163599,202206
6.188,6.215,6.1802,6.2073,33734.98,209004.542898,661,21106.6,130780.014933,202206
6.2064,6.2064,6.18,6.2,25390.8,157241.463899,512,15608.51,96660.969349,202206
6.2001,6.2087,6.1671,6.1684,57610.21,356054.858219,982,24696.55,152620.332122,202206
6.1673,6.1977,6.156,6.1835,92257.73,569981.193838,1121,42084.86,260066.51037,202206
6.1833,6.1958,6.1577,6.1804,56364.89,347966.763261,866,30818.52,190305.76473,202206
6.181,6.1818,6.116,6.1369,79770.27,490656.147911,1484,43275.75,266126.180142,202206
6.137,6.155,6.125,6.1375,59202.69,363486.084846,1133,36888.42,226451.702558,202206
6.1381,6.1501,6.0674,6.0798,167767.22,1024905.113488,2700,58272.26,355634.086941,202206
6.0763,6.0972,6.0631,6.0649,56442.36,343158.17685,1176,36249.92,220395.264839,202206
6.0657,6.0807,5.9921,6.0203,237177.79,1426725.878394,3688,89815.26,540591.683897,202206
6.0206,6.0295,5.9386,6.002,231918.57,1389203.307595,3827,118498.61,710109.668374,202206
6.0017,6.0155,5.9754,5.9915,93362.67,559811.570993,1531,62281.94,373426.05356,202206
5.9931,6.0148,5.9752,5.9925,104283.0,624805.170802,1384,41659.37,249686.995114,202206
5.991,6.0366,5.9791,6.0179,79003.76,474750.115306,1454,41117.4,246959.321107,202206
6.0192,6.05,6.0142,6.0261,109378.56,659707.675492,1593,72279.18,435940.386168,202206
6.0235,6.0486,6.0094,6.0317,91775.37,553325.638302,1294,40459.07,243887.766165,202206
6.03,6.0474,6.0217,6.034,60679.31,366054.114606,1003,39549.09,238584.091489,202206
6.0344,6.0619,6.0287,6.0538,62105.57,375555.5203,846,32105.84,194101.108194,202206
6.0543,6.0667,6.0473,6.0548,59817.01,362178.943215,768,33265.17,201390.231771,202206
6.0547,6.0623,6.0419,6.0476,73229.99,443204.34161,853,39267.58,237660.24232,202206
6.0477,6.0641,6.0375,6.0527,56693.86,342925.143264,713,34953.64,211371.442447,202206
6.0519,6.0737,6.0504,6.0666,24372.57,147762.821661,407,17786.24,107848.669154,202206
6.0665,6.0721,6.051,6.0696,31393.78,190318.807843,445,23421.55,141988.713934,202206
6.0696,6.1103,6.0632,6.0958,46774.95,284221.474475,827,35035.06,212856.679759,202206
6.0956,6.1008,6.0893,6.1,24753.09,150854.978076,398,16663.8,101546.376386,202206
6.1,6.1034,6.0792,6.0866,30508.58,185821.51907,542,24469.13,149046.063993,202206
6.0866,6.0884,6.074,6.0808,14444.84,87839.275144,251,6879.62,41826.139397,202206
6.0807,6.0901,6.0565,6.0736,22706.57,137840.032444,390,13703.65,83204.651679,202206
6.0739,6.1099,6.0587,6.108,36811.77,223723.873761,641,17440.67,105994.210489,202206
6.108,6.1119,6.0692,6.0856,31561.92,192065.979567,468,16403.51,99805.45024,202206
6.0854,6.088,6.0728,6.0822,22905.21,139266.283053,444,13390.94,81412.07144,202206
6.0821,6.1248,6.0702,6.1224,37443.49,228192.296975,663,21389.11,130365.931896,202206
6.1205,6.1224,6.0974,6.1009,33331.2,203493.341171,616,18149.33,110815.773012,202206
6.1029,6.1218,6.0966,6.1209,36953.4,225741.601919,555,22444.68,137127.96715,202206
6.1206,6.1274,6.0996,6.1027,44695.31,273047.459033,654,23126.93,141297.255613,202206
6.1039,6.1218,6.0974,6.1073,34257.74,209200.769465,566,19969.31,121935.127046,202206
6.1091,6.1427,6.1023,6.124,68769.19,421223.202142,844,46023.97,281968.788376,202206
6.1241,6.139,6.123,6.1231,33427.84,204914.645634,441,14322.28,87792.741626,202206
6.1234,6.13,6.1139,6.1255,34952.89,213949.823757,553,17687.42,108273.221163,202206
6.1259,6.1355,6.1201,6.1335,42555.65,260808.494972,530,28460.14,174438.624229,202206
6.1349,6.1424,6.118,6.1424,32396.98,198520.557689,519,17314.47,106105.103614,202206
6.1427,6.2242,6.1318,6.2218,118630.84,732936.949756,2247,67867.62,419289.38362,202206
6.2213,6.2213,6.1703,6.1934,88497.91,547497.846142,1217,40762.26,252152.478565,202206
6.1926,6.2056,6.1637,6.1687,123048.01,760813.159593,1298,59663.79,369084.381274,202206
6.1718,6.1947,6.1685,6.1779,39600.03,244805.234017,731,20314.13,125593.631909,202206
6.1802,6.1945,6.1729,6.1795,41169.19,254503.83826,724,22960.96,141937.669319,202206
6.1798,6.1861,6.1581,6.1678,63863.33,394107.898321,978,28702.56,177162.021037,202206
6.1675,6.1676,6.1367,6.1576,43734.44,269130.284612,758,25125.65,154633.41224,202206
6.1582,6.1625,6.1312,6.1378,43870.65,269534.226399,673,18649.99,114615.348334,202206
6.1356,6.1418,6.1221,6.1359,60089.22,368441.503424,692,41084.8,251903.695168,202206
6.1351,6.1444,6.11,6.1153,30178.99,184870.792737,538,15526.63,95087.423749,202206
6.1172,6.1187,6.0909,6.1082,80156.85,489777.334733,832,36430.68,222575.33233,202206
6.1066,6.1087,6.0721,6.0967,80892.63,492794.303981,1112,50521.86,307824.983958,202206
6.0996,6.1141,6.061,6.0904,55946.2,340785.837971,871,35972.7,219178.306391,202206
6.0903,6.0911,6.0661,6.0772,64255.24,390550.901944,750,36673.33,222924.984904,202206
6.0816,6.0873,6.0454,6.053,66127.97,401259.098691,861,42353.14,256980.347997,202206
6.0554,6.0645,6.0036,6.0189,78065.74,471024.132161,1268,45114.39,272254.296488,202206
6.0194,6.0649,6.0194,6.0645,84066.79,508305.547824,1354,45174.91,273106.562986,202206
6.0645,6.0653,5.978,5.9791,114520.87,689124.105232,1428,48977.49,295094.591696,202206
5.9795,6.0434,5.9736,6.0348,90316.47,543194.751707,1492,55183.24,331805.555348,202206
6.0343,6.0462,6.0262,6.0324,35060.77,211582.810872,639,17798.87,107412.081703,202206
6.0304,6.0446,6.0076,6.0353,30192.44,182002.2268,698,14556.63,87738.053531,202206
6.0355,6.0771,6.0355,6.0454,63399.03,384046.530816,1321,30432.5,184403.82155,202206
6.0446,6.0506,6.0304,6.0418,38021.53,229704.543965,661,21943.57,132581.714533,202206
6.0414,6.0672,6.034,6.0672,28321.79,171291.846563,651,15019.01,90813.485835,202206
6.0667,6.1184,6.0578,6.1024,68289.8,415893.029138,1511,26324.2,160411.592469,202206
6.1025,6.1382,6.1025,6.1197,49751.08,304417.298089,1026,20752.19,126963.837343,202206
6.1196,6.1303,6.1039,6.1144,54349.06,332276.429611,1119,17527.5,107206.095603,202206
6.1148,6.1298,6.1105,6.1113,55673.69,340804.199845,1009,21418.36,131117.627265,202206
6.1116,6.1298,6.1013,6.1111,46011.53,281454.529354,906,17053.51,104323.194452,202206
6.111,6.1283,6.0928,6.1164,49307.46,301318.229497,953,21008.3,128398.789377,202206
6.1164,6.1275,6.1045,6.125,40636.39,248619.273384,793,14548.11,89018.912566,202206
6.125,6.1358,6.1163,6.1178,47841.33,293078.970941,932,21232.61,130079.390283,202206
6.1185,6.1439,6.118,6.1391,43931.45,269502.833777,882,16457.29,100937.497654,202206
6.1388,6.1463,6.1284,6.1362,35775.33,219571.387646,693,15785.76,96890.506719,202206
6.1358,6.1458,6.1193,6.1321,100549.26,616820.492729,1257,21211.83,130132.78008,202206
6.1321,6.1337,6.0919,6.0955,44395.4,271332.742513,937,16687.35,102020.682535,202206
6.0962,6.1169,6.0796,6.115,34579.78,210957.260416,623,15094.02,92096.051893,202206
6.115,6.1223,6.1045,6.1132,46656.05,285265.560779,717,22012.25,134573.522251,202206
6.1129,6.1259,6.086,6.1232,46301.04,282576.080009,836,19600.97,119591.561482,202206
6.1221,6.1221,6.0889,6.1118,26882.03,164173.24699,610,11094.37,67746.124551,202206
6.1127,6.116,6.0831,6.0949,31319.74,191060.831263,711,10897.49,66462.619527,202206
6.0942,6.1012,6.0661,6.0983,29988.21,182517.946661,649,13304.63,80980.57902,202206
6.1021,6.1298,6.1021,6.1193,35163.35,215125.649222,753,16062.52,98278.147777,202206
6.1172,6.1306,6.0963,6.1244,39442.93,241108.154433,831,16691.5,102012.731667,202206
6.1242,6.1355,6.0876,6.1088,28644.64,175047.479719,646,15287.17,93376.865693,202206
6.1085,6.1157,6.0912,6.1072,27127.63,165507.961852,608,11740.91,71615.514129,202206
6.107,6.1133,6.0907,6.0987,29746.12,181483.421098,645,11556.99,70510.104935,202206
6.0998,6.1291,6.088,6.1204,28848.47,176190.562686,526,17379.07,106121.904003,202206
6.1203,6.1296,6.0807,6.0998,30195.58,184405.967365,791,14530.04,88718.214323,202206
6.0989,6.0989,6.0512,6.0673,38779.38,235573.887198,901,15928.05,96743.955717,202206
6.0694,6.0926,6.0641,6.0876,33785.4,205257.591425,740,15397.25,93521.217906,202206
6.0886,6.1119,6.0884,6.1067,21871.42,133461.772656,572,10946.45,66792.464817,202206
6.1073,6.1123,6.0572,6.0572,26226.52,159819.41818,700,13492.05,82192.406557,202206
6.0581,6.0977,6.0569,6.0902,40964.12,249020.520441,762,19776.68,120182.141927,202206
6.0917,6.0917,6.0338,6.0573,52579.72,318480.7301,1027,20390.87,123480.000962,202206
6.0591,6.0839,6.0523,6.0599,16697.75,101393.705035,470,8252.36,50106.268664,202206
6.063,6.0679,6.038,6.0653,36047.26,218241.873455,768,18531.34,112173.326817,202206
6.0662,6.0662,6.0139,6.0216,43184.74,260799.877922,836,14615.51,88250.306081,202206
6.024,6.0278,5.9978,6.0123,78460.37,471594.44233,1186,22671.86,136255.920584,202206
6.0143,6.0531,5.9978,6.0522,57440.06,345463.189947,834,36309.44,218251.939567,202206
6.0525,6.057,6.0108,6.0137,31997.03,193091.6399,561,13676.86,82508.29794,202206
6.0109,6.017,5.991,5.9911,44007.84,264275.588158,660,25728.81,154586.385864,202206
5.991,6.0278,5.9882,6.018,86457.9,519640.098478,868,65468.91,393651.952883,202206
6.0177,6.0278,5.995,6.0093,18088.6,108718.06366,407,8845.34,53165.129387,202206
6.0104,6.023,5.9923,6.0189,23948.27,143814.27933,514,8050.47,48358.81816,202206
6.0201,6.0387,6.0148,6.0322,26547.44,160070.330093,576,17096.2,103082.082141,202206
6.0322,6.0519,6.0322,6.0475,16798.7,101518.58129,396,8173.52,49381.238062,202206
6.048,6.0662,6.041,6.0616,28194.63,170654.663702,578,12483.69,75566.750275,202206
6.0616,6.0663,6.0384,6.0451,35957.67,217557.252462,575,13295.9,80483.288417,202206
6.0468,6.0571,6.0329,6.0484,21284.39,128692.023716,475,9652.48,58365.705864,202206
6.0483,6.0826,6.0448,6.0689,52994.4,321481.350735,771,34274.52,207870.26593,202206
6.0696,6.0748,6.0532,6.0556,22207.3,134619.938322,533,10675.11,64708.521212,202206
6.0564,6.0616,6.0238,6.0402,30207.39,182416.621687,771,15084.48,91086.478112,202206
6.0411,6.0411,6.0051,6.008,16844.29,101432.44545,433,9028.46,54370.244255,202206
6.0051,6.026,6.0,6.0194,20008.68,120344.214053,473,10220.89,61468.634435,202206
6.0187,6.0384,6.0148,6.0196,8057.06,48561.922924,264,3682.92,22196.672261,202206
6.0188,6.0379,6.0024,6.0266,18586.35,111891.753914,488,10903.87,65663.423249,202206
6.0267,6.0615,6.0258,6.0308,16303.64,98595.819679,500,8205.52,49616.121039,202206
6.0316,6.075,6.0316,6.075,20264.42,122528.136579,443,15341.74,92771.069166,202206
6.0748,6.1246,6.07,6.1105,42087.01,257146.544666,934,24756.51,151222.392059,202206
6.113,6.128,6.0853,6.0869,46265.14,282810.501502,842,30145.56,184288.0732,202206
6.0876,6.1135,6.0864,6.1096,23856.03,145433.679096,470,12634.06,77018.202839,202206
6.1102,6.122,6.1038,6.1069,24373.08,149025.987391,492,10915.33,66742.339711,202206
6.1127,6.1214,6.1015,6.1015,14188.86,86734.982468,378,7975.36,48751.386068,202206
6.1049,6.108,6.0956,6.1072,11589.51,70710.203961,283,6490.54,39594.792176,202206
6.1095,6.111,6.0932,6.1036,15106.47,92157.784513,329,6885.51,42014.293935,202206
6.1027,6.1036,6.075,6.0825,14166.39,86226.147568,414,5030.43,30619.619827,202206
6.0843,6.1076,6.0824,6.1076,10150.14,61872.457648,253,7258.6,44260.088715,202206
6.1077,6.1154,6.0903,6.092,14391.76,87789.564656,320,4264.98,26023.277725,202206
6.0943,6.1067,6.08,6.0817,13389.53,81592.828215,309,7748.01,47224.49422,202206
6.0808,6.1022,6.0785,6.0944,13251.09,80718.292575,330,8594.85,52343.796178,202206
6.0931,6.1104,6.0818,6.1104,14454.76,88088.625459,454,7302.25,44500.063807,202206
6.1109,6.1398,6.1097,6.131,23577.75,144579.612909,623,9268.44,56830.364585,202206
6.1291,6.169,6.1258,6.1559,38188.23,234743.911079,889,21281.54,130858.471268,202206
6.1552,6.1612,6.1458,6.1458,32214.19,198227.712488,591,16426.04,101102.559808,202206
6.1458,6.1926,6.1436,6.1814,56700.57,350334.554336,972,20121.92,124144.857184,202206
6.1786,6.1914,6.1639,6.1748,43009.39,265712.339546,852,28077.24,173445.100947,202206
6.1734,6.1795,6.1615,6.1633,42768.88,263763.465226,674,21384.42,131897.371961,202206
6.1622,6.1983,6.147,6.155,61875.61,382517.484529,989,33616.28,207840.952102,202206
6.1558,6.1742,6.1398,6.1685,25362.15,156145.885576,465,12094.88,74452.330374,202206
6.1704,6.2276,6.1704,6.2106,56377.42,349968.887494,953,35049.81,217564.522716,202206
6.2104,6.2166,6.1652,6.1752,39021.79,241503.976104,772,16991.73,105105.800347,202206
6.1752,6.2075,6.1664,6.2063,33439.95,206890.036326,624,19395.59,120010.885374,202206
6.205,6.205,6.1874,6.1943,20536.71,127254.659849,463,10860.23,67287.493346,202206
6.1947,6.1947,6.1617,6.1688,32916.47,203384.972729,594,13891.6,85833.312977,202206
6.1689,6.1795,6.1642,6.1792,14301.2,88271.984671,363,8884.72,54841.023018,202206
6.1791,6.1851,6.1684,6.1803,21729.54,134218.644845,362,12947.6,79976.849336,202206
6.1804,6.1933,6.1516,6.1633,47947.27,295902.226183,855,21512.83,132774.677109,202206
6.162,6.1953,6.1575,6.1912,23188.82,143288.105487,527,11086.88,68515.230769,202206
6.1938,6.2138,6.1761,6.1822,31227.78,193517.096295,659,20893.72,129491.928316,202206
6.1843,6.2139,6.1735,6.2137,31830.32,197068.900671,672,15069.13,93267.080752,202206
6.2138,6.2282,6.1938,6.1948,47899.42,297325.64038,868,23311.52,144726.885294,202206
6.1947,6.2058,6.1774,6.1893,28923.55,179068.968274,651,15748.2,97491.235511,202206
6.1887,6.2208,6.1861,6.1971,27190.65,168682.065584,586,11882.28,73719.840365,202206
6.1968,6.1998,6.1817,6.1905,16868.57,104416.169369,432,10326.92,63921.588678,202206
6.19,6.19,6.166,6.1692,14134.38,87323.007704,396,7118.33,43980.788721,202206
6.1704,6.1763,6.1624,6.1763,16332.27,100747.843915,425,9274.95,57213.395023,202206
6.1763,6.1931,6.1728,6.1871,13749.93,84996.185686,342,8562.22,52932.157795,202206
6.1911,6.1932,6.1735,6.1735,18794.06,116229.879449,319,5182.27,32041.638664,202206
6.1752,6.2035,6.1651,6.1838,37908.27,234257.699309,759,16136.54,99716.145234,202206
6.1837,6.1845,6.1672,6.1744,12265.36,75758.90419,310,6059.04,37423.104598,202206
6.1743,6.1963,6.1741,6.194,13498.69,83533.767548,332,6575.97,40697.183273,202206
6.191,6.2027,6.1818,6.1924,17811.35,110300.120275,419,9303.33,57617.389087,202206
6.1942,6.1942,6.1701,6.1803,11566.96,71472.889549,327,4544.87,28084.43805,202206
6.1803,6.215,6.1803,6.213,15064.72,93453.022953,372,10300.08,63911.393355,202206
6.213,6.2206,6.1881,6.1881,20817.91,129221.21532,428,11812.43,73328.759978,202206
6.1886,6.1908,6.1507,6.1547,21886.06,134953.587354,540,8839.53,54489.048258,202206
6.1554,6.162,6.1331,6.1599,43539.57,267724.391514,637,29678.08,182493.967548,202206
6.1606,6.1884,6.1545,6.1736,31000.54,191194.437243,540,18992.98,117116.949731,202206
6.175,6.1769,6.1561,6.1598,13006.37,80149.096059,343,5413.65,33362.198707,202206
6.1598,6.1739,6.1422,6.1656,19199.25,118248.277385,496,8907.97,54878.70425,202206
6.1656,6.19,6.1647,6.1884,15846.22,97935.785912,437,8479.24,52405.767223,202206
6.1883,6.1927,6.1683,6.1785,8747.12,54065.18606,247,4055.87,25072.030369,202206
6.1788,6.1936,6.1715,6.1936,11319.05,69941.07282,306,6399.01,39535.896959,202206
6.1936,6.1961,6.1537,6.1585,22530.76,139068.442327,476,8300.49,51184.732706,202206
6.1595,6.181,6.1595,6.1804,14629.64,90286.574065,331,8401.08,51843.439878,202206
6.1778,6.1804,6.1402,6.1445,24281.16,149615.013228,524,11166.29,68808.537657,202206
6.1459,6.1719,6.1401,6.1643,24927.73,153408.896875,465,11711.12,72057.944976,202206
6.1665,6.1971,6.1641,6.1962,16596.3,102562.106423,484,10617.34,65616.743936,202206
6.1965,6.2417,6.1894,6.2318,40746.15,253223.256824,957,23490.57,146022.543113,202206
6.2326,6.2772,6.1734,6.2021,95185.64,593050.67536,1896,53356.72,332676.937271,202206
6.201,6.201,6.1585,6.1913,26358.18,162926.291447,660,11176.57,69063.540875,202206
6.1898,6.2382,6.1895,6.227,20244.93,125988.360802,626,10103.13,62856.98929,202206
6.2279,6.2282,6.2001,6.2001,25606.97,159227.200191,503,11252.91,69973.833557,202206
6.2001,6.2121,6.1978,6.2084,13632.02,84615.078764,298,6064.42,37643.928794,202206
6.2075,6.2164,6.1855,6.2152,14904.75,92417.853974,469,8919.96,55289.821826,202206
6.2162,6.242,6.2162,6.2247,35523.52,221243.64693,683,17513.28,109066.833595,202206
6.2252,6.23,6.2095,6.2274,19692.77,122497.650298,508,12081.49,75147.261421,202206
6.2279,6.2669,6.2259,6.2607,33414.83,208912.427548,742,18691.31,116894.063831,202206
6.2634,6.2739,6.244,6.2509,26048.57,163023.518238,515,12408.43,77697.81671,202206
6.251,6.26,6.2364,6.239,24390.49,152413.845363,437,11446.62,71529.658352,202206
6.2404,6.2506,6.2378,6.2494,19083.81,119162.937722,475,8672.77,54156.463344,202206
6.2494,6.2642,6.2368,6.2589,26964.81,168527.049281,533,18257.98,114134.686539,202206
6.259,6.2928,6.2465,6.2883,33047.34,207244.950016,748,17082.81,107200.589522,202206
6.2893,6.3012,6.2723,6.2887,49362.76,310281.744575,788,29705.5,186725.669345,202206
6.2907,6.2993,6.2708,6.2708,27519.11,172976.900153,503,16725.71,105148.190695,202206
6.2741,6.289,6.2695,6.2744,20477.49,128537.284735,458,8061.49,50610.949883,202206
6.2711,6.2711,6.2522,6.2604,17427.03,109090.287195,392,6957.87,43562.049835,202206
6.2616,6.2848,6.245,6.2463,56030.05,351267.461295,876,32292.07,202502.62493,202206
6.2448,6.2587,6.2399,6.2464,27040.81,168922.225981,573,15177.25,94802.087645,202206
6.2437,6.2478,6.2305,6.2387,15419.91,96219.331288,340,4115.39,25686.126391,202206
6.239,6.2454,6.2061,6.2061,29451.88,183326.983529,656,11538.41,71844.995669,202206
6.2074,6.2246,6.1991,6.2246,24707.76,153418.282404,583,8660.83,53804.350179,202206
6.2246,6.2413,6.222,6.222,18724.6,116689.4741,511,9530.74,59390.578504,202206
6.2221,6.2304,6.2073,6.2227,29265.67,181966.118667,518,9006.81,56022.835478,202206
6.2216,6.2305,6.2163,6.2224,19468.5,121153.660918,451,8270.96,51475.103228,202206
6.2211,6.2299,6.1992,6.2131,28398.15,176443.97511,556,15813.73,98243.908962,202206
6.2139,6.219,6.1679,6.1687,42723.09,264623.908509,965,18284.33,113306.234991,202206
6.1679,6.1679,6.149,6.1517,43712.12,269222.850163,903,22382.88,137839.655756,202206
6.1494,6.1526,6.0808,6.1,80322.33,491127.563855,1570,29214.93,178699.745047,202206
6.0998,6.1052,6.04,6.0416,96882.65,588099.350229,1803,53485.01,324687.867531,202206
6.0423,6.0602,6.0254,6.041,57508.54,347195.567617,1177,29999.29,181115.442417,202206
6.041,6.0985,6.0129,6.078,59138.54,357783.366476,1197,29759.01,180104.204067,202206
6.0807,6.0876,6.0306,6.0734,91903.81,556767.771143,1675,39279.83,237922.343517,202206
6.0757,6.1067,6.046,6.1065,85499.03,518929.043627,1528,37474.77,227452.086792,202206
6.1063,6.222,6.0957,6.2087,142456.19,878299.727054,3019,80514.78,496297.140103,202206
6.2078,6.2099,6.1254,6.1638,99084.03,610629.047752,1889,37099.12,228612.640831,202206
6.1645,6.1645,6.1264,6.1264,57541.95,353780.854607,1036,24509.93,150708.141309,202206
6.1263,6.1323,6.0758,6.1212,77975.29,476203.884348,1635,39425.85,240850.882084,202206
6.1192,6.1526,6.1005,6.1356,60906.0,373397.548863,1337,29814.22,182786.697735,202206
6.1368,6.1399,6.11,6.1302,40957.31,251006.00169,762,17301.46,106023.388307,202206
6.1346,6.1769,6.1312,6.1588,60472.46,372552.787415,1196,33063.06,203706.245925,202206
6.1587,6.1725,6.137,6.137,74772.99,460061.867977,967,20688.21,127308.112719,202206
6.1369,6.149,6.0909,6.0933,71709.94,438406.221736,1192,28609.5,174871.582655,202206
6.0933,6.1113,6.0806,6.1031,52267.09,318601.143905,959,23795.01,145044.268689,202206
6.0997,6.1204,6.088,6.1135,37705.27,230269.053697,793,21797.86,133121.983293,202206
6.1135,6.1246,6.1029,6.1163,29117.49,178034.819515,743,16759.03,102460.349203,202206
6.1183,6.1367,6.1022,6.1345,23775.11,145413.222536,579,14292.86,87428.178086,202206
6.1338,6.1531,6.1077,6.1383,32837.88,201415.130243,762,15201.29,93220.250303,202206
6.1396,6.143,6.108,6.1105,31510.5,192927.997792,718,17011.33,104128.433765,202206
6.1119,6.1518,6.1119,6.143,34383.19,210947.425299,736,19196.4,117783.765901,202206
6.1464,6.166,6.139,6.1534,42510.46,261761.829491,707,28129.9,173267.30252,202206
6.1537,6.1863,6.1528,6.1747,37887.48,233815.997353,790,19705.74,121590.777932,202206
6.1758,6.1923,6.1643,6.1693,30680.6,189614.481588,777,16006.43,98917.907015,202206
6.1675,6.176,6.15,6.1672,63856.81,393339.557697,869,29788.89,183603.178866,202206
6.1701,6.2166,6.1652,6.212,50774.91,314606.793804,938,33068.61,204900.101742,202206
6.211,6.2355,6.1992,6.2344,56739.32,352511.409879,886,19657.36,122216.979276,202206
6.231,6.2316,6.1875,6.2064,46439.21,288002.178604,825,24323.4,150840.356753,202206
6.2038,6.2172,6.1895,6.2105,46657.47,289438.501685,668,34656.21,214991.237301,202206
6.2104,6.2283,6.2016,6.2188,28466.53,176903.385584,646,12480.73,77559.86939,202206
6.2161,6.2246,6.209,6.2154,15725.48,97767.144132,380,7714.99,47951.704027,202206
6.2129,6.2186,6.1909,6.1936,53286.18,330558.118496,881,20904.06,129661.549706,202206
6.1948,6.2032,6.1788,6.1934,44531.63,275685.170904,639,16023.82,99181.751326,202206
6.1965,6.2081,6.1854,6.2081,26556.48,164546.08595,515,10093.17,62543.784201,202206
6.2059,6.2078,6.1876,6.1913,33266.5,206175.963305,564,21415.78,132720.371738,202206
6.1912,6.2236,6.1836,6.2183,40980.24,253961.13186,569,11053.03,68582.275386,202206
6.2177,6.241,6.2129,6.2187,26026.46,162148.106935,743,11617.45,72391.125244,202206
6.2187,6.2268,6.1997,6.2022,16478.92,102366.290874,423,7394.0,45931.93803,202206
6.203,6.2043,6.1767,6.1968,30252.11,187321.748002,508,11715.31,72530.34863,202206
6.1967,6.1993,6.1827,6.1915,36917.07,228561.065064,506,21559.23,133463.779821,202206
6.1923,6.1951,6.1709,6.1932,35481.96,219450.29839,539,28031.36,173381.687194,202206
6.1952,6.23,6.1905,6.2142,34807.98,216257.437619,711,15405.11,95680.019915,202206
6.2168,6.2286,6.1838,6.1881,25306.8,157001.885049,684,13899.74,86220.640278,202206
6.1882,6.241,6.1832,6.2404,25525.44,158724.867586,558,17571.68,109272.928142,202206
6.2398,6.2434,6.2146,6.2434,27982.09,174193.376075,548,9527.82,59316.322324,202206
6.2435,6.2776,6.2284,6.2776,57796.82,361774.072073,973,39701.43,248531.935112,202206
6.2748,6.2889,6.2657,6.2745,29337.61,184087.257262,619,15061.28,94499.067781,202206
6.2754,6.282,6.2359,6.2608,42576.88,266479.838507,740,23176.69,145106.494296,202206
6.2605,6.2681,6.2365,6.2417,26462.64,165374.481953,488,15800.43,98729.673266,202206
6.24,6.2604,6.24,6.2427,12905.34,80656.475574,278,4207.96,26297.523782,202206
6.2421,6.265,6.2368,6.2528,23838.88,149149.075591,410,13804.77,86377.005738,202206
6.2527,6.2729,6.2382,6.269,21831.15,136466.455724,567,11092.85,69322.541358,202206
6.2705,6.2735,6.2544,6.2668,20339.92,127435.697544,456,7612.68,47678.526669,202206
6.267,6.2671,6.2303,6.2554,44194.66,276057.521398,707,15556.44,97192.26418,202206
6.2599,6.2678,6.2464,6.2549,25931.51,162203.016416,528,13534.89,84647.084843,202206
6.2549,6.2661,6.2304,6.236,18246.63,114045.887598,414,8459.88,52871.980587,202206
6.2371,6.2402,6.2176,6.2318,26999.12,168142.824954,506,12436.4,77448.652693,202206
6.2311,6.239,6.2159,6.2378,30965.24,192946.382694,526,17180.14,107047.844541,202206
6.2391,6.2473,6.2331,6.2409,13894.62,86713.943455,339,5659.02,35314.229854,202206
6.2418,6.2589,6.2194,6.2565,48933.05,304897.597261,565,15169.38,94683.675942,202206
6.2571,6.3081,6.2541,6.2912,47665.29,299822.834992,980,28677.08,180427.204588,202206
6.2916,6.3119,6.2852,6.2866,95330.56,600682.657454,949,61320.85,386468.066667,202206
6.2859,6.2859,6.2507,6.2573,49129.84,308083.096118,664,29258.88,183435.773065,202206
6.2587,6.2692,6.2517,6.2558,13862.58,86796.129928,329,6619.27,41436.213325,202206
6.2557,6.2703,6.2547,6.2635,31052.53,194532.915957,402,17347.44,108655.482338,202206
6.2635,6.2834,6.2416,6.2824,68598.88,429858.858753,845,40218.62,252011.377155,202206
6.2843,6.2843,6.2156,6.217,66061.81,413364.470897,1010,20575.06,128751.86967,202206
6.218,6.2575,6.2109,6.2531,42920.2,267781.002235,779,20308.88,126681.210465,202206
6.2537,6.2662,6.2339,6.2394,41305.35,258311.658288,731,19636.33,122826.307796,202206
6.2398,6.241,6.208,6.2227,37538.04,233611.024595,630,16033.31,99707.702153,202206
6.2228,6.2385,6.2189,6.2253,19124.75,119168.819544,353,13828.13,86176.303842,202206
6.2256,6.2431,6.2174,6.2334,15940.22,99282.557512,429,8606.84,53605.465305,202206
6.2326,6.2355,6.2079,6.2148,23176.19,144135.175969,391,9406.99,58502.990732,202206
6.2148,6.222,6.1931,6.2183,51776.95,321211.35305,677,16978.09,105344.825341,202206
6.218,6.2375,6.2068,6.2086,18417.13,114621.246612,505,9260.73,57657.659801,202206
6.2121,6.2171,6.1927,6.1995,11809.37,73249.600148,283,6601.75,40937.754405,202206
6.2004,6.2203,6.2004,6.2099,18198.88,113090.102678,356,11367.74,70646.774786,202206
6.2108,6.2172,6.201,6.2172,13395.21,83148.269334,322,7829.61,48602.669205,202206
6.2143,6.2375,6.197,6.2334,52377.93,326014.98787,620,31698.37,197308.496911,202206
6.2326,6.2688,6.2326,6.2656,25948.65,162136.445627,675,14165.75,88492.927047,202206
6.267,6.2927,6.2558,6.2918,30901.16,193790.996488,621,19339.51,121318.791542,202206
6.2925,6.3428,6.2908,6.3402,62921.18,397506.681212,1165,25826.19,163156.234521,202206
6.3402,6.4248,6.3235,6.4232,101922.79,649828.050874,2010,61904.43,394534.176965,202206
6.4218,6.4889,6.4073,6.4598,133265.82,859010.547567,2609,69630.82,448784.213754,202206
6.4598,6.4671,6.4167,6.4167,63375.53,407782.72013,1085,35826.02,230539.961535,202206
6.4174,6.4568,6.4151,6.4349,29862.78,192229.752292,691,15589.2,100319.160792,202206
6.4347,6.4435,6.4237,6.4273,30627.26,197015.216643,516,13800.92,88773.993219,202206
6.4269,6.429,6.385,6.3871,42088.76,269530.652926,951,20696.57,132532.435923,202206
6.3851,6.3939,6.371,6.3759,25277.17,161288.152077,672,9829.24,62729.273072,202206
6.3754,6.3991,6.3694,6.3833,33645.04,214859.728884,600,19664.82,125576.11131,202206
6.3831,6.3831,6.3528,6.3585,30357.38,193193.194757,645,15446.17,98318.180216,202206
6.3589,6.3672,6.3474,6.3544,26772.49,170165.270049,485,9407.44,59807.14143,202206
6.3551,6.3603,6.3307,6.3311,35244.99,223432.761279,805,13703.91,86877.932494,202206
6.3305,6.3426,6.3245,6.3374,27042.69,171261.846275,606,9021.3,57133.7205,202206
6.3402,6.3824,6.3392,6.3817,74684.36,475102.563755,815,57258.78,364202.99252,202206
6.3807,6.39,6.3653,6.3765,34017.46,216922.475713,567,21078.55,134420.340917,202206
6.3771,6.3918,6.3725,6.3876,25772.87,164508.168734,399,7173.54,45793.641033,202206
6.388,6.3958,6.3805,6.3812,16346.81,104458.92579,318,9428.78,60253.06022,202206
6.3802,6.3985,6.3656,6.3985,15533.63,99041.849625,285,8725.33,55650.017951,202206
6.3986,6.4535,6.3823,6.4169,73826.86,473727.733085,720,62476.06,401017.774559,202206
6.4167,6.4167,6.3826,6.4031,15245.41,97477.8456,301,8949.73,57193.096364,202206
6.4021,6.4021,6.3715,6.372,6054.08,38650.467768,212,2974.65,18993.306208,202206
6.3721,6.3829,6.3486,6.3795,13946.31,88739.236105,368,4263.66,27151.08888,202206
6.3795,6.3943,6.3793,6.3924,10738.99,68602.670343,223,4717.48,30137.015538,202206
6.3929,6.414,6.3895,6.3983,18850.44,120649.349646,423,9863.52,63145.664568,202206
6.3984,6.4141,6.3746,6.3803,26580.12,169864.850517,575,13713.71,87669.691257,202206
6.3831,6.4623,6.3831,6.4233,45079.58,289886.169272,1141,22203.59,142750.50246,202206
6.4202,6.4515,6.4012,6.4072,31547.25,202818.021804,631,18918.28,121627.026839,202206
6.4082,6.44,6.39,6.44,33227.41,212785.894935,628,11239.78,71999.326773,202206
6.4405,6.4479,6.4237,6.4261,40966.3,263599.530961,756,18818.07,121092.859118,202206
6.4289,6.4334,6.4001,6.4037,22965.03,147379.210045,551,8845.19,56755.696378,202206
6.4025,6.4195,6.3963,6.406,22875.94,146576.966799,546,10944.3,70130.943201,202206
6.406,6.4427,6.406,6.4427,14919.7,95876.479284,375,7707.64,49537.387509,202206
6.441,6.4655,6.4339,6.44,24859.58,160330.551145,634,13096.08,84461.252431,202206
6.4396,6.4483,6.4278,6.4339,28516.82,183597.789795,497,14356.55,92415.834523,202206
6.4332,6.4428,6.4264,6.4345,12326.27,79295.996463,345,5995.19,38568.841885,202206
6.4322,6.4331,6.4095,6.4147,15896.71,102043.086087,412,8333.97,53506.001343,202206
6.4136,6.4243,6.4048,6.4186,27828.14,178535.483991,586,11273.55,72315.987751,202206
6.4194,6.442,6.4117,6.4138,20927.79,134484.492092,607,11717.75,75287.193457,202206
6.4159,6.4289,6.4118,6.4242,17362.87,111479.9252,375,6528.13,41903.717671,202206
6.4252,6.4354,6.4181,6.4246,17608.22,113163.39819,351,8076.98,51901.480917,202206
6.4241,6.456,6.4199,6.4478,28518.85,183635.901323,636,16309.3,104989.926719,202206
6.4467,6.4595,6.4336,6.4559,19719.44,127123.048647,490,9596.11,61869.751283,202206
6.4551,6.456,6.4367,6.4463,26628.14,171606.326931,483,12239.24,78875.312385,202206
6.4452,6.4576,6.431,6.431,18899.41,121751.625617,324,12153.68,78284.321131,202206
6.43,6.4327,6.4101,6.4155,24876.84,159677.019609,472,12182.17,78191.273271,202206
6.4147,6.4193,6.3989,6.4055,18598.7,119223.285971,412,8841.45,56670.890875,202206
6.4071,6.4128,6.3889,6.4036,21180.33,135556.475044,582,8502.79,54402.535918,202206
6.4021,6.4093,6.3959,6.3968,14293.02,91511.924863,337,6690.52,42834.693427,202206
6.3968,6.4074,6.3634,6.376,27639.97,176428.734893,600,11157.89,71203.440892,202206
6.3778,6.3858,6.3551,6.3551,22310.69,142095.389802,493,13273.46,84514.665802,202206
6.3551,6.3659,6.3309,6.3468,26950.66,171077.47855,635,11233.74,71337.406032,202206
6.3468,6.3615,6.3219,6.3576,23606.45,149608.859827,573,10000.31,63402.746251,202206
6.3569,6.3744,6.3517,6.3652,22308.3,141957.071473,546,10818.57,68834.960791,202206
6.3652,6.3732,6.344,6.3722,25010.03,159057.311262,567,14991.51,95344.151883,202206
6.3732,6.39,6.3674,6.3784,17214.81,109832.170451,392,8126.62,51866.723976,202206
6.3791,6.3831,6.3499,6.3533,19868.23,126568.014368,449,11416.12,72731.647827,202206
6.3516,6.3582,6.338,6.3393,17086.53,108424.484516,352,9160.73,58123.084968,202206
6.3396,6.3598,6.3278,6.3544,19195.14,121837.495956,416,9106.47,57800.787897,202206
6.3554,6.3643,6.3501,6.3521,20626.04,131131.221802,434,13629.62,86665.199188,202206
6.3534,6.3542,6.3386,6.3491,19149.05,121516.456668,359,11439.26,72586.577975,202206
6.3461,6.3671,6.3438,6.3625,19637.41,124833.827992,401,12181.76,77437.952474,202206
6.3615,6.3797,6.3436,6.3794,24216.54,154140.772279,473,8958.1,56998.253186,202206
6.3774,6.3866,6.3693,6.3724,30541.17,194799.918797,676,15252.09,97282.176172,202206
6.3724,6.3782,6.3557,6.3644,30375.1,193413.23006,338,5402.73,34405.9673,202206
6.3672,6.3858,6.3605,6.3748,10547.75,67222.5688,305,5482.27,34928.501356,202206
6.3751,6.3816,6.3656,6.3801,13397.3,85399.947237,353,7557.7,48174.762022,202206
6.3814,6.3814,6.3344,6.3603,16913.78,107467.669176,392,8298.22,52719.180431,202206
6.3604,6.4188,6.3598,6.4099,37840.75,242197.68489,945,20161.86,129018.058895,202206
6.4086,6.4378,6.4026,6.4152,39242.15,252007.491434,869,21282.98,136662.12217,202206
6.4159,6.4173,6.3931,6.4101,16943.89,108575.490213,480,7341.18,47044.424477,202206
6.4109,6.4769,6.4109,6.4748,28152.5,181639.041659,682,18379.23,118550.007421,202206
6.4749,6.4765,6.4545,6.4731,36106.78,233463.819619,556,16174.12,104540.202102,202206
6.4731,6.4959,6.4685,6.4722,43533.03,282013.901888,762,23526.37,152410.586824,202206
6.4721,6.4756,6.4488,6.449,18918.09,122273.074693,361,10296.28,66555.128634,202206
6.4499,6.4605,6.4422,6.4455,27334.04,176287.678341,454,16803.09,108350.348937,202206
6.4459,6.4577,6.4201,6.4309,39217.75,252335.864195,986,24823.51,159722.524987,202206
6.4313,6.4398,6.4145,6.4189,20845.3,133986.905638,506,12458.48,80080.568058,202206
6.4185,6.4343,6.412,6.4246,10370.62,66653.686409,301,5101.05,32786.218511,202206
6.425,6.4455,6.3987,6.4387,20649.19,132619.275383,585,8670.47,55686.000758,202206
6.4387,6.4547,6.4219,6.4238,18334.22,118057.089643,487,8792.38,56626.948194,202206
6.4246,6.4463,6.4222,6.4429,23368.35,150320.57686,594,13065.53,84042.311823,202206
6.441,6.4423,6.4084,6.4141,21782.61,139877.424069,550,11263.18,72310.694785,202206
6.4152,6.4219,6.4,6.4031,15147.97,97088.950141,430,6952.46,44556.029119,202206
6.4043,6.4119,6.3954,6.4007,19235.19,123188.405761,546,10762.31,68924.832232,202206
6.4008,6.4008,6.372,6.3801,23474.24,149943.632634,541,10048.34,64180.452426,202206
6.3801,6.3836,6.37,6.376,22956.62,146377.26125,517,10340.42,65929.009328,202206
6.3769,6.377,6.3671,6.3727,25604.34,163163.333143,505,9628.35,61354.370438,202206
6.3732,6.3776,6.3558,6.373,19384.2,123421.592972,563,8897.46,56636.537739,202206
6.3731,6.383,6.3668,6.3756,32953.99,210077.924364,515,9277.97,59150.940343,202206
6.3752,6.3779,6.3506,6.3555,67669.56,430357.000196,841,49841.29,316925.300808,202206
6.3557,6.3683,6.3421,6.3671,15051.0,95677.417,464,4839.98,30768.984679,202206
6.368,6.3744,6.3633,6.3636,15092.39,96104.64463,383,7158.89,45585.8966,202206
6.3636,6.379,6.3454,6.3516,18621.6,118462.922314,469,11302.97,71920.22241,202206
6.3516,6.3578,6.3443,6.3507,9274.02,58890.168214,281,3612.26,22938.045738,202206
6.3525,6.3631,6.3525,6.3578,11297.85,71841.923023,284,6433.47,40909.630215,202206
6.3603,6.3767,6.3574,6.3706,12690.12,80768.92037,346,6494.05,41336.266863,202206
6.3706,6.3759,6.358,6.3663,14762.21,93975.470814,420,7339.11,46720.825502,202206
6.3667,6.3686,6.347,6.3492,8277.04,52620.553422,253,3852.94,24497.32842,202206
6.3493,6.3651,6.3241,6.36,26827.18,170091.121991,620,8151.46,51694.683987,202206
6.36,6.3674,6.3494,6.3662,13579.09,86366.007405,341,7801.96,49619.058101,202206
6.3662,6.3663,6.3307,6.3317,8254.08,52427.229439,239,2609.46,16580.776464,202206
6.332,6.3498,6.3317,6.3479,29209.37,185308.835607,306,24114.47,153007.444099,202206
6.3481,6.3564,6.3364,6.3389,52818.73,335038.701007,476,17908.38,113598.373768,202206
6.34,6.34,6.3293,6.3293,8140.25,51564.115811,192,3513.85,22259.33052,202206
6.3292,6.3421,6.3247,6.3383,8442.55,53486.988488,215,4371.44,27691.247305,202206
6.3387,6.34,6.2865,6.3011,26578.31,167635.067738,630,7142.97,45079.374361,202206
6.2994,6.314,6.2918,6.2962,16210.86,102144.442955,397,8171.0,51488.979907,202206
6.2964,6.2976,6.2736,6.2835,45057.85,283252.274092,682,10635.2,66869.858033,202206
6.2839,6.3019,6.2809,6.2968,18597.71,117025.466449,333,8871.0,55818.095237,202206
6.2969,6.3086,6.2955,6.3007,15259.85,96175.542918,326,6807.29,42905.116253,202206
6.3008,6.3081,6.2901,6.3005,18698.78,117813.61854,350,8681.61,54695.06016,202206
6.3018,6.3043,6.286,6.297,15757.75,99182.484728,351,6626.43,41705.369775,202206
6.2958,6.3074,6.2897,6.3074,16595.47,104527.806712,385,6421.63,40438.850748,202206
6.3069,6.3296,6.3059,6.3158,25010.61,157996.722073,526,9536.83,60231.383228,202206
6.3175,6.339,6.3175,6.339,21158.33,133976.196695,451,10040.45,63564.693412,202206
6.3391,6.3596,6.3364,6.3484,24589.61,156121.032063,537,12164.23,77253.397909,202206
6.347,6.3571,6.3453,6.3513,11686.35,74231.196873,295,3957.23,25134.57012,202206
6.3513,6.3599,6.3454,6.3533,9859.3,62646.290708,219,4901.87,31145.855193,202206
6.3558,6.3834,6.3346,6.3804,20616.46,131153.486404,440,14181.51,90243.650814,202206
6.3804,6.3813,6.3544,6.3568,12693.24,80852.738832,339,6406.97,40803.621391,202206
6.3582,6.363,6.3399,6.3449,9882.82,62766.713773,256,5385.81,34199.613967,202206
6.3447,6.3723,6.3438,6.3723,15767.94,100185.942993,405,10150.41,64492.182062,202206
6.3727,6.3748,6.3421,6.3509,25649.12,163075.213919,434,7318.77,46528.836111,202206
6.3504,6.3511,6.3211,6.325,11067.61,70097.230366,389,5019.25,31793.110773,202206
6.3234,6.3334,6.3126,6.3334,10538.78,66628.641105,345,4120.73,26051.787035,202206
6.3318,6.3486,6.3311,6.3318,11033.49,69971.298468,289,3333.96,21135.878077,202206
6.3329,6.3385,6.3108,6.3112,10325.84,65319.248104,298,6286.17,39781.677796,202206
6.3112,6.3382,6.3112,6.3333,12205.0,77187.248284,253,7745.91,48965.920823,202206
6.3324,6.3355,6.3123,6.3131,6962.42,44048.053188,206,2648.07,16753.534487,202206
6.3146,6.3439,6.3063,6.3337,10684.7,67635.85752,308,7289.59,46153.530184,202206
6.3337,6.3346,6.3021,6.3021,9512.47,60143.747897,313,3125.17,19756.753261,202206
6.302,6.3051,6.2673,6.2876,33107.19,208030.266697,781,13655.18,85848.117301,202206
6.2886,6.3189,6.2882,6.301,21500.12,135511.035959,592,11015.75,69432.088518,202206
6.3014,6.3022,6.2557,6.2818,36233.24,227365.051062,829,17762.86,111435.839821,202206
6.2826,6.3085,6.2826,6.3075,23674.68,149088.605563,502,12587.11,79257.274954,202206
6.3088,6.3148,6.2709,6.2751,20313.24,127940.77324,475,11558.39,72778.52137,202206
6.2755,6.2759,6.2575,6.2591,15923.14,99793.363917,402,6096.64,38196.985802,202206
6.2614,6.2685,6.2507,6.2678,19531.05,122214.499267,435,11452.06,71659.613668,202206
6.2678,6.2833,6.2611,6.2676,12850.87,80590.398284,349,7633.58,47869.867386,202206
6.2687,6.2687,6.2407,6.243,31389.8,196246.172802,570,9496.88,59413.386274,202206
6.2453,6.2851,6.2441,6.2794,15516.69,97271.248626,444,6532.15,40939.968214,202206
6.2778,6.2943,6.275,6.2782,21101.45,132622.56721,476,12544.2,78847.841354,202206
6.2794,6.2849,6.273,6.2736,11015.2,69167.972514,266,4972.13,31221.263265,202206
6.2746,6.2836,6.2696,6.272,8994.16,56457.025307,238,4338.42,27232.388478,202206
6.2718,6.2732,6.2465,6.2644,15389.34,96287.600478,415,6578.68,41163.695469,202206
6.2645,6.2893,6.2591,6.2852,43111.64,270543.493948,1176,21645.96,135839.178554,202206
6.2842,6.289,6.2712,6.2748,9853.76,61887.814706,306,3751.7,23555.340986,202206
6.2747,6.2867,6.2732,6.2772,16024.91,100637.114128,285,4083.4,25643.775586,202206
6.2759,6.2761,6.2555,6.2593,12738.27,79793.619071,380,5908.32,37009.679288,202206
6.2592,6.2629,6.25,6.2594,10299.09,64446.831754,278,5232.83,32747.870014,202206
6.2596,6.2767,6.2533,6.2653,14234.39,89155.878762,356,7856.47,49212.483066,202206
6.2655,6.268,6.2544,6.2546,9338.63,58479.258829,258,5704.68,35723.522935,202206
6.2551,6.2551,6.215,6.215,23369.15,145505.672001,544,6166.35,38398.712104,202206
6.215,6.2357,6.2094,6.2249,28300.07,176230.950945,559,11918.66,74177.943718,202206
6.2246,6.2352,6.2212,6.2341,11087.38,69043.985607,304,5447.24,33920.959332,202206
6.2341,6.2442,6.223,6.2384,16265.36,101402.766128,499,9681.46,60349.497568,202206
6.2384,6.2384,6.1702,6.2251,85451.25,529544.137863,1427,33451.66,207288.253042,202206
6.2247,6.2436,6.2023,6.2023,46948.9,292650.4641,720,29907.16,186474.578379,202206
6.2031,6.2067,6.1627,6.1627,47606.09,294480.477596,996,18422.07,113969.482181,202206
6.1635,6.1848,6.1509,6.1721,58085.02,358317.072633,1293,22576.38,139207.789805,202206
6.1732,6.2194,6.1682,6.1804,46910.08,290515.615482,1449,19182.57,118814.199095,202206
6.1807,6.1994,6.1779,6.1945,35060.53,217026.300445,813,13980.86,86544.271163,202206
6.1949,6.2088,6.171,6.2015,37050.9,229565.224554,810,13881.16,85982.330883,202206
6.1986,6.1986,6.1722,6.1862,24179.25,149511.185644,636,9481.76,58624.890288,202206
6.1862,6.1872,6.1568,6.1628,18132.92,111917.259579,558,7230.61,44602.05165,202206
6.1628,6.1827,6.1358,6.14,88240.09,543579.531985,1560,34993.78,215476.775264,202206
6.1402,6.1544,6.1294,6.1394,42610.33,261875.392831,966,19488.23,119781.294954,202206
6.1407,6.1447,6.1234,6.1427,23737.16,145600.724355,613,8623.45,52900.680152,202206
6.1434,6.1612,6.1294,6.138,62594.86,384850.294009,979,36253.39,222969.726246,202206
6.1385,6.1424,6.1018,6.1086,39072.75,239280.102014,956,12236.46,74948.491212,202206
6.1094,6.1212,6.0861,6.1045,70886.1,432662.795611,1013,17983.79,109759.482118,202206
6.1049,6.1224,6.0919,6.1195,21053.29,128681.466285,576,10210.28,62417.254065,202206
6.117,6.1254,6.0695,6.0824,60392.69,367666.515401,1211,24371.93,148413.994995,202206
6.083,6.092,6.0628,6.0874,48071.44,292150.422995,1004,23037.2,140020.813042,202206
6.0843,6.0863,6.055,6.0619,38999.85,236737.211918,1004,19837.31,120401.324326,202206
6.0627,6.0662,6.031,6.0467,45895.53,277369.187844,1078,20073.14,121321.498981,202206
6.0467,6.0638,6.0174,6.029,61196.21,369459.127809,1339,26155.07,158003.723378,202206
6.0275,6.0552,6.014,6.0317,64527.05,389156.160432,1321,29822.18,179858.259823,202206
6.0333,6.0517,6.0285,6.0328,33994.04,205362.319872,833,17077.43,103141.2029,202206
6.0316,6.0495,6.0187,6.0333,38619.99,233044.55772,779,25050.15,151144.430331,202206
6.0339,6.065,6.0305,6.0356,52801.52,319263.479436,929,32789.38,198278.660062,202206
6.0358,6.0524,6.0,6.0364,142307.27,856818.811709,2193,55497.45,334375.999628,202206
6.0375,6.0517,5.9937,6.0213,53197.13,320253.384171,1246,25872.47,155734.337082,202206
6.0217,6.05,5.9959,6.0391,49475.07,297982.35697,1165,22883.92,137978.325114,202206
6.039,6.0512,6.022,6.0451,36134.55,218226.763129,944,23361.68,141100.799111,202206
6.0467,6.0479,6.0197,6.0258,27041.99,163150.893392,778,13032.83,78635.726681,202206
6.0257,6.05,6.0146,6.0483,28792.87,173716.129917,769,14864.85,89663.35303,202206
6.05,6.11,6.0488,6.0715,50976.11,310136.840274,1395,23854.0,145068.105469,202206
6.0707,6.0761,6.0487,6.05,27103.2,164271.098459,844,13593.87,82398.26527,202206
6.0493,6.0686,6.0354,6.059,32171.8,194532.048586,802,21481.48,129888.617858,202206
6.0591,6.0902,6.0574,6.0676,48720.5,295722.203888,1024,28335.87,172017.466014,202206
6.0677,6.0794,6.0623,6.07,23426.12,142230.112853,719,10936.07,66393.45284,202206
6.0735,6.0932,6.0677,6.0932,21073.56,128144.971755,635,11854.64,72074.853776,202206
6.0923,6.0945,6.0574,6.0683,13357.08,81164.969659,442,6645.93,40398.447367,202206
6.0668,6.0991,6.0614,6.0931,33716.72,205017.307286,720,19635.41,119426.872537,202206
6.0916,6.0997,6.0736,6.075,28003.26,170366.822468,691,14783.93,89932.719125,202206
6.0761,6.0861,6.0627,6.0775,31384.61,190673.334572,683,14870.27,90346.350689,202206
6.0752,6.089,6.0484,6.0737,35201.14,213437.487765,877,15165.95,91935.763938,202206
6.0738,6.1216,6.0549,6.1161,130239.22,791968.211015,2876,62108.45,377736.997773,202206
6.1145,6.1153,6.0404,6.0687,60091.42,365284.547417,1580,29071.03,176741.80881,202206
6.0657,6.0833,6.056,6.0755,46092.66,279715.455617,1312,21540.45,130729.621062,202206
6.0742,6.0986,6.0712,6.0819,29244.71,177937.787887,860,14860.46,90440.973191,202206
6.0802,6.0914,6.0616,6.0862,23900.13,145298.443306,765,12887.6,78356.879949,202206
6.0849,6.0887,6.0301,6.0482,62122.24,375719.833921,1541,32925.66,199041.281376,202206
6.0483,6.0714,6.0294,6.0652,40583.75,245620.680556,1205,20902.7,126522.892997,202206
6.0674,6.0888,6.0501,6.0606,34344.33,208440.651591,877,17555.23,106517.540865,202206
6.0594,6.0762,6.0494,6.0616,43924.72,266440.715944,845,29469.51,178803.125221,202206
6.0625,6.088,6.0574,6.0745,41881.27,254360.821251,1028,22907.7,139137.613661,202206
6.076,6.0984,6.0693,6.0876,31313.64,190604.771285,649,17111.87,104171.985095,202206
6.0876,6.0945,6.068,6.0686,32141.4,195496.432151,793,15658.45,95219.217055,202206
6.0686,6.1329,6.0604,6.1243,82531.71,504321.587847,2021,48348.82,295462.041309,202206
6.1248,6.1263,6.0869,6.117,53345.85,325957.233059,1219,24435.67,149304.84847,202206
6.1179,6.1288,6.0972,6.1017,36580.67,223603.770425,812,17862.21,109191.11124,202206
6.0999,6.1166,6.0808,6.1134,41117.39,250583.330904,961,20944.4,127649.077428,202206
6.1141,6.125,6.1046,6.1192,18887.74,115497.184311,492,10920.45,66783.367752,202206
6.1203,6.15,6.1188,6.142,35062.44,215229.77952,857,21371.91,131210.766753,202206
6.1435,6.1604,6.1283,6.1293,50061.58,307735.080952,1047,23615.91,145164.835015,202206
6.1282,6.151,6.1096,6.1285,28793.85,176547.607875,781,12508.61,76696.718472,202206
6.1273,6.1311,6.1012,6.1188,24679.78,150912.346901,628,14779.19,90374.023127,202206
6.1168,6.122,6.0735,6.0831,35202.74,214575.198521,863,16486.56,100498.852626,202206
6.0796,6.0809,6.0517,6.0517,31553.48,191383.581742,946,15893.54,96393.491892,202206
6.0516,6.0897,6.0477,6.0838,29513.66,179149.540672,733,17229.22,104573.437897,202206
6.081,6.1018,6.0559,6.0936,27019.83,164256.318618,783,15028.03,91339.088001,202206
6.0935,6.1017,6.0456,6.0457,20830.34,126433.869719,616,11092.19,67309.044972,202206
6.0457,6.0637,6.0184,6.0637,37736.63,227757.593866,933,19238.69,116072.186665,202206
6.0636,6.093,6.0327,6.0909,61086.71,371032.146503,1224,40616.36,246831.743361,202206
6.0915,6.1075,6.0792,6.0904,41497.56,252898.588704,959,15619.3,95188.02364,202206
6.095,6.1127,6.0814,6.1006,30410.96,185355.99271,650,10598.08,64615.419097,202206
6.0994,6.1059,6.0721,6.0781,32902.89,200234.289328,766,10083.45,61374.820346,202206
6.0782,6.0879,6.0676,6.0676,15023.68,91328.798886,475,7009.07,42599.720518,202206
6.0675,6.0757,6.0505,6.0757,14186.57,86025.444135,415,8858.23,53717.815349,202206
6.0754,6.1054,6.074,6.0922,26078.34,158869.191135,604,13760.64,83820.89331,202206
6.0915,6.1001,6.0765,6.0781,8663.7,52757.140016,220,4999.75,30445.497382,202206
6.0764,6.1021,6.0718,6.1021,14763.39,89834.204064,404,6457.63,39288.104702,202206
6.1022,6.1268,6.0943,6.1205,32459.13,198413.010387,715,14791.52,90410.427268,202206
6.1205,6.125,6.104,6.1071,21534.54,131756.552694,302,14645.13,89622.419018,202206
6.1075,6.1095,6.097,6.1033,18642.77,113762.281181,322,6554.93,40002.33133,202206
6.1004,6.1043,6.0878,6.0934,13845.25,84414.362355,340,7127.41,43460.103435,202206
6.0906,6.1042,6.073,6.1014,21850.09,133014.820853,489,8583.15,52219.046526,202206
6.1028,6.1113,6.1012,6.1026,15898.99,97084.794343,273,10835.68,66165.255242,202206
6.1052,6.1166,6.0944,6.1052,18030.05,110090.535063,383,8986.68,54875.741444,202206
6.1058,6.1099,6.0763,6.0763,7404.28,45112.523891,215,3331.64,20295.464867,202206
6.0788,6.1015,6.0651,6.0964,13264.02,80610.774713,407,7918.53,48117.473381,202206
6.0963,6.1022,6.0543,6.0562,16581.7,100911.102223,443,11931.93,72655.792538,202206
6.0562,6.0844,6.0524,6.0736,20281.72,122913.956533,461,8753.56,53053.56888,202206
6.0736,6.0792,6.0641,6.0792,11250.15,68313.020512,288,6555.94,39809.61561,202206
6.0787,6.0951,6.0691,6.0951,14696.12,89373.678713,342,8431.44,51277.751066,202206
6.095,6.1283,6.0883,6.1096,39713.38,242766.993075,908,26691.62,163162.052822,202206
6.1096,6.1214,6.096,6.1058,24394.08,149038.016896,499,13523.71,82627.22592,202206
6.1058,6.1404,6.103,6.1329,14409.68,88237.618727,454,6560.59,40181.99837,202206
6.1314,6.1326,6.1102,6.125,12592.0,77060.703751,331,6489.34,39719.50189,202206
6.1249,6.1639,6.122,6.1437,66145.67,406344.104495,1018,41972.19,257806.553338,202206
6.142,6.162,6.1304,6.1586,30059.84,184712.725027,591,21807.51,134004.458169,202206
6.1554,6.1581,6.1196,6.1199,18866.34,115810.867582,394,5206.88,31967.011922,202206
6.1195,6.1299,6.1109,6.116,9088.11,55594.541318,329,4212.56,25771.224015,202206
6.116,6.1227,6.106,6.1126,9690.13,59244.730891,330,5158.56,31535.983184,202206
6.1102,6.1429,6.1042,6.1398,9725.3,59529.327354,344,6065.06,37128.679542,202206
6.1414,6.1444,6.1273,6.1435,11630.17,71374.105285,296,5191.18,31850.950971,202206
6.1411,6.1492,6.1216,6.1311,32526.06,199613.280369,537,8408.96,51571.95741,202206
6.1335,6.1605,6.1325,6.1504,11988.53,73695.073544,348,6099.52,37500.62952,202206
6.1518,6.1519,6.1155,6.1223,17336.43,106206.521341,333,11481.84,70323.574374,202206
6.1227,6.1999,6.1143,6.1964,59244.7,365535.5022,948,44477.97,274486.113078,202206
6.1948,6.1948,6.1602,6.1602,21945.84,135584.587773,442,12524.26,77375.018793,202206
6.1602,6.1663,6.1386,6.1605,36518.96,224577.046589,536,12819.62,78868.591941,202206
6.1605,6.1696,6.1345,6.1614,38694.63,237727.989807,525,11097.44,68226.825654,202206
6.1609,6.1745,6.145,6.1486,25589.64,157668.392438,490,15626.9,96292.181198,202206
6.1485,6.1577,6.1208,6.1319,13680.23,83896.544329,419,5049.13,30969.66232,202206
6.131,6.16,6.1246,6.1597,9592.67,58880.430879,294,5476.36,33607.274032,202206
6.16,6.1609,6.1415,6.1572,7537.32,46370.593638,232,3440.58,21167.896403,202206
6.1559,6.1642,6.1483,6.1613,7823.98,48176.951242,230,4080.4,25126.395022,202206
6.1607,6.1737,6.1513,6.165,10246.84,63140.237972,279,5449.52,33564.974615,202206
6.1669,6.1739,6.1461,6.15,16439.87,101279.813202,411,8554.75,52705.401245,202206
6.1491,6.1717,6.1458,6.168,8506.22,52396.189124,243,3276.28,20182.319444,202206
6.1683,6.1683,6.1327,6.1334,9420.68,57885.845315,252,4664.66,28657.87168,202206
6.1333,6.155,6.1302,6.1366,7590.11,46600.347922,273,3226.2,19810.62577,202206
6.1374,6.1559,6.1332,6.15,7337.53,45095.815402,239,3168.98,19469.109186,202206
6.15,6.165,6.1386,6.1571,11396.35,70125.195771,324,6286.25,38677.110647,202206
6.1569,6.1739,6.1569,6.1694,31957.92,197150.132794,286,23267.88,143537.963579,202206
6.1671,6.1768,6.1538,6.1563,10363.68,63901.667108,303,4079.23,25149.443012,202206
6.1568,6.1632,6.1442,6.1443,4574.34,28159.557878,142,2228.36,13717.139708,202206
6.1442,6.1449,6.1192,6.1223,28463.83,174455.568359,345,5911.32,36215.2086,202206
6.1223,6.1443,6.118,6.1423,7691.98,47160.0831,251,4062.94,24902.408586,202206
6.1427,6.1487,6.1188,6.1188,10124.2,62128.837078,314,5739.75,35215.792651,202206
6.1201,6.1466,6.1192,6.1428,10583.52,64930.304026,289,5914.44,36281.594994,202206
6.1436,6.1634,6.1436,6.1575,12291.01,75659.122225,391,6644.7,40896.903318,202206
6.1599,6.1699,6.1332,6.1641,23893.53,146953.547338,517,14525.2,89297.041526,202206
6.1644,6.1706,6.1459,6.1684,10683.37,65830.40402,305,4618.03,28454.888558,202206
6.1707,6.1726,6.1485,6.1523,8042.33,49528.873989,215,3964.39,24408.644145,202206
6.1512,6.1522,6.1367,6.1483,7060.03,43391.452442,237,2176.26,13373.200207,202206
6.1488,6.1767,6.1478,6.1723,26986.16,166467.73953,347,23113.97,142580.757791,202206
6.1719,6.1922,6.166,6.167,22895.8,141494.371763,600,11072.37,68426.881486,202206
6.1645,6.1764,6.154,6.1672,6927.59,42670.991839,193,3939.08,24263.444188,202206
6.168,6.1777,6.1555,6.1609,7386.5,45531.148941,201,4978.03,30682.50952,202206
6.1615,6.1742,6.1483,6.1528,11982.35,73810.12978,296,4759.7,29320.692199,202206
6.1563,6.1578,6.1404,6.1514,8082.27,49696.791369,252,3150.9,19374.839793,202206
6.1505,6.1525,6.135,6.138,8922.66,54816.08849,247,5829.75,35814.086001,202206
6.1403,6.1563,6.1379,6.1563,6628.1,40737.464072,232,3271.72,20104.263321,202206
6.1581,6.1677,6.1452,6.1634,11577.44,71259.797244,319,6917.77,42580.654186,202206
6.1634,6.1691,6.1423,6.148,8018.98,49390.744646,290,4092.43,25201.16705,202206
6.1466,6.154,6.14,6.1444,5307.54,32620.212153,180,1672.2,10278.815315,202206
6.1446,6.1644,6.1446,6.1579,4980.92,30661.221551,216,2436.81,15000.422229,202206
6.1578,6.173,6.1574,6.1645,8763.98,54050.747812,339,4892.63,30171.617839,202206
6.164,6.1953,6.1629,6.1818,16262.2,100554.456902,553,6301.86,38976.031289,202206
6.1817,6.2,6.1801,6.2,11144.98,69042.599241,246,8381.99,51934.467023,202206
6.2,6.2453,6.1999,6.2236,51832.48,322733.205228,868,20518.42,127716.810752,202206
6.2226,6.2246,6.2086,6.2208,14708.13,91456.402003,327,9219.76,57331.139581,202206
6.2208,6.2239,6.2109,6.2118,12372.79,76930.393895,196,7101.01,44143.623286,202206
6.2107,6.2136,6.2035,6.206,3796.74,23568.09398,118,2839.03,17624.184851,202206
6.2064,6.2283,6.2064,6.2243,7267.94,45226.90457,154,971.77,6040.555691,202206
6.2239,6.2249,6.2026,6.2206,9679.89,60152.316387,227,5640.42,35056.26384,202206
6.2216,6.28,6.2216,6.2721,110594.21,691648.095958,1204,86868.74,543237.83615,202206
6.2715,6.2953,6.2562,6.2619,36410.98,228496.815188,784,21396.06,134301.372332,202206
6.2624,6.2737,6.2451,6.2702,24579.42,153788.658989,564,10973.09,68638.758891,202206
6.2702,6.2725,6.2484,6.2545,24497.07,153377.920408,563,13210.02,82706.936547,202206
6.2541,6.2714,6.245,6.2484,29868.11,186832.873101,759,14562.79,91092.275801,202206
6.2484,6.2535,6.2159,6.2272,54316.48,338239.690143,713,12319.34,76761.811268,202206
6.2272,6.2288,6.2145,6.2207,22842.3,142119.596002,603,12225.54,76066.421198,202206
6.2224,6.2246,6.2032,6.2041,20853.38,129623.83228,496,9111.72,56646.17044,202206
6.2031,6.2066,6.1905,6.1916,18282.92,113293.222693,490,8646.05,53580.182711,202206
6.191,6.2028,6.1756,6.1759,22435.52,138903.875802,559,9731.63,60253.708387,202206
6.1759,6.1814,6.146,6.1568,35387.75,217979.543348,904,14624.98,90053.600067,202206
6.156,6.1756,6.156,6.1687,18088.68,111524.019254,385,7033.12,43363.997228,202206
6.1671,6.1776,6.1492,6.1492,25047.75,154524.791164,616,13621.99,84066.367357,202206
6.1491,6.1644,6.1254,6.1625,20710.41,127299.904659,669,11358.52,69837.599937,202206
6.1639,6.1649,6.1464,6.148,18236.55,112316.714731,467,8221.25,50629.341819,202206
6.1464,6.1489,6.122,6.1341,17707.35,108612.517467,484,8585.2,52667.663454,202206
6.1342,6.151,6.1262,6.1351,21229.06,130318.516408,543,10338.07,63469.546806,202206
6.1366,6.1388,6.12,6.1273,15926.53,97575.7333,419,8626.08,52854.1573,202206
6.1272,6.1369,6.1111,6.1279,37260.93,228088.270106,585,12787.57,78275.850585,202206
6.1272,6.1272,6.1135,6.1144,12619.65,77239.180737,329,6041.16,36978.326854,202206
6.1141,6.1197,6.0953,6.1174,22273.95,136019.58604,648,11990.83,73220.198727,202206
6.117,6.1179,6.0953,6.1091,15137.45,92410.992672,344,8938.4,54562.800516,202206
6.1091,6.1242,6.1073,6.1141,11802.58,72173.670195,338,6299.89,38528.746823,202206
6.1151,6.1266,6.0938,6.1177,14476.98,88413.694949,344,9063.28,55337.447841,202206
6.1193,6.1338,6.1165,6.1312,11057.79,67748.294724,329,5634.77,34520.90402,202206
6.1311,6.1413,6.1162,6.1309,12466.6,76387.997222,352,5651.79,34629.740878,202206
6.1309,6.1504,6.1301,6.1469,15658.54,96171.030868,464,8168.62,50163.287777,202206
6.147,6.164,6.1215,6.1548,14472.34,88958.224633,445,7737.97,47567.58566,202206
6.1547,6.1691,6.1477,6.1653,17943.91,110474.046315,308,8323.3,51260.403829,202206
6.1652,6.1652,6.1386,6.1491,12259.93,75434.417567,299,4799.32,29522.115962,202206
6.1488,6.1718,6.1428,6.1649,14611.25,89998.566243,339,8781.19,54074.097321,202206
6.1649,6.1776,6.1629,6.1684,15226.33,93958.093739,387,6521.08,40234.471158,202206
6.1678,6.1748,6.1583,6.1637,18951.52,116918.344501,375,12026.97,74211.811028,202206
6.1636,6.1832,6.157,6.157,14354.81,88633.549641,381,6481.56,40017.983192,202206
6.1576,6.1658,6.1541,6.1576,7769.58,47858.858848,220,4094.12,25215.317745,202206
6.1566,6.1566,6.1169,6.1382,19547.67,119914.326039,581,8998.99,55190.562006,202206
6.1382,6.1447,6.1276,6.1403,13401.02,82236.718001,319,6838.28,41959.782795,202206
6.1408,6.1568,6.1408,6.1474,8400.12,51650.520604,262,4354.65,26774.32816,202206
6.1469,6.17,6.0738,6.0809,39759.69,243563.344239,1020,20612.39,126276.87289,202206
6.0843,6.1068,6.07,6.1031,41130.13,250460.805158,922,17097.55,104136.081658,202206
6.1022,6.13,6.0991,6.1177,15870.37,97013.210531,466,9478.51,57927.963833,202206
6.1167,6.1379,6.1135,6.1225,11834.8,72507.272225,308,6002.18,36774.953716,202206
6.124,6.1286,6.1056,6.1167,10887.91,66602.489528,315,5111.42,31272.912485,202206
6.115,6.115,6.0822,6.0834,16429.59,100201.842842,451,6498.0,39634.755795,202206
6.083,6.1067,6.0757,6.0782,13800.88,84101.018788,359,8292.62,50535.929966,202206
6.0784,6.0912,6.0626,6.0739,13503.82,82060.809073,410,5466.82,33226.439509,202206
6.073,6.0876,6.0554,6.0723,15664.21,95081.932029,484,7147.6,43387.804545,202206
6.0732,6.0784,6.04,6.0659,45408.7,274794.980853,714,14149.59,85610.737422,202206
6.0659,6.0719,6.0597,6.0618,17482.99,106062.092884,408,10143.62,61535.084491,202206
6.0626,6.0774,6.042,6.0568,26068.33,157890.572875,611,10634.62,64423.281698,202206
6.0568,6.0767,6.0442,6.0742,17379.37,105344.633864,523,10119.65,61335.832958,202206
6.0733,6.0799,6.05,6.0532,28184.3,171026.974484,609,18788.43,114031.054964,202206
6.0534,6.0727,6.0518,6.0529,27043.61,163938.616488,607,11536.14,69936.376293,202206
6.0531,6.0642,6.03,6.0474,47659.83,288116.689399,1052,23277.27,140707.644985,202206
6.0472,6.0472,6.0173,6.0306,55027.28,331542.077471,1190,24890.76,149968.973344,202206
6.0306,6.0413,6.0141,6.0331,24199.91,145932.28237,701,13554.4,81742.296144,202206
6.0332,6.0493,6.0073,6.0267,40152.8,242035.116456,914,18620.52,112233.160666,202206
6.0244,6.0431,6.0176,6.0327,19425.52,117218.281766,703,9384.42,56631.063795,202206
6.0325,6.0457,6.0192,6.0403,30280.76,182681.013522,606,16072.91,96932.562354,202206
6.0386,6.0684,6.038,6.0541,26482.78,160235.278908,630,12509.48,75691.207033,202206
6.0523,6.0662,6.0495,6.0618,16315.69,98835.761029,574,9067.15,54921.857368,202206
6.0608,6.081,6.0573,6.073,16355.94,99272.02345,521,9612.49,58342.100801,202206
6.073,6.0939,6.0608,6.0831,31653.89,192552.499962,720,18577.94,113025.038759,202206
6.0832,6.0909,6.0791,6.0808,15851.41,96447.007934,383,7480.04,45514.68993,202206
6.0824,6.1132,6.0795,6.1049,24339.69,148355.890878,637,13506.2,82342.467536,202206
6.1051,6.1126,6.0947,6.1043,16983.79,103667.188641,465,8644.28,52766.445183,202206
6.1023,6.1064,6.096,6.1,13113.1,79989.546774,386,5998.47,36595.918821,202206
6.0977,6.1095,6.096,6.1027,16680.13,101795.18967,421,8847.21,53985.623236,202206
6.1016,6.1027,6.0827,6.0974,23300.06,141916.233442,577,13622.39,82965.026694,202206
6.0975,6.0999,6.0815,6.0847,12992.3,79132.001981,336,6721.48,40942.081178,202206
6.0847,6.0873,6.0755,6.0869,14269.38,86779.528408,319,7697.34,46812.423086,202206
6.0859,6.086,6.0679,6.0764,13133.13,79791.991473,366,7177.54,43603.824297,202206
6.0763,6.0872,6.0735,6.0815,9121.72,55444.742375,261,5928.81,36029.950857,202206
6.0815,6.094,6.0747,6.0896,14654.5,89120.378362,384,5860.26,35638.585495,202206
6.0895,6.1309,6.0816,6.1309,27852.67,170027.948132,574,20607.92,125820.203759,202206
6.1311,6.1696,6.1276,6.1312,59290.3,364673.479376,1476,21843.47,134361.253498,202206
6.1308,6.1477,6.122,6.144,24108.19,147879.09684,548,14984.95,91911.969305,202206
6.145,6.1549,6.1261,6.1315,23035.54,141469.047495,618,9315.49,57201.107815,202206
6.1334,6.1383,6.1247,6.1332,23955.19,146904.692889,445,11448.39,70195.144375,202206
6.1308,6.1363,6.1242,6.1256,8961.22,54935.638812,294,4487.05,27505.955952,202206
6.1266,6.1449,6.1125,6.1447,18071.45,110798.601195,420,9198.27,56385.099008,202206
6.1455,6.1574,6.1388,6.1472,14375.64,88387.156391,354,5661.11,34807.819661,202206
6.145,6.1542,6.1401,6.1508,7489.43,46032.444806,299,3734.61,22953.097281,202206
6.151,6.1648,6.1478,6.1599,11321.34,69687.940994,330,5731.36,35281.825375,202206
6.1588,6.1676,6.1549,6.1563,8338.52,51372.571432,275,4644.83,28615.894382,202206
6.156,6.1626,6.1521,6.1548,9511.93,58566.005047,296,5607.96,34530.676287,202206
6.1549,6.1649,6.1463,6.149,11250.82,69244.480517,352,3931.02,24190.23933,202206
6.1476,6.1562,6.1424,6.1431,12177.73,74894.190013,290,8592.71,52844.591014,202206
6.1445,6.1458,6.1288,6.1345,12949.43,79477.06254,379,5306.72,32568.467971,202206
6.1346,6.1395,6.1296,6.1304,5796.96,35556.02821,208,2731.81,16754.13707,202206
6.1345,6.1393,6.1283,6.1313,5628.01,34523.811123,162,2354.52,14443.325075,202206
6.1282,6.1441,6.1269,6.1386,7878.69,48347.204653,227,3608.53,22145.616957,202206
6.1382,6.1396,6.1226,6.1366,11781.43,72228.295134,302,4643.1,28470.663329,202206
6.1375,6.143,6.1357,6.1409,6673.08,40967.657054,144,4741.12,29106.610792,202206
6.1393,6.1404,6.1293,6.1293,5906.41,36237.543315,175,3466.7,21271.798109,202206
6.1304,6.1573,6.1304,6.1519,9572.91,58821.017085,290,5561.25,34173.898149,202206
6.1523,6.1599,6.1421,6.1524,10182.44,62632.994614,252,5487.49,33751.505407,202206
6.1529,6.1542,6.1404,6.1421,6306.58,38781.074286,174,2698.16,16592.381901,202206
6.1416,6.156,6.1345,6.1479,7096.24,43592.280418,209,2339.55,14377.268632,202206
6.1485,6.1699,6.1453,6.1646,8336.67,51353.234755,263,4499.6,27719.016299,202206
6.1654,6.1678,6.1423,6.1472,8714.97,53648.834449,282,3945.79,24291.718377,202206
6.1485,6.1627,6.1403,6.1618,6856.64,42181.692078,231,2716.67,16709.736712,202206
6.1602,6.1728,6.1594,6.1676,13031.44,80365.251787,326,7700.83,47492.0314,202206
6.1678,6.1724,6.1556,6.1608,7707.88,47502.085487,232,4053.98,24981.210728,202206
6.158,6.1677,6.1511,6.1562,10899.15,67140.104063,296,6224.47,38340.306998,202206
6.155,6.1667,6.1495,6.1575,6307.89,38832.16314,178,1858.58,11444.273269,202206
6.1583,6.179,6.1583,6.1761,7838.61,48359.902788,236,4520.67,27897.037116,202206
6.175,6.1799,6.167,6.1695,13299.58,82121.136577,257,5147.6,31780.220075,202206
6.1694,6.1741,6.16,6.1649,8714.53,53720.631472,239,4798.27,29579.292726,202206
6.1656,6.1737,6.1581,6.1605,6903.14,42556.519458,226,3126.65,19275.45369,202206
6.1628,6.1657,6.1382,6.1405,6331.34,38960.049583,239,2202.92,13557.848682,202206
6.1421,6.1502,6.1382,6.1449,7638.92,46931.61409,237,4026.09,24736.715696,202206
6.1419,6.1468,6.1387,6.1431,8182.65,50263.818268,240,3552.03,21818.874603,202206
6.1454,6.1549,6.1419,6.1509,13018.9,80026.531014,375,6586.44,40490.826971,202206
6.1521,6.1526,6.1439,6.151,10006.08,61523.147757,301,5702.74,35064.352074,202206
6.1522,6.1549,6.1273,6.1306,20664.29,126753.539644,291,12267.79,75227.520676,202206
6.1321,6.1528,6.1318,6.1491,9504.82,58391.042979,232,3391.57,20835.033269,202206
6.1485,6.1513,6.1384,6.146,6532.89,40144.920669,224,3491.4,21456.264737,202206
6.1458,6.1458,6.1312,6.1312,6510.73,39950.097002,219,2301.51,14121.52369,202206
6.1315,6.1433,6.1314,6.1414,6447.43,39584.456949,181,2830.8,17378.669789,202206
6.1411,6.1449,6.135,6.1401,9922.76,60929.07392,300,5663.62,34779.657357,202206
6.1397,6.1496,6.131,6.1446,10170.01,62425.965272,240,4315.46,26492.409146,202206
6.1419,6.1636,6.1419,6.1552,10248.74,63105.424235,229,6382.34,39298.525492,202206
6.1565,6.1622,6.1417,6.1436,4768.92,29343.438147,135,1962.06,12074.083653,202206
6.1437,6.152,6.1355,6.1505,10216.75,62761.280529,289,5825.23,35787.92682,202206
6.1514,6.1768,6.1514,6.1733,16568.91,102208.98378,382,9344.46,57639.868082,202206
6.172,6.172,6.1546,6.1621,7212.44,44431.21327,208,3800.73,23412.485344,202206
6.16,6.1671,6.1557,6.1563,8200.2,50531.22869,179,3557.15,21919.628477,202206
6.157,6.18,6.157,6.1745,14227.49,87832.796982,314,8847.88,54627.249531,202206
6.1752,6.1794,6.1593,6.1677,8115.17,50058.976684,215,3132.2,19323.980658,202206
6.1647,6.1795,6.1599,6.1667,14201.64,87637.204302,376,4988.86,30777.272203,202206
6.1671,6.1697,6.1564,6.1564,7758.11,47813.497819,166,4129.27,25449.92615,202206
6.1573,6.1597,6.1514,6.1596,6931.49,42667.170326,209,3257.18,20047.496514,202206
6.1571,6.1738,6.1531,6.1688,19608.9,120911.118645,327,13773.4,84941.547621,202206
6.1688,6.1722,6.1612,6.1653,14903.32,91871.279528,283,7303.83,45025.091148,202206
6.1666,6.167,6.1513,6.1567,11254.57,69310.314333,268,4135.08,25459.925653,202206
6.1576,6.1755,6.1575,6.1747,9908.47,61113.441182,241,4168.47,25713.472295,202206
6.1743,6.1799,6.1579,6.1658,11390.85,70273.815365,281,5422.72,33439.2076,202206
6.1642,6.166,6.156,6.1616,6642.05,40918.503058,194,3077.71,18960.39321,202206
6.1603,6.1612,6.1505,6.1538,11539.45,71028.390842,222,2665.83,16408.710359,202206
6.1555,6.156,6.1274,6.1275,26180.44,160663.097286,456,11809.86,72473.761793,202206
6.1296,6.133,6.1165,6.1229,17663.18,108182.182341,401,11202.01,68605.830414,202206
6.1229,6.1229,6.1045,6.1134,13521.44,82673.967257,380,4656.28,28460.77325,202206
6.115,6.1175,6.0976,6.1095,13972.08,85304.74599,350,5659.76,34563.029049,202206
6.1083,6.1199,6.106,6.1193,11315.61,69171.928484,319,4734.23,28935.423782,202206
6.1195,6.1299,6.116,6.128,6965.91,42652.885929,202,2861.42,17517.304346,202206
6.1285,6.1503,6.1285,6.1479,12172.99,74780.615913,290,5633.77,34592.773982,202206
6.1469,6.148,6.1177,6.1184,7511.06,46075.051726,248,4041.25,24800.601701,202206
6.1197,6.145,6.1158,6.141,12581.77,77222.942002,302,8192.04,50278.99064,202206
6.1405,6.1524,6.1357,6.1357,11687.0,71798.057188,227,7204.41,44262.449265,202206
6.1381,6.1414,6.1287,6.1337,7202.19,44196.091652,224,4474.85,27456.612041,202206
6.1347,6.1407,6.1189,6.1196,20394.17,125026.284003,335,10349.33,63437.712361,202206
6.1196,6.1227,6.0992,6.11,20360.7,124364.939591,528,7651.65,46733.012978,202206
6.1108,6.1258,6.1108,6.1204,4544.26,27811.072088,184,2378.56,14559.16117,202206
6.1209,6.1342,6.1148,6.1202,5859.61,35869.71545,207,2524.9,15456.355282,202206
6.1202,6.1346,6.118,6.1337,11905.13,72905.377801,163,8182.44,50085.01749,202206
6.1341,6.148,6.1317,6.1358,13371.96,82127.85912,274,7458.22,45799.795397,202206
6.138,6.1443,6.1317,6.1443,3590.28,22031.844132,138,2098.23,12875.454707,202206
6.1442,6.1498,6.1395,6.1409,3955.51,24305.874097,127,2628.11,16148.286257,202206
6.1407,6.1451,6.1393,6.1431,6359.89,39071.145817,117,4421.37,27165.146661,202206
6.1419,6.1519,6.1312,6.1395,12374.3,76025.1941,189,9953.28,61153.90364,202206
6.1377,6.1385,6.1106,6.124,13623.37,83454.684923,280,6541.33,40059.933547,202206
6.125,6.1377,6.1197,6.1277,6206.27,38045.587281,244,3074.48,18845.387519,202206
6.1296,6.1332,6.1197,6.1305,8411.03,51520.382892,164,5952.42,36456.583765,202206
6.1305,6.1343,6.1241,6.1266,5677.58,34797.576879,215,3131.55,19189.168906,202206
6.126,6.1487,6.1259,6.1398,7236.71,44440.561893,198,3886.28,23871.722183,202206
6.1406,6.1406,6.1276,6.1308,6908.09,42369.395649,199,2907.43,17837.95106,202206
6.1301,6.1394,6.1138,6.1193,12079.04,73969.191095,409,5932.69,36324.994136,202206
6.1196,6.127,6.0953,6.127,43488.94,265604.747378,749,16996.9,103833.790211,202206
6.123,6.1449,6.1208,6.1276,24681.36,151455.354171,386,20559.69,126176.924503,202206
6.1275,6.1408,6.108,6.1293,15610.53,95615.697738,556,8253.07,50548.272975,202206
6.129,6.129,6.0817,6.0941,72994.58,444714.801773,1294,29599.48,180414.990433,202206
6.0957,6.1194,6.0929,6.1052,15033.16,91824.770681,463,6722.41,41051.05275,202206
6.1062,6.1152,6.0927,6.1078,15378.05,93869.016747,495,7392.07,45117.715692,202206
6.108,6.1194,6.1024,6.111,14086.74,86069.089664,494,6302.02,38497.321251,202206
6.1118,6.1186,6.1008,6.1092,8044.82,49133.333173,258,3224.94,19693.497729,202206
6.111,6.1122,6.099,6.1032,9427.51,57549.084834,260,2893.69,17663.340578,202206
6.1033,6.108,6.0932,6.0956,9535.69,58157.927366,239,5857.81,35721.161819,202206
6.0957,6.1108,6.0844,6.1078,29404.03,179231.213965,715,13053.89,79567.883829,202206
6.1087,6.1221,6.0983,6.1038,22141.39,135287.249505,458,8941.83,54645.93767,202206
6.1043,6.12,6.0876,6.1169,21498.45,131171.979588,599,10444.96,63718.007972,202206
6.1167,6.121,6.1006,6.117,9180.2,56115.083166,290,5225.71,31943.178658,202206
6.1163,6.1418,6.1092,6.1374,23457.87,143739.83487,652,10214.23,62590.639962,202206
6.1376,6.16,6.1304,6.1418,31185.01,191749.158004,708,18632.11,114583.949976,202206
6.142,6.1473,6.1239,6.1316,11174.89,68549.436105,327,5842.97,35837.015415,202206
6.1315,6.1505,6.1181,6.1226,10462.33,64135.360438,361,4602.67,28216.887831,202206
6.1232,6.1238,6.1089,6.109,5563.96,34022.282228,190,2214.69,13544.690551,202206
6.1084,6.1454,6.1033,6.1454,26640.94,163197.389518,443,17537.32,107492.04523,202206
6.1439,6.1455,6.1232,6.1252,9036.17,55456.164934,232,4265.13,26174.390831,202206
6.1253,6.1327,6.1201,6.1213,6357.54,38951.195866,194,2808.01,17201.954334,202206
6.1228,6.1268,6.1108,6.1238,8736.43,53456.769578,247,2666.47,16313.62362,202206
6.1249,6.1312,6.1112,6.1153,18549.96,113617.03112,284,14228.73,87163.379789,202206
6.1152,6.1218,6.108,6.1166,8649.45,52888.578265,212,2237.17,13676.248125,202206
6.1178,6.1424,6.1145,6.1376,9071.64,55637.061572,227,2749.78,16861.6433,202206
6.1385,6.145,6.117,6.1317,8515.76,52248.349303,244,4896.46,30049.074041,202206
6.1308,6.1308,6.0954,6.1006,27107.54,165487.860965,570,9139.46,55770.781847,202206
6.0999,6.1242,6.0903,6.121,18339.72,112049.594313,558,7595.64,46408.635698,202206
6.1204,6.1309,6.1188,6.1274,10004.38,61287.765576,236,4301.02,26346.850647,202206
6.1273,6.165,6.1237,6.1546,47258.15,290572.937541,836,31400.95,193077.824087,202206
6.1545,6.1886,6.1503,6.1725,44184.59,272682.487605,934,24100.71,148759.050164,202206
6.1727,6.2211,6.1713,6.1905,62354.56,386389.681037,1528,33648.95,208556.693852,202206
6.1922,6.1957,6.1532,6.155,27143.02,167616.212624,655,12039.86,74345.966649,202206
6.1556,6.1858,6.146,6.1837,16666.27,102730.93675,426,9099.91,56108.993258,202206
6.185,6.1955,6.1691,6.17,19188.18,118708.563362,476,10680.57,66061.47289,202206
6.1697,6.1917,6.1697,6.1828,13562.24,83862.186805,351,8035.12,49683.503227,202206
6.1836,6.1854,6.1675,6.1724,12279.47,75829.743497,290,4744.23,29298.953907,202206
6.1752,6.1828,6.1584,6.1646,13464.24,83095.017685,336,4948.84,30527.535235,202206
6.1633,6.173,6.1585,6.1715,9205.32,56765.920017,248,2351.58,14499.80504,202206
6.1741,6.1877,6.172,6.181,13740.06,84908.417431,323,7986.06,49341.545506,202206
6.1805,6.1816,6.1674,6.1674,5878.19,36294.828694,179,2831.83,17482.2262,202206
6.1691,6.1851,6.1668,6.1828,8385.1,51802.778404,283,3729.76,23037.440824,202206
6.182,6.2003,6.1792,6.1922,43448.13,269038.768199,622,28194.11,174547.345843,202206
6.1928,6.2015,6.1856,6.1919,23233.94,143937.407701,438,12626.31,78220.595606,202206
6.1917,6.195,6.1836,6.1864,15487.23,95857.016691,285,6423.36,39759.261583,202206
6.1864,6.1864,6.17,6.1732,17812.23,110019.539242,362,5418.75,33473.733954,202206
6.175,6.1798,6.1663,6.1678,12918.38,79762.610797,344,5875.73,36276.104894,202206
6.168,6.1882,6.1648,6.1823,19346.56,119508.50102,454,8652.65,53439.743142,202206
6.1823,6.1908,6.1738,6.1796,36956.5,228461.049844,598,13938.17,86184.121994,202206
6.1782,6.1849,6.1655,6.1848,14851.38,91707.505336,345,8945.44,55241.640444,202206
6.1843,6.1879,6.1575,6.1617,50529.29,311771.69655,2298,19757.52,121928.674587,202206
6.1617,6.1653,6.1566,6.165,9068.65,55878.473855,263,5177.72,31899.415081,202206
6.165,6.1751,6.154,6.154,10513.06,64805.368869,344,6593.12,40636.468014,202206
6.1555,6.1563,6.1418,6.1514,10899.69,67008.07709,259,8055.05,49515.394031,202206
6.1485,6.1666,6.143,6.16,9931.37,61121.918114,261,3181.51,19588.925931,202206
6.1571,6.1649,6.1524,6.155,39547.66,243485.774365,284,36031.45,221827.74609,202206
6.155,6.169,6.1479,6.1639,9142.15,56287.52431,216,5238.53,32255.98921,202206
6.1644,6.1686,6.159,6.1611,6941.37,42788.284635,249,3805.86,23457.699457,202206
6.1621,6.1639,6.1482,6.1546,8156.31,50200.583612,205,5028.4,30948.151564,202206
6.1549,6.1694,6.1538,6.166,8345.57,51413.208405,223,3793.84,23376.872616,202206
6.1665,6.1697,6.1568,6.1614,9152.72,56423.206676,209,3297.11,20320.159301,202206
6.1618,6.1665,6.16,6.162,5058.86,31182.565483,186,2064.94,12726.07001,202206
6.1604,6.1646,6.1528,6.1585,8504.82,52373.635034,208,4407.0,27137.679463,202206
6.1585,6.172,6.1545,6.1562,11155.53,68769.700898,242,6573.42,40520.541628,202206
6.1573,6.172,6.1501,6.1636,10029.08,61791.910903,270,5278.08,32524.322628,202206
6.1636,6.1642,6.142,6.1453,11756.95,72307.002001,283,6982.91,42945.016789,202206
6.1467,6.1541,6.1404,6.1417,7941.72,48836.364786,213,4058.61,24952.377343,202206
6.1407,6.154,6.1285,6.1529,12587.45,77282.366031,318,4175.15,25642.23883,202206
6.1555,6.1594,6.1449,6.1489,7640.41,47011.208578,176,5566.05,34251.46257,202206
6.1474,6.1474,6.13,6.1308,11009.27,67575.332313,239,3426.53,21033.743757,202206
6.132,6.1465,6.132,6.1358,7169.69,44016.818239,173,3716.39,22820.657096,202206
6.1363,6.1541,6.1334,6.1431,9088.29,55863.411496,180,5083.57,31247.563249,202206
6.1435,6.1514,6.1347,6.1428,6148.61,37760.638488,168,1661.0,10204.037725,202206
6.1409,6.1748,6.1409,6.1717,23420.92,144312.202903,461,15836.97,97581.748633,202206
6.1707,6.1903,6.1662,6.179,18935.67,117005.692991,418,7278.4,44974.883967,202206
6.1832,6.1833,6.171,6.176,13820.38,85358.019324,301,7043.7,43507.602049,202206
6.176,6.1817,6.1681,6.1778,9264.5,57214.134159,266,4514.09,27877.629416,202206
6.1778,6.18,6.1721,6.1732,4625.07,28566.163555,148,2222.46,13725.740691,202206
6.1732,6.1879,6.1678,6.1754,11283.47,69714.406836,261,4157.89,25694.276912,202206
6.1766,6.1814,6.1723,6.1776,5557.39,34329.10678,168,2264.07,13984.130516,202206
6.1776,6.187,6.1765,6.1843,8806.86,54449.165206,229,3423.94,21168.686559,202206
6.1849,6.1886,6.1721,6.176,12651.3,78197.741197,250,5568.08,34412.361658,202206
6.1744,6.1793,6.168,6.1759,4907.69,30298.465196,159,2573.32,15887.502925,202206
6.1768,6.1863,6.1723,6.1811,10485.14,64761.057023,223,5168.05,31918.448855,202206
6.1815,6.1867,6.1747,6.1747,8386.86,51833.873277,165,5363.41,33144.41595,202206
6.1762,6.1814,6.1676,6.1785,10833.98,66896.523502,286,5377.3,33199.005759,202206
6.1768,6.1768,6.1552,6.1603,14783.17,91161.748322,346,5835.31,35979.411357,202206
6.1585,6.1585,6.1467,6.1535,26973.55,165966.953455,588,10615.16,65303.903534,202206
6.1544,6.1583,6.141,6.148,6007.8,36960.946522,183,2957.52,18190.672948,202206
6.1491,6.1574,6.1476,6.1555,4378.65,26939.288612,140,1181.24,7267.399316,202206
6.1551,6.1564,6.1459,6.1517,5484.3,33724.112083,100,2912.66,17913.033259,202206
6.153,6.1574,6.1412,6.1566,6144.79,37794.14797,194,3772.77,23202.884882,202206
6.1541,6.1541,6.1356,6.1383,4787.34,29414.939117,153,2112.54,12979.817265,202206
6.1384,6.1442,6.134,6.1421,9293.86,57068.302016,215,6842.17,42012.866843,202206
6.1414,6.15,6.134,6.1366,6581.0,40434.156624,151,1040.42,6390.589555,202206
6.1355,6.1458,6.135,6.138,3887.11,23867.571776,127,803.93,4936.889032,202206
6.1365,6.145,6.1356,6.1422,5822.75,35759.232509,154,3632.51,22305.453023,202206
6.1409,6.1675,6.1357,6.1627,9379.33,57714.194157,274,4879.8,30035.111757,202206
6.1647,6.1733,6.1574,6.1579,6056.26,37326.765313,156,2036.15,12552.137491,202206
6.1607,6.165,6.13,6.1305,6570.83,40376.07999,223,4111.0,25260.067177,202206
6.1304,6.1737,6.1296,6.1611,16019.24,98477.092951,312,8818.25,54167.911586,202206
6.1632,6.1662,6.1492,6.1515,5031.56,30978.845291,174,2879.74,17731.610247,202206
6.1524,6.1599,6.1461,6.1469,4728.08,29086.967656,133,1466.45,9019.765711,202206
6.1464,6.1491,6.1275,6.1388,24580.51,150900.0798,466,6566.57,40307.741088,202206
6.1388,6.1417,6.1318,6.1376,3248.3,19936.237341,114,951.6,5839.674325,202206
6.1367,6.144,6.1318,6.1407,6774.99,41581.173066,173,2613.38,16036.88993,202206
6.1419,6.1448,6.1377,6.1431,8010.38,49198.407918,122,4598.45,28241.595018,202206
6.1435,6.1436,6.1241,6.1373,7715.06,47298.279421,249,3274.59,20074.272265,202206
6.1383,6.1498,6.1347,6.1475,11864.14,72879.223642,382,5160.51,31698.901594,202206
6.1476,6.159,6.1449,6.1541,6465.82,39788.964328,216,3024.66,18611.733924,202206
6.155,6.1574,6.1428,6.1476,4234.76,26042.968224,168,2868.27,17637.578895,202206
6.1479,6.1497,6.1417,6.1423,2793.2,17165.421321,95,990.72,6088.752073,202206
6.142,6.1501,6.1339,6.134,10115.29,62151.753699,223,2623.84,16109.577002,202206
6.1336,6.1576,6.1336,6.1542,7978.74,48996.196088,190,4594.75,28211.025088,202206
6.1542,6.1566,6.1433,6.1433,4657.82,28653.427437,131,1940.17,11938.544972,202206
6.1431,6.1491,6.143,6.149,1898.67,11670.324617,69,327.99,2015.976056,202206
6.1491,6.1641,6.1491,6.1613,4919.15,30295.825489,156,2474.55,15237.812992,202206
6.1613,6.1841,6.1613,6.1833,17415.2,107543.560498,352,11176.3,69006.488016,202206
6.1833,6.1868,6.1524,6.1634,13195.16,81380.975855,418,5604.88,34568.018271,202206
6.1635,6.1738,6.1569,6.1699,5015.64,30924.762111,178,1843.93,11368.915915,202206
6.1699,6.176,6.16,6.1747,8872.65,54712.825007,206,4648.49,28667.355344,202206
6.1754,6.1953,6.1575,6.1895,30506.15,188495.095815,768,17852.7,110309.081183,202206
6.1923,6.22,6.185,6.2099,31086.1,192904.632118,799,17664.39,109641.172248,202206
6.2118,6.224,6.2061,6.2091,24059.88,149554.296601,573,11728.08,72902.0649,202206
6.2097,6.2298,6.2097,6.2171,25983.64,161610.099239,702,14103.92,87722.584615,202206
6.2162,6.2246,6.2046,6.2085,14853.93,92357.064906,426,8560.38,53222.821449,202206
6.2084,6.2138,6.19,6.195,20197.84,125324.24999,537,8616.72,53471.811225,202206
6.1951,6.2059,6.1884,6.1902,12142.87,75248.105061,329,6522.97,40424.338892,202206
6.1908,6.1933,6.1545,6.1588,21525.12,132802.102655,603,9968.32,61491.61964,202206
6.1585,6.1607,6.133,6.1357,22797.85,140186.932806,682,8155.21,50148.0637,202206
6.1358,6.1673,6.1358,6.1651,18020.22,110912.66328,426,8124.12,50001.472756,202206
6.1646,6.1743,6.1602,6.1657,14735.76,90872.744878,338,5402.21,33321.681411,202206
6.1667,6.1733,6.1575,6.1632,12655.73,78018.533551,316,5369.2,33103.842123,202206
6.1646,6.1699,6.1495,6.1624,16437.48,101214.407674,425,9185.78,56548.380193,202206
6.163,6.1723,6.1617,6.1659,16608.35,102430.136539,409,6369.67,39284.10795,202206
6.1678,6.1767,6.1659,6.1759,12118.19,74801.707899,314,5258.09,32454.147404,202206
6.1759,6.1851,6.1582,6.1633,15108.3,93276.137052,425,7629.25,47105.934775,202206
6.1601,6.1694,6.1513,6.1694,10570.54,65099.181587,331,5572.35,34315.544622,202206
6.1672,6.176,6.1597,6.1688,13421.37,82793.167749,395,7296.97,45013.103151,202206
6.1697,6.1857,6.1697,6.1799,11999.63,74150.507281,382,5993.66,37036.30752,202206
6.1802,6.1851,6.1737,6.1803,10217.26,63136.616717,290,4997.98,30885.627214,202206
6.1803,6.1836,6.1715,6.1764,8126.39,50208.070692,266,4048.88,25013.775402,202206
6.1768,6.201,6.1682,6.1929,16387.37,101375.666212,510,9940.18,61489.656855,202206
6.196,6.1971,6.1844,6.1919,13290.84,82281.337306,375,7336.67,45418.746519,202206
6.1934,6.1996,6.186,6.1959,18057.09,111847.626746,463,9147.76,56665.24747,202206
6.1988,6.2143,6.1824,6.1834,19577.69,121367.81228,451,9477.29,58766.641897,202206
6.1833,6.1904,6.167,6.1736,11415.86,70564.771577,287,7134.11,44107.352706,202206
6.1737,6.1984,6.1737,6.1954,18210.06,112718.115058,484,9844.5,60950.7704,202206
6.1936,6.2007,6.1852,6.1919,22622.43,140147.050547,484,14672.06,90896.363768,202206
6.1919,6.1985,6.1852,6.186,15116.35,93602.826009,419,7969.3,49345.663392,202206
6.186,6.1909,6.1728,6.1729,10606.06,65593.122568,298,5330.7,32970.45458,202206
6.1749,6.1773,6.1573,6.1703,27105.92,167062.652668,399,17953.3,110628.396886,202206
6.1736,6.1813,6.1602,6.167,10585.78,65299.375465,342,5544.84,34205.984319,202206
6.1667,6.1667,6.1315,6.1356,34551.66,212280.544842,612,11217.18,68918.420993,202206
6.1364,6.1558,6.1335,6.1497,16941.19,104045.08499,347,6189.34,38013.342643,202206
6.1497,6.1544,6.1373,6.1397,16126.79,99120.881099,300,4436.18,27258.534479,202206
6.139,6.148,6.0913,6.0979,47657.71,291481.74135,971,13146.4,80534.518338,202206
6.0975,6.0986,6.0832,6.0966,24881.54,151566.00275,534,13895.52,84644.507734,202206
6.0965,6.104,6.0586,6.0703,39670.62,241117.933981,907,13928.06,84689.407782,202206
6.0705,6.0851,6.0617,6.0712,36296.19,220549.160811,619,18923.0,115002.367201,202206
6.0714,6.0815,6.05,6.0726,67579.04,410028.537155,1254,27757.65,168379.770147,202206
6.076,6.095,6.0728,6.095,29328.94,178349.508417,683,13278.67,80749.235112,202206
6.095,6.1031,6.0907,6.0994,19194.16,117017.995583,491,9267.38,56493.989112,202206
6.1009,6.12,6.0928,6.1196,18047.74,110272.20543,453,9548.11,58330.355568,202206
6.1171,6.1219,6.1003,6.1154,13966.99,85358.70964,389,5863.66,35842.20393,202206
6.1148,6.13,6.1115,6.1175,11512.65,70456.273466,324,5653.36,34598.455113,202206
6.1184,6.1272,6.0992,6.1,12779.04,78124.897303,401,7035.18,43008.509241,202206
6.1,6.1155,6.0992,6.1017,11431.7,69809.481737,352,6147.24,37537.637711,202206
6.1028,6.1063,6.0642,6.0696,16690.8,101602.597877,468,5885.67,35859.44643,202206
6.0699,6.0992,6.0638,6.0958,16194.14,98463.758597,436,7139.07,43403.535362,202206
6.0964,6.1079,6.0921,6.1045,13890.52,84722.617608,300,7283.44,44426.963674,202206
6.1025,6.1099,6.0939,6.0939,20208.26,123341.266843,560,9902.97,60445.205861,202206
6.0939,6.1008,6.0916,6.094,8301.61,50597.034292,229,3633.06,22142.655723,202206
6.0944,6.0973,6.0766,6.0879,9720.03,59163.64334,282,3522.41,21451.023306,202206
6.09,6.1019,6.0866,6.0952,12849.87,78300.280046,346,7505.04,45733.134295,202206
6.0952,6.0955,6.0833,6.0925,15198.53,92540.956674,407,5782.32,35208.329733,202206
6.0925,6.1034,6.09,6.0926,14435.91,87987.739042,400,8231.85,50174.061916,202206
6.0926,6.0999,6.0771,6.0998,10325.33,62838.039522,286,4977.44,30289.831241,202206
6.0975,6.1124,6.0942,6.1067,13207.15,80667.510461,340,8562.25,52297.001587,202206
6.1083,6.1148,6.106,6.1086,12545.34,76654.721575,279,7414.81,45308.451858,202206
6.109,6.113,6.1037,6.1101,13813.53,84399.711953,374,7322.27,44740.200356,202206
6.1079,6.1103,6.0877,6.105,15681.35,95689.50018,407,7903.55,48221.318574,202206
6.105,6.1156,6.1027,6.1125,11077.01,67668.125192,325,5918.21,36155.224922,202206
6.1145,6.1173,6.1026,6.1066,11079.43,67712.767816,291,6669.23,40762.47821,202206
6.1057,6.1258,6.1047,6.1251,13175.3,80544.351984,386,7025.84,42950.321628,202206
6.1254,6.1377,6.1204,6.1222,13987.78,85769.134552,284,5946.48,36457.787008,202206
6.1231,6.124,6.1046,6.1058,9990.18,61067.231606,229,6025.36,36817.705951,202206
6.1056,6.1179,6.101,6.105,17390.88,106222.009494,465,9130.77,55769.429189,202206
6.1055,6.1138,6.0975,6.1133,16834.7,102739.236533,409,8806.37,53743.198128,202206
6.1137,6.1147,6.0851,6.1002,11801.02,71969.182712,311,5557.32,33900.584546,202206
6.101,6.101,6.0883,6.0995,9703.24,59141.463312,312,4884.31,29766.765812,202206
6.0983,6.1134,6.0926,6.1134,9634.02,58762.796559,280,5428.31,33116.255084,202206
6.113,6.1212,6.1034,6.1201,11958.71,73077.025664,301,5105.52,31197.504555,202206
6.1196,6.1196,6.1027,6.1064,10011.02,61166.58552,323,5901.21,36049.824001,202206
6.1053,6.1196,6.088,6.088,24027.03,146753.983026,584,8760.7,53479.478747,202206
6.0879,6.0926,6.0746,6.0854,20062.77,122055.166853,634,10723.58,65237.917115,202206
6.0834,6.1024,6.0818,6.0968,12145.78,73991.856099,346,7164.86,43653.819306,202206
6.0969,6.0969,6.0792,6.083,9660.41,58835.859946,336,5236.48,31894.360762,202206
6.0842,6.1009,6.0819,6.0902,9342.27,56910.053637,334,4412.61,26884.577226,202206
6.091,6.0984,6.0816,6.0957,10092.03,61454.653448,329,4807.02,29272.966185,202206
6.0968,6.1176,6.0968,6.1057,11142.96,68076.304596,287,7194.68,43953.074755,202206
6.1059,6.1144,6.0987,6.0994,7459.67,45548.332641,226,4426.73,27023.955273,202206
6.0986,6.108,6.0947,6.1036,7248.72,44218.397549,220,2677.63,16332.689751,202206
6.1037,6.1098,6.0879,6.0879,10265.69,62618.61034,294,4827.47,29455.314268,202206
6.0904,6.094,6.0813,6.0829,11307.53,68864.717451,305,5072.22,30889.273069,202206
6.0829,6.0989,6.0829,6.0971,10542.24,64242.47227,297,5052.74,30785.399902,202206
6.0971,6.0998,6.0844,6.091,11679.4,71129.218663,275,5429.24,33071.124753,202206
6.0904,6.1055,6.0876,6.103,9360.72,57084.456599,241,5350.39,32635.061018,202206
6.105,6.1067,6.0955,6.1029,8108.25,49473.73156,240,4502.65,27471.933165,202206
6.1015,6.1154,6.0955,6.1107,10319.5,63035.791412,281,5617.9,34322.116114,202206
6.11,6.12,6.1082,6.1158,6347.79,38805.615961,190,3130.64,19137.427242,202206
6.1157,6.1265,6.1104,6.1188,13073.03,79957.360624,355,6228.43,38095.013688,202206
6.1179,6.1309,6.1179,6.1234,12477.44,76447.131291,334,3917.71,24002.890917,202206
6.1232,6.1332,6.1106,6.1279,16349.3,100082.093021,338,4476.14,27404.319294,202206
6.1291,6.137,6.1171,6.1254,37276.97,228328.710607,507,20723.95,126879.821276,202206
6.127,6.1328,6.116,6.1172,9383.19,57475.61807,240,4729.14,28971.11235,202206
6.1173,6.1299,6.1129,6.1164,15374.92,94107.968044,352,8232.33,50382.972753,202206
6.1191,6.1222,6.1061,6.1127,7426.82,45404.187252,268,3476.05,21249.591729,202206
6.1127,6.127,6.1101,6.1269,5318.48,32531.623902,171,2904.2,17761.800838,202206
6.127,6.1309,6.1209,6.1258,7045.04,43157.077092,225,4403.86,26977.533996,202206
6.1268,6.1268,6.1184,6.1228,3297.37,20184.869113,101,1781.86,10907.065778,202206
6.1227,6.1227,6.1002,6.1099,9381.13,57341.972973,206,3093.01,18901.765969,202206
6.1103,6.1249,6.1101,6.1169,8270.7,50618.528837,209,5702.78,34902.939318,202206
6.1167,6.1239,6.1113,6.1154,16044.05,98157.341004,300,9807.27,59997.668597,202206
6.1153,6.1253,6.1143,6.1249,19777.73,120991.265434,250,12738.68,77914.119616,202206
6.1246,6.1256,6.1096,6.1096,5980.18,36587.281028,149,2276.46,13935.540023,202206
6.1096,6.113,6.0936,6.0952,6249.38,38151.637179,196,3273.17,19980.808428,202206
6.0935,6.1057,6.0889,6.1011,10956.12,66790.882408,210,2080.92,12689.007635,202206
6.102,6.1085,6.0986,6.0986,4787.12,29217.37111,157,3290.8,20084.193015,202206
6.0981,6.1043,6.0851,6.0979,8126.3,49510.490981,223,4330.84,26381.86294,202206
6.0972,6.1199,6.0957,6.1174,6602.15,40348.289563,197,2994.56,18290.515905,202206
6.1183,6.1355,6.1146,6.1168,17710.6,108439.885032,466,8937.41,54720.139497,202206
6.1168,6.1205,6.0987,6.0987,12771.81,78006.660363,306,5793.57,35388.423367,202206
6.0992,6.1204,6.0992,6.1204,7278.21,44454.262426,191,4543.18,27738.918927,202206
6.1221,6.1283,6.1125,6.1208,4751.48,29089.504607,181,3030.95,18557.171784,202206
6.1207,6.1279,6.1098,6.1137,6146.29,37585.560529,219,2345.25,14344.171537,202206
6.1137,6.1137,6.1034,6.1089,6624.56,40458.291673,159,2293.7,14009.155515,202206
6.1089,6.1164,6.1026,6.1128,6717.48,41037.003488,165,3463.45,21158.805755,202206
6.1124,6.1156,6.1005,6.1006,7992.77,48821.768379,162,4935.44,30149.138226,202206
6.1023,6.1081,6.0939,6.0951,15491.74,94476.886895,342,6050.37,36889.456011,202206
6.0952,6.0986,6.088,6.0897,13880.2,84569.525411,348,6973.95,42488.64464,202206
6.0909,6.1042,6.0901,6.0932,7725.8,47111.819558,199,2827.43,17235.50705,202206
6.093,6.1049,6.084,6.098,17881.4,108943.575629,337,8798.94,53626.130792,202206
6.0995,6.1097,6.0979,6.1022,8136.51,49670.041327,227,4848.44,29597.710726,202206
6.1034,6.1179,6.0881,6.1153,32878.81,200648.200212,342,10045.49,61344.7819,202206
6.115,6.1238,6.1089,6.1206,6210.05,37992.494994,164,3324.79,20340.735778,202206
6.1207,6.1239,6.108,6.1109,15278.33,93466.491214,293,11386.22,69660.430433,202206
6.1107,6.1217,6.1041,6.1041,14349.8,87735.527781,192,3346.25,20437.749735,202206
6.1041,6.1147,6.1022,6.1088,7292.7,44556.693806,183,4171.28,25486.80642,202206
6.1059,6.1103,6.0967,6.1031,6043.8,36880.157399,177,1949.18,11892.402504,202206
6.1018,6.113,6.0918,6.0925,8104.11,49446.270331,172,4149.97,25309.704736,202206
6.0938,6.102,6.0885,6.0976,4976.92,30328.419218,126,1719.95,10482.84445,202206
6.0959,6.0984,6.0885,6.0942,4611.47,28096.03886,145,1509.62,9196.770258,202206
6.0902,6.0927,6.0839,6.0839,7098.61,43218.272426,150,3568.26,21725.48643,202206
6.0833,6.0834,6.0765,6.0799,9757.6,59321.586574,227,5195.25,31582.726937,202206
6.0798,6.0914,6.0732,6.0848,21984.64,133664.286802,446,5106.14,31043.568223,202206
6.0834,6.0948,6.0756,6.0948,13167.89,80125.246566,279,4678.83,28474.910792,202206
6.0945,6.095,6.0788,6.083,5263.79,32031.913221,143,2702.9,16444.022786,202206
6.0826,6.0957,6.0791,6.0921,7692.87,46847.784812,209,5218.62,31782.000515,202206
6.0911,6.092,6.0733,6.0767,25397.86,154508.334809,401,6935.24,42186.504097,202206
6.0761,6.0776,6.0601,6.0771,30172.0,183082.115749,767,11048.82,67032.226879,202206
6.0773,6.0993,6.0713,6.0874,17725.74,107887.556959,415,11224.05,68315.987183,202206
6.0881,6.0955,6.0774,6.0853,5283.45,32167.027179,177,2739.68,16677.671774,202206
6.0864,6.0939,6.08,6.0934,2275.18,13851.210888,104,577.22,3511.236061,202206
6.0892,6.0943,6.0844,6.0931,2607.68,15878.102656,140,1355.63,8253.053856,202206
6.0924,6.0924,6.0807,6.0866,9033.66,54979.78431,213,6053.76,36845.770254,202206
6.0862,6.0953,6.0782,6.0782,6732.87,40978.791792,220,3809.5,23185.516033,202206
6.0772,6.0942,6.0732,6.0914,7649.49,46555.571146,242,4583.37,27904.033765,202206
6.0913,6.1104,6.0854,6.1059,10965.2,66871.379642,285,4158.1,25363.050359,202206
6.1061,6.1091,6.0925,6.0967,8138.24,49663.49655,219,2878.91,17563.998675,202206
6.0976,6.1053,6.0943,6.1007,6120.59,37339.187838,151,4231.71,25815.504976,202206
6.0988,6.1095,6.0979,6.1075,3385.58,20667.489389,127,1870.04,11415.53555,202206
6.1058,6.1087,6.0981,6.1031,5684.3,34695.598366,155,2673.37,16317.814154,202206
6.1007,6.1007,6.0903,6.0968,5198.49,31692.634436,135,2465.02,15026.499674,202206
6.0952,6.1081,6.0912,6.1043,3577.59,21820.003068,119,1047.89,6390.367933,202206
6.1034,6.1038,6.0906,6.0988,4104.57,25028.393572,160,1376.24,8388.133947,202206
6.0979,6.0979,6.0776,6.0833,7173.2,43645.006762,210,3605.22,21933.870525,202206
6.083,6.1016,6.0801,6.1013,7192.24,43781.500786,218,3401.06,20703.157294,202206
6.1012,6.1012,6.0755,6.0759,8221.0,50035.278439,220,4042.52,24608.925983,202206
6.0751,6.0902,6.0717,6.087,8441.99,51355.082203,179,5637.53,34303.130302,202206
6.0864,6.098,6.0839,6.0875,9041.6,55064.787778,196,3469.19,21123.027262,202206
6.0877,6.1,6.079,6.0962,7070.66,43047.988119,203,1772.74,10793.870846,202206
6.0965,6.1039,6.0923,6.1013,5969.98,36409.009782,193,2527.63,15414.078422,202206
6.1023,6.1081,6.0925,6.1066,6350.52,38751.091332,199,2980.37,18185.861634,202206
6.1065,6.1084,6.0982,6.1015,8968.89,54747.412911,237,4708.56,28744.021905,202206
6.1026,6.1085,6.1011,6.103,1309.23,7991.747037,83,733.57,4477.626863,202206
6.1044,6.1078,6.0966,6.0966,2406.35,14684.23362,76,910.74,5558.859094,202206
6.0968,6.1046,6.0965,6.0965,3522.55,21489.557648,163,1334.35,8138.962548,202206
6.0975,6.1108,6.0943,6.1009,9958.9,60787.599151,223,6573.33,40122.669655,202206
6.0997,6.1117,6.0925,6.1117,7248.61,44247.826448,197,2778.5,16954.029534,202206
6.1114,6.1116,6.0982,6.0998,4602.34,28088.896721,132,1103.2,6734.517957,202206
6.1011,6.1041,6.0956,6.1013,2388.49,14567.851115,100,1659.89,10122.986644,202206
6.1031,6.104,6.0857,6.0879,5935.79,36168.016557,204,2548.91,15530.492973,202206
6.089,6.1023,6.089,6.1004,7045.88,42961.889609,149,2661.42,16224.445135,202206
6.1003,6.1222,6.0989,6.1139,13380.48,81770.056145,262,8730.75,53343.383465,202206
6.1131,6.1214,6.1014,6.1069,7143.44,43657.561354,203,2218.66,13562.023641,202206
6.1074,6.1104,6.0943,6.0998,3179.86,19401.320377,146,1241.66,7575.957886,202206
6.0992,6.1079,6.0952,6.0992,5099.76,31118.108534,147,2728.08,16642.326408,202206
6.1008,6.1018,6.0957,6.0982,4153.8,25330.318783,103,1787.3,10898.966327,202206
6.098,6.1141,6.098,6.1089,8823.05,53866.918872,184,7295.82,44538.963891,202206
6.1074,6.1074,6.0996,6.1028,2416.32,14744.887743,77,695.16,4243.049163,202206
6.1059,6.1166,6.1028,6.105,4388.42,26821.236775,157,2576.0,15741.818919,202206
6.1066,6.1092,6.0988,6.1035,6151.84,37547.246909,160,1984.45,12109.889465,202206
6.1035,6.1128,6.1,6.1,4808.82,29362.966941,136,1693.84,10344.899788,202206
6.1002,6.1215,6.095,6.1174,46095.48,281858.938988,364,40991.87,250678.399658,202206
6.1169,6.1251,6.105,6.1133,59578.22,364588.959622,673,25515.71,156088.621498,202206
6.1134,6.1185,6.1098,6.1098,5182.83,31686.805091,185,2280.4,13940.531676,202206
6.1095,6.1236,6.1008,6.1162,12845.94,78518.875744,305,6032.05,36855.510874,202206
6.1132,6.1197,6.1077,6.1165,4146.44,25345.292136,129,3104.1,18972.478917,202206
6.1165,6.1193,6.1022,6.1105,6493.43,39676.136919,175,3280.65,20044.907195,202206
6.1095,6.1254,6.1095,6.1172,12884.69,78838.162675,260,6537.48,39996.923081,202206
6.1171,6.1171,6.0701,6.0749,28659.22,174518.724045,495,11905.07,72525.511682,202206
6.0745,6.0912,6.067,6.0848,25480.77,154783.774887,433,14892.84,90471.408929,202206
6.0824,6.0986,6.0563,6.0938,47320.38,287132.619926,923,23331.72,141561.993514,202206
6.0927,6.0959,6.0844,6.0931,8129.34,49505.720664,232,4917.56,29943.59294,202206
6.0925,6.0927,6.0655,6.0728,29965.11,182145.274895,436,11427.29,69445.796962,202206
6.0735,6.0953,6.069,6.0915,17494.03,106394.780252,399,10732.93,65261.648888,202206
6.0941,6.1003,6.0879,6.0953,13403.51,81698.786311,336,5819.14,35464.192593,202206
6.0921,6.0921,6.0714,6.0714,5225.65,31785.513691,156,3588.36,21824.850715,202206
6.0719,6.0867,6.0661,6.0683,11069.09,67272.684952,268,2434.59,14789.22604,202206
6.0674,6.0806,6.0659,6.0759,4269.36,25934.835023,169,2490.57,15129.204175,202206
6.0753,6.0873,6.07,6.0793,6639.21,40357.386499,197,3075.7,18698.844843,202206
6.0771,6.0805,6.0724,6.074,8960.71,54444.289582,149,3948.87,23992.221683,202206
6.0746,6.0959,6.0713,6.0833,11712.81,71269.152162,286,6051.79,36830.18453,202206
6.0834,6.0894,6.0808,6.0824,3917.38,23833.679564,151,2255.59,13721.450227,202206
6.0835,6.0954,6.0756,6.0759,13608.08,82791.757065,300,7724.14,46985.380285,202206
6.0757,6.0877,6.0757,6.0876,6926.56,42132.30485,209,2932.4,17833.297996,202206
6.0853,6.1009,6.0802,6.0889,11855.41,72201.188482,333,7232.29,44054.8973,202206
6.0892,6.0928,6.08,6.0915,2608.3,15875.769357,107,615.71,3747.027376,202206
6.0916,6.1336,6.0916,6.1079,48242.71,294871.082536,928,26179.87,159997.700975,202206
6.1074,6.1119,6.0924,6.0932,7649.59,46681.891101,211,3227.86,19690.267837,202206
6.093,6.1088,6.0855,6.1012,15734.97,95925.500114,321,8857.99,54010.054822,202206
6.1011,6.1174,6.0984,6.1153,13312.82,81321.664439,278,7334.42,44810.316643,202206
6.1129,6.1225,6.106,6.1087,23800.28,145565.231858,363,17035.39,104202.603603,202206
6.1091,6.1246,6.1076,6.1215,7775.65,47549.614003,244,3698.15,22618.683628,202206
6.1202,6.1232,6.1065,6.1163,11189.7,68421.197411,329,5246.31,32082.125824,202206
6.1165,6.1649,6.1165,6.1574,84278.05,517897.060455,1183,61626.55,378564.79787,202206
6.1588,6.1848,6.1588,6.1733,86785.63,535802.517069,1180,39706.58,245101.12294,202206
6.1731,6.263,6.1731,6.245,225984.12,1404402.494262,3428,146060.12,907464.693258,202206
6.244,6.25,6.2038,6.2081,61583.67,383813.163194,1360,24049.63,149904.509716,202206
6.2084,6.2244,6.1647,6.1733,68557.41,424262.017733,1517,29811.3,184537.716208,202206
6.1733,6.1873,6.1581,6.1581,27263.62,168299.823418,635,10173.21,62819.099121,202206
6.1577,6.1658,6.1441,6.1522,32182.8,198101.604674,582,20082.63,123635.552923,202206
6.1522,6.157,6.121,6.134,33299.95,204233.3516,833,16315.82,100054.115426,202206
6.1311,6.1454,6.1278,6.1435,31938.48,195943.487749,463,13478.65,82717.448987,202206
6.1443,6.1602,6.1282,6.1561,13646.08,83849.231131,412,6182.88,38000.250131,202206
6.1565,6.1568,6.1301,6.1304,9561.34,58690.809121,230,6266.62,38465.239835,202206
6.1302,6.1526,6.1264,6.1424,11625.16,71369.20746,352,6837.15,41976.469184,202206
6.1422,6.1553,6.14,6.1467,6473.45,39789.864445,220,3299.67,20282.822774,202206
6.1474,6.1557,6.1286,6.1498,14863.09,91297.231468,329,4845.34,29759.086074,202206
6.1509,6.1628,6.1431,6.1526,14265.26,87780.821816,323,6988.03,42998.565601,202206
6.1515,6.166,6.1456,6.1645,9052.61,55715.816273,324,4109.16,25289.655724,202206
6.1625,6.1756,6.154,6.1756,27340.56,168493.988116,463,8289.11,51111.563252,202206
6.1736,6.1965,6.1664,6.188,27632.43,170843.103708,755,17684.13,109353.288713,202206
6.1897,6.2065,6.1791,6.1867,57146.39,354019.652884,1062,18421.03,114107.009797,202206
6.1887,6.2085,6.1802,6.1906,14388.59,89140.011081,425,7457.51,46205.773353,202206
6.1905,6.2069,6.1905,6.2057,14623.92,90650.853357,422,9161.58,56792.155819,202206
6.1995,6.2079,6.1874,6.1967,13321.51,82561.950434,326,5500.41,34094.509069,202206
6.1982,6.2139,6.1879,6.1939,17795.7,110314.270818,385,12063.17,74762.738504,202206
6.193,6.2017,6.1727,6.1746,9985.32,61790.219851,306,4353.39,26942.37383,202206
6.1747,6.1858,6.1715,6.173,16993.51,104993.101744,263,13538.53,83637.757419,202206
6.1726,6.1921,6.1726,6.1887,8852.26,54748.73864,218,3148.04,19468.49521,202206
6.1887,6.1901,6.175,6.1779,5976.63,36954.340677,205,3275.88,20249.971047,202206
6.1782,6.1788,6.1621,6.1705,16307.53,100621.81648,437,6740.94,41593.607527,202206
6.173,6.1862,6.1696,6.1849,8697.75,53749.385661,261,4681.21,28927.023615,202206
6.1848,6.1848,6.1682,6.1707,8092.7,49997.266058,229,5152.51,31833.664702,202206
6.1702,6.1771,6.1624,6.173,5528.42,34113.723289,196,3403.05,20998.072917,202206
6.1718,6.1727,6.1574,6.169,7082.8,43670.531559,253,4052.79,24987.352416,202206
6.1672,6.1672,6.157,6.1589,6496.5,40024.343355,202,4515.55,27820.484063,202206
6.1585,6.1672,6.157,6.162,5497.26,33867.371888,137,3565.29,21964.971656,202206
6.1614,6.1743,6.1614,6.1704,18348.56,113210.657511,291,11420.45,70459.229923,202206
6.1706,6.1706,6.1584,6.165,3273.67,20181.675486,134,1710.16,10541.154537,202206
6.167,6.167,6.1561,6.158,7606.17,46856.819271,189,2276.25,14023.341724,202206
6.1558,6.1664,6.1483,6.1543,5949.85,36621.233692,199,3334.41,20521.762122,202206
6.1541,6.1564,6.1483,6.155,3812.57,23450.607071,111,1979.41,12175.099275,202206
6.155,6.1665,6.1528,6.1533,3728.55,22966.689927,125,1908.45,11753.040837,202206
6.1539,6.1557,6.15,6.1518,6209.11,38200.774799,158,2145.54,13200.060677,202206
6.1526,6.1623,6.1526,6.1612,4637.25,28554.281584,135,3136.09,19310.325826,202206
6.1622,6.1664,6.1569,6.1664,4025.52,24805.266068,119,1483.18,9140.067537,202206
6.1659,6.1818,6.1659,6.1761,63148.32,389975.262977,540,46157.31,284996.689914,202206
6.1757,6.177,6.1556,6.157,42943.2,264914.425012,260,15451.95,95314.973204,202206
6.157,6.1744,6.157,6.1744,14479.12,89195.608579,164,12371.28,76192.449378,202206
6.1743,6.1898,6.1743,6.175,6654.89,41141.28583,218,4016.37,24827.815069,202206
6.175,6.1928,6.175,6.1793,11169.56,69074.204431,313,5357.87,33135.449524,202206
6.1796,6.1881,6.1754,6.1759,4573.28,28270.460218,183,2349.34,14524.988711,202206
6.1759,6.183,6.1678,6.1736,42772.05,264091.570071,1222,25559.7,157837.152028,202206
6.1738,6.1894,6.1719,6.188,28120.84,173769.68015,826,17135.31,105874.423963,202206
6.1887,6.1904,6.1793,6.1803,10686.36,66098.012845,169,1885.21,11661.154745,202206
6.1806,6.1839,6.1733,6.1827,9497.09,58666.744244,200,2733.97,16892.707811,202206
6.1839,6.1928,6.1829,6.1896,6793.8,42037.420214,193,3539.2,21897.149817,202206
6.1878,6.1878,6.1712,6.1721,4848.94,29958.342708,134,1897.17,11718.898812,202206
6.1727,6.1807,6.1696,6.1764,3990.34,24638.099365,130,2085.95,12878.623823,202206
6.1752,6.1837,6.172,6.1789,6518.72,40280.728317,202,3421.5,21139.890796,202206
6.1782,6.1787,6.157,6.1615,6722.99,41436.500342,175,3832.05,23615.717879,202206
6.1607,6.1691,6.1556,6.1613,5172.14,31868.903733,182,2879.54,17739.535828,202206
6.1613,6.1619,6.1528,6.154,3465.39,21336.782925,114,1208.33,7438.854195,202206
6.1541,6.1598,6.1495,6.1508,3991.28,24560.751768,149,1380.12,8493.388304,202206
6.1521,6.1596,6.1356,6.1381,13392.92,82309.948483,225,4765.16,29293.88348,202206
6.1355,6.1391,6.1285,6.132,12485.95,76584.673466,246,7879.3,48331.41203,202206
6.132,6.1454,6.1248,6.1356,15469.4,94907.962107,327,7455.32,45747.934181,202206
6.1352,6.1415,6.1245,6.126,8040.18,49287.326729,184,4503.57,27598.043117,202206
6.1265,6.1357,6.1265,6.1313,5904.3,36201.775574,174,1605.64,9844.412932,202206
6.1311,6.1337,6.1228,6.1276,7088.06,43434.504345,161,3617.41,22167.13046,202206
6.1239,6.1413,6.1229,6.1409,1669.75,10237.426116,88,820.11,5028.247665,202206
6.1398,6.1411,6.1315,6.1382,1605.7,9852.05432,58,618.5,3795.220588,202206
6.1382,6.1449,6.1314,6.1433,2782.35,17078.508314,116,1965.51,12064.096015,202206
6.1435,6.1613,6.1433,6.1483,4618.87,28422.69329,180,2457.33,15118.92176,202206
6.1477,6.154,6.1429,6.1436,2116.68,13017.486087,80,1445.96,8892.93443,202206
6.1469,6.1627,6.1411,6.1627,6465.89,39779.413225,257,3098.43,19063.649648,202206
6.1629,6.18,6.1551,6.1724,34923.68,215457.279565,817,18998.68,117216.747707,202206
6.173,6.1806,6.1684,6.1684,12026.28,74270.857657,353,2950.6,18221.450976,202206
6.1677,6.1677,6.1407,6.1407,22692.82,139637.014582,330,5519.66,33959.608305,202206
6.1424,6.1623,6.1424,6.1523,12106.28,74489.138959,287,3808.53,23435.743235,202206
6.1523,6.1608,6.1483,6.1503,7103.11,43722.957747,184,3723.01,22921.282856,202206
6.1485,6.1539,6.1157,6.1176,34898.62,213793.034295,518,6173.92,37863.86866,202206
6.117,6.1215,6.0925,6.1118,28185.83,172100.392321,682,10487.83,64062.379824,202206
6.1122,6.131,6.1016,6.1248,14189.45,86745.336424,325,7686.24,46990.703652,202206
6.1262,6.138,6.118,6.1329,6863.86,42068.766893,221,3269.28,20032.85811,202206
6.1334,6.1588,6.1321,6.1419,26464.71,162633.342005,614,13582.73,83458.142024,202206
6.1413,6.1518,6.1366,6.1366,8774.71,53900.905126,195,2400.88,14749.069437,202206
6.1371,6.1495,6.1312,6.1401,5757.05,35354.88549,176,2404.11,14758.088459,202206
6.1399,6.1481,6.1331,6.1439,6053.25,37180.511887,214,3522.42,21635.165759,202206
6.1432,6.1565,6.1215,6.1283,21428.59,131481.293509,396,10445.31,64040.737104,202206
6.1283,6.1461,6.1283,6.1389,4589.92,28172.689544,152,1867.93,11460.766196,202206
6.1398,6.1398,6.0972,6.1149,14519.63,88785.465208,478,6536.63,39940.245028,202206
6.1153,6.131,6.107,6.13,9938.2,60807.559664,243,3508.6,21473.800337,202206
6.1273,6.1296,6.0872,6.0879,8139.04,49692.16362,284,3124.9,19078.793868,202206
6.0879,6.1005,6.0853,6.0968,11305.46,68900.061689,321,4739.93,28884.573312,202206
6.0973,6.1014,6.0801,6.0956,13164.0,80141.524649,439,7399.03,45041.948254,202206
6.0957,6.1066,6.0821,6.0882,11743.82,71568.913366,358,6065.32,36965.773544,202206
6.0896,6.1094,6.0891,6.1073,17369.77,105959.326994,513,8305.31,50659.204088,202206
6.1076,6.1106,6.0901,6.0997,9273.7,56540.182766,249,4467.41,27235.375343,202206
6.1012,6.1072,6.0926,6.0991,7806.01,47625.227993,215,4378.79,26717.305363,202206
6.097,6.1064,6.0804,6.1051,16943.41,103245.891416,415,6038.13,36791.18733,202206
6.1023,6.1119,6.0983,6.1067,9922.88,60577.783931,250,5637.22,34414.821369,202206
6.1078,6.1254,6.1007,6.1041,13881.68,84855.5179,364,6869.78,41994.245167,202206
6.1038,6.1325,6.1,6.1293,17611.59,107605.327524,438,9334.66,57032.412194,202206
6.1316,6.145,6.1219,6.1342,9634.12,59110.576689,261,4460.9,27371.864333,202206
6.136,6.1379,6.124,6.1263,7359.11,45099.796023,187,3164.37,19391.364383,202206
6.1268,6.155,6.1268,6.1513,13112.34,80555.387211,315,6438.05,39548.053395,202206
6.1525,6.1525,6.1373,6.1419,11214.39,68911.315369,241,3481.59,21394.201173,202206
6.1431,6.1593,6.1387,6.1592,9556.67,58803.700891,239,6803.08,41864.627946,202206
6.1592,6.2118,6.1462,6.2038,53916.11,333508.55736,1016,37931.99,234645.358162,202206
6.2044,6.2249,6.1817,6.2088,34704.12,215306.656639,812,21613.0,134127.584976,202206
6.2077,6.2101,6.189,6.204,13324.83,82641.151513,291,4578.62,28398.735918,202206
6.2059,6.2269,6.203,6.2243,28446.34,176858.259697,519,16719.09,103948.097064,202206
6.2243,6.238,6.2198,6.2238,29487.81,183683.017687,555,17603.06,109650.525608,202206
6.2263,6.2398,6.2217,6.2345,25842.7,161053.026351,504,11821.41,73673.78088,202206
6.2331,6.2771,6.2331,6.2548,80117.7,500953.987466,1540,51059.43,319124.902587,202206
6.2571,6.2793,6.2469,6.2604,21401.04,134074.998463,472,10669.81,66851.857074,202206
6.2583,6.3044,6.2583,6.2925,45099.17,283563.207494,989,30403.72,191178.99184,202206
6.2937,6.3295,6.2919,6.3195,58684.75,370115.169891,1222,28118.09,177389.759791,202206
6.3199,6.3493,6.3147,6.3369,28282.18,179004.948568,664,13279.63,84036.934879,202206
6.3382,6.3429,6.322,6.3223,26391.97,167143.303012,563,12923.76,81859.964727,202206
6.3219,6.3272,6.3053,6.3193,64270.25,405983.769778,738,42816.7,270467.146197,202206
6.3184,6.3593,6.3184,6.3446,64108.32,406459.690085,1138,27445.72,173990.926836,202206
6.3459,6.3672,6.3339,6.3433,23794.58,151012.404562,625,10498.72,66628.690659,202206
6.345,6.3628,6.3214,6.3214,42286.52,268373.930476,909,22116.98,140343.062821,202206
6.3219,6.3259,6.3109,6.3137,32094.11,202733.942059,685,11486.02,72562.651585,202206
6.3123,6.3182,6.3045,6.3089,23332.57,147262.984146,517,9460.91,59705.966405,202206
6.3089,6.3095,6.28,6.28,25202.34,158664.515655,622,11738.53,73913.553394,202206
6.2807,6.2889,6.2601,6.2666,32211.65,202119.354614,652,11249.85,70630.531882,202206
6.2673,6.2894,6.2623,6.2842,24837.71,155832.78833,579,13873.26,87052.966844,202206
6.2842,6.308,6.2842,6.2907,41831.44,263471.922866,885,20656.59,130093.807842,202206
6.2906,6.295,6.2751,6.2805,16849.07,105862.652177,351,7962.1,50014.050794,202206
6.2788,6.2799,6.2584,6.2668,31885.46,199943.413035,505,15627.7,98009.619849,202206
6.2657,6.2822,6.2593,6.2612,14427.21,90436.379007,331,6906.02,43284.484861,202206
6.2634,6.2689,6.2535,6.2622,17296.08,108262.378735,360,4596.29,28777.343169,202206
6.2626,6.267,6.2507,6.2563,29230.6,182982.164073,479,10878.58,68110.920273,202206
6.2571,6.29,6.2571,6.2851,33475.09,209992.679332,485,26565.8,166657.170514,202206
6.2838,6.3149,6.2838,6.3009,29782.05,187568.441661,715,13732.79,86531.483238,202206
6.299,6.3266,6.299,6.3225,34844.09,219978.936838,703,15002.43,94707.157389,202206
6.3219,6.3263,6.3042,6.3124,45532.95,287545.417493,878,19448.82,122837.194758,202206
6.3124,6.34,6.3054,6.3264,34268.26,216865.169699,761,17599.9,111402.924178,202206
6.326,6.3269,6.312,6.312,10063.42,63575.725234,273,4816.95,30431.33857,202206
6.3125,6.3249,6.3022,6.3036,21064.51,132917.310909,382,10469.73,66054.736119,202206
6.3047,6.3172,6.2983,6.312,25196.4,158843.296697,385,15548.62,98001.123048,202206
6.3118,6.33,6.3045,6.3276,31351.75,198059.044648,673,13704.7,86589.558629,202206
6.3284,6.364,6.3219,6.3249,39955.64,253361.388972,1090,23100.18,146486.15362,202206
6.3264,6.3356,6.3231,6.3267,18875.73,119440.718426,507,8419.21,53279.87209,202206
6.3278,6.3451,6.3269,6.3445,32872.71,208382.093729,535,24017.52,152268.92363,202206
6.3448,6.3451,6.3129,6.343,67952.04,430076.218834,904,38367.62,242680.908428,202206
6.3415,6.3746,6.3243,6.3671,57668.8,366389.103493,914,42255.75,268572.765843,202206
6.3676,6.3686,6.3517,6.364,27096.76,172350.267975,561,11670.14,74226.860086,202206
6.3641,6.3746,6.3539,6.3567,24060.69,153125.201514,564,11316.85,72017.46035,202206
6.3557,6.3662,6.3438,6.3641,14520.57,92264.175741,414,6329.66,40232.089451,202206
6.3659,6.3755,6.3603,6.3733,19870.39,126534.274492,466,7231.28,46047.707867,202206
6.3726,6.3916,6.36,6.383,23520.41,149982.706712,571,14826.78,94569.579199,202206
6.3831,6.435,6.3795,6.4265,53445.91,342738.756832,1344,29299.05,187828.717203,202206
6.4228,6.4228,6.3861,6.3917,54834.43,350858.450745,873,21564.91,137966.456809,202206
6.3923,6.3993,6.3803,6.3878,42624.25,272474.255146,543,9454.24,60391.987951,202206
6.389,6.4,6.3849,6.4,12403.81,79295.409296,316,6726.01,42996.64653,202206
6.3996,6.4129,6.3956,6.3965,12080.46,77356.550412,395,6741.83,43169.175733,202206
6.3943,6.417,6.393,6.4146,14958.76,95827.58014,402,6343.43,40621.656718,202206
6.4142,6.4288,6.4066,6.4181,25972.73,166673.144049,595,16285.34,104508.955794,202206
6.4199,6.422,6.392,6.3929,14740.45,94416.962882,344,7354.33,47098.079733,202206
6.3921,6.4179,6.3822,6.4129,32501.19,207885.783368,622,16770.38,107278.805019,202206
6.4125,6.4125,6.39,6.3983,29909.75,191290.0632,395,16596.26,106115.262507,202206
6.3975,6.4046,6.3867,6.3872,28250.79,180695.008938,630,12423.84,79465.932788,202206
6.3873,6.39,6.378,6.3785,9975.98,63696.661075,267,2659.46,16980.095343,202206
6.3781,6.3872,6.3738,6.3781,15103.28,96361.39706,392,7738.41,49368.387368,202206
6.3773,6.3847,6.3596,6.3596,24115.57,153704.777222,616,8485.04,54072.719003,202206
6.3596,6.3699,6.3467,6.3557,31341.1,199184.019522,644,11066.55,70350.513418,202206
6.3553,6.359,6.3369,6.3507,29506.19,187335.52291,848,12652.26,80319.808609,202206
6.3526,6.36,6.345,6.3502,20729.21,131707.817575,519,7344.67,46664.3018,202206
6.3502,6.3578,6.3375,6.3407,19390.95,123097.53006,375,6499.59,41262.543128,202206
6.3428,6.3613,6.34,6.3496,32715.48,207744.160606,529,23127.39,146881.496777,202206
6.3471,6.3564,6.3417,6.3417,10127.25,64307.053005,261,5852.64,37169.80142,202206
6.3399,6.3557,6.336,6.3544,27406.04,173961.095317,461,18492.53,117381.00339,202206
6.3535,6.367,6.3473,6.3599,20373.78,129530.038298,490,8752.82,55654.264594,202206
6.3619,6.3748,6.3604,6.3685,10861.53,69158.026995,357,3977.82,25330.609755,202206
6.3661,6.3809,6.3642,6.3721,13878.66,88439.238207,351,7242.85,46150.478329,202206
6.372,6.3734,6.3618,6.3726,22534.85,143501.545282,440,9100.8,57954.684216,202206
6.3704,6.3815,6.3548,6.3651,24874.2,158347.238037,416,7871.97,50138.377249,202206
6.3651,6.4114,6.3651,6.4098,31999.56,204676.255906,817,18431.21,117877.476756,202206
6.4094,6.4437,6.3958,6.4224,54145.61,347311.308773,984,15765.77,101260.765643,202206
6.4237,6.4362,6.414,6.4199,36715.14,235935.557583,812,21998.75,141359.62222,202206
6.4222,6.4375,6.4082,6.4372,17527.44,112496.953455,462,10540.6,67654.818109,202206
6.4357,6.436,6.4108,6.4128,14830.47,95236.276261,372,7593.77,48763.544921,202206
6.4131,6.4169,6.4038,6.4117,18336.86,117533.70019,402,7387.21,47352.336371,202206
6.4119,6.4152,6.391,6.3967,14743.22,94363.121911,491,7014.93,44897.029288,202206
6.394,6.4165,6.3897,6.4164,18847.7,120639.321021,444,11512.37,73707.069851,202206
6.4164,6.4184,6.4053,6.4129,11996.52,76920.843887,327,5724.71,36701.18982,202206
6.413,6.4183,6.3968,6.3985,22325.64,143000.233717,460,11256.76,72105.00453,202206
6.3986,6.3986,6.3674,6.3779,33431.65,213261.729524,658,14780.89,94243.692021,202206
6.3778,6.3861,6.3657,6.366,15550.14,99190.234756,372,7186.06,45837.970292,202206
6.3656,6.3879,6.364,6.3804,24558.19,156562.303906,510,13752.64,87716.121723,202206
6.3804,6.3904,6.3751,6.3843,15722.63,100377.199173,495,7306.57,46646.18521,202206
6.3846,6.3898,6.3778,6.3882,12362.84,78900.759422,338,6815.86,43497.476882,202206
6.3874,6.42,6.3811,6.4051,28919.98,185120.271386,828,14941.87,95644.616984,202206
6.4051,6.4075,6.3868,6.3944,11807.81,75494.301757,342,5014.57,32058.430201,202206
6.3956,6.4104,6.3924,6.4022,12415.51,79505.985284,336,5789.18,37072.019353,202206
6.4022,6.4036,6.3831,6.3835,9249.53,59116.280411,290,4562.8,29163.653246,202206
6.3844,6.41,6.3844,6.4086,9837.87,62943.99295,340,5476.22,35035.111427,202206
6.4091,6.4228,6.4091,6.4228,37849.33,242922.691586,418,29666.94,190434.187235,202206
6.4229,6.43,6.4125,6.4263,17020.69,109300.003363,575,9517.96,61119.435077,202206
6.4263,6.4283,6.4084,6.4127,9089.12,58330.250292,251,4375.67,28082.212092,202206
6.4125,6.4162,6.4052,6.4084,6222.39,39888.352887,213,2685.1,17216.347244,202206
6.409,6.4152,6.4042,6.414,10067.64,64521.813315,296,6100.79,39097.878168,202206
6.4141,6.4152,6.3976,6.3993,17965.1,115080.123884,382,4468.9,28632.389887,202206
6.3994,6.4221,6.3958,6.4211,21033.24,134836.059837,377,11835.22,75833.100188,202206
6.422,6.4348,6.39,6.3924,30045.84,192425.955126,556,10200.37,65418.23309,202206
6.3925,6.404,6.3916,6.4003,13948.99,89247.860354,359,5579.23,35692.032627,202206
6.403,6.4118,6.3904,6.3942,11758.43,75244.364311,284,5356.03,34277.237158,202206
6.3937,6.402,6.3838,6.3866,18703.09,119559.408594,328,6949.14,44443.21377,202206
6.3876,6.4243,6.3876,6.4076,24077.61,154339.948557,471,15383.43,98618.706617,202206
6.4082,6.4159,6.3971,6.4087,13366.69,85637.519192,319,5560.7,35631.990333,202206
6.4092,6.425,6.4076,6.4158,16953.71,108784.362569,437,6215.54,39881.665255,202206
6.4164,6.4191,6.394,6.394,59807.93,382852.750143,531,29450.22,188528.020503,202206
6.3944,6.411,6.392,6.398,16399.39,105010.403756,388,8684.76,55618.300528,202206
6.3983,6.411,6.3978,6.4073,17401.44,111428.608109,371,6689.94,42835.462076,202206
6.4081,6.4162,6.4068,6.408,10384.46,66574.619754,285,3364.97,21576.098368,202206
6.408,6.4225,6.404,6.4199,10454.89,67028.348333,289,4413.32,28295.455581,202206
6.4207,6.425,6.4067,6.4184,15229.31,97753.5775,404,4424.95,28392.221268,202206
6.4165,6.418,6.4,6.4,15247.31,97679.138683,353,5477.5,35095.618667,202206
6.4001,6.411,6.3961,6.411,27343.58,175040.318524,321,11907.93,76240.477738,202206
6.411,6.411,6.3962,6.3982,15891.45,101718.613798,317,6349.62,40642.032834,202206
6.3977,6.41,6.3951,6.4081,14061.24,90042.910783,358,7507.81,48070.973627,202206
6.4083,6.4099,6.3951,6.3992,12183.66,77976.092008,275,6207.36,39726.142282,202206
6.3993,6.408,6.3983,6.4058,14818.34,94885.117733,339,7572.3,48484.202025,202206
6.4059,6.4139,6.4001,6.4125,41983.37,268972.546232,379,21241.02,136107.255382,202206
6.4126,6.4244,6.4048,6.4224,20517.9,131637.105886,473,11046.44,70863.167827,202206
6.4224,6.4425,6.4161,6.4295,34054.19,218873.850721,711,22711.43,145970.40296,202206
6.4281,6.4318,6.4087,6.411,12306.75,79022.169702,359,6522.23,41878.354968,202206
6.4118,6.4199,6.4047,6.4096,15777.05,101164.304038,286,7885.76,50584.52868,202206
6.4095,6.4137,6.3987,6.4116,12761.97,81738.029564,319,6994.29,44797.64125,202206
6.4136,6.4388,6.4053,6.4053,23439.01,150526.076083,588,9705.52,62310.44643,202206
6.4066,6.4078,6.3443,6.3746,49699.35,316359.278052,995,17498.97,111401.30203,202206
6.3743,6.3956,6.3657,6.3791,23632.27,150821.311537,460,12642.78,80691.526458,202206
6.3798,6.3813,6.3562,6.3673,44539.94,283529.637506,652,17964.43,114371.973968,202206
6.3672,6.3806,6.3664,6.3715,10053.78,64094.147988,256,2903.25,18507.010732,202206
6.3728,6.3853,6.3692,6.3692,12079.82,77015.632055,338,7487.59,47724.90908,202206
6.3687,6.3695,6.3471,6.3517,19695.77,125197.045108,396,11024.43,70079.968675,202206
6.3517,6.3575,6.3228,6.3433,36392.67,230610.468665,787,18438.92,116831.386947,202206
6.3413,6.35,6.3306,6.3307,14162.93,89803.148228,384,5536.55,35107.886303,202206
6.3312,6.3414,6.32,6.3258,38307.88,242428.32785,686,14145.29,89525.727578,202206
6.328,6.3338,6.3227,6.33,16032.7,101455.01951,336,3898.89,24669.57413,202206
6.3301,6.3453,6.3293,6.3425,15342.79,97277.523155,400,7131.9,45213.225576,202206
6.3422,6.3595,6.3417,6.3465,14817.67,94095.697448,361,6348.99,40330.518459,202206
6.3457,6.3492,6.3345,6.337,23280.26,147619.403397,321,18885.6,119747.284156,202206
6.3356,6.3409,6.3142,6.3145,19249.06,121838.398047,419,7746.74,49069.696419,202206
6.315,6.3164,6.2939,6.2955,31379.84,197949.50668,807,10290.26,64936.685343,202206
6.2945,6.3202,6.2945,6.3181,28547.6,180165.885359,471,12058.76,76100.107618,202206
6.3178,6.3286,6.3153,6.3249,22156.62,140094.946298,305,15720.66,99413.767326,202206
6.3242,6.3345,6.3172,6.3325,16078.09,101688.944679,399,7955.1,50311.434949,202206
6.3313,6.3412,6.3201,6.3299,14060.5,89001.165321,362,5803.13,36724.223033,202206
6.3285,6.3351,6.3182,6.3186,22524.94,142563.535099,346,13751.83,87055.457994,202206
6.3191,6.3191,6.2932,6.3027,98654.91,621776.166586,919,36551.21,230356.835388,202206
6.3027,6.3158,6.2998,6.3075,28805.22,181666.481454,607,11108.04,70063.364168,202206
6.3071,6.3139,6.2998,6.3064,16728.4,105497.948313,413,5496.34,34660.070719,202206
6.3063,6.3137,6.2996,6.2996,22539.57,142167.153736,425,9977.37,62911.091667,202206
6.3003,6.3105,6.2767,6.3049,25726.3,161838.381373,593,13262.19,83430.976357,202206
6.305,6.308,6.2831,6.2965,12884.67,81099.998378,365,6592.07,41490.578798,202206
6.2974,6.2984,6.2823,6.2947,23451.79,147495.693933,469,11711.53,73658.906816,202206
6.2947,6.3223,6.2882,6.3181,39334.64,247989.307676,639,21833.64,137726.424044,202206
6.3187,6.3333,6.3042,6.3186,52686.08,332990.322785,997,33680.74,212880.490308,202206
6.3172,6.3177,6.2754,6.2842,64226.71,404072.917898,1052,16077.59,101129.386606,202206
6.2833,6.3342,6.258,6.3193,68003.57,428376.326932,1288,31424.02,198375.253362,202206
6.3196,6.3234,6.2867,6.2947,35187.3,221737.258903,847,19715.25,124233.700629,202206
6.293,6.3051,6.28,6.3044,15436.83,97118.328953,440,7723.69,48585.707423,202206
6.3004,6.3141,6.29,6.3139,12409.96,78169.26307,408,5984.31,37689.747754,202206
6.3147,6.3441,6.3055,6.3398,40563.34,256785.512958,784,25254.17,159920.963685,202206
6.3398,6.3615,6.3359,6.3398,36813.28,233804.699419,718,19523.95,123998.885659,202206
6.3416,6.3562,6.3376,6.3425,20419.0,129590.029133,541,10000.7,63463.933353,202206
6.3452,6.3565,6.3292,6.3433,28097.75,178106.728667,665,15958.07,101148.348951,202206
6.3435,6.3621,6.3415,6.3621,16479.84,104704.021223,421,8186.76,52011.646358,202206
6.3621,6.3904,6.3504,6.376,35976.78,229318.066567,801,17659.99,112610.858568,202206
6.3764,6.3884,6.3591,6.3598,35423.47,225582.04468,490,11019.67,70237.380411,202206
6.3594,6.3796,6.3564,6.3579,16404.44,104464.475981,497,9738.27,62021.517545,202206
6.3577,6.3636,6.3352,6.3473,28962.82,183809.09639,625,14319.71,90896.917698,202206
6.3463,6.3517,6.3068,6.3126,42726.97,270153.633926,881,9999.34,63229.358014,202206
6.3112,6.3159,6.2911,6.2977,24297.44,153138.542857,587,10238.49,64532.355177,202206
6.2979,6.3107,6.285,6.3092,28754.56,181020.347627,584,11785.18,74183.658667,202206
6.311,6.3267,6.29,6.2907,22966.1,144944.992434,705,9297.87,58675.596018,202206
6.29,6.299,6.2748,6.275,47990.05,301832.828758,551,11301.11,71088.077871,202206
6.274,6.2813,6.2591,6.2722,28494.36,178654.477049,691,16126.16,101099.997976,202206
6.2726,6.2821,6.215,6.2168,71821.05,448701.841226,1492,22066.33,137932.493662,202206
6.2151,6.2421,6.21,6.2353,46425.34,289041.924254,914,25474.6,158615.034068,202206
6.2326,6.2496,6.2268,6.23,24174.64,150766.111591,535,11635.82,72570.401325,202206
6.2299,6.2652,6.2299,6.2474,23180.23,144895.167197,520,15867.89,99199.57723,202206
6.2436,6.2459,6.2221,6.2281,21320.95,132925.50821,450,9022.81,56245.234429,202206
6.227,6.2595,6.2248,6.2567,20261.33,126528.310837,503,11364.91,70988.832286,202206
6.2558,6.2759,6.2381,6.2453,18255.18,114286.855159,463,10801.24,67623.653797,202206
6.2433,6.2604,6.2414,6.2576,17099.67,106887.729155,346,7044.63,44035.258474,202206
6.257,6.2817,6.2518,6.271,27573.15,172737.121449,595,14956.77,93713.288008,202206
6.2708,6.2761,6.2367,6.2408,19321.21,120928.559855,537,8295.18,51922.102497,202206
6.2428,6.2519,6.239,6.2392,25858.17,161501.29237,463,16722.42,104445.135489,202206
6.2391,6.2565,6.231,6.2367,30234.01,188651.393079,499,7025.65,43864.195641,202206
6.2348,6.2385,6.2156,6.2371,41650.53,259411.825523,567,9160.78,57053.098967,202206
6.2366,6.2413,6.2044,6.2044,28915.92,179810.895532,586,6262.38,38992.096792,202206
6.2044,6.2148,6.1977,6.2079,28183.14,174922.008203,654,15678.11,97323.235639,202206
6.2081,6.2277,6.194,6.2244,33460.84,207629.197344,691,17131.08,106302.332091,202206
6.2252,6.2354,6.2213,6.2285,23511.66,146464.131503,412,17568.75,109442.601013,202206
6.2284,6.2369,6.2222,6.2261,11060.65,68903.880416,368,5412.98,33716.824638,202206
6.2263,6.2434,6.2259,6.2374,12298.4,76680.119244,270,8066.5,50296.026704,202206
6.2386,6.2394,6.2126,6.2296,25247.21,157126.524406,488,10621.63,66105.640568,202206
6.2288,6.2491,6.2282,6.243,20224.56,126181.687723,451,13604.57,84870.239445,202206
6.2428,6.2429,6.2264,6.2283,10561.82,65840.837457,290,4274.67,26647.089517,202206
6.228,6.2477,6.2261,6.2261,15214.13,94920.81126,311,6943.31,43321.449319,202206
6.226,6.2315,6.2069,6.2263,13440.38,83598.23122,360,6181.06,38450.15711,202206
6.2249,6.2277,6.2029,6.21,12956.78,80510.546875,416,5985.95,37197.678221,202206
6.2081,6.2276,6.1983,6.2246,19565.22,121489.909432,465,7419.76,46089.132152,202206
6.2225,6.2333,6.2104,6.2104,25506.87,158617.35333,425,4943.05,30748.449222,202206
6.2103,6.2212,6.18,6.1856,18954.85,117553.061112,519,9368.54,58117.912446,202206
6.1855,6.2026,6.1755,6.1952,14439.13,89318.005281,459,8196.76,50698.296335,202206
6.1918,6.2107,6.1875,6.2107,6759.09,41896.002369,234,3683.41,22827.375805,202206
6.2108,6.2138,6.1955,6.2067,16563.32,102751.09739,334,8100.68,50244.443015,202206
6.2079,6.2247,6.205,6.2245,10723.73,66624.223311,290,5466.2,33958.357969,202206
6.2244,6.2288,6.2173,6.2241,16771.35,104382.71646,331,6884.99,42853.199189,202206
6.2223,6.233,6.2162,6.2326,11933.47,74286.243,224,5234.34,32577.091126,202206
6.2329,6.244,6.2219,6.2233,9063.22,56488.08941,217,4193.62,26146.469523,202206
6.2228,6.2371,6.2219,6.2321,10305.49,64184.41087,241,5704.85,35532.85755,202206
6.232,6.2352,6.2245,6.2308,9828.48,61221.753172,224,3910.09,24356.39674,202206
6.2307,6.2317,6.2099,6.2121,10983.63,68314.670527,201,3700.83,23025.085604,202206
6.2104,6.2166,6.2044,6.2146,6151.57,38194.671142,143,2741.35,17020.453972,202206
6.2146,6.224,6.2111,6.224,8382.4,52123.718501,176,4254.87,26457.068596,202206
6.2227,6.228,6.1869,6.1905,8755.94,54359.084745,254,4060.24,25219.304039,202206
6.19,6.2217,6.19,6.2217,10595.46,65827.242483,235,7099.46,44123.573421,202206
6.2231,6.2387,6.214,6.2149,10432.82,64963.883354,312,5768.67,35912.543825,202206
6.2139,6.2256,6.188,6.2256,12224.06,75859.945956,367,6158.27,38227.454272,202206
6.2212,6.2322,6.2167,6.2167,5704.02,35512.232873,179,2799.98,17431.784699,202206
6.2166,6.2335,6.2098,6.2256,24052.36,149655.968043,445,15923.02,99066.447685,202206
6.2265,6.2289,6.2158,6.2269,17780.86,110641.155921,273,7918.1,49264.472995,202206
6.2262,6.2267,6.2082,6.2106,10942.3,68040.675241,220,3910.37,24297.743362,202206
6.2103,6.2245,6.2076,6.2144,17029.18,105833.918557,363,9007.34,55976.118053,202206
6.214,6.2182,6.2058,6.2135,7679.5,47709.440263,220,3647.98,22663.233422,202206
6.2147,6.2282,6.2142,6.2205,7166.18,44576.222389,195,3772.86,23468.018326,202206
6.2178,6.2312,6.2165,6.2294,8040.64,50063.74187,162,4906.42,30551.642999,202206
6.2277,6.2321,6.216,6.2307,4881.84,30383.608278,161,2155.8,13417.608237,202206
6.2293,6.2607,6.2255,6.2562,17017.45,106277.844487,413,10355.08,64683.463158,202206
6.2572,6.2596,6.246,6.2557,10838.15,67774.277866,237,7284.38,45555.930975,202206
6.256,6.2656,6.2555,6.26,12374.96,77470.099285,278,6814.23,42656.034014,202206
6.2579,6.2698,6.2562,6.2628,8688.3,54421.108516,226,4044.48,25330.698843,202206
6.2628,6.2628,6.2474,6.2477,13749.88,86018.865241,329,8221.29,51444.842812,202206
6.2484,6.2484,6.1898,6.1912,28983.7,180118.141461,588,5655.09,35134.524553,202206
6.1912,6.1985,6.1262,6.1621,60213.69,370539.607774,1534,23916.66,147185.051439,202206
6.1631,6.2229,6.1545,6.2191,23542.11,145835.948367,660,15706.02,97267.242752,202206
6.2193,6.2207,6.1831,6.2089,16836.43,104383.065463,439,9793.32,60715.295826,202206
6.209,6.2152,6.1877,6.2036,10910.15,67640.595791,293,5461.16,33865.29227,202206
6.2009,6.2302,6.1933,6.2045,16511.08,102618.307193,365,8137.64,50554.589465,202206
6.2041,6.2041,6.1874,6.1965,10492.63,64993.144173,246,6015.63,37261.343637,202206
6.1964,6.209,6.1924,6.1964,5093.53,31584.151643,181,2779.57,17232.826128,202206
6.1964,6.2189,6.1964,6.2189,14327.45,88904.282106,206,9945.93,61715.110966,202206
6.2179,6.2311,6.2145,6.2227,3962.84,24661.178425,133,2168.08,13491.359438,202206
6.2225,6.2308,6.2131,6.2231,9829.13,61143.303122,320,4410.66,27433.228193,202206
6.223,6.255,6.2201,6.2487,14121.43,88134.651573,399,9879.17,61657.950547,202206
6.2497,6.2533,6.2317,6.232,7901.43,49325.199621,211,4158.71,25964.086858,202206
6.2321,6.2399,6.2276,6.2325,7358.0,45857.692519,161,3153.3,19651.162027,202206
6.2329,6.2329,6.2251,6.2312,4410.58,27473.354783,120,2760.52,17194.098137,202206
6.2292,6.2322,6.2222,6.2246,7813.39,48651.760252,181,4257.88,26511.274074,202206
6.2251,6.2439,6.2251,6.239,10505.54,65468.280981,258,5285.26,32935.626492,202206
6.2369,6.2495,6.217,6.2495,9359.03,58337.62205,245,6965.64,43423.06161,202206
6.2495,6.2566,6.2375,6.2565,6033.86,37698.351817,169,3580.95,22377.423346,202206
6.2565,6.2599,6.2452,6.2453,6507.97,40708.46622,214,2536.46,15861.5519,202206
6.2451,6.2627,6.2451,6.2617,3830.74,23953.794534,135,1763.02,11020.247418,202206
6.2619,6.2949,6.2582,6.2803,14482.35,90981.012769,435,10057.84,63191.424062,202206
6.2798,6.2818,6.2684,6.2706,8251.42,51772.548896,226,4547.86,28539.544286,202206
6.2691,6.2877,6.2616,6.2877,18026.55,113000.3391,319,11192.57,70169.770016,202206
6.289,6.3073,6.2854,6.303,16239.67,102247.010461,404,11177.27,70376.869444,202206
6.3023,6.3099,6.2865,6.3039,23505.65,148139.712506,423,15687.4,98859.841558,202206
6.3035,6.3035,6.2849,6.2868,17420.41,109661.624912,381,9325.49,58702.058118,202206
6.2842,6.2861,6.262,6.2691,14019.29,87969.907314,371,9294.89,58330.533843,202206
6.2668,6.2784,6.2648,6.2767,9981.1,62609.548616,266,6024.94,37792.803238,202206
6.2773,6.2792,6.265,6.2741,6463.78,40538.476357,160,4570.0,28662.375162,202206
6.2747,6.2922,6.2696,6.2886,11423.54,71743.652702,278,5940.19,37303.666245,202206
6.2885,6.2885,6.2755,6.2806,20441.45,128376.647166,333,7192.1,45170.248949,202206
6.2794,6.2904,6.2645,6.2671,12759.27,80130.656685,320,6962.3,43729.698989,202206
6.2653,6.2895,6.263,6.2867,10608.09,66600.879378,247,7083.23,44470.905147,202206
6.2867,6.2916,6.2747,6.2841,11669.57,73328.015891,267,7030.85,44177.704603,202206
6.2859,6.3018,6.2797,6.2979,33502.07,210748.764542,459,18252.5,114815.431891,202206
6.2976,6.3337,6.2976,6.326,23990.95,151595.119661,625,15922.54,100599.447577,202206
6.3259,6.378,6.305,6.3589,58949.41,374056.885542,1135,31348.64,198869.841292,202206
6.3578,6.3699,6.3486,6.3609,33143.12,210732.708399,639,19854.49,126234.999033,202206
6.3593,6.3771,6.3569,6.3572,13484.48,85847.153197,319,8778.9,55881.072875,202206
6.3572,6.372,6.3491,6.3641,19481.63,123921.015263,409,11054.8,70310.074344,202206
6.3623,6.3776,6.355,6.3762,16990.32,108129.914947,388,8364.15,53228.054565,202206
6.3742,6.4083,6.3709,6.4065,78198.94,499631.31072,936,52609.82,336215.756399,202206
6.4066,6.42,6.3872,6.4119,41094.14,263329.263977,685,19628.39,125793.8344,202206
6.4099,6.4251,6.3916,6.4026,44449.63,285127.150624,745,24849.4,159441.602472,202206
6.4012,6.4089,6.376,6.3889,26236.49,167649.112333,601,12009.51,76743.937516,202206
6.3881,6.4,6.3881,6.3899,10845.6,69365.474903,185,4398.48,28128.199518,202206
6.3895,6.398,6.3234,6.3234,37830.31,240400.311925,768,20385.63,129482.532972,202206
6.3249,6.3744,6.3225,6.3514,30007.65,190610.71626,666,12930.95,82135.612856,202206
6.3507,6.3584,6.3142,6.3233,21917.47,139077.694453,517,10141.57,64386.779483,202206
6.3228,6.365,6.3104,6.3184,18497.48,117184.302633,591,8274.34,52426.334666,202206
6.3168,6.3183,6.1905,6.1905,123129.96,768620.361853,2473,54929.99,342568.995449,202206
6.1905,6.1905,6.1455,6.1455,94019.8,579555.932887,1842,42299.35,260876.522112,202206
6.1483,6.1499,6.0886,6.1133,198157.23,1211697.765492,3041,71824.24,439333.867772,202206
6.1144,6.1265,6.0347,6.075,215525.83,1310981.787942,4325,104608.85,636498.642381,202206
6.0758,6.1111,6.0457,6.0537,103343.01,628112.284881,2020,63390.11,385464.35148,202206
6.0539,6.0945,6.0468,6.0483,56739.6,344509.654382,1122,26218.63,159207.257363,202206
6.0472,6.0644,6.0171,6.0644,83709.18,505406.823637,1670,41384.75,249865.37734,202206
6.0619,6.0619,6.0294,6.0504,39858.82,240678.506005,765,15387.02,92911.626022,202206
6.0488,6.0743,5.98,6.0515,236995.52,1426492.333733,3810,99964.39,602133.79097,202206
6.0485,6.1014,6.0394,6.0965,44612.31,270648.807326,942,25976.15,157627.945443,202206
6.0947,6.12,6.0771,6.1067,77554.44,472862.293568,1101,54558.36,332717.533923,202206
6.1066,6.1182,6.0923,6.1111,47827.1,292009.950985,906,19614.35,119747.17613,202206
6.1109,6.1375,6.0935,6.136,44653.94,273209.97839,756,17043.46,104240.256523,202206
6.1359,6.1361,6.0953,6.1203,49814.65,304597.588734,685,27837.85,170169.099686,202206
6.1202,6.1202,6.0742,6.0929,35764.37,217785.537265,736,15378.24,93580.848867,202206
6.0904,6.0923,6.059,6.0714,11253.29,68357.626366,327,5334.29,32402.966835,202206
6.0698,6.0759,6.04,6.045,21595.53,130745.252742,462,10859.08,65762.680065,202206
6.0464,6.0477,6.0221,6.0281,43110.97,260250.045839,629,20696.78,124966.321293,202206
6.0232,6.0267,5.9543,5.964,153935.97,921421.759196,2521,52679.37,315044.82193,202206
5.9651,6.021,5.9565,6.0052,45116.8,270356.671287,931,23426.61,140471.104213,202206
6.0036,6.0036,5.9575,5.9804,51545.31,308302.638839,1003,20388.54,121853.947336,202206
5.981,5.9852,5.9266,5.9556,110561.7,657520.502172,1544,48333.01,287520.213951,202206
5.9555,5.9984,5.9512,5.9724,22415.37,133960.427192,671,11305.23,67564.102184,202206
5.9739,5.9792,5.9424,5.9583,35452.36,211214.119139,842,15706.82,93556.966636,202206
5.9641,5.9751,5.9345,5.9707,49488.85,294818.745938,962,28666.36,170763.500341,202206
5.973,5.973,5.9383,5.9464,23664.03,140910.775271,503,11745.77,69930.27128,202206
5.9464,5.9599,5.9316,5.9555,39931.62,237504.898976,804,21475.94,127754.790254,202206
5.9569,5.9834,5.9551,5.9737,23947.91,143033.22141,509,13560.93,80993.64765,202206
5.9747,5.9798,5.9609,5.9678,36506.04,217907.434771,676,21567.61,128737.262362,202206
5.9655,6.002,5.9628,5.9991,54568.02,326313.434754,971,26785.26,160198.42633,202206
5.998,6.0013,5.9856,5.9945,22817.27,136752.131701,427,11993.06,71891.82887,202206
5.9907,6.0075,5.9838,6.0047,25253.25,151441.178529,455,20403.06,122360.960277,202206
6.0032,6.0132,5.9903,6.0086,26280.77,157728.440308,497,17189.48,103174.550069,202206
6.0105,6.066,6.0096,6.0469,75232.33,454217.668169,1072,47756.64,288383.673023,202206
6.0461,6.0689,6.0378,6.0689,31344.12,189632.720216,620,19122.92,115710.55557,202206
6.0697,6.0749,6.0509,6.0722,12994.13,78801.74581,380,7164.28,43446.790627,202206
6.0699,6.0873,6.0617,6.0838,24228.93,147248.383951,587,12703.4,77196.367863,202206
6.0838,6.1018,6.0681,6.072,28016.15,170567.300841,619,16980.03,103404.525561,202206
6.0697,6.0778,6.062,6.0707,22284.05,135249.956465,451,15970.63,96941.009111,202206
6.071,6.091,6.0679,6.0879,21166.48,128652.644318,422,14995.98,91147.500734,202206
6.0894,6.0914,6.0719,6.0887,15277.09,92914.414241,312,9180.74,55837.33855,202206
6.0883,6.0923,6.0641,6.0715,12509.34,75988.737523,333,6840.85,41546.720559,202206
6.0719,6.072,6.0441,6.0627,39860.91,241219.463296,385,8868.45,53741.923373,202206
6.0645,6.0694,6.0531,6.0538,10613.23,64343.59651,259,3729.33,22607.911229,202206
6.0547,6.0624,6.0252,6.0416,32450.99,196012.170331,754,13888.32,83898.833523,202206
6.0386,6.0499,6.03,6.0312,25724.56,155397.986308,590,13122.82,79261.503872,202206
6.031,6.0354,6.0239,6.0281,14568.87,87841.955755,318,6125.31,36934.354036,202206
6.028,6.0437,6.0253,6.0375,14733.07,88919.288401,316,8271.37,49904.296573,202206
6.0367,6.0508,6.0223,6.0508,11273.32,68028.008661,321,6405.69,38662.042462,202206
6.05,6.0549,6.0436,6.0499,11924.06,72134.21277,282,5776.73,34945.223474,202206
6.0499,6.0554,6.0402,6.0539,12238.63,74008.079765,375,6510.22,39372.270079,202206
6.0535,6.07,6.0426,6.0449,11185.81,67791.130689,292,7175.63,43494.403315,202206
6.0464,6.0591,6.043,6.0448,9992.12,60472.177284,269,4825.34,29201.601438,202206
6.0448,6.0609,6.0384,6.0598,14561.19,88075.524897,190,4905.06,29666.236226,202206
6.0602,6.0611,6.0404,6.0416,6272.62,37957.757716,182,3498.87,21182.766554,202206
6.0432,6.0535,6.037,6.0388,5553.96,33581.768113,128,1922.71,11624.019289,202206
6.0388,6.0411,6.0295,6.0336,3642.27,21983.982862,126,1976.69,11932.098809,202206
6.0339,6.0543,6.025,6.04,8528.78,51508.016456,233,4271.76,25790.961773,202206
6.0425,6.0484,6.0237,6.0303,12672.02,76466.470958,320,5884.65,35502.305199,202206
6.0317,6.0422,6.0234,6.0357,4469.79,26956.145436,150,3365.66,20296.39427,202206
6.033,6.044,6.0172,6.0299,14554.26,87736.234793,368,6384.9,38487.943569,202206
6.0278,6.0397,6.0202,6.0239,12800.33,77156.122696,318,4540.53,27371.268408,202206
6.0237,6.0375,6.0213,6.0345,8999.79,54252.997318,221,5947.89,35850.565179,202206
6.0329,6.037,6.0055,6.0175,73130.82,440195.318746,587,14098.05,84843.592532,202206
6.0179,6.0281,6.0137,6.0141,9414.64,56699.299108,185,4604.82,27732.802672,202206
6.016,6.0291,6.0053,6.0286,9372.62,56396.571492,202,5644.9,33963.73654,202206
6.0291,6.0557,6.0271,6.0405,19645.76,118686.023635,431,10911.66,65900.614396,202206
6.0377,6.0407,6.0243,6.0255,14315.97,86338.290936,289,6179.19,37265.283653,202206
6.024,6.0516,6.0207,6.0392,28255.19,170561.280304,543,15859.32,95718.931939,202206
6.0355,6.04,6.0168,6.0212,13761.85,82952.54046,294,7718.95,46541.450844,202206
6.0215,6.0308,6.0205,6.0295,12687.59,76449.938925,246,5023.19,30265.813505,202206
6.0295,6.0302,6.0099,6.0188,20127.95,121143.64735,364,10484.15,63094.592794,202206
6.0193,6.0241,6.0019,6.0093,25449.24,153012.811056,441,10398.89,62494.579596,202206
6.0105,6.0173,6.0105,6.0127,10224.83,61486.009176,213,5709.98,34331.439071,202206
6.0138,6.015,5.9877,5.9933,25412.31,152517.310729,518,9040.8,54259.618328,202206
5.9934,6.0214,5.9934,6.0121,19218.66,115454.994128,298,12282.68,73754.808522,202206
6.0119,6.0152,5.9893,5.9905,23550.9,141434.159463,435,10510.03,63098.115357,202206
5.9906,5.9971,5.9759,5.9971,28353.86,169690.816848,435,7902.91,47304.430186,202206
5.996,6.0102,5.9868,5.9911,16475.7,98821.185935,298,8974.9,53827.531877,202206
5.991,6.0041,5.9861,5.9916,14548.64,87181.87651,225,4781.18,28665.950592,202206
5.9911,6.0048,5.9804,5.9809,10496.41,62916.297468,257,5246.97,31449.089379,202206
5.9817,5.9979,5.9777,5.9937,11438.99,68489.260967,216,6754.88,40442.891482,202206
5.993,5.9982,5.9852,5.9982,12905.84,77331.805918,290,7554.66,45272.472926,202206
5.9978,6.0063,5.9907,5.9907,19060.75,114328.328173,339,9312.53,55860.730475,202206
5.9892,6.0172,5.9794,6.0004,49165.69,294944.571906,508,38677.86,232071.999468,202206
6.0003,6.0018,5.9856,5.9975,22791.39,136607.704977,401,8936.62,53566.77351,202206
5.9983,6.0029,5.9877,5.9951,15046.1,90194.897014,306,7543.47,45223.226314,202206
5.9949,6.0016,5.9872,6.0004,12807.8,76768.321924,230,5274.77,31607.946507,202206
6.0004,6.0278,5.9997,6.0087,27205.11,163646.380785,596,13635.94,82009.639616,202206
6.0086,6.0228,6.008,6.0116,20254.59,121859.101536,308,15110.03,90913.323029,202206
6.0131,6.0221,6.0017,6.0211,14738.82,88587.747419,236,7415.32,44562.268056,202206
6.0205,6.0239,6.0103,6.0104,17467.33,105117.034759,348,8803.3,52973.042997,202206
6.0113,6.0159,6.0031,6.0139,22828.06,137203.270144,337,12086.21,72641.178992,202206
6.014,6.0252,6.0093,6.0252,15283.1,91975.954656,272,8241.73,49596.412687,202206
6.026,6.044,6.0196,6.0339,49702.81,299933.385845,690,35162.26,212184.193721,202206
6.034,6.0397,6.0243,6.0279,34232.31,206468.524585,514,19806.89,119458.124524,202206
6.0282,6.0282,6.0149,6.0222,20818.28,125343.573474,363,11936.06,71867.814977,202206
6.0205,6.0321,6.0173,6.0315,12967.81,78141.191605,269,8668.18,52232.563407,202206
6.0321,6.0321,6.0195,6.0205,12144.38,73166.112184,219,6886.62,41491.172242,202206
6.0207,6.047,6.0115,6.0434,14182.31,85539.345266,367,7140.57,43047.753288,202206
6.043,6.05,6.0365,6.0413,17864.53,107991.487892,402,9925.32,60001.937567,202206
6.0406,6.0489,6.0338,6.0437,10314.71,62322.728622,242,5539.29,33470.482745,202206
6.0446,6.0473,6.03,6.0336,9703.06,58581.460666,248,4909.84,29641.373511,202206
6.0336,6.04,6.0279,6.0279,6693.77,40377.926514,133,4680.8,28232.754457,202206
6.0276,6.0325,6.0054,6.0059,13445.07,80920.600936,404,4620.24,27804.548014,202206
6.0088,6.0194,6.002,6.0156,7950.1,47793.110486,244,3464.46,20826.643589,202206
6.0175,6.0212,6.0,6.0099,12803.39,76960.558633,297,5373.72,32292.631814,202206
6.0062,6.0171,6.002,6.0169,15472.88,92995.979673,333,4590.47,27586.01807,202206
6.0189,6.0255,6.0097,6.023,12420.49,74741.799931,255,5740.24,34538.340827,202206
6.0226,6.033,6.0197,6.0294,16480.08,99339.922956,286,5742.06,34605.082551,202206
6.0268,6.0334,6.0201,6.0233,9523.05,57391.449273,229,4825.32,29082.125918,202206
6.0242,6.0465,6.0242,6.032,19743.92,119248.297968,362,10454.13,63128.616671,202206
6.0324,6.0364,6.0223,6.0262,11365.13,68539.0722,284,6846.39,41292.266908,202206
6.0262,6.0469,6.0243,6.0351,11132.41,67239.621973,277,4368.87,26390.105147,202206
6.0357,6.0371,6.0298,6.0302,4326.65,26102.123589,102,1317.8,7949.719449,202206
6.0295,6.0469,6.0273,6.0414,10257.64,61896.502693,182,7350.77,44343.940441,202206
6.0425,6.0548,6.0356,6.0442,11109.23,67160.559873,318,7605.49,45974.556615,202206
6.0432,6.0534,6.0304,6.044,11818.93,71393.160695,269,5318.93,32146.327559,202206
6.0442,6.0678,6.0434,6.0593,14222.28,86135.761581,376,6831.43,41373.313799,202206
6.0595,6.0615,6.0415,6.0448,7472.12,45206.793105,214,4016.34,24299.112967,202206
6.042,6.0499,6.0402,6.0444,4052.58,24500.591261,138,2373.1,14348.972978,202206
6.0427,6.0562,6.0427,6.0479,12053.71,72921.283184,274,3244.82,19632.649036,202206
6.0477,6.0497,6.0411,6.0466,29592.6,178918.473786,392,21895.58,132387.035568,202206
6.0479,6.0479,6.0337,6.0375,12151.73,73430.827953,260,4714.0,28483.110391,202206
6.0387,6.051,6.0328,6.0353,30962.48,187059.040414,386,16073.49,97079.205333,202206
6.0337,6.046,6.0337,6.046,13241.8,79981.033386,251,8083.84,48820.235876,202206
6.0464,6.0487,6.0371,6.043,8650.3,52268.932419,230,4328.38,26155.003142,202206
6.0431,6.0492,6.03,6.0327,9537.98,57609.736431,242,3723.58,22495.822034,202206
6.0304,6.0393,5.9698,5.9792,79142.16,474385.84202,1351,26402.18,158316.608179,202206
5.9791,6.0089,5.9779,5.9914,43042.55,257901.859429,654,14734.61,88252.561418,202206
5.9887,5.9899,5.9533,5.9738,58838.44,350901.365281,709,30319.36,180781.368703,202206
5.9728,6.0122,5.9671,6.0119,17272.07,103557.321788,460,8055.22,48295.587005,202206
6.0091,6.0091,5.965,5.9822,19666.92,117654.342751,502,9090.0,54336.452315,202206
5.9822,5.9936,5.9585,5.9865,15633.86,93398.980143,357,4715.07,28164.814383,202206
5.9878,5.9934,5.9772,5.9867,13177.17,78884.627653,249,5642.2,33775.151959,202206
5.9854,5.99,5.9657,5.9717,11304.98,67546.314264,204,5561.0,33221.512131,202206
5.97,5.9799,5.9659,5.9698,11416.37,68164.712584,210,8158.81,48712.982911,202206
5.9699,5.9826,5.9611,5.978,15328.87,91520.514907,265,8733.68,52142.021769,202206
5.9782,5.9799,5.9627,5.9671,6490.03,38769.197166,184,2251.12,13443.939265,202206
5.9691,5.9757,5.9631,5.9694,7753.79,46289.970491,187,4304.39,25694.016579,202206
5.9692,5.972,5.9551,5.9582,34349.91,204783.042879,395,15375.52,91672.082553,202206
5.9593,5.9609,5.9222,5.9407,68206.27,405115.147751,1129,24067.26,142893.039495,202206
5.9407,5.9427,5.9184,5.9317,31231.82,185216.076672,604,18284.49,108429.279195,202206
5.9316,5.9379,5.9236,5.9352,25252.97,149808.066127,372,10712.49,63554.520242,202206
5.9337,5.9673,5.9181,5.9297,63041.02,374725.859096,945,39526.91,235018.337486,202206
5.9283,5.9283,5.8418,5.8418,156267.75,920018.064354,2320,42474.42,249974.239687,202206
5.8437,5.8853,5.8415,5.884,37185.54,218103.730511,665,23344.97,136905.888729,202206
5.8845,5.9421,5.8815,5.927,50963.77,301341.632841,992,27202.13,160725.399241,202206
5.9255,5.9357,5.9147,5.9308,25487.19,151018.965668,502,13816.86,81856.299042,202206
5.9321,5.9397,5.9159,5.9188,31182.19,184778.990228,458,20778.91,123096.603667,202206
5.9188,5.9362,5.9158,5.9336,15864.19,94063.908623,325,10042.09,59542.795521,202206
5.9361,5.9584,5.9361,5.9487,31125.08,185158.168368,540,20596.68,122533.911696,202206
5.9487,5.9511,5.9328,5.9361,14266.12,84752.366908,303,5950.5,35348.422424,202206
5.9364,5.9814,5.9363,5.965,34571.15,206119.371099,619,18105.33,107949.662738,202206
5.9649,5.9799,5.9562,5.9562,19036.19,113664.5068,373,10764.6,64255.310563,202206
5.9575,5.9707,5.9546,5.9621,28165.82,167926.454695,345,15367.68,91623.578023,202206
5.962,5.9749,5.9584,5.9709,12589.78,75134.486183,233,4704.66,28074.929761,202206
5.9702,5.9859,5.9671,5.9794,11886.62,71029.265791,311,6120.75,36566.846861,202206
5.9772,5.9992,5.9445,5.9808,54738.87,327303.669643,1004,25314.5,151366.051312,202206
5.9804,5.9921,5.9748,5.9846,33737.39,201872.824226,504,17408.27,104167.082468,202206
5.9816,6.021,5.9813,6.0045,51921.31,311706.110597,586,39337.26,236203.032334,202206
6.0074,6.051,6.0017,6.0273,67999.04,410229.809296,1006,48614.9,293297.892204,202206
6.0292,6.0582,6.0289,6.0367,35877.52,216737.033031,621,20432.05,123420.226919,202206
6.0392,6.046,6.0021,6.009,31888.52,192041.001535,442,11775.77,70908.880631,202206
6.0087,6.0172,5.9929,6.0154,21509.86,129183.537323,457,11623.09,69804.747533,202206
6.0134,6.03,5.9975,5.9975,13260.02,79733.816125,298,5866.04,35273.618639,202206
5.9975,6.006,5.9794,5.9924,18218.77,109121.715149,280,6679.44,40026.406755,202206
5.9899,6.0021,5.9833,5.9967,12944.44,77593.489743,243,4276.5,25631.649087,202206
5.9924,6.0175,5.9875,6.009,13359.83,80232.471475,314,6663.03,40025.692384,202206
6.0088,6.0314,6.0006,6.0293,17016.82,102417.400413,362,8755.16,52695.765724,202206
6.0275,6.0788,6.0144,6.071,46414.06,280643.553411,845,28441.16,172005.130166,202206
6.0723,6.0892,6.0568,6.0796,73555.4,446640.032403,1321,36269.2,220246.953377,202206
6.0782,6.0806,6.0607,6.0695,21269.02,129139.833698,487,11261.07,68371.275454,202206
6.0688,6.1078,6.0686,6.1056,50618.07,308429.869054,942,30741.98,187304.18361,202206
6.1056,6.1089,6.0662,6.0879,40332.51,245462.815932,613,15443.8,93981.031499,202206
6.0866,6.0879,6.0478,6.0524,55166.16,334186.139043,730,22008.53,133334.997573,202206
6.0534,6.0564,6.0388,6.0461,31847.11,192626.108902,478,8690.23,52553.311084,202206
6.0456,6.0539,6.0239,6.0539,29786.2,179859.007449,551,15694.4,94786.581744,202206
6.0513,6.0627,6.0427,6.0608,15765.14,95432.400898,301,5945.72,35989.598356,202206
6.0587,6.066,6.0441,6.0496,20212.48,122414.87835,431,10970.06,66437.597674,202206
6.0491,6.0517,6.0245,6.0348,13279.86,80180.427268,310,6467.39,39038.463489,202206
6.034,6.0482,6.003,6.0094,23158.26,139492.782159,522,6673.61,40190.277372,202206
6.0062,6.0275,6.005,6.0275,12683.61,76325.709453,338,7387.84,44457.354157,202206
6.0276,6.0282,6.013,6.0282,13499.34,81314.098964,199,9465.6,57020.87533,202206
6.029,6.0314,6.0194,6.0265,10726.67,64630.408754,221,3973.59,23939.336836,202206
6.0248,6.04,6.0082,6.0102,9349.91,56307.401969,255,4624.51,27846.786455,202206
6.0086,6.0279,6.0083,6.0176,7873.13,47397.145238,223,3877.62,23336.077988,202206
6.0175,6.0347,6.017,6.0287,6038.56,36403.586276,199,2926.8,17643.515861,202206
6.0287,6.0326,6.0169,6.0181,12152.11,73232.106784,258,6123.05,36895.920268,202206
6.0169,6.0225,6.0065,6.016,15259.22,91745.974971,328,7082.81,42584.825206,202206
6.0143,6.0203,6.0089,6.0089,6787.36,40824.10013,170,2890.38,17390.578686,202206
6.0087,6.0093,5.9871,5.9998,19909.54,119412.406467,446,8303.68,49787.214188,202206
6.0015,6.0142,5.9908,6.0126,17678.61,106111.913572,251,13575.36,81478.34178,202206
6.0113,6.0209,6.0062,6.0135,6881.88,41381.473821,230,3239.28,19474.53061,202206
6.013,6.0295,6.0015,6.0261,28055.92,168897.478942,490,15858.74,95487.739268,202206
6.0282,6.0336,6.0219,6.0276,10464.68,63077.035512,259,5400.13,32547.608759,202206
6.03,6.0566,6.0295,6.0426,20352.59,123066.862022,388,4931.77,29801.706696,202206
6.041,6.0513,6.0396,6.0433,5692.7,34420.051524,173,3160.45,19106.733252,202206
6.0436,6.0592,6.0277,6.056,15504.0,93720.557516,406,10025.85,60612.564945,202206
6.0558,6.061,6.0476,6.0495,12161.99,73638.775587,282,4134.66,25033.442218,202206
6.0484,6.0579,6.0309,6.0559,11625.54,70275.706382,259,7511.21,45408.52665,202206
6.0526,6.059,6.0386,6.042,7822.57,47325.293708,185,2643.05,15988.074208,202206
6.0433,6.0585,6.0417,6.0456,9182.37,55552.35508,235,3650.8,22079.188355,202206
6.048,6.0599,6.0458,6.0459,6807.8,41211.031455,184,3419.07,20693.536736,202206
6.0453,6.0555,6.0386,6.0443,6903.11,41759.549724,173,2947.99,17830.178893,202206
6.0415,6.0556,6.0363,6.0556,7212.29,43614.89546,179,4415.02,26696.573916,202206
6.0549,6.0556,6.0326,6.036,5708.2,34502.998561,157,2932.86,17728.855273,202206
6.0372,6.0445,6.0304,6.0427,9666.68,58326.912264,167,7070.55,42653.948242,202206
6.0427,6.0446,6.0283,6.0365,6929.28,41837.747915,140,3024.93,18260.914446,202206
6.0362,6.0499,6.0319,6.0416,6301.1,38080.703506,192,2422.41,14643.172108,202206
6.0411,6.0554,6.0359,6.0487,8249.43,49882.840113,207,2637.29,15943.561473,202206
6.0447,6.0486,6.0418,6.0474,2988.79,18067.971379,97,1354.81,8189.10338,202206
6.0468,6.0552,6.0366,6.0462,5666.34,34259.616474,180,2728.89,16497.606592,202206
6.0466,6.0795,6.0455,6.0739,8408.59,50994.259516,304,3986.71,24176.84645,202206
6.0737,6.108,6.0737,6.0964,23326.32,142129.381603,619,14315.22,87243.710226,202206
6.0976,6.1018,6.0744,6.0871,12923.67,78657.226142,346,5543.58,33738.011031,202206
6.0859,6.1025,6.0764,6.0979,12008.87,73143.96884,266,5239.3,31912.197596,202206
6.0978,6.1059,6.0849,6.0965,11052.21,67377.146475,241,4981.77,30379.368713,202206
6.0965,6.1227,6.0938,6.1099,30073.2,183735.050587,620,14530.54,88754.533214,202206
6.1082,6.1154,6.103,6.1121,28561.8,174520.841841,293,20669.24,126294.247356,202206
6.1117,6.119,6.0953,6.1015,8129.14,49629.894648,223,4125.58,25188.636286,202206
6.0992,6.1055,6.0894,6.0925,12406.72,75637.510345,242,5209.23,31753.126566,202206
6.0946,6.1025,6.0882,6.0928,11664.51,71124.3979,188,7977.94,48645.989333,202206
6.092,6.1011,6.089,6.0957,10966.69,66838.134126,210,6502.31,39630.572664,202206
6.097,6.101,6.0848,6.0903,8565.22,52185.104338,229,4871.87,29676.081679,202206
6.0918,6.1084,6.0883,6.1021,31261.16,190723.909972,526,20444.99,124744.583701,202206
6.1027,6.1203,6.1025,6.1171,14354.72,87733.353538,375,8138.87,49741.156991,202206
6.118,6.118,6.1049,6.1091,14062.82,85909.843279,215,4251.63,25974.198986,202206
6.1075,6.109,6.0947,6.1031,17357.58,105865.801217,310,6771.42,41310.603206,202206
6.1021,6.1075,6.0929,6.0934,9810.97,59839.549038,262,6119.93,37327.026605,202206
6.0944,6.13,6.0944,6.1238,14279.18,87364.807244,488,7406.82,45300.784487,202206
6.1237,6.2,6.1204,6.1988,68873.6,424143.234258,1621,39188.98,241296.911883,202206
6.1988,6.223,6.1934,6.203,80610.6,500283.809383,1436,44042.65,273323.239604,202206
6.204,6.2636,6.1974,6.2363,66619.77,414699.512574,1644,30628.51,190778.788185,202206
6.2356,6.2488,6.1925,6.2032,45104.95,280468.036141,1126,20701.83,128731.78894,202206
6.2031,6.2036,6.1583,6.1815,45133.22,278821.461686,1110,17699.37,109338.229241,202206
6.1819,6.226,6.18,6.2221,30866.71,191468.977757,852,14975.45,92887.81534,202206
6.2218,6.2545,6.218,6.2198,44742.36,278965.161688,1129,24392.54,152089.824166,202206
6.2195,6.2478,6.2033,6.2264,44700.45,278298.026896,1127,20457.6,127367.502848,202206
6.2272,6.2478,6.2151,6.2151,29308.97,182733.781276,798,15351.72,95722.908957,202206
6.2135,6.2348,6.2077,6.227,21430.64,133380.474473,532,14310.96,89083.487532,202206
6.2256,6.2449,6.2031,6.2095,47747.11,297142.334332,907,24031.34,149567.859875,202206
6.2094,6.218,6.1839,6.1912,48026.25,297755.21827,775,14698.55,91156.691171,202206
6.1912,6.2,6.1628,6.1759,59768.2,369204.182649,816,23176.17,143097.944687,202206
6.1748,6.1931,6.1748,6.1751,33843.4,209250.603295,599,18761.9,115996.292175,202206
6.1785,6.1892,6.1575,6.1604,20372.23,125767.251773,495,7938.18,48999.944604,202206
6.1635,6.1821,6.159,6.1699,88794.95,548134.046479,2560,43830.93,270572.125103,202206
6.1695,6.1761,6.1446,6.1446,49271.57,303570.848842,630,17259.03,106380.25322,202206
6.145,6.1533,6.1392,6.1451,37088.23,227994.907128,756,19346.81,118932.278457,202206
6.1465,6.1684,6.1465,6.1638,29618.74,182435.971225,546,19657.05,121067.558745,202206
6.1641,6.173,6.1616,6.1667,12790.24,78871.087544,275,6603.48,40723.349386,202206
6.1656,6.1811,6.1655,6.1693,14551.8,89840.863959,311,10011.08,61810.201354,202206
6.1685,6.1748,6.1678,6.1681,16194.01,99918.441685,240,12365.56,76294.306674,202206
6.168,6.1714,6.1314,6.1371,21818.68,134043.604522,457,7273.91,44686.520995,202206
6.1375,6.1435,6.1324,6.143,12443.56,76365.172973,216,7592.93,46602.141218,202206
6.1428,6.17,6.1428,6.1601,12521.33,77105.719815,287,4080.96,25131.93068,202206
6.1627,6.1657,6.1315,6.1415,35666.05,219275.718669,395,7226.06,44399.020914,202206
6.1418,6.1523,6.1415,6.15,8580.07,52727.387662,182,3458.89,21251.651479,202206
6.15,6.1691,6.1439,6.1568,11539.81,71071.142509,285,5695.78,35075.146184,202206
6.1606,6.1723,6.1518,6.1562,7458.64,45972.245781,207,2916.84,17977.817282,202206
6.1563,6.1797,6.1541,6.1792,16457.04,101473.480838,335,10936.91,67440.668384,202206
6.1753,6.1754,6.1465,6.156,16643.2,102545.429835,355,7628.44,46994.501256,202206
6.157,6.165,6.157,6.165,13047.73,80381.826395,229,6182.49,38085.818969,202206
6.1653,6.188,6.1639,6.1671,30378.63,187559.045192,611,10365.55,64003.598501,202206
6.1677,6.1724,6.1592,6.1617,28253.24,174233.031363,513,10200.5,62901.789532,202206
6.1634,6.1745,6.1551,6.1718,25592.91,157734.323316,491,10705.28,65980.016904,202206
6.1718,6.1773,6.1393,6.1428,17333.68,106674.209065,417,7413.34,45610.024268,202206
6.1423,6.1503,6.1324,6.1331,16487.42,101224.989687,395,9660.87,59307.582779,202206
6.133,6.1357,6.0683,6.0735,53194.34,323915.323668,1284,20409.52,124286.755651,202206
6.0701,6.0826,5.943,5.943,140922.23,846587.825784,2526,60049.83,361424.763403,202206
5.9431,6.075,5.9304,6.0748,163503.69,979690.510096,2647,94249.87,564826.080019,202206
6.0753,6.0996,6.04,6.0636,135504.36,821749.911221,2816,64606.4,391693.437007,202206
6.0644,6.0759,5.9952,6.0415,138410.82,834310.113445,2521,68541.31,413198.709306,202206
6.0429,6.0759,6.0321,6.073,77521.79,469565.486602,1417,41572.62,251849.508621,202206
6.071,6.0882,6.0593,6.0652,36904.62,224038.682975,757,18569.2,112734.849181,202206
6.0629,6.068,6.0216,6.0269,28297.96,170974.831611,716,11438.01,69136.625542,202206
6.0269,6.0795,6.0235,6.0715,43751.23,264089.421003,720,26324.1,158843.298023,202206
6.0716,6.0739,6.04,6.0412,26585.56,161118.766757,389,8426.85,51051.351666,202206
6.0421,6.0605,6.0421,6.0448,13282.96,80374.580597,320,7912.12,47868.357186,202206
6.0452,6.0748,6.0452,6.0651,11695.35,70921.510429,336,3562.76,21593.28572,202206
6.067,6.1122,6.0667,6.0903,25706.51,156730.589015,645,17392.97,106056.671604,202206
6.0928,6.1001,6.0696,6.0702,27573.57,167801.494739,284,8941.04,54443.622967,202206
6.0694,6.0767,6.0468,6.0516,23782.72,144086.36285,522,14448.23,87552.077162,202206
6.052,6.0532,6.0319,6.0323,17949.65,108448.505133,368,9947.76,60098.876969,202206
6.0323,6.0483,6.0265,6.0306,35216.24,212592.72459,561,20808.86,125609.678884,202206
6.0303,6.0324,6.006,6.02,36164.55,217622.066712,536,15360.27,92428.954343,202206
6.0225,6.0423,6.0124,6.0378,29690.63,178894.669493,457,13101.85,78940.762347,202206
6.0388,6.0442,6.0182,6.0191,16490.94,99478.588095,348,8164.63,49252.426769,202206
6.018,6.0519,6.0104,6.0447,14026.71,84562.055284,329,6202.79,37417.154273,202206
6.0482,6.0599,6.0389,6.0573,38462.05,232636.312184,487,10879.5,65804.666715,202206
6.0587,6.0676,6.0511,6.065,21917.17,132839.450776,640,8548.41,51808.851941,202206
6.065,6.0679,6.0501,6.0617,14214.69,86134.835621,346,6361.97,38547.938886,202206
6.0572,6.0717,6.0518,6.0518,8261.24,50080.368263,203,4077.14,24717.542009,202206
6.0518,6.0626,6.0442,6.0482,17272.79,104497.028999,253,4635.15,28049.685096,202206
6.0482,6.0634,6.0482,6.0622,6613.23,40057.937006,146,3401.62,20611.340365,202206
6.061,6.061,6.0351,6.0362,10690.49,64660.344141,171,3910.61,23630.595321,202206
6.0362,6.0418,6.0055,6.0129,20754.42,125055.096982,484,8563.94,51592.882304,202206
6.014,6.014,5.9643,5.9946,43438.44,260134.029451,991,23160.42,138699.891972,202206
5.9946,6.0144,5.9835,5.9973,36921.67,221485.52595,643,20930.23,125553.456503,202206
5.9972,6.0253,5.9776,5.9795,39586.69,237519.576462,813,17968.89,107818.987726,202206
5.9811,6.0123,5.9701,6.0063,52911.59,316752.951934,833,32562.88,194898.351518,202206
6.0051,6.015,5.9951,6.0057,28144.33,168989.48068,505,10477.15,62908.432167,202206
6.0061,6.0381,5.9957,6.0199,19948.02,120022.876531,453,10225.21,61537.897101,202206
6.0239,6.0422,6.0232,6.0342,22542.09,135956.660897,348,14328.01,86419.110888,202206
6.0373,6.0442,6.0231,6.0427,17868.62,107843.57134,291,9588.02,57860.428696,202206
6.0419,6.0445,6.0232,6.0292,8661.49,52263.866434,182,3062.66,18481.895934,202206
6.027,6.062,6.027,6.0619,23538.94,142415.118213,337,12235.05,74017.296228,202206
6.0622,6.0726,6.0611,6.0711,14979.9,90879.127792,306,5095.8,30910.916568,202206
6.0726,6.0951,6.0726,6.0923,102021.6,620704.627721,794,45836.52,278854.784537,202206
6.0931,6.1246,6.0901,6.117,36453.04,222693.88467,737,17074.06,104289.251451,202206
6.1189,6.1236,6.0923,6.0944,16959.74,103572.97914,349,9728.3,59391.105707,202206
6.0941,6.1068,6.0756,6.0796,19648.44,119599.189166,348,6696.23,40779.713928,202206
6.0795,6.0808,6.0466,6.0518,29792.17,180568.369483,542,14815.31,89785.444503,202206
6.0492,6.0754,6.0459,6.07,26865.84,162803.045579,457,15815.18,95855.291778,202206
6.0708,6.0934,6.0707,6.0907,9230.89,56163.692149,236,6721.06,40893.260112,202206
6.0908,6.0992,6.0881,6.0968,7979.16,48616.487772,216,3363.13,20489.586004,202206
6.0988,6.0988,6.0612,6.0711,6911.63,42016.1167,215,3050.87,18541.17639,202206
6.0679,6.0757,6.06,6.0757,4813.4,29193.641643,155,3214.95,19496.95072,202206
6.0747,6.0808,6.0574,6.0588,11638.06,70634.080298,318,5069.66,30766.229966,202206
6.0578,6.0811,6.0544,6.0555,15969.1,96896.838202,367,9063.6,54973.640841,202206
6.0574,6.0702,6.0505,6.0685,22898.31,138764.162111,253,16850.67,102124.230349,202206
6.0715,6.0758,6.0405,6.0437,17489.25,105867.464775,327,6996.82,42347.83039,202206
6.0416,6.0469,6.0294,6.0371,13422.04,81022.386623,306,6915.14,41740.562889,202206
6.0365,6.0365,5.9761,5.9821,59394.68,356225.932433,1253,27833.91,166980.213815,202206
5.9854,6.0183,5.9773,6.0007,69686.32,417870.759618,1312,30932.35,185502.022735,202206
6.0012,6.0012,5.9356,5.9372,73920.28,441032.149545,1459,31723.66,189308.858601,202206
5.9354,5.9393,5.8861,5.8922,112984.22,667097.800337,2273,50882.98,300449.215762,202206
5.8939,5.93,5.8828,5.9149,44384.57,262292.755434,1104,25330.45,149727.175785,202206
5.9132,5.9207,5.891,5.8974,52222.48,308515.285934,799,15327.5,90514.083232,202206
5.8966,5.9775,5.8966,5.9725,44134.85,262253.878446,953,23080.62,137077.504207,202206
5.9709,5.9712,5.9149,5.9215,49651.96,294991.858976,815,20204.6,120147.060643,202206
5.9212,5.9397,5.9031,5.9386,50824.24,300835.383812,927,23988.64,141973.322728,202206
5.9367,5.9367,5.8917,5.9079,41205.93,243685.268064,699,21216.08,125436.019729,202206
5.9086,5.9211,5.8931,5.9151,34818.02,205650.003695,624,17182.25,101505.327892,202206
5.9153,5.9615,5.9153,5.957,40315.28,239706.83963,812,21377.08,127093.045876,202206
5.9527,5.9685,5.9365,5.9365,74532.11,443442.501983,684,36348.44,216201.066912,202206
5.9402,5.9624,5.9341,5.9614,14891.12,88610.602517,344,7713.11,45903.653372,202206
5.961,5.9721,5.9558,5.9714,12257.08,73103.013823,269,7135.05,42550.452146,202206
5.9714,5.9794,5.9521,5.9551,8778.56,52370.3755,239,4752.04,28352.357853,202206
5.9564,5.9721,5.951,5.9634,13272.0,79108.951319,279,7369.16,43920.330351,202206
5.9625,5.9798,5.9614,5.9707,14295.39,85338.629751,288,5598.66,33422.210051,202206
5.9716,5.9802,5.9608,5.9784,17688.64,105635.249223,373,8578.43,51229.59759,202206
5.9773,5.9829,5.9583,5.961,13240.97,79025.25447,288,4113.91,24556.345252,202206
5.96,5.9691,5.9561,5.9603,7639.23,45550.587525,204,4416.36,26331.6974,202206
5.9604,5.9675,5.953,5.9648,26929.04,160605.474128,467,14089.85,84044.119605,202206
5.9649,5.967,5.9386,5.9405,35517.74,211715.904053,774,18714.61,111581.726733,202206
5.9447,5.9618,5.9431,5.9564,10656.26,63443.460038,247,5896.1,35097.424045,202206
5.958,5.9599,5.9253,5.9277,36355.81,215997.461839,520,11332.84,67327.0804,202206
5.9285,5.9484,5.9249,5.9405,16050.31,95312.219269,283,8542.91,50742.443207,202206
5.9392,5.9412,5.92,5.9312,23945.66,141963.307498,446,9528.25,56481.248455,202206
5.9302,5.952,5.9282,5.9478,10120.24,60155.210314,250,5679.89,33755.038287,202206
5.9482,5.9645,5.9436,5.9605,33688.5,200671.55514,543,19965.46,118940.481466,202206
5.9592,5.9926,5.9547,5.9759,52735.24,315208.834681,982,24947.83,149109.788384,202206
5.9779,5.9997,5.9727,5.9768,20007.61,119807.241155,513,9266.11,55497.178722,202206
5.9769,5.9826,5.97,5.973,11629.84,69488.112972,300,5045.23,30145.99512,202206
5.973,5.9798,5.9592,5.9715,12969.86,77444.459251,309,6055.9,36149.423572,202206
5.9727,5.9894,5.9659,5.9877,24721.45,147856.708313,393,9417.76,56310.762157,202206
5.9889,5.9905,5.9765,5.979,17784.15,106426.761902,352,8371.83,50096.818939,202206
5.9801,5.9801,5.9641,5.9647,12059.71,71986.616875,334,6114.68,36505.10391,202206
5.9661,5.9789,5.9656,5.9711,6893.7,41174.86839,233,4372.83,26115.205067,202206
5.9718,5.9767,5.9626,5.964,10037.87,59895.931309,225,3920.52,23395.534698,202206
5.9637,5.9675,5.9388,5.9542,15317.73,91201.978782,442,7750.83,46141.174359,202206
5.9539,5.9665,5.9423,5.943,16317.05,97169.187852,397,6859.23,40844.296254,202206
5.943,5.9659,5.943,5.9602,9863.64,58760.873107,230,6029.95,35917.302104,202206
5.9597,5.9669,5.9555,5.9639,3205.54,19110.345718,118,1587.19,9463.285361,202206
5.9625,5.9792,5.9591,5.972,14260.4,85172.212519,213,11912.88,71163.794406,202206
5.975,5.9804,5.964,5.9649,11923.24,71203.767431,266,5339.99,31878.504398,202206
5.9648,5.9838,5.9597,5.9815,7756.33,46328.449598,228,3465.81,20695.935486,202206
5.982,5.9847,5.9623,5.9699,42081.82,251079.986702,349,26107.92,155747.2329,202206
5.9692,5.97,5.9366,5.9519,15149.94,90140.634441,386,6177.7,36755.85395,202206
5.9496,5.9577,5.9433,5.9561,8414.26,50059.061634,237,4044.71,24062.861367,202206
5.9579,5.9592,5.927,5.9293,14736.7,87622.817582,300,7313.71,43467.46572,202206
5.9284,5.9323,5.9142,5.927,20189.47,119618.979395,441,10288.99,60960.596346,202206
5.927,5.9391,5.925,5.9311,6426.0,38123.356095,197,2637.72,15649.300863,202206
5.9321,5.9421,5.9299,5.9365,9057.66,53773.127228,223,5923.37,35165.722899,202206
5.936,5.9364,5.919,5.9364,9933.45,58894.656406,275,4047.44,23993.582341,202206
5.9364,5.9518,5.9263,5.9511,18758.01,111361.084643,382,7947.77,47207.292239,202206
5.9494,5.9757,5.9457,5.9603,25320.71,151074.393261,530,14134.37,84332.914669,202206
5.9604,5.9639,5.9469,5.955,17875.61,106490.698541,479,9413.81,56079.851845,202206
5.9563,5.9684,5.9549,5.9603,10068.07,60014.960955,256,6554.89,39069.853732,202206
5.9596,5.9699,5.9562,5.9665,11431.74,68177.512577,278,5150.75,30722.134059,202206
5.9651,5.9651,5.9509,5.9532,14268.24,84991.101919,401,7847.25,46744.293413,202206
5.9523,5.9606,5.9502,5.9528,9996.7,59529.390228,275,4656.51,27729.764339,202206
5.9548,5.9548,5.9246,5.9477,17958.53,106646.911867,489,7435.81,44164.550876,202206
5.9483,5.9727,5.9463,5.9665,25612.54,152734.369987,485,17008.59,101450.393197,202206
5.9668,5.9737,5.9558,5.9672,15669.37,93480.142724,285,10633.58,63450.723451,202206
5.968,5.9822,5.968,5.9742,27254.09,162870.111604,453,11856.38,70858.18882,202206
5.9761,5.9932,5.9619,5.9702,85163.45,508915.061443,678,23115.03,138081.293909,202206
5.9689,5.9895,5.9648,5.9839,13749.55,82190.696404,338,6388.49,38196.136039,202206
5.9842,5.9893,5.9686,5.9719,21563.36,128902.759673,456,7892.32,47194.601851,202206
5.9705,5.9807,5.9679,5.9804,11438.07,68310.253587,285,6977.32,41670.937961,202206
5.9804,5.9877,5.9765,5.9877,12379.32,74051.997919,257,8213.82,49130.655849,202206
5.9886,5.9893,5.9639,5.9676,7091.9,42396.45058,220,3792.65,22673.125572,202206
5.9675,5.988,5.9652,5.9794,13416.06,80193.451301,284,6965.62,41632.087579,202206
5.9784,5.9828,5.9702,5.9763,14690.57,87820.268244,292,10483.02,62669.359209,202206
5.9776,5.9812,5.9674,5.9798,25922.16,154838.847379,370,13896.05,83010.207325,202206
5.98,5.982,5.9619,5.9635,18608.78,111191.71452,335,12320.49,73614.90273,202206
5.9601,5.9737,5.958,5.969,20303.77,121156.217418,401,13097.45,78146.759419,202206
5.9682,5.988,5.9663,5.9878,24940.49,149123.788097,476,14714.33,87950.946671,202206
5.9851,6.0215,5.9795,6.0206,31718.51,190169.522738,734,21032.66,126065.957942,202206
6.02,6.0493,6.0185,6.0413,63592.61,383468.757934,843,31383.33,189378.845124,202206
6.0411,6.0608,6.0154,6.0202,33065.21,199710.106237,624,14116.32,85248.31547,202206
6.0201,6.0279,6.0057,6.0249,17913.03,107791.614646,331,10871.67,65429.424156,202206
6.0266,6.055,6.0239,6.055,12259.4,74008.153191,282,7277.52,43930.785273,202206
6.0529,6.0529,6.019,6.0287,19198.83,115874.195385,436,8650.24,52217.762774,202206
6.0287,6.0306,6.0123,6.0306,18361.08,110548.869495,308,7062.4,42506.714742,202206
6.03,6.0399,6.0255,6.0259,7564.19,45627.32746,203,4226.59,25495.882694,202206
6.025,6.0317,6.0067,6.0075,11410.83,68719.931729,261,5050.46,30418.067298,202206
6.0064,6.0276,6.005,6.024,12071.07,72644.836507,262,4359.05,26229.221156,202206
6.0223,6.0252,6.0052,6.0059,17311.76,104195.330023,337,7788.72,46875.716421,202206
6.0052,6.0086,5.9941,6.0061,21509.91,129086.903457,397,9763.75,58588.401515,202206
6.0063,6.0237,6.0063,6.0106,19930.56,119850.885744,373,11059.96,66512.146989,202206
6.0103,6.0253,6.0102,6.0106,13030.93,78404.710658,291,7399.95,44521.073879,202206
6.01,6.01,5.9817,6.003,19076.29,114386.409548,348,6653.64,39886.818557,202206
6.0036,6.0036,5.9883,5.9947,11620.62,69673.527415,240,3698.16,22172.312079,202206
5.9942,5.9942,5.9852,5.9871,5860.19,35094.277763,170,2267.65,13579.965822,202206
5.9851,5.9988,5.9753,5.9976,15027.36,89968.525663,333,6799.08,40702.441716,202206
5.9979,6.0022,5.9945,5.9999,8162.48,48963.524146,180,4058.14,24344.215518,202206
5.9968,6.0007,5.9849,6.0001,16987.08,101824.398834,344,7956.31,47695.63519,202206
6.0012,6.0194,5.9992,6.0193,13375.26,80353.318539,275,6012.86,36127.199129,202206
6.0195,6.0227,5.9947,6.0014,10119.81,60783.099637,279,5094.26,30602.752449,202206
6.0015,6.0176,6.0004,6.0143,7042.84,42333.418395,185,3259.44,19587.584611,202206
6.0154,6.023,6.007,6.0193,23554.31,141756.993487,375,13733.01,82646.550339,202206
6.0207,6.0234,6.0128,6.0146,8414.95,50643.556946,224,3547.02,21346.682909,202206
6.0131,6.0227,6.005,6.0227,6923.53,41647.240185,194,3144.09,18913.607678,202206
6.0218,6.0218,6.0087,6.0105,11014.32,66234.455534,180,3718.23,22360.911526,202206
6.0105,6.0285,6.007,6.0088,8899.26,53558.521123,218,2521.32,15172.140298,202206
6.0087,6.0223,6.007,6.007,4492.49,27012.590884,173,2396.75,14412.233796,202206
6.0068,6.0111,5.9925,6.0095,11556.42,69364.690188,253,4908.35,29473.848185,202206
6.0102,6.0195,6.0018,6.0018,3596.8,21617.887853,138,1226.21,7370.394157,202206
6.0028,6.0117,6.0,6.0077,5937.12,35655.955348,152,2834.35,17020.697751,202206
6.0075,6.0089,5.9954,6.0002,9696.22,58171.036673,246,4090.23,24544.565925,202206
6.0014,6.0087,5.9332,5.9429,49942.53,297391.42039,903,12998.15,77471.89741,202206
5.9429,5.9493,5.9056,5.9413,48506.2,287706.46147,1156,25097.7,148886.170597,202206
5.9422,5.9631,5.9348,5.9548,23667.47,140810.834174,563,10942.07,65110.660006,202206
5.9547,5.9614,5.9457,5.9483,14383.35,85601.586274,270,8827.85,52540.836024,202206
5.9489,5.9594,5.9413,5.9518,21693.45,129050.991481,484,7326.55,43576.299094,202206
5.9538,5.96,5.9442,5.9543,12775.2,76037.051056,350,6010.17,35775.739809,202206
5.9545,5.9645,5.9485,5.9506,12340.43,73505.969577,329,4725.93,28153.560835,202206
5.9485,5.9599,5.944,5.9454,37271.05,221898.722683,375,27502.88,163750.556046,202206
5.9454,5.9835,5.9367,5.9835,25697.37,153122.074124,552,14149.87,84306.201223,202206
5.9825,6.0047,5.9811,5.9834,35236.3,211233.92404,669,22830.08,136864.039059,202206
5.9827,6.0036,5.979,5.9907,27736.54,166199.66982,487,12055.53,72250.011493,202206
5.9939,5.9974,5.9816,5.9866,10912.63,65370.357051,253,4360.76,26118.896666,202206
5.987,6.0,5.98,5.9996,10658.66,63883.493708,301,4860.75,29132.605801,202206
5.9995,6.0184,5.9995,6.018,17805.62,107003.273929,469,10495.54,63072.729434,202206
6.0174,6.0216,5.9871,6.019,38396.48,230408.818398,713,21190.83,127099.538499,202206
6.0187,6.05,6.0137,6.0443,58182.62,351001.276,1248,27194.9,164029.352732,202206
6.046,6.0481,6.0081,6.0123,33974.88,204579.40899,867,13535.53,81490.94134,202206
6.012,6.074,6.0102,6.0645,48877.45,295761.590381,902,32117.72,194378.347066,202206
6.0618,6.0828,6.0348,6.0507,36940.58,223621.795445,1042,17546.84,106191.24644,202206
6.0507,6.0614,6.0361,6.0391,30409.02,184005.663258,652,14876.4,90026.722116,202206
6.0387,6.0483,6.014,6.0376,42699.59,257533.566838,881,15304.33,92288.451419,202206
6.0373,6.0373,6.0062,6.0113,17342.61,104402.839932,375,7399.64,44538.367787,202206
6.0114,6.0158,5.9924,5.9964,27356.26,164298.335066,494,14679.39,88180.630927,202206
5.9962,6.017,5.9817,6.0156,21173.27,126964.990274,541,11237.98,67386.563777,202206
6.0174,6.02,6.0054,6.0135,11540.37,69393.228071,345,6292.88,37841.985787,202206
6.011,6.0146,5.9808,5.9833,23166.07,139078.100039,474,13239.95,79473.153188,202206
5.9822,5.9994,5.9819,5.9889,14382.82,86142.261195,331,7558.87,45271.537436,202206
5.99,6.0046,5.9887,5.9922,11745.8,70419.721222,335,4509.92,27037.795827,202206
5.991,5.9984,5.9595,5.9595,18581.03,111095.66994,503,8284.7,49566.432315,202206
5.9591,5.9902,5.9576,5.9882,16512.78,98721.045802,378,9379.96,56066.717617,202206
5.9889,5.9949,5.9805,5.9833,17717.22,106076.673015,368,9907.95,59318.372924,202206
5.9828,5.984,5.9647,5.9733,9737.51,58154.594818,289,4521.5,27003.900382,202206
5.9752,5.9849,5.9666,5.9787,11848.75,70811.942213,306,5196.13,31044.385586,202206
5.9782,5.993,5.9782,5.9871,15677.68,93850.463768,338,7820.67,46822.894507,202206
5.9844,5.9963,5.9813,5.9934,5139.83,30786.013876,145,3509.24,21018.446384,202206
5.9942,5.9975,5.9823,5.9904,8379.89,50205.465636,223,4048.1,24254.085093,202206
5.9886,5.9931,5.9755,5.9818,26848.43,160768.277352,306,6495.22,38870.123263,202206
5.9832,5.994,5.98,5.9872,8517.01,50984.349733,226,3815.64,22843.58759,202206
5.9871,5.9945,5.9838,5.9895,26559.48,159085.014477,278,20572.93,123227.640926,202206
5.9901,5.995,5.9858,5.9919,6221.18,37265.612267,163,3626.02,21718.516747,202206
5.992,5.9997,5.9684,5.9715,13625.68,81563.016415,368,5663.64,33900.553722,202206
5.9727,5.9843,5.9691,5.9795,10184.79,60879.087791,253,4255.76,25436.548525,202206
5.9814,6.0,5.9792,5.9973,5450.92,32647.712466,220,2274.36,13623.389738,202206
5.9974,6.0057,5.9909,6.003,8440.49,50637.184064,270,3998.82,23985.990874,202206
6.001,6.0079,5.997,6.0044,9826.96,58982.897113,322,5273.57,31652.411834,202206
6.0055,6.0066,5.9926,6.0028,7026.67,42156.015417,215,3609.16,21648.829636,202206
6.0018,6.0065,5.9938,5.999,28530.78,171175.131702,378,6311.9,37866.210592,202206
5.9983,6.0074,5.9907,6.0066,5718.71,34305.602588,233,2384.82,14303.61191,202206
6.0074,6.0079,5.9774,5.9835,16958.77,101586.646013,397,6170.8,36961.682804,202206
5.9833,5.9872,5.9702,5.9826,10171.47,60791.829428,276,4473.25,26736.490086,202206
5.9826,5.9826,5.9536,5.963,17614.74,105091.161001,425,8499.47,50707.459708,202206
5.9643,5.9778,5.9572,5.9596,12933.41,77167.166228,287,7331.05,43740.964248,202206
5.9593,5.9726,5.9593,5.961,10451.58,62356.692038,266,4444.17,26512.719424,202206
5.9602,5.9825,5.9569,5.9791,11828.58,70625.751317,347,5448.48,32525.485333,202206
5.9787,5.9822,5.9702,5.9723,7801.85,46600.361439,174,5935.98,35452.042309,202206
5.973,5.9799,5.9679,5.973,4832.76,28865.670166,179,1940.24,11588.342529,202206
5.9745,5.9752,5.9646,5.9661,6287.29,37519.363834,173,3275.53,19548.249232,202206
5.9646,5.9729,5.9583,5.9726,9560.75,57030.851399,232,3453.59,20602.635961,202206
5.9726,5.9761,5.9635,5.9679,11758.84,70198.105989,294,5422.53,32371.363177,202206
5.968,5.9714,5.9622,5.9671,6977.92,41641.563033,175,2458.76,14670.261576,202206
5.9667,5.9702,5.9601,5.9674,8530.63,50877.248164,190,3171.82,18916.20007,202206
5.9675,5.9707,5.9577,5.9582,14559.49,86828.800686,264,5505.3,32833.174321,202206
5.957,5.957,5.94,5.9466,20178.03,119993.781497,468,6957.98,41371.778066,202206
5.9456,5.9474,5.9324,5.9366,18254.0,108447.89346,378,6100.79,36246.825656,202206
5.9365,5.9537,5.9365,5.9523,6034.17,35882.235905,195,2688.06,15984.249483,202206
5.9524,5.9597,5.944,5.9559,8078.92,48092.291039,199,4756.19,28314.199071,202206
5.9577,5.9599,5.9464,5.9574,10332.33,61511.737655,228,3378.52,20113.677742,202206
5.956,5.9628,5.9547,5.9567,4987.83,29720.086192,151,2892.54,17234.917608,202206
5.9557,5.9673,5.9502,5.9502,7599.23,45288.527475,230,4517.42,26919.091525,202206
5.9502,5.9502,5.9186,5.9216,66384.54,394324.810024,632,10269.38,60962.776323,202206
5.9219,5.9269,5.9131,5.9259,16847.02,99724.123131,344,8819.85,52210.268715,202206
5.9259,5.9259,5.884,5.8958,68086.32,401701.981205,900,15665.57,92453.324747,202206
5.8963,5.8999,5.872,5.8943,45312.51,266796.296095,865,26418.14,155553.75674,202206
5.8926,5.8926,5.657,5.7698,518236.73,2980801.653406,7738,233261.35,1339696.136867,202206
5.7701,5.7701,5.7133,5.7154,157356.3,903680.632078,2703,66917.7,384249.13629,202206
5.7168,5.7617,5.7094,5.7393,119401.17,684645.95994,2182,64767.35,371454.153585,202206
5.7393,5.785,5.7393,5.7825,79083.06,456559.218772,1416,50178.82,289713.399192,202206
5.7824,5.8191,5.7801,5.8041,96596.92,560424.643724,1534,59195.76,343412.797605,202206
5.804,5.809,5.7873,5.7936,44655.69,259082.645612,704,25690.65,149081.819042,202206
5.7952,5.8066,5.7903,5.7923,27630.6,160236.671461,504,18410.16,106766.995231,202206
5.7903,5.7954,5.7688,5.7835,47143.69,272607.91664,743,24271.05,140317.875707,202206
5.7834,5.7865,5.7614,5.7782,28233.24,162961.066787,556,15829.62,91369.505337,202206
5.7767,5.7865,5.7682,5.7789,21894.9,126527.104557,452,10694.06,61788.157372,202206
5.7779,5.7793,5.7485,5.7624,36553.76,210674.67094,754,23546.0,135686.226148,202206
5.7637,5.8041,5.7634,5.7988,26691.59,154514.678153,639,13833.83,80051.467143,202206
5.8005,5.8432,5.7973,5.8241,56898.93,331349.603782,961,40827.56,237719.173315,202206
5.8243,5.831,5.8147,5.8167,20511.05,119420.721205,529,10121.28,58918.945836,202206
5.8163,5.8202,5.8123,5.8201,19729.02,114746.786863,349,14925.38,86809.024495,202206
5.8191,5.822,5.8024,5.8098,22596.94,131289.651134,343,7357.52,42741.651068,202206
5.8107,5.8121,5.7847,5.7848,11809.44,68484.37937,363,6803.27,39450.630809,202206
5.7858,5.8052,5.7858,5.7912,26820.75,155497.198635,408,10256.69,59437.878473,202206
5.7923,5.7992,5.7759,5.7867,18536.36,107310.476283,379,10152.11,58758.82465,202206
5.7839,5.792,5.7732,5.789,13024.79,75291.48219,260,8307.48,48020.485936,202206
5.7885,5.7978,5.7741,5.7895,13410.12,77570.003337,328,7439.18,43026.777504,202206
5.7896,5.7896,5.77,5.7857,15254.78,88142.460686,394,9532.09,55070.690021,202206
5.7852,5.8015,5.7818,5.7986,6844.83,39656.45139,236,3095.77,17934.407415,202206
5.7968,5.7994,5.7899,5.7928,5792.05,33557.102877,171,3020.87,17501.652846,202206
5.793,5.7987,5.7786,5.7881,8527.73,49366.13881,199,6300.17,36469.707492,202206
5.7881,5.7951,5.7768,5.7781,12522.86,72505.830622,311,4994.12,28909.20415,202206
5.7766,5.79,5.7583,5.79,22388.2,129278.021111,498,9814.24,56671.441315,202206
5.7885,5.7889,5.7535,5.7674,35524.25,205032.499139,446,15070.45,86928.499081,202206
5.7673,5.7748,5.7585,5.7668,6835.78,39416.221395,242,3971.66,22899.383979,202206
5.7671,5.7671,5.7491,5.7559,17573.55,101133.545279,349,7538.44,43379.333766,202206
5.7562,5.7598,5.7378,5.7469,14595.65,83903.665751,335,6915.0,39751.800303,202206
5.7459,5.7701,5.7384,5.7578,15674.15,90198.560405,357,8833.6,50835.903933,202206
5.7592,5.7644,5.7446,5.7494,12943.26,74463.150526,329,7670.14,44126.878514,202206
5.7492,5.766,5.7456,5.7649,11541.98,66427.471862,266,6675.43,38422.199256,202206
5.7659,5.7772,5.7638,5.7765,13181.23,76077.478672,228,9324.43,53820.809053,202206
5.7765,5.7824,5.7723,5.7819,10490.14,60622.704031,224,5153.06,29778.319988,202206
5.7819,5.7892,5.7737,5.7892,6366.21,36795.413545,216,3015.27,17425.597702,202206
5.7893,5.8012,5.7893,5.8012,4265.08,24716.006252,135,2965.83,17186.920379,202206
5.8013,5.8142,5.8013,5.8086,8150.43,47347.277067,246,3270.16,18995.044009,202206
5.8091,5.8218,5.8062,5.8194,10645.79,61882.80077,217,7117.31,41378.035791,202206
5.8205,5.8263,5.8205,5.8245,4881.7,28429.744845,163,2256.42,13142.403804,202206
5.8245,5.8263,5.8218,5.8255,9084.1,52908.604913,186,4829.89,28131.373515,202206
5.8258,5.8595,5.8233,5.8595,29713.77,173523.582517,477,23257.84,135810.512124,202206
5.859,5.8658,5.8248,5.8292,23226.73,135720.161912,478,13131.87,76755.743448,202206
5.8288,5.8441,5.822,5.8332,17345.06,101175.672157,390,9863.95,57535.872362,202206
5.8343,5.8371,5.8089,5.8111,3889.27,22638.584255,174,1849.03,10758.446823,202206
5.8114,5.8128,5.787,5.7875,17311.72,100329.661844,362,10612.71,61506.108058,202206
5.7877,5.7954,5.7773,5.7804,7380.21,42711.556914,278,3108.57,17984.725978,202206
5.7813,5.7936,5.7787,5.7819,9414.87,54458.941361,163,4367.51,25260.126813,202206
5.782,5.7992,5.7814,5.7874,10866.73,62926.556647,268,4515.62,26142.940354,202206
5.7851,5.7855,5.7711,5.7724,10123.09,58498.673656,283,5693.63,32903.199313,202206
5.7732,5.8026,5.7594,5.8026,14054.9,81195.259644,344,7810.66,45143.115738,202206
5.801,5.8191,5.7962,5.812,16375.81,95095.632474,264,12053.43,69985.114603,202206
5.8138,5.8174,5.7835,5.7954,29083.1,168617.677544,485,13713.23,79486.047207,202206
5.7918,5.796,5.7818,5.7852,9792.66,56705.200626,296,5240.2,30341.532221,202206
5.7852,5.7935,5.7771,5.7792,10118.75,58533.429485,275,4652.26,26904.85786,202206
5.7767,5.7878,5.7708,5.7813,17718.26,102395.862704,296,10306.61,59563.84659,202206
5.7805,5.7925,5.7701,5.7925,8312.76,48019.704328,235,4242.38,24500.691807,202206
5.7931,5.7954,5.7832,5.7883,10495.98,60759.624909,227,4305.24,24920.411671,202206
5.7899,5.8128,5.7867,5.7938,14669.08,85039.054761,270,5545.83,32153.037072,202206
5.7944,5.7944,5.7486,5.7694,20823.36,119984.308283,481,9496.4,54744.419643,202206
5.7699,5.7769,5.7525,5.7742,31674.6,182580.579235,384,18940.64,109133.15372,202206
5.7741,5.7743,5.7148,5.7307,30964.56,177575.470157,715,18083.05,103669.959987,202206
5.7308,5.7441,5.697,5.697,24926.94,142448.538083,646,12809.58,73232.75127,202206
5.6977,5.723,5.6878,5.7119,22465.63,128220.121299,558,11075.68,63210.46681,202206
5.7132,5.7151,5.68,5.7049,30023.69,170907.123673,614,16222.41,92325.72058,202206
5.7071,5.716,5.6986,5.705,22302.74,127311.045506,332,14094.52,80447.486475,202206
5.708,5.7174,5.6762,5.6864,22991.89,130895.615687,518,10174.73,57940.328953,202206
5.6827,5.7044,5.654,5.6674,57971.16,328666.28757,1045,28570.12,161915.250707,202206
5.6684,5.7119,5.6684,5.7062,23772.37,135254.598716,460,14522.43,82637.20215,202206
5.706,5.7093,5.6753,5.6928,29959.8,170602.601826,608,12409.05,70620.151083,202206
5.6936,5.6957,5.6684,5.6788,18439.46,104737.191948,401,9133.59,51893.267674,202206
5.6777,5.6827,5.6584,5.6682,27455.06,155704.910392,508,13828.63,78420.846679,202206
5.6682,5.6739,5.6523,5.6669,39665.71,224517.170953,739,24073.04,136253.909967,202206
5.6675,5.6972,5.6675,5.6899,24988.54,141925.221964,578,14962.12,84973.860197,202206
5.6888,5.6913,5.669,5.6912,14189.54,80585.359316,322,7235.61,41099.535463,202206
5.6897,5.7242,5.6897,5.7127,25298.48,144334.818619,598,16919.07,96504.874769,202206
5.7127,5.7359,5.7092,5.7265,14750.1,84413.891642,340,8326.13,47652.486425,202206
5.726,5.7361,5.7218,5.7303,19845.42,113676.597427,358,11839.53,67816.220564,202206
5.7305,5.7518,5.726,5.7502,18840.39,108114.264256,426,10322.23,59234.508546,202206
5.7494,5.7938,5.7393,5.7924,44016.44,253891.704216,730,25933.74,149664.787776,202206
5.7912,5.8111,5.7781,5.7787,40378.54,233962.508099,608,14524.7,84155.012768,202206
5.7795,5.7893,5.7712,5.7768,14828.9,85719.153722,298,8683.16,50191.601901,202206
5.7769,5.7772,5.7645,5.7645,10875.92,62789.566415,214,5093.89,29403.145157,202206
5.7639,5.7654,5.7453,5.7483,10217.56,58764.301282,237,5281.5,30368.727914,202206
5.749,5.7597,5.7472,5.7597,15432.89,88780.144016,216,11641.78,66974.533156,202206
5.7614,5.765,5.7353,5.7353,9828.25,56532.024084,240,3820.25,21971.097395,202206
5.7349,5.7591,5.7349,5.7542,11644.99,67004.388086,195,5813.89,33442.131007,202206
5.7532,5.7553,5.7315,5.7372,14116.92,81065.591874,284,7890.37,45308.37192,202206
5.7385,5.7422,5.7306,5.7368,12638.09,72490.766692,217,7873.07,45154.328713,202206
5.7342,5.7342,5.698,5.698,44960.26,257070.954787,449,17013.4,97219.105296,202206
5.6993,5.7106,5.6927,5.706,18041.95,102841.829632,328,5879.24,33512.989509,202206
5.704,5.7119,5.6882,5.7088,15284.99,87138.617028,377,4912.62,27997.882783,202206
5.7084,5.7145,5.6918,5.7075,11012.77,62791.562524,269,5621.41,32043.174242,202206
5.7062,5.7183,5.6982,5.7088,17225.15,98275.49077,388,8812.56,50278.323237,202206
5.7084,5.722,5.701,5.7202,14648.6,83671.117807,278,8504.53,48563.720495,202206
5.7204,5.7295,5.7141,5.7244,7128.13,40777.351799,200,4050.46,23174.189322,202206
5.7232,5.7378,5.7208,5.7269,6137.99,35164.887133,196,3451.79,19775.774327,202206
5.723,5.7297,5.716,5.7274,7870.81,45047.906758,143,5094.36,29158.259188,202206
5.7277,5.7534,5.7274,5.7417,6523.24,37460.840237,235,3667.63,21058.399786,202206
5.7429,5.7516,5.7387,5.7455,8293.48,47647.228241,189,3746.75,21524.455495,202206
5.7479,5.7579,5.732,5.7547,9294.59,53377.456738,215,3385.35,19445.624138,202206
5.7556,5.7726,5.7553,5.7655,16248.26,93690.198964,253,9461.7,54559.134617,202206
5.7652,5.7747,5.7603,5.7737,8250.93,47585.552857,193,5318.9,30674.697581,202206
5.7745,5.7768,5.754,5.7685,21370.4,123090.242147,260,15548.49,89519.72959,202206
5.7672,5.7672,5.7498,5.7498,3633.18,20920.148412,121,1155.57,6653.919866,202206
5.7499,5.757,5.745,5.7569,5903.81,33959.918253,153,4008.21,23054.575168,202206
5.7558,5.7734,5.7544,5.7633,9652.72,55636.887872,221,6265.83,36110.918633,202206
5.7631,5.7688,5.7518,5.7608,8352.43,48116.267593,160,4361.71,25126.72723,202206
5.7605,5.7685,5.7569,5.7672,6372.05,36726.251875,170,3015.56,17385.159275,202206
5.7674,5.7825,5.7633,5.7668,15878.06,91638.293419,386,6729.81,38844.482695,202206
5.767,5.7877,5.7613,5.7871,8081.32,46637.993357,247,3703.76,21372.541876,202206
5.7871,5.7871,5.7685,5.7715,11291.66,65216.870412,195,5497.68,31749.603571,202206
5.7716,5.7894,5.7689,5.7841,14101.95,81478.532393,305,8186.83,47300.492566,202206
5.7864,5.7918,5.773,5.7733,13058.17,75537.053782,232,7632.84,44171.416947,202206
5.7727,5.7869,5.7709,5.7777,8701.36,50293.365337,208,4447.59,25701.987149,202206
5.7782,5.7874,5.7771,5.787,4200.09,24289.179658,136,2197.09,12704.472845,202206
5.7864,5.798,5.7811,5.7818,10026.61,58044.698026,265,5551.93,32138.701988,202206
5.7816,5.79,5.78,5.7857,9830.25,56862.052744,165,2437.63,14100.891627,202206
5.7852,5.7923,5.7828,5.7851,5511.31,31897.356831,122,1402.07,8114.53091,202206
5.7892,5.8012,5.7871,5.7877,7971.5,46186.15046,233,3681.48,21326.527722,202206
5.7899,5.79,5.7727,5.7758,9120.23,52709.32232,213,4157.43,24023.465442,202206
5.777,5.7876,5.7731,5.782,8498.21,49137.677907,169,5339.36,30871.192821,202206
5.7814,5.7961,5.778,5.7949,8162.36,47212.54404,199,3855.09,22293.699686,202206
5.7949,5.7949,5.7759,5.7846,10721.0,62025.700965,285,5446.1,31502.293697,202206
5.7836,5.7917,5.7805,5.7814,8349.17,48310.978866,193,5783.01,33460.322515,202206
5.7808,5.7907,5.7729,5.7814,9750.25,56366.658399,233,4789.64,27684.905491,202206
5.7835,5.7849,5.766,5.7706,6223.4,35951.745957,173,2699.34,15589.939632,202206
5.7691,5.795,5.7666,5.7937,16992.63,98341.886828,303,10317.63,59718.95547,202206
5.7959,5.8055,5.7814,5.7858,13407.96,77690.71395,338,6968.18,40368.906262,202206
5.7861,5.8059,5.7858,5.8009,9900.29,57403.072583,267,5083.83,29476.743675,202206
5.801,5.8091,5.801,5.8083,7751.94,45003.188313,246,4721.76,27410.392623,202206
5.8092,5.8292,5.808,5.8231,31450.83,183081.416239,606,22584.85,131469.874813,202206
5.8243,5.8336,5.8093,5.8145,10642.02,61949.812687,323,6521.64,37963.141504,202206
5.8138,5.8138,5.8009,5.8136,7927.91,46039.089556,216,4429.39,25724.069886,202206
5.8135,5.8182,5.7947,5.799,9236.24,53605.612647,225,5294.63,30734.370569,202206
5.7998,5.8018,5.7901,5.7942,15596.46,90386.458681,202,3495.0,20252.890164,202206
5.7925,5.7975,5.7888,5.7917,8891.87,51502.57734,195,4831.73,27982.307814,202206
5.7903,5.7994,5.7899,5.7929,7881.42,45668.065627,249,4524.52,26213.955617,202206
5.7926,5.8036,5.7926,5.8036,13827.95,80186.311798,296,6680.13,38732.276104,202206
5.8031,5.8084,5.7976,5.8036,10892.09,63194.352401,211,6090.12,35331.882661,202206
5.8035,5.8084,5.7999,5.8015,4114.55,23881.083216,132,2153.32,12495.918492,202206
5.8008,5.8066,5.7943,5.7999,5990.28,34750.799453,151,2378.65,13799.806634,202206
5.7998,5.7998,5.787,5.7892,9648.62,55902.24738,223,5136.19,29759.320029,202206
5.7881,5.7916,5.7783,5.7786,7805.23,45144.078234,208,5476.1,31673.753577,202206
5.7786,5.7841,5.7746,5.7798,7768.45,44882.1883,144,5080.5,29351.47139,202206
5.7796,5.7842,5.7772,5.7785,4083.38,23603.141944,112,2723.09,15740.028642,202206
5.7776,5.7823,5.7669,5.772,8505.61,49100.434337,230,4788.05,27630.224676,202206
5.772,5.7767,5.7689,5.772,4442.86,25648.121932,144,1936.06,11175.735449,202206
5.7691,5.79,5.7673,5.7859,10030.12,57965.191049,170,4703.29,27167.722174,202206
5.7863,5.7884,5.7784,5.7858,5221.44,30201.477975,162,2614.82,15126.71089,202206
5.7861,5.7915,5.78,5.7893,7459.79,43163.661772,213,2673.11,15466.962277,202206
5.7889,5.8034,5.7873,5.7982,6318.37,36609.494462,179,2946.87,17076.916509,202206
5.8,5.8108,5.7986,5.7999,19024.52,110450.115952,345,13717.25,79637.165956,202206
5.7995,5.8139,5.7929,5.8114,8308.4,48198.858714,220,4136.99,23995.825283,202206
5.8133,5.8293,5.8133,5.8158,13345.83,77711.961746,361,5892.77,34314.624762,202206
5.8156,5.8232,5.8113,5.8128,22936.06,133417.520853,429,10305.88,59943.139577,202206
5.8134,5.8144,5.8009,5.8029,11099.5,64434.074554,308,5338.06,30990.141871,202206
5.8029,5.8086,5.7995,5.8055,4357.52,25294.37221,123,1820.28,10564.538172,202206
5.8082,5.8227,5.8067,5.8146,5930.7,34494.17466,158,3968.9,23085.670873,202206
5.8142,5.8246,5.8071,5.8071,9879.6,57459.659931,314,5415.97,31494.916788,202206
5.8075,5.8219,5.8067,5.8133,6800.21,39549.848445,213,4218.24,24533.570802,202206
5.8125,5.8327,5.8115,5.8327,11290.86,65751.344744,209,7369.02,42919.602038,202206
5.8331,5.8466,5.8151,5.8168,32454.89,189285.17815,851,12523.64,73054.923475,202206
5.8167,5.8286,5.816,5.8274,13795.92,80310.120987,291,5311.02,30913.204738,202206
5.829,5.829,5.8084,5.8124,13176.5,76666.614575,268,5462.97,31794.689369,202206
5.8114,5.8242,5.8091,5.8147,9708.84,56491.164817,241,5336.01,31047.434896,202206
5.8153,5.8394,5.8153,5.8356,20861.22,121529.361115,326,15875.46,92483.422963,202206
5.8344,5.8368,5.8247,5.8343,6271.14,36574.849281,226,3158.04,18415.050378,202206
5.8348,5.8422,5.8207,5.8385,19583.01,114219.147212,234,9261.76,54035.493586,202206
5.8396,5.8433,5.828,5.8281,5294.08,30888.027578,132,1802.97,10523.148269,202206
5.8284,5.8297,5.8172,5.8219,7057.56,41085.102233,178,3428.67,19960.157529,202206
5.8212,5.8458,5.8212,5.8432,9586.04,55936.302382,212,4306.33,25111.419949,202206
5.8411,5.8493,5.8311,5.8376,13400.71,78255.863265,269,8735.93,51004.952923,202206
5.8372,5.8515,5.8343,5.8499,14641.88,85587.96799,328,6954.28,40650.600587,202206
5.8499,5.854,5.8379,5.8464,8970.03,52455.332672,258,5018.84,29347.88982,202206
5.8451,5.8499,5.8357,5.8473,12450.19,72753.01275,268,6124.49,35791.714146,202206
5.8465,5.8547,5.846,5.8525,17707.83,103608.956226,288,9487.85,55508.252202,202206
5.8537,5.8597,5.8528,5.856,24234.36,141932.656292,332,5712.01,33454.730841,202206
5.8578,5.9,5.8578,5.885,69631.6,409705.742396,1232,37795.59,222295.424846,202206
5.887,5.907,5.881,5.9006,32133.16,189396.688033,634,15101.34,88986.729518,202206
5.9014,5.9224,5.9006,5.9157,34502.2,203980.025315,644,22984.45,135871.706016,202206
5.9156,5.9189,5.8931,5.8978,21651.03,127936.22537,450,7932.24,46866.609925,202206
5.896,5.903,5.8771,5.8865,21394.13,126036.492637,402,14328.48,84432.314201,202206
5.8865,5.8955,5.8765,5.8765,20761.85,122140.778776,291,5439.09,32000.159394,202206
5.8765,5.8868,5.8593,5.87,31937.79,187597.43445,492,11683.48,68620.052447,202206
5.87,5.8723,5.8512,5.8665,12167.09,71311.300924,317,6624.82,38820.438242,202206
5.8664,5.886,5.8664,5.8791,18505.15,108721.801121,436,9579.59,56280.669324,202206
5.8788,5.8854,5.8654,5.8654,10705.62,62910.120563,243,4493.83,26399.663975,202206
5.8654,5.8712,5.8527,5.8652,14732.32,86371.639369,355,8227.25,48233.083156,202206
5.8668,5.867,5.8585,5.8621,5177.57,30349.981757,138,2688.08,15754.761238,202206
5.8611,5.884,5.8599,5.8734,15211.08,89295.735401,340,7199.94,42268.877988,202206
5.8746,5.8861,5.8652,5.8838,9482.35,55683.571734,204,5605.64,32915.960267,202206
5.8845,5.8867,5.8599,5.8696,8491.83,49855.560667,253,4968.3,29162.424707,202206
5.8681,5.8816,5.8624,5.8815,10064.34,59071.978878,261,4672.81,27420.862372,202206
5.8815,5.8815,5.8607,5.87,8165.86,47954.033463,182,2386.97,14010.512177,202206
5.87,5.8817,5.865,5.8708,10860.46,63772.552644,267,7176.54,42137.709795,202206
5.8691,5.8765,5.8587,5.8587,10418.84,61148.487061,268,3935.53,23094.907123,202206
5.8587,5.8732,5.8508,5.8575,20649.82,121000.559159,484,11709.99,68608.707702,202206
5.8576,5.8588,5.8414,5.85,14141.95,82703.952265,391,6568.14,38410.625708,202206
5.8477,5.8493,5.8334,5.8334,11435.64,66831.789978,294,6637.22,38784.860678,202206
5.8332,5.8509,5.8332,5.8477,6261.51,36600.449277,160,2789.09,16301.436976,202206
5.8485,5.8485,5.8158,5.8236,14265.48,83198.611689,358,6119.98,35690.99329,202206
5.8224,5.8337,5.8184,5.8234,12780.33,74440.45317,269,6733.06,39212.08313,202206
5.8214,5.8287,5.8177,5.8287,9678.13,56359.593685,187,4318.86,25149.501551,202206
5.8289,5.8289,5.8139,5.8181,8372.22,48736.657854,226,3917.06,22799.237402,202206
5.8162,5.824,5.8162,5.8197,3907.02,22740.487504,130,2475.02,14405.278314,202206
5.8213,5.8239,5.8093,5.8201,11077.85,64446.054569,256,5479.31,31876.905886,202206
5.8183,5.831,5.8075,5.8075,13055.5,75998.367303,338,5587.72,32528.775987,202206
5.8083,5.8206,5.8083,5.8109,8516.57,49531.024317,224,2970.74,17273.883986,202206
5.8114,5.8119,5.7898,5.7944,27765.73,160936.088754,597,10932.15,63344.794902,202206
5.797,5.8149,5.7905,5.8125,11813.65,68563.27757,285,5164.67,29975.67881,202206
5.814,5.8236,5.8084,5.8158,11002.24,64005.100843,265,5282.16,30726.918122,202206
5.8154,5.8178,5.7935,5.8068,11456.76,66518.795714,297,5082.76,29503.887427,202206
5.8071,5.8071,5.7709,5.7732,25535.73,147831.788349,510,11605.34,67194.196642,202206
5.7732,5.7833,5.7452,5.7616,99377.05,572969.511513,1354,45673.95,263385.988573,202206
5.7627,5.7978,5.7615,5.7972,18104.33,104630.04989,465,8946.85,51689.94067,202206
5.7958,5.7958,5.775,5.7782,10306.8,59602.540889,274,4869.48,28161.422144,202206
5.7787,5.7866,5.7705,5.7859,19590.96,113183.775871,338,6118.27,35351.342769,202206
5.7848,5.7896,5.7771,5.7872,21632.42,125129.112339,468,9959.8,57614.842336,202206
5.7885,5.7995,5.7871,5.7969,8581.96,49713.505717,241,3376.74,19559.483382,202206
5.7972,5.8082,5.7931,5.798,30500.46,176885.492848,343,10723.72,62182.629822,202206
5.7996,5.8061,5.7949,5.802,16138.86,93608.623759,266,3736.09,21671.986974,202206
5.8013,5.8136,5.7941,5.8091,13540.7,78554.496982,252,10393.76,60285.744442,202206
5.809,5.8093,5.7958,5.7958,16483.09,95636.605189,193,12741.56,73926.305039,202206
5.7958,5.8228,5.7958,5.8122,18917.77,109965.223593,469,9511.11,55289.412904,202206
5.8106,5.8256,5.8073,5.8152,14331.86,83377.086998,328,7583.98,44112.063833,202206
5.8167,5.8255,5.811,5.8205,9383.64,54608.004638,227,4473.85,26028.105603,202206
5.8216,5.8264,5.8171,5.8192,6799.25,39581.848125,177,3335.3,19416.964273,202206
5.82,5.8331,5.8001,5.832,41355.53,240396.414824,643,26350.93,153087.357355,202206
5.8331,5.84,5.8084,5.8099,35922.63,209333.930314,546,10903.21,63536.047337,202206
5.8072,5.8168,5.7617,5.7649,68591.44,396684.600241,864,31111.64,180060.099511,202206
5.7649,5.8089,5.7649,5.7994,29893.51,172971.13027,650,14752.24,85313.99927,202206
5.7978,5.8136,5.7944,5.8,15999.52,92887.132165,364,8128.0,47187.851038,202206
5.8018,5.8109,5.7922,5.803,14525.96,84258.454016,322,8448.79,49011.208578,202206
5.8018,5.8258,5.7947,5.8186,18842.25,109454.042054,526,7966.92,46264.638035,202206
5.8188,5.8196,5.7817,5.7844,28914.62,167501.20369,486,8249.19,47802.483836,202206
5.7841,5.7972,5.7819,5.7969,23643.46,136921.093799,523,9883.53,57229.345931,202206
5.7967,5.8193,5.7927,5.7964,19094.41,110912.130144,490,8280.74,48101.722571,202206
5.7976,5.818,5.7975,5.8144,17933.4,104165.229837,361,10187.87,59176.445236,202206
5.8146,5.8224,5.81,5.8202,18320.35,106565.820749,355,8342.18,48527.663085,202206
5.8203,5.8238,5.8036,5.8103,10847.65,63082.357587,265,5261.14,30592.902641,202206
5.8103,5.8181,5.8065,5.8066,7419.48,43119.806408,232,2907.4,16895.736163,202206
5.8062,5.8098,5.8,5.802,7490.82,43477.146871,193,2879.42,16712.628733,202206
5.803,5.8049,5.7849,5.7951,16914.65,98039.387833,353,6328.0,36683.482543,202206
5.7948,5.7948,5.7734,5.7832,20980.92,121311.697339,393,9480.43,54824.533586,202206
5.7833,5.7995,5.7777,5.7871,16109.54,93262.571794,405,6042.0,34976.30382,202206
5.7878,5.7889,5.7743,5.7816,18109.34,104686.910804,379,9788.76,56594.507933,202206
5.7815,5.7886,5.7746,5.7845,14087.83,81455.867433,307,4957.89,28660.76391,202206
5.7836,5.7948,5.7772,5.7816,25145.12,145531.011896,437,5471.78,31655.782206,202206
5.7821,5.7928,5.78,5.7884,11446.65,66234.022674,334,4838.07,27994.715805,202206
5.7884,5.7977,5.7858,5.7952,13432.28,77798.368084,340,5285.59,30615.098481,202206
5.7945,5.8007,5.7802,5.7812,13098.46,75868.581361,319,4608.66,26693.815167,202206
5.7801,5.7983,5.78,5.7881,16978.05,98290.381951,361,6374.85,36899.781752,202206
5.7882,5.8093,5.7866,5.8001,16589.38,96164.878707,389,7473.31,43327.354983,202206
5.8008,5.822,5.8008,5.8112,17386.27,101076.317699,351,9276.78,53934.720359,202206
5.8111,5.813,5.7908,5.7914,15732.95,91297.096722,304,5580.93,32375.481072,202206
5.7907,5.8075,5.78,5.8055,19120.06,110805.612501,392,8293.25,48068.926795,202206
5.8041,5.811,5.7954,5.8026,15675.9,90991.116707,376,6555.66,38051.886433,202206
5.8014,5.8102,5.7883,5.7975,25583.04,148359.335968,530,9869.64,57228.702777,202206
5.7984,5.8034,5.7864,5.7939,16551.08,95894.466316,424,5778.06,33476.626397,202206
5.7938,5.7965,5.7821,5.7929,17302.0,100146.19448,289,4095.71,23707.059484,202206
5.791,5.7917,5.7789,5.7826,22000.45,127265.377882,437,6886.62,39840.146315,202206
5.7839,5.7942,5.7803,5.7906,32215.74,186465.138997,481,19523.27,112994.385808,202206
5.7902,5.7983,5.783,5.796,18689.49,108231.90847,380,9291.61,53811.91426,202206
5.7973,5.8071,5.7847,5.8004,24622.75,142788.955287,472,9873.98,57253.877782,202206
5.8,5.8069,5.793,5.7983,20458.91,118671.958996,347,8903.67,51643.477013,202206
5.7983,5.8368,5.7969,5.8342,38609.42,224693.03513,713,23922.59,139240.948958,202206
5.8342,5.8374,5.82,5.8359,51353.68,299234.86428,584,16982.61,98933.866034,202206
5.8358,5.8461,5.8316,5.834,24187.29,141194.127622,596,11293.05,65921.757479,202206
5.8345,5.8504,5.8323,5.8469,21383.06,124864.494725,408,12590.69,73522.090756,202206
5.8485,5.8655,5.8411,5.8572,25660.45,150276.1094,582,11692.02,68465.366664,202206
5.8571,5.8817,5.8569,5.8659,32159.39,188764.069377,599,15320.57,89943.250899,202206
5.8679,5.8693,5.8473,5.8522,22329.96,130801.982277,399,13127.0,76887.902647,202206
5.8516,5.8547,5.8328,5.8399,18065.64,105563.134647,410,7097.84,41477.209527,202206
5.8413,5.8472,5.8317,5.8337,14711.64,85926.407293,351,7427.56,43385.045752,202206
5.8352,5.8393,5.8118,5.8162,29119.39,169618.287665,455,9198.75,53574.909484,202206
5.8162,5.82,5.8054,5.8177,17372.22,100960.07379,421,7768.78,45146.759783,202206
5.8167,5.8183,5.8075,5.8119,18126.61,105351.88675,377,8353.11,48544.528392,202206
5.8119,5.8176,5.8044,5.8065,10123.1,58841.163738,216,5172.82,30065.597028,202206
5.8076,5.8237,5.8055,5.8234,11747.8,68348.415281,228,4398.56,25593.581339,202206
5.8239,5.8351,5.8203,5.8326,9945.71,57977.256818,235,3036.33,17699.50252,202206
5.8324,5.8383,5.8285,5.8375,16705.3,97435.925955,290,5640.27,32901.885621,202206
5.8392,5.8489,5.8322,5.845,21452.35,125350.128147,457,13997.36,81784.363195,202206
5.845,5.8488,5.83,5.8302,10479.13,61199.356345,281,3626.73,21177.496543,202206
5.8302,5.8442,5.829,5.8442,6850.15,39989.428692,174,4086.46,23859.592616,202206
5.8443,5.8456,5.8207,5.8212,7795.88,45469.573448,201,3536.33,20620.865374,202206
5.8214,5.8278,5.797,5.8066,12670.93,73678.532387,336,5641.97,32804.808888,202206
5.8072,5.8199,5.7984,5.8156,7905.63,45931.534403,184,4480.21,26027.171696,202206
5.8146,5.8146,5.799,5.8036,10938.84,63495.180668,232,5349.87,31048.420003,202206
5.8021,5.8088,5.7953,5.7994,15726.51,91251.888818,187,12048.27,69911.311005,202206
5.8004,5.8004,5.7688,5.7734,25042.09,144952.797535,388,6200.93,35854.014546,202206
5.7716,5.7811,5.7618,5.7702,12965.6,74813.380443,254,4641.79,26788.002634,202206
5.7732,5.7791,5.7704,5.7765,3055.25,17644.439221,118,1632.34,9426.504067,202206
5.7744,5.7794,5.761,5.7611,12218.75,70497.106245,292,5654.41,32623.892842,202206
5.761,5.761,5.7448,5.7479,24101.62,138655.028203,473,10006.31,57564.606775,202206
5.7449,5.7539,5.7407,5.7501,10395.23,59737.840914,291,5456.61,31357.762001,202206
5.7493,5.7547,5.7481,5.7506,4064.62,23374.125875,131,1905.61,10958.850025,202206
5.7512,5.7534,5.7266,5.7435,27115.02,155510.677616,424,18106.35,103803.629393,202206
5.7431,5.7431,5.7181,5.7303,17717.0,101505.203353,328,10598.8,60712.776757,202206
5.7282,5.7313,5.721,5.7286,8352.76,47836.39098,193,3440.37,19702.011126,202206
5.7288,5.7404,5.7235,5.7401,9052.81,51892.985359,278,5219.71,29919.175105,202206
5.7398,5.7487,5.739,5.7487,4665.87,26795.439779,181,2213.36,12711.187641,202206
5.7487,5.7536,5.7399,5.7526,7996.39,45964.387698,156,2273.82,13068.60725,202206
5.7522,5.7547,5.7356,5.7376,11880.46,68255.361672,272,6596.26,37910.769634,202206
5.7385,5.7509,5.7343,5.7498,13577.29,77993.494053,316,4562.94,26203.388186,202206
5.7498,5.7522,5.6743,5.6851,63194.26,360605.42368,1143,26394.11,150534.282918,202206
5.6855,5.7173,5.6611,5.7173,42986.12,244260.229738,1051,20845.05,118487.74471,202206
5.7165,5.7253,5.7,5.7175,22027.11,125850.74556,467,11893.29,67950.548754,202206
5.7152,5.7447,5.715,5.7257,25841.21,148082.099156,457,19318.34,110686.060943,202206
5.7295,5.7387,5.7099,5.7387,13016.39,74489.973501,339,7464.87,42705.547643,202206
5.7392,5.7435,5.7296,5.732,16906.48,97004.019276,304,7340.77,42121.123552,202206
5.7299,5.7366,5.7227,5.7349,14028.13,80339.281298,251,5864.72,33592.302273,202206
5.7367,5.7367,5.7259,5.7332,6186.45,35446.526377,163,2768.26,15858.969441,202206
5.7334,5.7348,5.725,5.7272,7508.25,43019.9304,152,2591.51,14846.661577,202206
5.7272,5.7313,5.7198,5.7213,17362.08,99427.695735,247,6039.92,34583.802719,202206
5.721,5.7472,5.7204,5.7472,7780.63,44578.34012,208,4901.07,28080.694178,202206
5.7479,5.75,5.7348,5.745,10522.4,60442.412058,280,4841.21,27802.139256,202206
5.7463,5.7493,5.7334,5.7451,17076.93,98013.980171,260,5377.54,30867.983775,202206
5.7454,5.7472,5.7374,5.7463,4073.5,23393.520168,137,2271.38,13044.814847,202206
5.7457,5.7582,5.7441,5.7582,11374.99,65402.119754,227,8972.7,51592.500569,202206
5.7583,5.77,5.7574,5.7659,8703.82,50179.917198,296,4638.97,26745.589354,202206
5.7656,5.7694,5.7555,5.7555,5583.06,32168.303488,148,2926.25,16859.814242,202206
5.7555,5.7564,5.747,5.7523,5071.42,29164.670107,148,2563.96,14745.601491,202206
5.752,5.7568,5.7437,5.7437,4186.95,24081.802497,132,1446.27,8318.169599,202206
5.7439,5.7443,5.7273,5.7289,4800.51,27538.0871,105,1000.33,5736.472506,202206
5.7283,5.7359,5.7251,5.7323,2507.01,14367.514882,74,441.46,2530.070313,202206
5.732,5.741,5.732,5.741,1136.36,6517.911552,45,635.78,3645.848013,202206
5.7432,5.7449,5.7278,5.7293,2352.0,13485.904305,78,1239.86,7106.494013,202206
5.7276,5.7336,5.7249,5.7301,6109.22,35005.21667,125,1269.84,7273.641949,202206
5.7301,5.7332,5.7151,5.7162,2946.06,16857.643689,124,1531.03,8761.697776,202206
5.715,5.7316,5.7128,5.7304,11504.52,65841.725077,296,6171.21,35315.905889,202206
5.7292,5.7365,5.721,5.7225,5830.15,33404.746436,161,3922.15,22474.386386,202206
5.7215,5.7281,5.7102,5.7106,3497.04,20002.675272,121,946.04,5411.760744,202206
5.7116,5.7346,5.7116,5.7336,6750.02,38640.968354,239,3720.25,21294.821984,202206
5.7332,5.7345,5.7154,5.7197,8975.98,51376.84928,215,4334.0,24803.927124,202206
5.7198,5.736,5.7198,5.736,7146.77,40935.317191,191,4420.73,25320.91219,202206
5.736,5.744,5.7268,5.7273,4662.09,26742.689362,149,1628.57,9339.476913,202206
5.7275,5.7346,5.7245,5.7338,5635.39,32277.713622,162,3118.8,17862.085885,202206
5.7341,5.7357,5.715,5.7307,6291.95,36019.814701,227,3093.21,17708.812466,202206
5.7295,5.7352,5.7164,5.7347,3348.01,19172.627022,124,1202.32,6883.037327,202206
5.7343,5.7384,5.7179,5.7284,3885.51,22268.241655,145,1553.91,8903.675323,202206
5.7274,5.7369,5.7168,5.7368,7586.02,43400.517952,155,3765.68,21543.576777,202206
5.7375,5.7375,5.7159,5.7227,4716.51,27001.794274,171,1722.24,9857.619982,202206
5.7235,5.7272,5.7117,5.7193,7322.51,41876.594742,170,4281.72,24491.778895,202206
5.7199,5.726,5.7046,5.7101,7274.91,41567.423549,187,2839.96,16227.202739,202206
5.7073,5.7201,5.6867,5.7173,21751.15,123976.416123,498,12970.89,73920.814695,202206
5.7173,5.7274,5.714,5.7234,6860.48,39249.310217,197,2722.59,15572.835231,202206
5.7237,5.7257,5.7067,5.7187,7072.45,40422.608211,169,3923.11,22419.027945,202206
5.7204,5.7352,5.7148,5.7351,7707.75,44134.563291,188,4585.47,26254.486087,202206
5.7358,5.7358,5.7125,5.7239,25295.43,144660.901439,213,12226.95,69913.314,202206
5.725,5.7307,5.72,5.7237,4550.95,26060.689267,135,1360.16,7786.5796,202206
5.7252,5.7329,5.7207,5.7208,5300.09,30352.809589,120,2023.64,11588.102069,202206
5.7211,5.7232,5.7074,5.7187,16008.51,91446.851879,208,10482.77,59866.602968,202206
5.718,5.7299,5.718,5.7214,6766.75,38736.244125,155,3364.04,19257.403495,202206
5.7212,5.7363,5.7096,5.7357,9646.17,55170.973645,254,4077.06,23321.810905,202206
5.7369,5.7421,5.717,5.7326,21416.72,122708.604386,327,5945.19,34064.438412,202206
5.7315,5.7315,5.6984,5.6984,19985.72,114199.266561,440,8487.13,48491.071214,202206
5.6982,5.6992,5.5137,5.575,333828.72,1869187.973626,5199,150392.63,840827.584975,202206
5.5747,5.6185,5.5743,5.6032,49131.25,274830.972122,1360,30064.92,168137.523193,202206
5.602,5.627,5.5934,5.6099,26402.0,148166.218853,619,13478.06,75639.833666,202206
5.6085,5.6085,5.5585,5.5686,75198.07,420066.910492,1195,28676.72,160110.784181,202206
5.5667,5.5911,5.5561,5.5897,38258.11,213059.327099,677,17942.88,99990.304362,202206
5.5915,5.6067,5.5752,5.6067,27688.24,154734.546996,473,16472.83,92059.227031,202206
5.605,5.6376,5.5997,5.6271,24662.72,138596.566786,459,12336.85,69348.665047,202206
5.6267,5.6309,5.6051,5.6163,18634.31,104650.582394,353,11123.67,62475.160754,202206
5.6155,5.6162,5.6032,5.6042,11400.07,63930.946637,270,5921.85,33206.666398,202206
5.6049,5.6372,5.6021,5.6304,16871.71,94810.471397,385,7469.31,41972.474833,202206
5.6295,5.6304,5.6056,5.6221,20406.07,114637.064369,382,11306.89,63512.260816,202206
5.623,5.623,5.6073,5.6211,13073.5,73405.799984,290,5444.39,30565.301495,202206
5.6197,5.6409,5.6096,5.6302,29568.01,166366.32309,578,14148.91,79621.930683,202206
5.6303,5.647,5.6212,5.6257,19486.91,109836.475732,446,11101.67,62573.247798,202206
5.6257,5.6382,5.6243,5.6358,6475.83,36469.29587,162,3428.5,19304.118492,202206
5.6369,5.6414,5.6271,5.6368,12006.76,67661.024523,203,8966.63,50531.169919,202206
5.6363,5.6378,5.6246,5.6307,10917.04,61467.421527,219,6628.84,37322.606188,202206
5.6297,5.6357,5.6241,5.6252,3668.45,20649.534734,99,1739.0,9788.214789,202206
5.6257,5.6294,5.6132,5.6239,13995.34,78661.20471,233,7073.0,39742.478629,202206
5.6223,5.6281,5.6125,5.6176,7146.57,40163.54755,167,2673.54,15025.342313,202206
5.6171,5.6275,5.6065,5.6118,5558.42,31236.045383,164,2462.16,13832.664131,202206
5.6111,5.641,5.611,5.6409,13531.85,76088.23794,231,9485.32,53337.251881,202206
5.6413,5.6475,5.6322,5.6322,5105.56,28801.332793,194,2424.46,13674.902819,202206
5.6321,5.6519,5.6321,5.6438,9434.01,53241.531122,267,5150.43,29065.177495,202206
5.6438,5.6636,5.6415,5.6636,4619.74,26114.844843,201,2523.76,14265.789608,202206
5.6624,5.6725,5.6471,5.6699,9921.08,56116.401758,307,5603.03,31693.777844,202206
5.6697,5.6791,5.6672,5.6693,15136.69,85883.500938,353,6481.58,36770.539468,202206
5.6706,5.6745,5.6581,5.6582,18169.1,102920.72551,278,12748.8,72216.976694,202206
5.6598,5.6691,5.654,5.6635,15990.15,90516.64343,243,9951.91,56330.149596,202206
5.6634,5.6813,5.6629,5.6743,8912.12,50562.406038,224,5261.73,29846.803489,202206
5.6762,5.677,5.6693,5.6736,4021.72,22815.985743,126,2464.03,13978.54955,202206
5.6743,5.68,5.6728,5.68,9227.83,52386.192584,188,5360.33,30428.367544,202206
5.6801,5.6838,5.6765,5.6832,4669.9,26527.273892,154,1752.43,9954.770122,202206
5.6833,5.7373,5.6828,5.7338,59868.01,342212.458935,1320,33561.99,191824.026038,202206
5.7327,5.7329,5.7038,5.7126,29674.66,169693.231419,649,12328.44,70492.473561,202206
5.7124,5.7167,5.7044,5.7073,7871.39,44955.445318,229,4181.71,23881.371636,202206
5.7117,5.7307,5.7096,5.723,9585.12,54842.301147,279,4054.04,23196.250589,202206
5.7259,5.7372,5.7231,5.7267,9158.79,52477.091026,225,4728.65,27089.827359,202206
5.7267,5.7346,5.7252,5.7335,6849.11,39231.716944,200,3416.38,19569.150596,202206
5.7327,5.7336,5.7211,5.7224,5987.93,34294.441531,156,2949.55,16890.501064,202206
5.7221,5.7247,5.7184,5.7231,10383.38,59414.527544,193,5562.73,31829.216263,202206
5.7221,5.7221,5.7154,5.7175,4787.95,27386.247568,107,1501.53,8587.932609,202206
5.7158,5.7188,5.7046,5.7051,8092.76,46218.089226,165,3229.5,18440.816337,202206
5.7051,5.7123,5.7035,5.7086,10782.94,61541.074894,171,3714.43,21197.481612,202206
5.7081,5.7085,5.6836,5.6862,12319.31,70125.156202,298,6257.89,35620.840987,202206
5.6843,5.6916,5.6717,5.6804,21485.8,122032.726232,308,9710.73,55157.933786,202206
5.6818,5.682,5.6718,5.6819,13497.48,76640.419826,266,3941.56,22379.726704,202206
5.6819,5.6843,5.6727,5.6727,15665.18,88980.015616,296,8348.63,47424.586999,202206
5.6727,5.6864,5.6714,5.6824,4629.48,26295.841239,160,2116.04,12016.021757,202206
5.6835,5.6938,5.6805,5.6902,5698.72,32414.844461,216,2216.28,12603.821034,202206
5.6883,5.6883,5.6716,5.6812,4680.52,26580.726363,153,2170.57,12329.127902,202206
5.6798,5.6891,5.6761,5.6836,6979.56,39670.119076,204,3952.95,22468.230206,202206
5.6853,5.687,5.68,5.6858,2378.5,13519.207339,70,1191.81,6773.28944,202206
5.6868,5.6922,5.6814,5.6853,8583.07,48810.874791,212,5554.32,31583.475089,202206
5.6831,5.6917,5.6737,5.6917,16635.79,94452.54713,194,6672.9,37887.625916,202206
5.6928,5.6977,5.6841,5.6918,20365.93,115960.084991,302,16139.95,91900.657671,202206
5.692,5.6971,5.6906,5.6953,3298.11,18779.039889,89,1448.74,8248.438393,202206
5.697,5.7157,5.6969,5.7112,7552.3,43093.258123,213,3365.91,19197.198967,202206
5.7131,5.7155,5.7042,5.7104,6283.46,35869.205769,137,3967.28,22643.271923,202206
5.7115,5.7224,5.711,5.7189,9309.9,53219.427962,281,3314.26,18947.967314,202206
5.7204,5.7286,5.708,5.7145,12580.95,71944.221778,256,4118.26,23553.558782,202206
5.7127,5.7144,5.7039,5.7097,4430.19,25295.261479,126,1918.87,10953.656659,202206
5.7096,5.7141,5.705,5.7131,4188.64,23917.80338,110,2509.89,14331.177,202206
5.7145,5.7249,5.7145,5.7229,3379.6,19332.42282,119,2560.5,14646.986929,202206
5.7229,5.7274,5.7221,5.7225,1852.39,10603.706332,55,514.85,2946.960442,202206
5.7236,5.7259,5.7196,5.725,2603.12,14898.971511,75,980.91,5613.44469,202206
5.7234,5.7346,5.7109,5.7212,8085.67,46309.019802,209,4311.53,24690.956777,202206
5.7221,5.7255,5.7108,5.7117,5310.37,30357.082179,124,2987.35,17075.7321,202206
5.7117,5.7202,5.707,5.711,5462.02,31217.875746,118,3727.22,21303.543284,202206
5.711,5.7182,5.7074,5.711,3488.92,19926.396185,110,1031.62,5891.395937,202206
5.7101,5.7115,5.7003,5.7041,3208.64,18312.331763,105,2092.43,11941.848614,202206
5.7031,5.7253,5.7011,5.7182,10618.28,60635.654581,240,4265.55,24356.84878,202206
5.7182,5.7343,5.705,5.7131,52122.22,298048.709064,601,20069.62,114779.599798,202206
5.7131,5.7177,5.7007,5.7078,9068.83,51786.210727,210,3391.43,19362.144393,202206
5.7083,5.717,5.7038,5.7107,7323.41,41818.38402,134,4680.98,26726.927689,202206
5.7108,5.7171,5.69,5.69,8594.0,48994.631782,230,4170.29,23773.63176,202206
5.6898,5.6985,5.6896,5.6956,6769.07,38527.620142,116,5356.71,30485.679864,202206
5.6958,5.6988,5.6835,5.6848,7638.13,43487.785948,159,2243.72,12772.118076,202206
5.6845,5.6877,5.6768,5.6872,8954.24,50894.898122,198,5779.42,32852.583418,202206
5.6872,5.6896,5.6809,5.6853,4842.72,27536.123047,111,2124.0,12076.902034,202206
5.6854,5.6922,5.6828,5.689,9889.62,56248.49785,186,6066.55,34503.661831,202206
5.6893,5.6991,5.6893,5.6947,2744.82,15633.716895,123,1011.99,5763.053324,202206
5.6947,5.703,5.6936,5.6989,4947.38,28195.478523,125,2987.7,17028.75867,202206
5.6978,5.6979,5.6814,5.6839,4307.55,24510.064047,117,1577.22,8976.063391,202206
5.6853,5.6954,5.6841,5.693,6677.85,37998.214195,182,3926.19,22340.556896,202206
5.6936,5.6974,5.6781,5.6802,10495.02,59725.094634,243,4626.35,26321.385445,202206
5.6815,5.6898,5.6791,5.6816,4282.72,24341.815864,136,1991.04,11315.228294,202206
5.6805,5.6821,5.6644,5.6664,14960.03,84867.622966,286,4549.09,25797.394417,202206
5.6678,5.6789,5.6678,5.6751,5232.24,29696.32527,126,3772.86,21412.401763,202206
5.6759,5.6807,5.6711,5.6778,12547.79,71227.859162,181,9918.0,56300.056876,202206
5.6766,5.6781,5.6642,5.6643,6180.08,35051.369213,160,2842.72,16121.798348,202206
5.6665,5.6751,5.6537,5.6539,12647.67,71656.567109,241,5607.44,31783.906616,202206
5.6563,5.6619,5.6421,5.6452,9875.84,55823.897556,259,2414.97,13651.764384,202206
5.6451,5.6643,5.6446,5.6611,7984.86,45160.193921,232,4343.24,24558.781768,202206
5.6611,5.6705,5.6602,5.6705,7963.87,45119.449771,222,4318.5,24463.732442,202206
5.6681,5.6798,5.6636,5.6636,7147.49,40530.032784,171,2989.0,16952.695247,202206
5.6653,5.6712,5.6629,5.6705,6654.92,37723.733315,110,2450.84,13891.851965,202206
5.6699,5.6699,5.6581,5.6624,4777.33,27054.727921,132,2277.58,12897.006958,202206
5.6617,5.6638,5.6543,5.6599,10448.02,59118.604788,207,4699.46,26588.986266,202206
5.6581,5.6658,5.647,5.6556,5404.1,30564.83509,189,2642.8,14942.664544,202206
5.6561,5.6561,5.6416,5.6455,16966.22,95770.1512,217,3895.62,21997.734626,202206
5.6446,5.6619,5.6445,5.6512,13721.06,77559.631679,289,5657.27,31968.837543,202206
5.6488,5.6589,5.6484,5.6509,6443.23,36428.053391,152,2854.03,16135.169042,202206
5.6512,5.6535,5.6386,5.6443,7917.49,44684.982559,171,5247.07,29609.804936,202206
5.6425,5.646,5.6365,5.6422,9132.75,51520.800443,186,3367.17,18993.703816,202206
5.6403,5.6434,5.6239,5.6329,15633.13,88110.591945,350,4598.89,25923.343551,202206
5.6307,5.6308,5.62,5.6216,11645.95,65534.678467,213,8142.67,45818.666888,202206
5.6204,5.6327,5.6136,5.6211,13877.05,78017.011108,360,7385.79,41513.960289,202206
5.6208,5.6221,5.5729,5.5768,36124.85,202252.935435,817,13045.85,73071.044507,202206
5.5767,5.6144,5.5739,5.6088,24222.42,135588.796293,540,12015.32,67243.308709,202206
5.6093,5.6232,5.6055,5.6232,12048.47,67626.263466,311,6905.61,38764.900787,202206
5.6233,5.6301,5.6137,5.6153,7682.99,43191.335385,226,4064.35,22847.617088,202206
5.6157,5.6162,5.5969,5.6106,12508.94,70104.334414,338,5810.94,32564.500186,202206
5.6112,5.6212,5.6064,5.6162,9503.21,53364.559353,222,5528.93,31048.740362,202206
5.6166,5.6234,5.5989,5.5989,14653.05,82219.345982,273,4831.91,27112.041493,202206
5.5978,5.6042,5.5631,5.5777,29703.93,165844.210932,647,13156.26,73483.600077,202206
5.5748,5.589,5.5747,5.5796,16765.49,93598.755892,253,11718.72,65418.832772,202206
5.5803,5.595,5.573,5.5867,19396.35,108297.213387,400,9419.86,52590.826654,202206
5.5866,5.5911,5.5795,5.5851,8638.18,48241.904921,265,4441.93,24804.138873,202206
5.5855,5.5928,5.5748,5.5912,11079.02,61860.041911,256,3481.1,19431.786359,202206
5.5928,5.5928,5.5683,5.5782,28030.02,156438.127927,485,9599.49,53553.005616,202206
5.5781,5.5886,5.5742,5.5867,8032.9,44834.390175,250,3771.45,21047.199151,202206
5.5875,5.616,5.5854,5.6013,16691.99,93462.822024,431,9845.59,55129.020856,202206
5.6005,5.6138,5.5939,5.6026,13446.85,75407.112965,283,5457.21,30595.991368,202206
5.6026,5.6064,5.5889,5.589,20321.68,113748.437952,241,7905.67,44234.834732,202206
5.589,5.5976,5.5853,5.5976,5635.45,31503.860214,157,3291.8,18401.955843,202206
5.5964,5.6161,5.5955,5.6094,12440.08,69794.17984,297,8390.03,47076.331375,202206
5.6094,5.6135,5.604,5.6079,3680.5,20640.669992,161,1762.18,9882.071119,202206
5.6079,5.6129,5.6033,5.612,6369.12,35718.859292,194,3404.71,19095.220317,202206
5.6122,5.6145,5.6,5.6025,9255.66,51895.952881,198,3526.33,19768.502463,202206
5.6043,5.61,5.6021,5.6065,6197.72,34745.429584,165,2670.14,14970.882294,202206
5.6061,5.6124,5.603,5.6057,6737.36,37775.416255,150,4285.21,24025.106036,202206
5.6061,5.6073,5.594,5.594,9427.96,52805.808156,166,3909.11,21900.471091,202206
5.5951,5.599,5.5914,5.5942,8636.35,48311.511994,194,1881.35,10525.357798,202206
5.5949,5.5955,5.5757,5.5853,22358.27,124777.782542,299,4241.7,23683.447373,202206
5.5855,5.6145,5.5855,5.6097,12714.72,71231.237157,320,5238.01,29333.64125,202206
5.6094,5.6196,5.6054,5.6097,11101.65,62292.56866,225,5488.26,30791.282235,202206
5.6096,5.6142,5.6055,5.6122,10399.44,58354.146594,179,2914.25,16350.271898,202206
5.6137,5.6146,5.6072,5.6123,5951.67,33391.091371,153,3295.41,18486.342255,202206
5.6137,5.6165,5.6051,5.608,5777.31,32415.738026,149,1534.66,8608.723069,202206
5.6071,5.6156,5.6043,5.6091,7465.62,41881.675707,186,2591.58,14536.465381,202206
5.6091,5.6175,5.6056,5.6158,10778.66,60487.829537,269,5454.98,30607.442406,202206
5.6173,5.6547,5.6172,5.6456,29252.34,165033.870045,531,20897.55,117910.296127,202206
5.6456,5.6499,5.6375,5.6436,8429.47,47571.98525,195,3901.82,22016.671691,202206
5.6435,5.6488,5.6322,5.6463,6727.28,37947.247652,169,3599.45,20303.802849,202206
5.6464,5.6729,5.6453,5.6622,27480.73,155452.917301,370,17928.61,101387.973589,202206
5.6634,5.681,5.6612,5.6707,36576.25,207538.277127,495,19012.63,107863.741754,202206
5.6682,5.6682,5.38,5.4604,644074.12,3549777.169621,8764,240490.41,1322758.557444,202206
5.4598,5.5429,5.446,5.5271,186951.17,1029903.016839,3078,90496.81,498191.352715,202206
5.5247,5.54,5.4792,5.4798,98056.33,540489.711385,1746,43286.65,238623.150235,202206
5.4839,5.5037,5.4667,5.4902,60052.89,329421.148777,1187,35017.4,192106.912214,202206
5.4899,5.4945,5.3929,5.4331,92916.94,505459.462535,1774,35093.43,190959.385083,202206
5.437,5.4381,5.3704,5.3754,95960.38,518767.972129,1500,27943.99,151084.495413,202206
5.3781,5.3893,5.3148,5.3845,157383.59,843427.368274,2792,64604.47,345981.293548,202206
5.3845,5.3905,5.3215,5.339,59145.06,316582.515925,1360,26731.76,143133.547229,202206
5.3403,5.3797,5.3403,5.3448,42303.47,226538.997733,892,24289.63,130077.929358,202206
5.3446,5.3599,5.3293,5.3312,49753.36,265999.428855,865,26593.99,142198.764778,202206
5.3313,5.3447,5.2809,5.303,103481.92,549314.587934,1860,38666.07,205209.61719,202206
5.3046,5.3186,5.242,5.2919,139096.12,733199.022288,2552,67680.68,356820.698496,202206
5.2929,5.3202,5.2232,5.2472,125494.21,663014.144579,2286,63832.5,337584.001983,202206
5.2478,5.2842,5.2345,5.2661,130515.58,686256.373412,1685,73779.6,387910.00537,202206
5.2643,5.325,5.2614,5.3248,62956.87,333662.766831,1275,33201.42,175997.895707,202206
5.3245,5.3411,5.2928,5.3027,63353.63,336848.558045,1222,37550.35,199589.879257,202206
5.3018,5.3039,5.2738,5.2789,45910.22,242655.339999,835,24144.66,127617.531171,202206
5.279,5.2852,5.2603,5.2748,31088.44,163938.668007,732,18211.31,96039.798763,202206
5.2759,5.2894,5.25,5.2873,56089.12,295207.097924,1104,29337.88,154429.446054,202206
5.2876,5.307,5.2809,5.2935,30631.17,162231.77309,716,17294.35,91594.980406,202206
5.2936,5.3047,5.2805,5.3022,37120.7,196347.503539,686,16067.78,85010.269171,202206
5.2999,5.3394,5.296,5.3391,32252.26,171752.860389,720,17949.75,95581.953231,202206
5.3385,5.3422,5.3261,5.3387,25842.4,137826.438665,563,13426.2,71600.315659,202206
5.3375,5.3538,5.3337,5.3444,24038.99,128463.008044,516,12756.19,68168.571165,202206
5.3441,5.4,5.3415,5.3918,61218.11,329257.542894,1020,37632.69,202273.324622,202206
5.3934,5.4111,5.39,5.406,24983.06,134861.910734,655,13711.6,74017.662804,202206
5.4053,5.4119,5.3835,5.4067,31523.83,170069.579532,587,13465.66,72662.786097,202206
5.4074,5.4425,5.4043,5.4424,32224.01,174528.299167,644,15414.36,83499.175032,202206
5.4403,5.4657,5.3776,5.3779,110062.02,598155.556968,1775,49212.32,267414.147321,202206
5.3804,5.3816,5.3557,5.3618,20916.0,112256.30745,512,12339.53,66216.579453,202206
5.3599,5.3809,5.3497,5.3644,18882.55,101341.674151,494,8803.02,47238.252087,202206
5.3641,5.3646,5.3417,5.3484,15785.36,84523.611312,378,5856.37,31332.842089,202206
5.3482,5.349,5.329,5.3367,13508.58,72126.822637,357,7619.11,40675.25896,202206
5.3367,5.3392,5.3164,5.3374,18303.31,97515.72382,412,11691.75,62290.48239,202206
5.3375,5.347,5.3144,5.3149,15638.74,83299.623083,361,6235.29,33221.135437,202206
5.3148,5.3318,5.3105,5.321,17392.47,92534.94315,359,10671.44,56774.861388,202206
5.32,5.3357,5.3125,5.3349,13754.1,73202.458433,430,6653.46,35410.599149,202206
5.3358,5.3365,5.3172,5.33,19204.09,102301.460608,338,7766.1,41358.634566,202206
5.3287,5.3471,5.327,5.3331,8219.88,43850.485454,271,5189.17,27678.642832,202206
5.3337,5.3563,5.3285,5.3297,30565.7,163391.256125,484,19660.78,105108.623888,202206
5.3292,5.3373,5.3265,5.3275,11901.67,63454.856552,270,6444.19,34363.97632,202206
5.3272,5.3463,5.3252,5.34,11137.53,59432.224221,241,5241.55,27970.074302,202206
5.3399,5.3455,5.3185,5.3221,23433.8,124920.048024,483,12981.73,69171.956383,202206
5.3201,5.3425,5.3153,5.3153,16422.46,87551.997712,314,6687.02,35642.499819,202206
5.3155,5.3199,5.2772,5.2901,52000.89,275501.562991,881,25268.79,133941.806099,202206
5.2879,5.2994,5.2825,5.2891,14399.52,76174.805268,286,9902.97,52387.524628,202206
5.2892,5.3058,5.2809,5.2832,19578.05,103692.767341,433,11314.18,59906.680795,202206
5.283,5.2865,5.1648,5.1997,251327.43,1308028.828516,3582,94278.2,490708.863474,202206
5.1988,5.2386,5.1823,5.1936,107344.1,559004.541237,1925,48226.69,251398.328274,202206
5.1923,5.208,5.1605,5.1623,58849.72,305136.484334,1044,30885.72,160188.120836,202206
5.164,5.2018,5.1566,5.1841,63914.7,330910.653657,1268,28440.74,147255.891481,202206
5.1849,5.2095,5.1742,5.1978,39658.77,205790.279097,801,19956.25,103549.297255,202206
5.1977,5.2075,5.1712,5.203,70498.3,365726.833935,993,31815.0,165094.397598,202206
5.2041,5.2231,5.184,5.2126,51111.27,266042.298288,976,22167.77,115420.508564,202206
5.2125,5.2204,5.1952,5.2127,60960.71,317541.898661,1041,25330.77,131968.942024,202206
5.2111,5.221,5.1924,5.1928,40027.92,208441.187146,737,18837.49,98099.744505,202206
5.1938,5.2052,5.1797,5.1969,41038.08,213035.664776,826,17818.0,92511.094528,202206
5.1969,5.225,5.1898,5.2217,34954.18,181966.039833,638,13678.95,71235.424163,202206
5.2227,5.2299,5.2111,5.2283,13908.57,72578.977192,415,7677.39,40057.801592,202206
5.228,5.26,5.2251,5.2444,44584.11,233930.589132,822,22826.47,119774.251361,202206
5.2466,5.2476,5.2105,5.2134,32240.5,168593.430144,656,14265.92,74599.009798,202206
5.2136,5.2279,5.212,5.2279,14686.85,76661.17981,410,6581.92,34359.241213,202206
5.2295,5.2299,5.212,5.217,11814.57,61650.879966,345,6030.08,31464.943399,202206
5.2169,5.2275,5.2061,5.218,15971.54,83293.639214,372,9967.82,51975.547715,202206
5.2181,5.2273,5.2048,5.2085,11188.51,58340.587895,319,5915.7,30841.309562,202206
5.2078,5.2102,5.1963,5.2003,16146.91,84003.380188,285,9710.04,50506.849448,202206
5.1999,5.2078,5.1893,5.2069,13555.89,70492.151893,376,6413.41,33349.152496,202206
5.2055,5.22,5.1943,5.2038,28732.12,149697.900097,406,14440.78,75238.504872,202206
5.2025,5.2113,5.1802,5.2098,47844.15,248320.196573,602,17772.36,92339.487203,202206
5.2072,5.2249,5.2018,5.2181,9250.09,48244.688905,270,4419.14,23046.080261,202206
5.2179,5.224,5.2051,5.217,11611.31,60566.975029,266,7202.27,37568.463347,202206
5.2173,5.2248,5.2039,5.2099,28066.43,146347.507251,367,10553.34,55037.491245,202206
5.2095,5.2194,5.208,5.21,5945.1,30989.365759,154,2904.56,15138.75607,202206
5.2102,5.2154,5.1962,5.1996,9748.72,50727.561963,277,4395.29,22874.071563,202206
5.1982,5.2002,5.184,5.1902,12540.08,65123.066416,338,5352.79,27795.980373,202206
5.1918,5.2016,5.1889,5.1995,8010.72,41619.535344,266,3828.4,19893.065725,202206
5.1998,5.2021,5.1832,5.1853,7330.74,38068.702461,270,3794.16,19702.682932,202206
5.1852,5.2181,5.1835,5.2045,18367.58,95568.518774,392,9227.46,48014.209007,202206
5.2051,5.2078,5.1839,5.1864,9239.4,47999.681047,290,5629.3,29245.203792,202206
5.1869,5.1872,5.172,5.1834,14754.06,76402.470848,421,5907.02,30587.464127,202206
5.182,5.2016,5.182,5.1973,18070.25,93821.832964,423,7896.03,40993.106153,202206
5.1961,5.1978,5.1851,5.1879,7227.58,37517.357928,194,1970.3,10225.969114,202206
5.1889,5.1989,5.1664,5.1989,14900.26,77197.5183,436,7364.58,38164.069551,202206
5.1991,5.2483,5.1985,5.2101,19442.57,101626.448034,474,11414.59,59664.408243,202206
5.2101,5.2378,5.2015,5.2276,13777.04,71929.663338,298,6614.91,34534.665314,202206
5.2269,5.2367,5.2165,5.221,12851.65,67145.282862,268,8201.13,42841.817142,202206
5.2201,5.2261,5.2119,5.2159,14780.53,77099.397323,281,4465.87,23298.286808,202206
5.2167,5.2207,5.2022,5.2031,11758.85,61238.024808,359,5301.85,27612.218223,202206
5.2027,5.2136,5.1902,5.194,13946.63,72534.899108,383,6844.43,35585.722503,202206
5.1949,5.2037,5.1883,5.1891,15235.18,79155.524644,300,7858.46,40834.143658,202206
5.1904,5.223,5.1847,5.223,18946.14,98728.155522,424,9907.71,51633.979499,202206
5.223,5.223,5.2115,5.2156,12200.7,63614.245964,211,4552.87,23736.472374,202206
5.2158,5.2301,5.2115,5.2203,10265.81,53597.643988,263,4962.57,25909.176447,202206
5.2203,5.2291,5.2203,5.2265,6656.54,34783.525967,187,2781.31,14532.280246,202206
5.2264,5.2445,5.221,5.226,14083.55,73691.244089,339,8889.36,46521.455066,202206
5.2262,5.2374,5.2224,5.2273,6141.59,32115.448247,179,4190.24,21909.337752,202206
5.2265,5.2366,5.2265,5.2365,8206.94,42947.72433,166,5335.66,27923.630214,202206
5.2373,5.2531,5.2337,5.2485,11509.16,60321.415283,307,6220.79,32603.109487,202206
5.248,5.2502,5.2371,5.2375,8950.19,46920.617866,241,4703.42,24655.93297,202206
5.2374,5.2482,5.2288,5.2323,9004.13,47165.113673,231,3385.9,17733.089551,202206
5.2312,5.2399,5.2294,5.2378,7117.79,37266.835415,208,3364.96,17616.566278,202206
5.2361,5.2363,5.226,5.2273,13909.65,72744.501744,254,3995.41,20897.182034,202206
5.2254,5.234,5.224,5.2267,4381.32,22904.317022,117,2255.38,11790.369156,202206
5.2241,5.2295,5.22,5.2294,3207.76,16754.477791,98,1400.17,7312.952697,202206
5.2294,5.2369,5.2232,5.2232,6557.97,34309.204699,202,2867.12,15003.13019,202206
5.2231,5.2244,5.2199,5.2235,4521.39,23612.889964,141,2491.9,13014.455084,202206
5.2235,5.2247,5.2209,5.2214,1406.47,7346.273391,56,497.63,2599.214446,202206
5.2214,5.2297,5.2213,5.226,6215.35,32480.57014,131,2931.45,15318.590374,202206
5.226,5.2303,5.2234,5.2234,2981.8,15587.500353,82,570.69,2983.883315,202206
5.2234,5.227,5.2231,5.2253,2407.57,12579.828759,92,1465.7,7658.487508,202206
5.225,5.2486,5.2241,5.2482,6538.23,34216.69547,177,4577.43,23947.596968,202206
5.2482,5.2483,5.2324,5.2437,8044.92,42124.07459,121,3780.08,19791.506573,202206
5.2439,5.2803,5.2439,5.2719,15114.51,79622.841813,306,11549.34,60833.656853,202206
5.2722,5.2725,5.2554,5.2666,9082.3,47788.747616,191,5775.56,30381.462866,202206
5.2647,5.2914,5.2647,5.29,16855.88,89058.794885,366,10313.74,54487.863258,202206
5.2901,5.2901,5.28,5.2883,7289.12,38520.510495,113,6305.14,33320.051978,202206
5.286,5.286,5.2752,5.2782,6461.99,34113.865093,187,3314.78,17497.633871,202206
5.2767,5.2846,5.2747,5.2817,18513.46,97755.349116,215,15615.65,82452.123417,202206
5.2846,5.2876,5.2573,5.2628,13204.3,69566.183528,255,5452.07,28713.443377,202206
5.2604,5.2619,5.2351,5.2351,31644.87,166117.692353,319,8038.33,42226.006165,202206
5.2351,5.2381,5.2189,5.226,9353.43,48870.675361,203,4446.36,23232.471369,202206
5.226,5.2447,5.226,5.239,39719.88,208179.802828,348,7991.01,41850.675061,202206
5.2406,5.2428,5.2285,5.231,10952.93,57346.040316,205,7093.3,37134.658039,202206
5.2315,5.2509,5.2315,5.248,6866.38,35977.216764,139,4944.74,25909.039569,202206
5.2478,5.2562,5.238,5.238,26843.56,140836.206099,373,6661.35,34956.486876,202206
5.2389,5.2408,5.2327,5.2338,6596.46,34545.162706,103,3944.79,20660.066023,202206
5.2329,5.2329,5.2232,5.2276,11011.98,57567.114991,240,6068.87,31728.275163,202206
5.2263,5.2446,5.2235,5.2318,9784.5,51234.436695,219,3694.95,19339.51103,202206
5.2322,5.2436,5.2234,5.2436,8887.46,46505.617736,210,5176.31,27089.624483,202206
5.2414,5.2414,5.218,5.2376,9855.87,51561.742084,250,4713.75,24656.145766,202206
5.2365,5.238,5.13,5.1335,80320.57,416207.440404,1252,22014.12,114274.659063,202206
5.1375,5.2101,5.12,5.1869,75740.48,391409.863107,1286,51055.48,263699.365114,202206
5.1887,5.1984,5.1851,5.1866,15880.46,82417.469421,280,6343.43,32925.105154,202206
5.185,5.185,5.1646,5.1758,20506.51,106066.866641,292,13683.94,70778.046422,202206
5.1776,5.1841,5.1616,5.1733,15897.32,82201.64568,325,8067.86,41727.244548,202206
5.1746,5.1844,5.1528,5.173,23800.52,122999.346964,484,10015.44,51773.339244,202206
5.1734,5.1809,5.1658,5.176,9390.76,48568.233613,207,4942.23,25557.671729,202206
5.1766,5.1809,5.1663,5.1765,8849.0,45782.992288,203,4608.22,23840.507531,202206
5.1763,5.1884,5.1565,5.1725,19186.73,99184.505665,390,9835.29,50835.259561,202206
5.1728,5.1961,5.1703,5.1949,7949.41,41165.697832,155,3615.12,18727.751533,202206
5.1941,5.2081,5.194,5.2038,13711.86,71298.132112,232,6667.55,34672.986566,202206
5.2035,5.2205,5.1951,5.2205,9749.82,50752.176342,255,6091.82,31705.97385,202206
5.2207,5.234,5.2207,5.2298,9295.86,48588.165108,212,4492.82,23482.065924,202206
5.2307,5.2372,5.2255,5.2286,8006.29,41875.917438,166,4065.29,21256.688331,202206
5.2249,5.2461,5.2155,5.2269,25607.09,133992.110249,337,7406.95,38732.69155,202206
5.2272,5.2704,5.2265,5.2704,20774.39,109173.014231,423,13888.44,72976.723231,202206
5.271,5.2837,5.2684,5.2752,41093.41,216807.536398,395,22685.48,119684.286344,202206
5.2759,5.2789,5.2643,5.2674,7310.34,38520.494733,155,4068.37,21437.762846,202206
5.2644,5.2648,5.2556,5.2608,4649.69,24460.596306,137,2794.81,14702.008656,202206
5.2606,5.2686,5.26,5.2652,3586.58,18880.999573,93,2356.07,12401.043072,202206
5.2643,5.286,5.2641,5.27,15676.92,82699.892759,345,6445.15,34006.791902,202206
5.27,5.2755,5.2608,5.2661,13075.27,68868.96527,189,9406.23,49536.627494,202206
5.2662,5.2662,5.2502,5.259,14836.47,77986.901207,209,5970.54,31382.914079,202206
5.261,5.261,5.2502,5.2527,9164.08,48137.19427,135,5161.22,27114.360272,202206
5.2543,5.2573,5.2503,5.2524,6566.88,34502.525845,123,3649.59,19174.599541,202206
5.2539,5.2683,5.2448,5.2659,17373.68,91279.153614,276,9092.44,47785.93837,202206
5.2669,5.276,5.2552,5.2678,8397.04,44216.01327,177,5141.61,27076.171889,202206
5.2689,5.272,5.2601,5.2682,6827.64,35943.91017,120,2944.15,15501.415127,202206
5.2705,5.2804,5.2669,5.2721,3486.01,18390.131368,78,922.93,4867.622477,202206
5.2745,5.2809,5.2723,5.2809,1560.78,8236.33154,55,640.86,3382.464003,202206
5.2796,5.2796,5.2536,5.2675,12333.74,64949.382339,227,6760.97,35594.967036,202206
5.267,5.268,5.258,5.2614,4185.93,22028.450276,99,2135.96,11240.643122,202206
5.2614,5.2662,5.2579,5.2589,1993.0,10485.366202,49,1003.11,5278.416842,202206
5.2595,5.2599,5.2493,5.2513,8845.57,46474.579114,199,2686.68,14117.920521,202206
5.2517,5.2598,5.2511,5.2553,10670.75,56089.713598,155,5302.13,27868.845906,202206
5.253,5.2594,5.2497,5.2568,43438.81,228223.726862,334,36891.58,193817.599712,202206
5.2559,5.2988,5.2272,5.2706,101352.15,532871.314579,1060,51316.39,269793.820531,202206
5.2706,5.276,5.2601,5.2755,21746.25,114584.772097,333,13061.14,68807.941697,202206
5.2745,5.2755,5.26,5.2603,11987.89,63130.72267,141,4719.98,24849.552267,202206
5.2618,5.2712,5.2618,5.2701,7380.41,38888.458184,112,5832.26,30731.131782,202206
5.2714,5.2804,5.2714,5.2786,12245.47,64622.861932,154,5033.61,26566.25417,202206
5.2786,5.2786,5.271,5.2752,9676.99,51047.887989,117,2931.27,15462.552527,202206
5.2723,5.2891,5.265,5.2891,5680.54,29974.986835,161,3462.82,18272.134798,202206
5.2891,5.29,5.2833,5.2894,2280.12,12057.573217,82,1171.78,6196.927296,202206
5.2915,5.2936,5.2888,5.2931,4233.93,22401.863894,84,2306.22,12201.785812,202206
5.2932,5.3059,5.2932,5.2972,7181.23,38058.690273,169,4301.84,22798.577726,202206
5.2962,5.3013,5.2907,5.2924,8062.5,42717.816826,105,3104.22,16445.280122,202206
5.2908,5.293,5.2849,5.2853,9539.89,50453.971853,110,6168.04,32624.39134,202206
5.2846,5.288,5.2812,5.2842,3844.11,20312.379267,73,3265.55,17255.176816,202206
5.2839,5.2913,5.2795,5.2825,8502.23,44928.393653,168,2593.86,13707.70409,202206
5.2822,5.2888,5.2822,5.2877,2468.74,13047.879897,81,1473.62,7789.043161,202206
5.2876,5.2878,5.2689,5.2689,12530.75,66184.569552,283,5239.77,27681.806032,202206
5.269,5.2794,5.2679,5.2726,14694.74,77491.550742,342,8169.4,43077.068673,202206
5.2728,5.2729,5.2584,5.2594,12187.13,64168.269579,277,4341.24,22858.583083,202206
5.2611,5.2708,5.2593,5.2675,15817.42,83270.804851,296,7036.03,37039.793967,202206
5.267,5.2729,5.2607,5.2624,10390.96,54727.623654,286,3886.46,20468.897588,202206
5.2624,5.2815,5.2624,5.2703,11290.74,59552.950513,336,5344.21,28180.095093,202206
5.2703,5.2856,5.2626,5.2848,9388.7,49494.316971,280,3628.55,19124.156267,202206
5.2835,5.2871,5.2677,5.2845,31179.14,164528.515513,451,19062.97,100581.483004,202206
5.2852,5.2894,5.2756,5.2894,10279.42,54300.531722,281,4034.98,21310.64814,202206
5.2894,5.3,5.285,5.2963,12594.27,66643.663704,376,5880.62,31120.290363,202206
5.2969,5.3015,5.2918,5.2949,20146.45,106698.686959,415,10828.44,57355.541005,202206
5.2948,5.2984,5.2879,5.2904,8684.9,45973.02892,214,3693.87,19553.44793,202206
5.2908,5.298,5.2893,5.2943,5422.67,28712.304684,132,3628.21,19212.016988,202206
5.2939,5.3092,5.2936,5.3045,7832.75,41533.864206,207,4658.28,24696.259336,202206
5.3037,5.3255,5.3011,5.3241,14471.06,76906.286084,375,8674.68,46105.341197,202206
5.3246,5.3486,5.3241,5.3394,115469.85,615606.890268,978,42446.71,226304.547797,202206
5.3399,5.3484,5.3323,5.3334,14027.43,74946.973422,330,8372.17,44733.332513,202206
5.3334,5.3432,5.3271,5.331,6747.2,35988.779088,161,5098.0,27191.783761,202206
5.3311,5.3482,5.3276,5.3447,14334.07,76555.013231,223,11318.95,60462.392011,202206
5.3451,5.3459,5.3265,5.3286,6003.61,32032.890204,131,1684.14,8984.355029,202206
5.3274,5.3274,5.3021,5.3045,11616.56,61725.396551,234,5139.41,27312.85313,202206
5.3048,5.3092,5.2888,5.2911,5973.83,31637.271185,154,2210.73,11706.739863,202206
5.2943,5.2996,5.2864,5.2996,6580.65,34830.678755,157,2189.92,11593.647229,202206
5.2984,5.2984,5.2857,5.2954,9667.53,51143.033814,140,5006.67,26474.200409,202206
5.2951,5.2979,5.2902,5.2979,8109.21,42929.59645,120,1965.23,10402.214102,202206
5.2971,5.2992,5.2731,5.2816,8540.88,45169.646571,254,3168.62,16747.353261,202206
5.2823,5.2948,5.2809,5.2809,6297.59,33304.377914,136,3993.86,21122.273006,202206
5.2805,5.2819,5.2554,5.2658,29483.38,155265.626766,500,13680.06,72052.222108,202206
5.2649,5.275,5.2604,5.2669,7416.38,39076.880791,137,1466.25,7719.69781,202206
5.2657,5.2746,5.2611,5.2746,7376.44,38851.928656,160,3695.86,19462.574238,202206
5.2738,5.275,5.2644,5.269,10397.69,54802.851742,203,2674.78,14093.567866,202206
5.2689,5.2743,5.2672,5.2707,4569.27,24084.293168,117,2062.02,10866.917516,202206
5.2695,5.2883,5.2693,5.2793,3418.39,18047.407179,117,2198.68,11607.282395,202206
5.2798,5.2843,5.2739,5.2833,2983.23,15750.654933,78,1097.24,5793.220873,202206
5.282,5.2886,5.2757,5.2765,4356.11,23012.123703,102,1503.83,7942.084808,202206
5.2776,5.2815,5.2657,5.2664,6376.04,33626.506317,132,2669.45,14076.012538,202206
5.2664,5.2844,5.2664,5.2765,6775.18,35754.7933,129,4358.97,22998.187321,202206
5.278,5.278,5.2644,5.2714,3420.33,18032.068129,95,1621.68,8547.606047,202206
5.2683,5.2759,5.2683,5.2716,4631.56,24419.541268,117,1916.64,10104.850153,202206
5.2705,5.2705,5.2634,5.2647,5878.09,30955.21842,96,2117.86,11152.838795,202206
5.2644,5.2737,5.2623,5.2692,15878.13,83618.063086,175,6192.72,32622.532737,202206
5.2698,5.2862,5.268,5.2855,5845.71,30847.337961,151,2185.25,11530.809917,202206
5.2857,5.2857,5.2712,5.2772,8959.86,47307.123016,140,3698.08,19524.834729,202206
5.2772,5.279,5.2685,5.2708,5128.8,27034.372535,90,1546.84,8157.574006,202206
5.2708,5.293,5.267,5.2898,12699.0,67114.560835,220,4440.89,23466.558404,202206
5.2902,5.3099,5.2901,5.3091,15096.51,80042.077665,283,8930.95,47349.678015,202206
5.3099,5.3099,5.2938,5.2984,13117.66,69506.06827,238,4896.52,25943.770992,202206
5.2987,5.3242,5.2987,5.3186,32682.92,173691.45711,456,23223.13,123428.144839,202206
5.3195,5.3365,5.31,5.3305,40295.55,214502.297505,601,29662.15,157894.698368,202206
5.3317,5.3471,5.3276,5.3305,24692.52,131843.797238,405,14904.58,79588.645461,202206
5.331,5.3328,5.3123,5.314,9547.28,50780.436922,232,3148.57,16745.57166,202206
5.3141,5.3226,5.3109,5.319,6413.6,34096.963533,166,3153.12,16758.866771,202206
5.3183,5.3468,5.3133,5.339,15488.62,82655.349484,322,8644.52,46125.014181,202206
5.3382,5.3449,5.3341,5.3369,26567.86,141856.564832,424,10731.39,57304.08757,202206
5.3363,5.3461,5.3314,5.3353,14508.63,77478.117407,289,5667.13,30261.760439,202206
5.3344,5.3403,5.3281,5.3337,34268.47,182772.083417,406,12090.98,64495.42371,202206
5.3324,5.3387,5.3261,5.3378,23991.78,127914.626166,302,15244.82,81288.622435,202206
5.3386,5.3851,5.3223,5.3621,36217.97,194042.594673,751,16259.17,87163.33506,202206
5.3614,5.3778,5.3553,5.364,19462.35,104467.970923,357,9613.58,51611.257293,202206
5.3627,5.367,5.3487,5.3554,12278.98,65777.014174,270,5836.78,31262.326357,202206
5.3555,5.3614,5.2988,5.3298,97564.59,519842.260567,1572,40204.27,214126.9296,202206
5.3283,5.3378,5.2882,5.3145,106642.22,566897.352677,1374,54545.29,290037.873733,202206
5.3138,5.3446,5.3081,5.3446,78073.03,415883.294257,1092,41606.43,221658.083435,202206
5.3429,5.3572,5.3389,5.3572,24837.59,132765.481728,443,9175.35,49059.284106,202206
5.3573,5.3631,5.3191,5.3196,98440.89,526434.928867,1174,33038.58,176730.601471,202206
5.3196,5.4183,5.304,5.4056,335133.98,1790645.430268,4614,163900.52,875952.298407,202206
5.4071,5.4759,5.3722,5.4573,199689.96,1081421.238785,2701,92699.49,502531.123705,202206
5.4548,5.4621,5.4249,5.4296,85148.45,463613.145469,1211,32759.75,178361.538245,202206
5.4316,5.4699,5.4241,5.461,64882.66,353085.104826,1104,28520.93,155202.426029,202206
5.4614,5.5457,5.4545,5.4885,106457.73,584491.835189,1796,54542.29,299309.223699,202206
5.4887,5.502,5.4747,5.4761,48971.45,268615.747945,948,25537.83,140086.330609,202206
5.4781,5.479,5.4411,5.4515,79375.1,433172.620871,1125,34189.59,186567.096471,202206
5.4523,5.5525,5.4502,5.5503,122713.07,676012.687797,1701,81402.64,448776.880736,202206
5.5493,5.5955,5.5107,5.5404,103201.84,573009.327864,1789,45454.32,252374.964539,202206
5.5399,5.5434,5.5092,5.5277,47174.32,260706.97109,726,24401.62,134834.254558,202206
5.5278,5.532,5.4845,5.499,46763.0,257625.936028,668,18868.27,103914.408864,202206
5.499,5.5032,5.463,5.4653,37142.03,203571.723357,740,14816.98,81219.949966,202206
5.4674,5.4797,5.4528,5.4652,57483.83,314189.207236,941,23683.41,129443.324455,202206
5.465,5.4787,5.4339,5.4695,62690.84,342315.652853,998,27485.27,150006.464788,202206
5.4697,5.4719,5.4325,5.4354,47509.95,258826.842043,753,17703.91,96422.023459,202206
5.438,5.4516,5.4371,5.4417,31408.45,171060.809149,422,16799.54,91502.970714,202206
5.4415,5.4419,5.4188,5.4243,21913.96,119007.526737,420,7464.49,40521.896867,202206
5.4211,5.4266,5.4169,5.4172,17781.48,96405.731402,350,8115.39,43995.472257,202206
5.4163,5.4577,5.4135,5.4577,31549.54,171171.845007,622,12465.36,67652.245547,202206
5.4584,5.4815,5.4583,5.4639,35155.91,192234.151085,536,18919.96,103449.3447,202206
5.4651,5.4722,5.4583,5.4663,26995.04,147536.773342,398,13009.18,71105.412676,202206
5.4654,5.4929,5.4507,5.4616,45400.78,248423.692409,808,17768.98,97231.686466,202206
5.4624,5.4655,5.4365,5.4371,35140.39,191380.504878,499,12959.88,70606.11906,202206
5.4369,5.4545,5.4358,5.451,75253.52,409682.511797,1253,36578.4,199114.305651,202206
5.4502,5.4502,5.3626,5.4052,108924.71,588155.264426,2137,43709.01,235771.275647,202206
5.4066,5.4073,5.3635,5.3637,65965.33,354797.464583,1046,24619.56,132421.676399,202206
5.3637,5.3755,5.3485,5.3485,54918.82,294539.623584,893,32088.25,172066.962939,202206
5.3485,5.3539,5.2834,5.2962,89464.97,475840.586478,1523,47013.3,250123.971729,202206
5.2964,5.2978,5.2058,5.2168,172099.99,903346.856759,2404,66645.8,349594.049999,202206
5.2165,5.2457,5.2035,5.2063,42581.87,222535.443012,745,23624.11,123490.473726,202206
5.2049,5.2348,5.2049,5.2183,37094.73,193742.529248,763,17619.91,92029.132067,202206
5.218,5.2212,5.1503,5.1802,143441.45,743812.815465,2219,53192.39,275882.455281,202206
5.1803,5.209,5.1773,5.2027,42001.25,218077.664014,923,20709.11,107519.580857,202206
5.2039,5.212,5.1769,5.1832,35787.59,186097.716514,637,18087.21,94044.163275,202206
5.185,5.2025,5.1754,5.1799,27687.52,143546.422153,581,14392.45,74607.121184,202206
5.1798,5.1875,5.1669,5.1761,35371.51,183107.187686,603,17725.75,91767.692783,202206
5.1781,5.2304,5.1751,5.2173,75544.89,393398.142702,1246,40343.3,209923.997973,202206
5.2161,5.2266,5.2,5.2,11866.11,61877.74984,330,5589.74,29146.746647,202206
5.2002,5.2176,5.19,5.2056,17304.17,90053.301211,390,9547.18,49675.513737,202206
5.2032,5.218,5.1967,5.1972,15643.72,81459.73876,369,6675.84,34763.243153,202206
5.1972,5.1972,5.1704,5.1747,19118.74,99081.56257,391,7753.82,40160.364138,202206
5.1758,5.194,5.1743,5.1913,37899.3,196253.246024,420,21314.19,110346.1302,202206
5.1896,5.1924,5.0644,5.0936,153285.33,783257.638936,2715,58722.25,299840.438545,202206
5.092,5.1078,5.0731,5.0957,57076.89,290640.883384,1128,25727.76,131017.500983,202206
5.0965,5.0965,5.0416,5.0812,116065.63,588199.653896,1873,59101.61,299606.846499,202206
5.0807,5.0809,5.0438,5.0754,58644.25,296924.625279,1206,24325.93,123202.128646,202206
5.0773,5.0808,5.0517,5.0571,27077.2,137241.41763,579,10462.86,53033.073707,202206
5.0553,5.0817,5.0027,5.0121,117534.81,591625.807133,1902,43185.52,217394.97775,202206
5.013,5.0833,5.0115,5.0533,97790.06,494333.798735,1672,54767.77,276827.508168,202206
5.0529,5.0795,5.0154,5.0795,208785.0,1052751.97805,2279,109823.43,553821.081483,202206
5.0809,5.1455,5.0798,5.1265,84273.79,431227.881608,1296,48604.15,248639.559965,202206
5.1272,5.1487,5.1096,5.1363,68049.18,349496.483878,934,33774.26,173403.871952,202206
5.1347,5.1491,5.0998,5.107,104217.32,533170.842133,877,33625.41,172144.620569,202206
5.1087,5.1087,5.0885,5.104,73895.54,376892.945916,732,46873.12,239097.502756,202206
5.1032,5.1498,5.0997,5.1244,80761.57,413218.218197,1040,31258.68,160218.561658,202206
5.1249,5.1284,5.0938,5.1012,20559.82,105025.032867,448,10878.37,55566.248924,202206
5.1027,5.1059,5.0731,5.0799,24380.33,123958.562915,430,6956.98,35381.873249,202206
5.0817,5.0964,5.0691,5.0706,12763.89,64865.910739,302,6409.32,32569.585919,202206
5.074,5.103,5.064,5.089,14116.54,71771.317446,396,8349.69,42461.013099,202206
5.0892,5.0958,5.0755,5.0906,15117.36,76895.653788,280,5335.09,27141.468919,202206
5.0902,5.0948,5.0777,5.0941,16570.65,84270.539424,296,8361.74,42530.231118,202206
5.094,5.1029,5.0641,5.0749,31508.4,160201.136436,518,11251.36,57200.660036,202206
5.075,5.0763,5.0435,5.0668,22445.67,113591.532411,401,11432.87,57840.655593,202206
5.0645,5.0668,5.0327,5.0455,41599.4,209965.934631,665,17134.56,86456.429713,202206
5.044,5.0512,5.0122,5.0206,31823.4,160046.537259,568,12754.58,64130.533384,202206
5.0199,5.0394,5.0145,5.0219,30709.21,154376.143662,597,11877.28,59710.736226,202206
5.0202,5.0458,5.0125,5.0144,29813.6,149761.676329,543,12202.66,61298.273938,202206
5.0174,5.0196,4.9337,4.9487,209156.88,1042349.345467,2778,75665.48,376868.176002,202206
4.9475,4.9557,4.8736,4.9033,264912.87,1299260.569544,3158,132263.64,648929.281883,202206
4.9028,4.9619,4.8985,4.9544,85706.56,422865.114709,1480,47578.76,234750.580386,202206
4.9542,4.9587,4.8617,4.8657,72417.4,356188.489726,1343,30335.16,149417.257828,202206
4.8615,4.8832,4.8206,4.869,310079.66,1506402.069705,3498,120014.28,583177.58358,202206
4.87,4.9132,4.8186,4.9028,162345.19,790632.052624,2486,84659.84,412302.115908,202206
4.9035,4.9498,4.9035,4.9143,129091.46,636927.308663,2006,65022.53,320879.138575,202206
4.915,4.9236,4.8776,4.8902,63634.95,312130.925481,1317,22265.67,109184.64254,202206
4.8951,4.9004,4.8454,4.8553,90644.96,441383.924679,1132,42947.66,209149.09159,202206
4.8552,4.866,4.761,4.8123,217333.19,1043747.451833,2793,72701.52,349211.869486,202206
4.8122,4.8621,4.7761,4.8149,168777.27,813447.275687,2940,70948.29,341773.548799,202206
4.815,4.8447,4.7382,4.7728,185443.6,888764.153567,2250,74987.42,359651.319518,202206
4.7713,4.7774,4.6831,4.7208,218369.02,1032048.300622,2815,103529.55,489484.374782,202206
4.7233,4.7294,4.6831,4.7031,138494.91,652298.29495,1857,62038.5,292252.297333,202206
4.7025,4.7825,4.6995,4.7276,131221.83,621782.237314,2016,60262.82,285483.440355,202206
4.7259,4.7576,4.7022,4.7391,116026.46,549127.183409,1765,59388.2,281112.927232,202206
4.739,4.7998,4.7384,4.7805,133961.75,638184.49219,1550,62755.24,298884.768137,202206
4.7823,4.7972,4.745,4.7589,122077.18,582228.552138,1564,72388.89,345232.502938,202206
4.761,4.8351,4.7609,4.8023,199325.34,958128.163303,2053,115321.49,554246.859638,202206
4.8023,4.8024,4.7737,4.7737,123174.34,590128.694576,1414,47155.42,225865.129587,202206
4.774,4.7829,4.7117,4.73,158088.23,749793.554192,2194,64364.92,305150.040482,202206
4.7319,4.769,4.7319,4.767,102122.89,485097.425772,1311,53530.83,254308.1759,202206
4.7639,4.7732,4.7462,4.75,49414.45,235074.206071,673,27727.37,131872.702818,202206
4.7514,4.7716,4.7158,4.7213,65651.62,311304.483081,991,25146.8,119172.259413,202206
4.7201,4.7698,4.7,4.7667,76255.61,360361.843134,1026,29379.59,139169.222575,202206
4.7683,4.8166,4.7675,4.8091,64808.14,311271.464906,911,36248.11,174069.599484,202206
4.8122,4.8622,4.8096,4.857,171565.16,831438.918149,1588,123282.89,597573.663416,202206
4.8567,4.8611,4.8169,4.8333,172369.75,833113.240043,1618,80287.5,388220.984592,202206
4.8336,4.8336,4.7983,4.8177,116651.71,560945.490294,1314,59918.1,288256.309623,202206
4.8191,4.8213,4.7979,4.8169,55011.39,264509.245715,768,26004.74,125054.987895,202206
4.8158,4.8474,4.8092,4.8147,38819.56,187501.388043,638,16473.25,79570.783781,202206
4.8105,4.8231,4.7938,4.7969,18004.4,86616.169598,416,11259.08,54172.407509,202206
4.7971,4.8202,4.7782,4.7848,30045.36,144146.121243,533,15902.02,76253.045656,202206
4.7849,4.7894,4.769,4.7871,17925.77,85656.695361,344,10927.28,52211.071361,202206
4.7894,4.8189,4.7885,4.7987,20797.77,99904.251158,345,14822.39,71204.83642,202206
4.8016,4.8033,4.7634,4.7948,30568.79,146155.353841,515,16454.01,78639.664751,202206
4.7931,4.8111,4.7762,4.8042,20030.04,96046.829026,374,8573.59,41101.898059,202206
4.8036,4.8233,4.7943,4.8044,41489.32,199562.592086,525,20249.47,97382.303163,202206
4.8028,4.8096,4.7748,4.787,14426.93,69059.555466,301,7987.34,38219.378178,202206
4.7867,4.8004,4.7613,4.7903,31532.27,150801.160378,451,15706.2,75132.041442,202206
4.7902,4.8087,4.7798,4.7809,36501.48,175102.343389,466,19378.0,92972.892905,202206
4.7821,4.7849,4.7663,4.7686,18768.56,89606.120286,345,9900.66,47258.059882,202206
4.7685,4.802,4.7685,4.802,26392.42,126490.535814,304,16345.29,78345.941506,202206
4.8031,4.8033,4.7572,4.7715,36360.89,173483.768467,460,20964.78,100040.66432,202206
4.7734,4.7874,4.7539,4.7808,47266.52,225376.645357,642,25407.51,121097.323348,202206
4.7783,4.8029,4.7783,4.7813,29050.57,139249.443672,403,17939.16,85995.463349,202206
4.7809,4.7839,4.7683,4.7819,17600.4,84034.825672,356,8284.91,39566.166491,202206
4.7826,4.8068,4.7772,4.8042,21191.97,101578.623922,388,11194.92,53669.201601,202206
4.8007,4.881,4.7936,4.8631,83821.86,406393.464381,1442,44291.05,214634.458754,202206
4.8602,4.8737,4.843,4.8526,49858.59,242184.914291,744,16672.34,80966.295669,202206
4.8526,4.854,4.8228,4.8444,16225.0,78510.973046,362,9614.0,46525.568108,202206
4.8468,4.87,4.8393,4.8558,15764.22,76546.92934,342,9492.99,46079.961956,202206
4.8557,4.8628,4.8428,4.8462,17548.21,85114.835659,303,10964.38,53166.069785,202206
4.8474,4.8577,4.8303,4.851,14717.94,71302.058831,333,7930.9,38419.559157,202206
4.8506,4.897,4.845,4.8834,32877.2,160516.338842,519,22795.73,111316.44444,202206
4.8812,4.919,4.8806,4.902,86607.41,424142.775678,876,55285.33,270774.913793,202206
4.9017,4.9075,4.8718,4.8822,25825.24,126189.423264,451,12996.12,63506.876714,202206
4.8821,4.8861,4.8627,4.8685,29691.42,144718.239017,396,20252.57,98693.24276,202206
4.8672,4.8721,4.8475,4.8491,33625.55,163356.197377,453,22642.97,110007.052497,202206
4.8487,4.8628,4.8407,4.8526,31340.03,152038.70806,427,17742.74,86067.005473,202206
4.8519,4.8559,4.8187,4.8257,62168.52,300440.864407,638,31242.73,150916.496856,202206
4.825,4.8316,4.8177,4.8201,43567.56,210166.705052,568,21350.68,102996.215599,202206
4.82,4.8231,4.8061,4.8189,43217.95,208122.281978,655,28995.4,139638.817389,202206
4.819,4.819,4.7966,4.8048,29263.5,140605.269969,463,18384.81,88301.713102,202206
4.8047,4.8047,4.7874,4.7908,59197.68,283790.588066,663,24716.32,118453.732467,202206
4.7908,4.8092,4.7834,4.798,30695.4,147203.820686,474,21081.66,101096.808164,202206
4.7986,4.7988,4.7823,4.7974,25731.59,123285.576587,328,10901.19,52198.878975,202206
4.7954,4.7954,4.77,4.7839,47736.69,228044.042125,611,28047.3,133999.686418,202206
4.785,4.7894,4.766,4.766,41739.9,199394.031724,552,17891.86,85487.266883,202206
4.7659,4.7783,4.746,4.7727,39059.12,185930.466053,615,25513.15,121450.520771,202206
4.7746,4.776,4.747,4.754,23306.83,110953.603593,305,14161.57,67377.690131,202206
4.7547,4.7547,4.7146,4.7227,48313.33,228676.654388,775,28946.25,137015.878207,202206
4.7243,4.7328,4.7161,4.7216,38860.53,183482.139016,502,15342.92,72445.332439,202206
4.7227,4.7376,4.7137,4.7278,27807.85,131382.928769,460,15658.09,73975.689506,202206
4.7284,4.7419,4.723,4.733,14400.6,68129.194162,341,5963.5,28204.542678,202206
4.733,4.7406,4.71,4.7101,15617.75,73828.831628,341,6522.79,30828.458403,202206
4.71,4.7192,4.6819,4.7003,43766.44,205725.750441,877,18836.33,88529.812264,202206
4.6971,4.7101,4.6834,4.709,43843.11,206049.120804,568,19404.53,91150.571191,202206
4.7084,4.7367,4.7067,4.7316,21322.45,100783.567884,358,13934.93,65888.418353,202206
4.7302,4.7419,4.7254,4.7342,30482.57,144257.140423,299,16441.92,77825.492132,202206
4.7331,4.7449,4.7293,4.7313,21618.94,102359.727883,352,11375.59,53849.109527,202206
4.7299,4.7554,4.7287,4.7449,14682.1,69602.892487,278,9331.4,44202.763271,202206
4.7464,4.7651,4.7441,4.7608,19424.07,92442.301718,286,11139.83,53028.711722,202206
4.7603,4.7615,4.7545,4.7552,14357.7,68323.528333,172,3873.74,18429.709276,202206
4.7552,4.7871,4.7537,4.7871,13965.3,66578.542814,347,8475.87,40406.296704,202206
4.787,4.8056,4.785,4.8008,21214.37,101693.522703,303,12550.29,60157.6037,202206
4.8016,4.8016,4.7722,4.7842,11537.19,55238.740678,214,4508.64,21570.34064,202206
4.7824,4.7883,4.7793,4.7824,7047.08,33719.854839,113,2652.72,12695.335794,202206
4.7824,4.7855,4.7696,4.7797,7488.05,35747.801531,147,4198.03,20041.874231,202206
4.7796,4.7834,4.7652,4.7754,8778.09,41903.727335,161,4471.19,21344.539938,202206
4.777,4.7893,4.7739,4.7779,4545.49,21732.699904,105,1819.48,8695.589088,202206
4.7779,4.7938,4.7751,4.7832,11713.97,56048.443464,164,7651.05,36603.898813,202206
4.7827,4.7868,4.7686,4.7709,9515.34,45441.862839,189,5722.74,27328.579603,202206
4.7696,4.7869,4.7686,4.7861,15227.03,72769.208267,215,6440.51,30788.973082,202206
4.7876,4.8191,4.7838,4.816,21174.23,101567.07338,407,13882.83,66595.948831,202206
4.8143,4.8298,4.8075,4.8196,12906.29,62199.108432,253,8407.2,40514.600899,202206
4.8194,4.8538,4.8101,4.8441,20544.47,99372.943132,447,12677.77,61323.190798,202206
4.8404,4.8404,4.8233,4.8233,13995.43,67630.195834,211,7555.56,36520.138284,202206
4.8226,4.8312,4.8163,4.8206,8663.38,41786.012491,166,3847.58,18554.61858,202206
4.8203,4.8332,4.82,4.8274,6964.12,33626.447431,146,3880.0,18734.189928,202206
4.8257,4.8408,4.8222,4.8321,17934.8,86645.320158,212,12031.04,58118.195576,202206
4.8346,4.8349,4.8056,4.8113,13761.42,66307.715436,275,4906.62,23637.215998,202206
4.8115,4.8191,4.7867,4.788,7791.81,37418.60869,194,3236.94,15542.871841,202206
4.7861,4.7883,4.7564,4.7595,54094.55,258457.310404,480,14615.52,69788.012504,202206
4.76,4.7851,4.76,4.78,12042.9,57482.995099,270,6100.99,29115.502683,202206
4.7794,4.7868,4.7488,4.7649,11662.34,55604.3254,273,6732.99,32102.258139,202206
4.7683,4.7779,4.7525,4.7655,16103.48,76778.61984,304,10990.19,52398.640349,202206
4.7646,4.7646,4.7183,4.7292,43990.68,208625.431556,606,21848.83,103508.036811,202206
4.7291,4.7297,4.6914,4.7016,47902.81,225808.112689,912,18654.4,87888.562023,202206
4.7019,4.7118,4.679,4.7099,43790.31,205452.057477,730,25249.0,118469.672951,202206
4.7098,4.7268,4.6802,4.7237,35796.26,168372.252142,720,18370.48,86418.794513,202206
4.7243,4.7354,4.7117,4.7276,15820.08,74713.804391,246,10680.72,50437.37044,202206
4.7265,4.7466,4.7138,4.7466,20158.47,95294.661341,342,13630.04,64423.077613,202206
4.7469,4.7566,4.7228,4.7496,33800.53,160149.63611,513,16515.58,78225.130204,202206
4.7498,4.7798,4.7416,4.7683,20473.09,97479.34295,341,8085.11,38517.689094,202206
4.7703,4.7958,4.7703,4.7948,8983.25,42977.713269,205,5116.35,24469.726929,202206
4.796,4.7983,4.7659,4.7681,11379.69,54377.484518,246,5844.7,27925.86737,202206
4.7688,4.781,4.7616,4.7648,15548.58,74175.695561,237,10332.26,49287.061881,202206
4.763,4.7666,4.7464,4.7586,14486.31,68932.749745,282,6952.65,33080.80555,202206
4.7571,4.7634,4.7305,4.7608,19751.73,93803.364604,362,11771.25,55905.089785,202206
4.7608,4.7668,4.7502,4.7509,11348.72,54059.888781,168,4056.55,19316.117714,202206
4.7541,4.759,4.7464,4.759,10079.64,47913.483005,155,4273.84,20314.265887,202206
4.7594,4.7815,4.7322,4.7642,24380.89,115933.161501,536,12284.21,58379.692289,202206
4.7659,4.7702,4.7567,4.7604,10728.37,51097.154517,237,5908.03,28137.100407,202206
4.7612,4.7668,4.756,4.7572,6474.71,30830.040764,142,2797.46,13318.208948,202206
4.7581,4.7615,4.7235,4.7246,22458.39,106409.329035,409,11702.42,55470.435599,202206
4.7239,4.7247,4.6842,4.6861,40135.71,188645.614538,658,17896.46,84137.706597,202206
4.6863,4.6864,4.6223,4.6323,114525.37,532866.666203,1570,57213.7,266187.555232,202206
4.6327,4.637,4.58,4.5894,133341.83,613389.162237,1797,55411.05,254917.998544,202206
4.591,4.6182,4.5815,4.611,38422.37,176701.815324,597,23940.91,110125.035096,202206
4.6083,4.6195,4.5996,4.6026,28090.24,129439.622427,480,14442.77,66558.380769,202206
4.6021,4.6298,4.5886,4.6263,49373.15,227686.674887,832,23397.56,107915.037241,202206
4.6264,4.6425,4.6103,4.6161,19407.3,89824.731016,384,11012.91,50966.044087,202206
4.6141,4.6184,4.5912,4.6011,73553.19,338556.818775,594,52100.35,239813.485877,202206
4.6008,4.614,4.5887,4.5984,22090.84,101634.620168,372,7939.89,36527.84984,202206
4.5992,4.6073,4.584,4.5902,26661.51,122466.920977,410,9766.92,44867.022459,202206
4.5914,4.5918,4.5209,4.5508,129912.38,591162.713679,1826,55616.77,252910.311646,202206
4.5507,4.6044,4.542,4.6044,67635.01,309617.347268,964,36260.24,166055.538152,202206
4.6033,4.6033,4.5612,4.5697,46684.42,213527.997564,673,22752.35,104051.128111,202206
4.5698,4.599,4.5621,4.5936,29722.04,136134.787465,519,17807.24,81545.354025,202206
4.5921,4.5934,4.5223,4.5285,46884.22,213308.963232,742,21725.53,98784.088666,202206
4.529,4.529,4.4584,4.4669,149820.65,672632.429041,2380,54313.82,243653.987377,202206
4.4654,4.4746,4.2237,4.2918,508280.71,2215463.584226,6970,216125.48,940553.295681,202206
4.2937,4.3761,4.2697,4.3479,291137.54,1260482.572382,4714,134049.21,580138.351199,202206
4.3478,4.3617,4.3026,4.3075,162118.46,702988.988519,2356,76958.05,333617.823022,202206
4.3099,4.3473,4.2192,4.321,426669.39,1831230.753898,5135,202677.43,869198.669014,202206
4.3213,4.3805,4.3111,4.3483,205765.88,894923.66922,2986,96258.26,418708.572039,202206
4.3481,4.3553,4.2909,4.2938,156052.08,675130.570972,2110,79202.2,342709.6039,202206
4.2941,4.3193,4.2616,4.3058,223553.62,958726.78336,2841,110801.58,475349.215539,202206
4.3076,4.4032,4.2866,4.3991,263713.53,1144080.996954,3207,150430.36,652470.984704,202206
4.3963,4.3992,4.3461,4.3541,99811.17,436804.457852,1551,44972.13,196827.086956,202206
4.3547,4.3913,4.3546,4.3708,86440.51,378056.423231,1296,39833.91,174192.366277,202206
4.371,4.3837,4.335,4.3392,104271.43,455607.53675,1462,54856.61,239701.180733,202206
4.3379,4.3541,4.3249,4.3418,107930.23,468635.187677,1232,35764.47,155285.004781,202206
4.3399,4.3519,4.3168,4.3246,103436.36,448639.408238,1199,61850.62,268191.560881,202206
4.3249,4.4315,4.3204,4.4116,113170.43,493767.64401,1593,66416.43,289662.845138,202206
4.4118,4.444,4.3552,4.3621,108583.49,477450.706162,1650,51465.47,226429.525804,202206
4.3608,4.3647,4.3371,4.3588,55013.89,239326.441399,926,29004.52,126161.421807,202206
4.3588,4.361,4.3363,4.3521,65987.48,287077.473599,1090,33829.67,147147.554643,202206
4.3512,4.3512,4.3203,4.3238,43780.18,189699.863113,676,19019.96,82386.187775,202206
4.3235,4.335,4.3009,4.3009,28225.51,121974.045446,484,10131.64,43796.839632,202206
4.3005,4.3677,4.2966,4.3514,62464.42,270513.155239,991,38139.04,165163.771474,202206
4.3513,4.3573,4.3086,4.3125,53613.86,231804.954392,828,21412.62,92526.628012,202206
4.3121,4.3199,4.2791,4.293,72776.55,312997.15995,1091,33426.16,143787.842064,202206
4.2927,4.3209,4.2685,4.2745,63361.94,272083.515934,1053,30760.36,132077.430148,202206
4.2744,4.2784,4.249,4.2671,87431.8,372881.263707,1197,34575.99,147498.103139,202206
4.2697,4.2718,4.2411,4.2451,55293.58,235412.550556,976,28466.94,121131.368999,202206
4.2453,4.2845,4.2453,4.2688,50326.73,214695.133388,1080,21502.6,91734.997695,202206
4.2691,4.2866,4.2461,4.2777,46330.7,197745.741176,1141,22190.0,94685.667788,202206
4.277,4.2989,4.2729,4.2796,56239.1,240965.125996,832,31118.47,133322.987001,202206
4.2792,4.2875,4.2491,4.2684,49540.9,211536.931808,881,31618.87,135041.899549,202206
4.2699,4.2716,4.1819,4.1843,105291.12,444031.281063,1511,35707.0,150722.105719,202206
4.1842,4.2123,4.1762,4.1925,104132.46,436702.480664,1372,45866.96,192453.446688,202206
4.1922,4.2177,4.1318,4.1627,199591.11,832352.385331,2593,100070.88,417089.924051,202206
4.1628,4.19,4.1578,4.1714,106493.47,444690.587891,1532,49429.61,206360.80615,202206
4.1715,4.21,4.1715,4.1839,66001.63,276795.052745,834,28465.58,119347.742959,202206
4.1843,4.2059,4.1728,4.1728,54854.47,229906.40954,634,28663.12,120078.120157,202206
4.1734,4.1734,4.1315,4.1563,86723.05,359952.62751,1184,34057.29,141229.146318,202206
4.1579,4.1646,4.1203,4.1434,91590.9,379327.848063,1360,37096.37,153667.129641,202206
4.1406,4.1837,4.1392,4.182,82923.23,344614.082598,1060,34713.66,144200.52275,202206
4.1791,4.2039,4.1634,4.1885,71199.71,297881.86857,898,37074.04,155115.78652,202206
4.1889,4.2112,4.1887,4.2037,89643.89,376716.990798,928,42987.58,180723.509007,202206
4.2034,4.2551,4.1942,4.2221,116215.33,491540.797886,1344,71544.5,302644.241308,202206
4.2223,4.2337,4.2071,4.2227,68504.08,289063.402631,904,39200.64,165394.854327,202206
4.2206,4.2206,4.1785,4.1909,46211.68,194189.329845,675,31500.53,132392.334156,202206
4.1893,4.2159,4.1847,4.2127,69281.39,291340.927345,823,31608.39,132845.071317,202206
4.2116,4.2327,4.207,4.2249,58258.46,245696.760144,641,32123.11,135505.295964,202206
4.2237,4.2486,4.2086,4.24,34726.68,147069.694541,574,21687.06,91838.538114,202206
4.24,4.2501,4.2293,4.2293,38427.22,163031.438831,477,24658.11,104623.978457,202206
4.2292,4.2344,4.2084,4.218,21838.49,92176.625174,363,12259.39,51742.646976,202206
4.2175,4.2735,4.2149,4.2645,27302.94,116044.255298,546,17799.3,75644.274095,202206
4.2646,4.3065,4.2636,4.2946,72574.26,311052.147495,1136,43223.42,185231.292544,202206
4.292,4.3008,4.2687,4.272,62465.22,267659.071642,841,34473.28,147732.880542,202206
4.2729,4.2747,4.2621,4.2622,42021.72,179303.812046,527,27608.14,117796.92428,202206
4.2645,4.2766,4.2449,4.249,46184.46,196794.538692,540,26647.11,113501.649272,202206
4.2519,4.2627,4.2343,4.2419,52611.89,223317.660829,528,29250.08,124148.703901,202206
4.2414,4.2483,4.2236,4.2269,45519.37,192766.145765,539,28520.3,120792.314021,202206
4.2269,4.2379,4.2261,4.2261,26120.7,110513.918011,358,18716.83,79189.865535,202206
4.227,4.2272,4.1868,4.1892,90944.94,382224.424236,1115,45678.63,192018.133982,202206
4.1897,4.1944,4.1679,4.1876,66690.75,278929.793784,954,35896.71,150115.199571,202206
4.1878,4.1942,4.17,4.1788,60894.33,254533.38705,777,31041.54,129768.071027,202206
4.1789,4.1835,4.1657,4.1708,38344.65,160118.158114,608,21974.41,91772.995275,202206
4.1692,4.1729,4.1533,4.1589,33964.93,141479.285462,586,13070.62,54430.450751,202206
4.1599,4.1635,4.1423,4.1579,44643.19,185493.680499,775,20416.45,84823.828558,202206
4.1569,4.1886,4.1563,4.1834,42191.44,176183.626385,745,20787.59,86818.446101,202206
4.1819,4.192,4.1745,4.1793,41434.25,173329.841395,680,19383.16,81085.584394,202206
4.1787,4.1921,4.1714,4.172,16096.29,67344.035454,318,8199.58,34299.82969,202206
4.1724,4.2375,4.1724,4.2315,58156.25,244822.699989,902,32329.6,136066.912334,202206
4.2304,4.2868,4.2277,4.2681,86143.94,366609.490524,1114,49282.6,209809.48434,202206
4.2696,4.2768,4.2405,4.2489,74099.26,315545.192765,790,31426.81,133786.336637,202206
4.2491,4.2596,4.2425,4.2493,28771.96,122268.920751,492,16044.59,68170.479499,202206
4.2492,4.2568,4.2259,4.2274,45719.1,194085.126654,562,25139.55,106740.554231,202206
4.229,4.267,4.229,4.2645,52168.62,221507.327478,661,24187.92,102651.304016,202206
4.2632,4.265,4.254,4.2577,38021.78,161915.733495,390,18053.6,76879.200628,202206
4.2569,4.3298,4.2504,4.3125,100444.02,432405.218914,1499,60961.73,262330.450317,202206
4.3126,4.3703,4.3073,4.3223,130555.16,567020.206838,1847,60061.97,260953.177463,202206
4.3239,4.3336,4.297,4.3036,65330.15,281686.810601,949,27563.59,118961.03821,202206
4.3037,4.3192,4.2988,4.3154,36374.25,156712.707769,551,23999.55,103392.319226,202206
4.312,4.3206,4.2818,4.2885,49189.94,211392.537858,712,29485.94,126672.549829,202206
4.2875,4.3058,4.2848,4.2864,44031.46,189027.626058,514,22025.91,94528.526828,202206
4.2863,4.2962,4.2851,4.29,21248.9,91172.985442,307,13428.04,57611.000173,202206
4.2891,4.2952,4.2715,4.2915,47509.12,203545.581572,617,23925.1,102489.593885,202206
4.2903,4.3011,4.2843,4.2975,31794.1,136436.076972,472,22135.89,94991.215324,202206
4.3012,4.3137,4.2835,4.2857,65171.53,280147.853482,572,22960.78,98706.910858,202206
4.2856,4.3275,4.272,4.3118,54102.53,232464.556749,752,34336.62,147503.108591,202206
4.3099,4.3183,4.2961,4.3034,41564.21,178996.372641,546,25417.06,109449.703234,202206
4.3034,4.3095,4.2872,4.2971,34185.5,146918.727441,428,21408.76,92003.172884,202206
4.298,4.3005,4.2461,4.2536,46556.01,198927.146689,668,25374.33,108427.618564,202206
4.2554,4.2681,4.2492,4.2552,59554.67,253598.320561,739,38330.43,163258.773401,202206
4.2552,4.2606,4.2178,4.2288,76654.71,324490.496364,1016,32277.94,136581.917982,202206
4.2298,4.2323,4.2054,4.22,57497.97,242486.318623,649,31099.88,131163.291374,202206
4.2222,4.232,4.218,4.2244,33803.0,142896.242823,397,16794.91,70994.873786,202206
4.224,4.2399,4.2173,4.2273,34848.76,147404.691342,623,24091.42,101910.893887,202206
4.2256,4.2361,4.2173,4.2302,33139.69,140084.6092,478,15992.5,67620.829366,202206
4.229,4.2315,4.209,4.2207,44362.49,187127.582584,562,17419.63,73488.20505,202206
4.2202,4.2205,4.1892,4.2126,54589.03,229543.231567,873,27544.21,115786.774615,202206
4.2128,4.251,4.2022,4.241,46796.15,198004.202865,660,25484.66,107890.333358,202206
4.2417,4.2606,4.233,4.2479,45470.56,193229.652138,605,32347.61,137472.701479,202206
4.2473,4.2856,4.2456,4.2684,99424.63,424948.646557,1053,58333.62,249284.895151,202206
4.2678,4.2863,4.2678,4.2798,36632.5,156662.104975,562,18659.08,79794.442692,202206
4.2791,4.2858,4.2727,4.2734,33528.59,143499.491658,390,10496.46,44921.40098,202206
4.2749,4.2838,4.2597,4.2657,25141.35,107476.584085,359,15356.95,65661.550924,202206
4.2642,4.2642,4.2264,4.2264,37734.69,160232.452452,577,14691.75,62380.599345,202206
4.2283,4.2417,4.2119,4.237,28040.08,118543.719211,579,15044.33,63603.812477,202206
4.2359,4.2488,4.2181,4.2279,30425.78,128794.32312,476,19343.99,81887.039974,202206
4.2281,4.237,4.2153,4.2331,36027.66,152304.123545,553,24171.69,102194.675812,202206
4.2331,4.243,4.2067,4.2119,32207.46,135986.156321,445,16218.26,68474.762075,202206
4.2115,4.2382,4.2114,4.2353,12127.45,51251.684035,249,7185.1,30358.554474,202206
4.2381,4.2431,4.2145,4.2324,19567.0,82682.941522,351,12705.86,53685.386702,202206
4.2331,4.2331,4.1923,4.2003,29681.33,124949.717959,426,15498.32,65214.776851,202206
4.2015,4.2118,4.1758,4.1893,56523.91,237089.488802,654,18352.75,76933.646244,202206
4.1878,4.2123,4.181,4.2063,39561.49,166066.625726,536,26694.23,112082.519005,202206
4.204,4.2468,4.2021,4.2409,33184.85,140149.404062,617,18067.48,76320.126827,202206
4.2405,4.2503,4.2259,4.2386,28196.91,119571.059408,519,15135.68,64178.001589,202206
4.2407,4.2587,4.2391,4.2461,34265.82,145550.472611,506,21865.65,92874.857329,202206
4.2462,4.2815,4.2442,4.2726,35259.88,150290.530792,534,18013.45,76749.916511,202206
4.2719,4.2726,4.2544,4.2609,41686.57,177696.874962,503,26366.28,112378.985929,202206
4.261,4.3012,4.2559,4.2977,68605.05,293916.343905,593,31108.36,133314.238048,202206
4.3002,4.31,4.2933,4.302,53737.22,231203.672085,534,27072.82,116508.050823,202206
4.3023,4.3133,4.2882,4.2966,44372.91,190732.316669,414,30309.1,130292.843759,202206
4.2974,4.3058,4.2765,4.2823,26173.48,112302.209828,381,13262.1,56895.876205,202206
4.2815,4.2924,4.2719,4.2913,14094.9,60354.764065,277,7299.84,31260.121677,202206
4.2918,4.3322,4.2902,4.3151,45855.76,197727.243633,711,28623.77,123371.477279,202206
4.3126,4.3323,4.307,4.307,58599.12,253010.476378,857,29880.23,129036.82094,202206
4.3069,4.3102,4.28,4.28,35433.73,152450.499411,438,17140.2,73795.9399,202206
4.2801,4.2903,4.2617,4.2658,38496.64,164484.030556,505,17425.7,74434.23718,202206
4.2663,4.2848,4.2629,4.2751,27863.52,119105.235955,449,17639.5,75400.442541,202206
4.2742,4.2791,4.2456,4.2478,21013.6,89487.047008,362,8802.21,37481.687526,202206
4.2488,4.2619,4.232,4.2375,40122.08,170444.226837,403,10251.11,43542.206038,202206
4.2404,4.2611,4.2268,4.2334,207048.52,878457.15654,1882,108131.38,458933.994716,202206
4.2331,4.255,4.2301,4.2469,26693.09,113301.310942,425,15659.9,66446.515386,202206
4.2459,4.2611,4.2337,4.2567,20478.18,87024.719786,332,8825.8,37504.990755,202206
4.2582,4.2623,4.222,4.2328,29130.08,123565.771338,435,15513.95,65781.005802,202206
4.2352,4.2604,4.2297,4.2533,75787.62,321605.328336,714,40419.28,171532.93757,202206
4.2534,4.26,4.2258,4.2495,44467.91,188697.385925,644,25877.62,109803.523773,202206
4.2484,4.2564,4.2175,4.2326,23643.96,100055.958582,445,12258.35,51855.026517,202206
4.2327,4.2401,4.2149,4.2163,13437.74,56801.191735,292,7265.87,30709.402966,202206
4.2164,4.2321,4.2144,4.2267,17153.68,72496.564082,285,8387.28,35449.341914,202206
4.2258,4.2258,4.1845,4.1872,85923.2,361381.735755,1069,31668.31,133156.705239,202206
4.1866,4.2068,4.1507,4.1625,91201.96,380545.681991,1385,47259.23,197049.702022,202206
4.1621,4.1787,4.1505,4.1672,69463.82,289430.180976,808,28971.32,120656.339507,202206
4.167,4.2018,4.1564,4.186,79201.03,331518.861487,906,44361.84,185701.326847,202206
4.1873,4.1902,4.1729,4.1829,21876.06,91450.865355,383,11908.55,49768.56282,202206
4.182,4.1882,4.1504,4.1543,32119.46,133951.425968,516,15475.71,64585.023018,202206
4.1538,4.1726,4.0717,4.0805,271201.67,1114085.184593,3167,112046.77,460106.436239,202206
4.082,4.2357,4.078,4.2345,156177.4,647438.189985,2122,81205.96,336633.39467,202206
4.2367,4.2911,4.2273,4.2881,187236.9,797227.874132,2636,95234.2,405477.07097,202206
4.2904,4.393,4.2846,4.3324,278183.85,1208412.804588,3565,152790.04,663319.927295,202206
4.3308,4.3792,4.3185,4.339,138330.08,601427.776705,1916,66434.71,288912.223671,202206
4.3391,4.3434,4.3083,4.3147,69246.53,299423.393819,1031,29650.39,128208.512821,202206
4.3154,4.38,4.2978,4.3519,125946.12,547146.428426,1587,64277.7,279534.981075,202206
4.3502,4.5,4.3484,4.4581,397629.24,1767627.764674,4387,202521.39,899911.326614,202206
4.4553,4.472,4.3996,4.4148,149669.39,663458.566736,2265,73342.85,325271.888683,202206
4.4202,4.4699,4.402,4.4205,147650.53,653557.46828,2438,63579.85,281371.765048,202206
4.4192,4.4653,4.4001,4.4371,157804.01,698783.562631,2275,56423.63,249827.027982,202206
4.4354,4.4562,4.396,4.4097,196954.92,872885.339163,2523,94370.51,418353.978027,202206
4.4098,4.5123,4.3959,4.4957,364534.32,1619701.011505,4288,165067.22,733867.533632,202206
4.4971,4.5102,4.4271,4.4326,405770.62,1816271.894949,3660,179631.67,804050.202712,202206
4.4331,4.4452,4.3931,4.4239,127830.76,565270.764813,1519,73296.22,324280.00438,202206
4.4228,4.4499,4.401,4.4407,134837.89,595787.623027,1734,70775.71,312793.663334,202206
4.4404,4.4481,4.3923,4.4028,143728.25,635187.159387,1807,63717.07,281617.695957,202206
4.4029,4.4189,4.392,4.4153,65779.81,289955.03591,866,42414.94,187003.580621,202206
4.4153,4.42,4.3389,4.3666,115976.66,506145.885263,1621,62101.55,270870.489754,202206
4.3676,4.3702,4.3456,4.3566,60374.68,263104.361888,946,27472.7,119717.435266,202206
4.3572,4.3651,4.3474,4.3651,41263.98,179802.613528,585,20630.35,89916.266984,202206
4.3625,4.3631,4.3361,4.3504,47701.36,207434.117425,713,25217.29,109660.221694,202206
4.3502,4.3828,4.3476,4.3801,33157.45,144821.463206,571,17047.25,74454.772382,202206
4.3809,4.3936,4.3726,4.3851,57106.05,250153.540575,662,36433.45,159605.708483,202206
4.3851,4.4059,4.3795,4.385,54028.96,237242.346357,838,24189.98,106198.863983,202206
4.3858,4.3858,4.3653,4.3768,47870.97,209321.478003,564,13647.18,59689.6369,202206
4.3782,4.3782,4.3465,4.3482,35792.49,156208.879306,597,18636.96,81355.238796,202206
4.3492,4.3714,4.3428,4.3636,30053.23,130921.661357,594,15260.57,66443.512333,202206
4.3607,4.3654,4.3046,4.3046,46957.21,203799.285817,664,29333.07,127311.192635,202206
4.3061,4.3344,4.3054,4.3299,49477.3,213790.658374,632,31521.77,136177.115249,202206
4.3299,4.3455,4.3267,4.3364,37907.3,164444.837559,428,26987.17,117060.658397,202206
4.337,4.3425,4.313,4.3269,12064.57,52196.974023,296,5330.37,23055.733004,202206
4.3257,4.3299,4.2947,4.3241,42224.93,181883.190914,691,19900.31,85707.220986,202206
4.3251,4.3419,4.3251,4.3411,29337.15,127170.559003,641,20470.11,88740.447505,202206
4.3406,4.3738,4.3397,4.3718,45415.3,198025.830672,739,24897.69,108539.295836,202206
4.3718,4.4031,4.3697,4.3854,40115.15,175853.679112,654,23001.28,100800.797973,202206
4.3838,4.4017,4.3826,4.3928,36071.2,158458.447042,480,23157.29,101720.370971,202206
4.3942,4.3957,4.3855,4.3916,16257.95,71378.286119,269,10490.5,46055.372313,202206
4.3903,4.4102,4.387,4.3956,41809.19,183972.862527,518,16652.32,73243.329703,202206
4.3957,4.3984,4.3875,4.3981,25544.13,112211.990637,339,13300.12,58421.977278,202206
4.3992,4.4059,4.3845,4.394,38849.83,170756.53162,510,19815.52,87126.010508,202206
4.3925,4.3959,4.3697,4.3868,12359.46,54189.844998,282,6943.29,30438.519464,202206
4.3872,4.3923,4.3746,4.3785,23680.34,103842.701656,391,10877.56,47696.940241,202206
4.3788,4.4013,4.3784,4.3987,37809.75,166030.236483,306,20656.91,90724.735912,202206
4.4001,4.401,4.3611,4.3779,28901.49,126560.994314,549,12060.26,52798.8362,202206
4.3798,4.3938,4.3555,4.3586,24302.73,106284.865885,466,13432.18,58756.544089,202206
4.3586,4.3625,4.3231,4.3304,38445.95,166996.824567,629,11986.77,52047.91523,202206
4.3284,4.3383,4.3242,4.3337,12985.58,56247.432847,230,7902.94,34229.475375,202206
4.3323,4.3444,4.3171,4.3183,17465.4,75648.430314,265,10464.07,45327.440637,202206
4.3176,4.329,4.2968,4.3246,34191.5,147451.262903,454,19384.28,83662.295853,202206
4.3253,4.338,4.3249,4.3287,13453.25,58304.823082,183,5836.51,25291.731987,202206
4.3293,4.3425,4.3228,4.3289,18234.97,78940.665157,251,7767.72,33626.999984,202206
4.328,4.337,4.3197,4.3297,17770.65,76908.761402,262,10158.35,43972.27714,202206
4.3265,4.333,4.3121,4.3144,6205.58,26839.579158,128,3142.39,13586.477758,202206
4.3145,4.3557,4.3145,4.3317,14552.28,63184.223384,359,7887.03,34247.831196,202206
4.3299,4.3435,4.3264,4.3412,31268.67,135522.340005,341,16792.12,72756.42098,202206
4.3412,4.3454,4.3281,4.3315,7580.8,32865.866271,173,3383.97,14668.588632,202206
4.329,4.3517,4.3265,4.33,30287.29,131566.713087,354,20733.87,90115.804424,202206
4.3316,4.336,4.3131,4.324,22563.42,97619.346925,302,8181.73,35398.114601,202206
4.3215,4.3257,4.3072,4.3091,28068.86,121185.78576,504,13459.88,58081.929196,202206
4.3092,4.3096,4.2432,4.2575,120964.27,516575.291538,1870,50777.18,216553.524364,202206
4.2581,4.28,4.2518,4.2736,59461.94,253905.01706,815,24013.14,102548.937283,202206
4.2748,4.2795,4.2448,4.2497,38444.03,163737.555958,618,21336.03,90899.146458,202206
4.249,4.2835,4.2425,4.2641,59753.81,254948.283324,714,36047.95,153995.248975,202206
4.2648,4.274,4.26,4.2727,36576.18,156007.159201,617,22227.22,94814.244144,202206
4.2727,4.2915,4.2623,4.2781,18723.73,80060.030397,380,10912.88,46662.666338,202206
4.278,4.2878,4.2655,4.2763,32647.9,139599.199499,517,15692.91,67092.169207,202206
4.2759,4.276,4.2546,4.2627,21270.12,90645.38698,432,14226.98,60624.681388,202206
4.2627,4.2681,4.2545,4.2578,28512.29,121505.318427,483,15375.71,65525.904425,202206
4.2568,4.2822,4.2557,4.271,21088.72,90056.352427,433,9183.76,39232.673786,202206
4.272,4.2722,4.2509,4.2541,36947.73,157461.252769,556,21273.05,90652.224181,202206
4.2539,4.2628,4.2448,4.2548,43677.77,185783.206797,336,7484.07,31849.459499,202206
4.2528,4.2536,4.2316,4.2463,14881.14,63156.1964,331,7108.07,30150.513106,202206
4.2471,4.2505,4.2392,4.2403,52709.53,223699.376585,308,14211.25,60353.091733,202206
4.2398,4.2461,4.2204,4.2322,38697.11,163731.605944,519,20725.3,87685.28335,202206
4.2306,4.2403,4.2185,4.2297,24570.81,103972.083823,375,15112.2,63956.483621,202206
4.2294,4.2373,4.2186,4.2186,10331.64,43696.657625,212,3420.91,14467.644305,202206
4.2186,4.2193,4.1965,4.2034,61251.53,257563.601702,611,29862.67,125571.559235,202206
4.2053,4.2134,4.1952,4.2101,31518.5,132524.529764,472,18148.06,76325.458696,202206
4.2103,4.2254,4.2013,4.2046,18471.78,77819.216183,320,10032.57,42250.66026,202206
4.2038,4.2136,4.1966,4.1987,18865.67,79311.257492,306,11007.72,46281.233658,202206
4.1987,4.2203,4.19,4.2037,43379.45,182350.368303,716,25992.57,109267.78648,202206
4.2034,4.215,4.2025,4.2095,26249.1,110485.029733,334,14428.53,60738.080245,202206
4.2109,4.2339,4.2052,4.2333,36909.93,155878.549139,394,27329.22,115451.800663,202206
4.2339,4.2461,4.2308,4.2421,30207.82,128074.769978,435,20718.68,87856.080838,202206
4.2433,4.2575,4.2356,4.2557,14293.62,60667.729419,255,7192.67,30540.286168,202206
4.2532,4.2532,4.2405,4.2433,16214.47,68803.504918,238,4891.35,20755.734589,202206
4.242,4.2453,4.2347,4.2378,6373.58,27026.927319,122,3150.61,13362.606775,202206
4.238,4.238,4.2087,4.2099,22017.49,92985.185257,286,13449.09,56775.886398,202206
4.21,4.2277,4.2077,4.2277,5977.75,25195.718101,98,4615.04,19450.765475,202206
4.2277,4.2351,4.2277,4.2288,10764.65,45542.789387,155,4917.64,20806.948715,202206
4.2285,4.2285,4.2055,4.2062,13381.73,56422.145015,187,3988.92,16833.076383,202206
4.2063,4.2174,4.203,4.203,8254.54,34755.844316,147,4660.44,19621.051508,202206
4.2019,4.204,4.1601,4.1727,162890.25,682075.108848,1621,88717.45,371474.76637,202206
4.1728,4.1945,4.1675,4.1895,54919.2,229563.652844,527,26505.2,110705.361804,202206
4.1892,4.2075,4.18,4.1932,68307.46,286601.108418,575,52026.79,218292.177721,202206
4.1941,4.2029,4.1752,4.1813,36553.5,153301.421104,478,16871.77,70797.781357,202206
4.1813,4.1909,4.1656,4.1677,40355.53,168542.255268,607,20894.0,87227.052233,202206
4.1691,4.174,4.1449,4.1473,56495.09,234892.343637,568,21812.45,90633.81962,202206
4.1444,4.1444,4.1191,4.122,38410.8,158666.038194,612,16875.68,69718.52112,202206
4.1212,4.1227,4.1,4.106,47293.44,194342.405075,738,21035.5,86473.467654,202206
4.1059,4.1138,4.0758,4.0973,91315.9,373894.932102,1227,38895.44,159307.070578,202206
4.0967,4.1187,4.0947,4.1122,34599.21,142064.799117,459,25776.28,105818.197589,202206
4.1103,4.1158,4.0596,4.0839,94565.32,386011.775765,1147,42584.41,173566.319484,202206
4.0807,4.0986,4.0425,4.0566,56429.67,229644.305321,986,25257.43,102821.607063,202206
4.057,4.0843,4.0488,4.052,49595.6,201698.61765,882,26099.22,106130.784647,202206
4.0519,4.0614,4.0203,4.0278,78522.19,316964.212567,1008,46721.54,188601.402994,202206
4.0317,4.0474,4.0245,4.033,44358.5,179217.293723,605,25559.55,103292.982208,202206
4.0324,4.0408,4.0031,4.0031,68893.42,276660.3851,932,32035.57,128652.22185,202206
4.0054,4.0117,3.97,3.9825,143837.9,573827.55374,1824,46797.76,186565.731026,202206
3.9821,3.9982,3.9674,3.9944,75059.86,298927.065206,894,48600.01,193611.086442,202206
3.9956,4.0026,3.9319,3.9342,94666.74,375735.425905,1365,36312.74,144158.514413,202206
3.9365,3.9593,3.915,3.9499,102088.72,401602.465705,1598,50636.23,199261.516661,202206
3.9496,3.9545,3.8848,3.9434,254536.87,996224.607137,2988,115369.11,451922.897652,202206
3.9436,3.9797,3.9205,3.9479,111268.45,439086.551669,1891,60876.81,240314.532392,202206
3.9479,3.9587,3.8857,3.8919,80241.38,314438.983403,1216,41036.69,160923.621356,202206
3.8925,3.9183,3.8753,3.8887,151550.36,590504.783031,1673,81334.78,317013.95118,202206
3.8873,3.9696,3.8827,3.8918,203554.25,799619.350395,2572,102809.89,403692.938806,202206
3.8949,3.9655,3.8793,3.9581,121035.47,474638.549887,1883,60567.13,237592.151256,202206
3.9579,3.9771,3.9411,3.9442,111159.77,440381.191006,1269,71199.29,282164.805146,202206
3.9439,3.9629,3.8929,3.9554,142392.1,559876.109874,2055,72912.11,286554.839675,202206
3.9565,3.9899,3.9518,3.9689,135537.29,538424.437088,1501,87663.57,348287.243324,202206
3.9689,3.988,3.9638,3.9682,93057.1,369681.442728,1224,54851.53,217871.465845,202206
3.9675,3.9895,3.9535,3.9786,82202.79,325983.855189,1087,34211.69,135699.467915,202206
3.9778,3.9884,3.9164,3.9188,83228.44,328514.443659,981,28541.39,112755.157084,202206
3.9193,3.9297,3.8393,3.8499,171853.84,668240.835653,1909,79013.38,307156.643043,202206
3.8501,3.8658,3.8103,3.8176,218634.28,839143.130816,2992,98828.78,379302.824384,202206
3.8176,3.8284,3.7748,3.7988,313597.3,1192476.291082,3957,134217.62,510355.086807,202206
3.7992,3.8084,3.7281,3.7333,284975.56,1072279.158553,3369,130768.64,492346.355605,202206
3.7337,3.7864,3.7256,3.7711,237567.07,891882.396704,3117,104398.66,391831.990415,202206
3.7721,3.7939,3.7449,3.75,142374.15,537308.095232,1865,78758.34,297489.142227,202206
3.7502,3.792,3.709,3.7113,229212.34,860007.036051,3181,116299.94,436726.179836,202206
3.7125,3.7748,3.6892,3.7638,225312.83,838927.822906,3026,115420.09,429976.703633,202206
3.7632,3.7872,3.7282,3.7366,145941.77,548166.189989,2050,70776.12,265837.062124,202206
3.7372,3.7463,3.6923,3.7187,168466.97,625652.581869,2226,71093.66,264066.707656,202206
3.719,3.7795,3.7139,3.7459,180801.35,678629.430626,2298,101144.35,379683.029293,202206
3.7479,3.7521,3.7043,3.7315,113488.57,423139.679886,1669,55122.33,205544.555563,202206
3.7304,3.7692,3.7242,3.7485,105448.93,395348.308458,1308,51466.55,192873.427672,202206
3.7482,3.7482,3.6937,3.7023,163494.03,607157.369486,1897,74016.06,275050.259337,202206
3.698,3.702,3.68,3.6898,215947.97,796472.957394,1913,96853.33,357359.745139,202206
3.6913,3.7721,3.68,3.7512,304913.73,1134192.219288,2741,118441.26,440671.159533,202206
3.7581,3.7863,3.7288,3.7343,149133.2,560294.885038,1745,76782.76,288372.612057,202206
3.7342,3.7656,3.7146,3.762,194483.49,727299.360193,1683,89047.44,333420.024306,202206
3.7595,3.7734,3.7407,3.7519,316319.61,1189265.608049,2588,199832.14,751391.458427,202206
3.7521,3.7583,3.6916,3.7101,250262.01,929721.999939,2814,113500.84,421621.995229,202206
3.7102,3.7325,3.6888,3.6955,131352.56,487229.864514,1542,68348.79,253506.072546,202206
3.6937,3.7879,3.6897,3.7748,216030.54,810209.613799,2016,108692.62,407441.945075,202206
3.7747,3.7887,3.7526,3.7615,135024.56,508896.380622,1602,69246.34,260993.154284,202206
3.7607,3.7638,3.7003,3.7272,122291.76,455441.259919,1309,70402.52,262101.507033,202206
3.7275,3.735,3.7002,3.71,126805.09,471139.52497,1415,58652.48,217841.263915,202206
3.7112,3.7115,3.672,3.6802,191744.17,706680.565765,1845,60521.94,223116.480815,202206
3.6801,3.6811,3.6029,3.616,422032.28,1532643.528382,2839,242210.24,879682.67495,202206
3.6138,3.6207,3.5916,3.5996,203018.79,732364.82206,2045,108191.26,390345.535462,202206
3.6008,3.6157,3.5529,3.5613,256594.61,919333.434259,2986,114767.92,411018.692566,202206
3.5614,3.5841,3.5381,3.5841,298049.59,1060571.756332,3328,149196.63,530853.676329,202206
3.5852,3.6653,3.5809,3.6115,360699.04,1308929.329762,3927,190064.48,689554.294571,202206
3.6115,3.6158,3.5568,3.5912,241802.39,866596.612506,3022,130026.72,466009.270516,202206
3.5893,3.6553,3.583,3.6009,240677.39,872904.998672,3050,132118.33,479391.065402,202206
3.6009,3.7247,3.5971,3.7067,260454.11,954543.828384,2924,157977.75,578932.853152,202206
3.7061,3.9142,3.6984,3.9075,405788.18,1538032.098524,4999,226903.73,858811.845584,202206
3.9065,3.9076,3.7714,3.8463,303603.89,1160859.65483,3873,170613.7,652537.099719,202206
3.8484,3.8694,3.7653,3.7797,255927.65,978038.671542,3092,110842.98,424093.800212,202206
3.7776,3.8533,3.7723,3.8,170246.09,649851.364024,2150,88039.0,336074.076486,202206
3.799,3.8113,3.7722,3.7831,100026.52,379041.125397,1280,55890.14,211708.175923,202206
3.7855,3.837,3.7728,3.7846,180266.21,686549.870193,1890,74175.45,282274.29567,202206
3.7858,3.8345,3.7603,3.8134,232014.83,880428.784569,2404,111045.79,421340.391611,202206
3.8154,3.9151,3.8096,3.8784,194554.19,750280.26821,2419,107640.86,414646.962282,202206
3.8823,3.9173,3.8641,3.8845,198844.28,772902.080857,2274,104234.13,405075.370475,202206
3.8826,3.9036,3.8524,3.885,135485.41,526165.209327,1675,70264.42,272815.982229,202206
3.8864,3.9283,3.8735,3.917,133156.1,519498.332851,1559,75452.08,294159.491073,202206
3.914,3.9181,3.8641,3.8747,252129.85,980397.679881,1907,111560.53,433673.652434,202206
3.8735,3.8887,3.8287,3.8487,182522.32,703700.059776,1785,74483.55,287223.600719,202206
3.8488,3.855,3.833,3.8406,57404.84,220753.792097,711,23009.1,88470.821177,202206
3.8408,3.8423,3.8024,3.8137,122816.34,468748.904241,1333,50862.11,194058.232861,202206
3.8124,3.8127,3.7901,3.8089,91191.64,346832.204938,949,43267.8,164563.596962,202206
3.8093,3.8093,3.7737,3.7873,134453.68,509783.078878,1363,62915.81,238443.607236,202206
3.7879,3.7939,3.7579,3.7616,98317.1,370752.235068,1013,42414.09,159926.637763,202206
3.7635,3.7871,3.7619,3.7761,293643.22,1107511.141957,1746,194362.64,732840.788388,202206
3.7775,3.8028,3.7705,3.7791,88653.11,335616.922006,1078,43423.65,164335.215954,202206
3.7769,3.8005,3.752,3.7942,96855.54,365597.890868,978,45153.22,170404.375057,202206
3.7935,3.8253,3.7751,3.7927,126140.04,479720.721501,1236,62382.46,236967.661241,202206
3.7933,3.8049,3.7759,3.7796,44000.3,166823.483841,558,17896.94,67832.127981,202206
3.778,3.7789,3.7473,3.7474,80076.03,301408.068424,806,46931.81,176623.250347,202206
3.7489,3.7701,3.7382,3.7452,124293.58,466467.994912,958,50579.5,189787.413143,202206
3.7447,3.7667,3.7422,3.7513,76572.78,287464.993712,597,44561.3,167220.827406,202206
3.7491,3.7497,3.7247,3.7286,78449.98,293015.10001,814,40596.26,151605.771321,202206
3.728,3.7418,3.6649,3.6681,311414.12,1153799.375964,2358,129592.7,481002.475318,202206
3.6677,3.6864,3.6549,3.6577,197870.36,726428.440655,1812,99362.43,364977.953144,202206
3.6577,3.6745,3.6453,3.6573,177150.94,648519.490111,1773,97202.55,356037.584573,202206
3.6577,3.67,3.6436,3.6512,229235.69,838103.295086,2036,89655.61,327794.006665,202206
3.6516,3.7375,3.6509,3.7345,186376.1,686138.562128,2136,104112.62,383696.918802,202206
3.7357,3.8179,3.7321,3.786,257527.57,972354.67688,2970,134550.54,507741.037453,202206
3.786,3.8313,3.786,3.795,170947.28,650631.737773,1955,90870.08,345931.339588,202206
3.7954,3.8088,3.7652,3.7715,117096.95,442768.720997,1488,70674.63,267182.851539,202206
3.773,3.7805,3.7437,3.7473,77371.71,291014.115796,969,26940.58,101403.561085,202206
3.7473,3.7654,3.7286,3.7503,91079.38,341891.380462,1265,43921.72,164840.413364,202206
3.7508,3.7545,3.7136,3.7142,83130.85,310139.147762,1059,43703.31,163043.352069,202206
3.7137,3.722,3.65,3.6529,127765.51,470843.209019,1628,50489.31,186173.880122,202206
3.6503,3.6888,3.6372,3.6575,115970.5,424669.121219,1839,57065.86,209018.067296,202206
3.6563,3.6826,3.648,3.6665,103656.2,380004.76807,1343,53840.06,197301.940179,202206
3.6676,3.6967,3.6536,3.6912,126137.31,464774.552141,1539,74394.35,274190.559647,202206
3.6885,3.7253,3.6682,3.6749,138021.93,511169.475736,1822,65197.38,241482.473215,202206
3.6738,3.71,3.6536,3.6944,78619.53,289405.077178,1112,35961.7,132323.88181,202206
3.696,3.7049,3.6657,3.6842,48364.52,178101.749566,697,21274.49,78330.068364,202206
3.6823,3.7421,3.6809,3.7131,73483.97,272834.082434,1036,41060.13,152515.430725,202206
3.7122,3.7143,3.6784,3.7091,58321.55,215424.907894,947,28397.03,104880.510622,202206
3.7109,3.7126,3.648,3.6585,84629.76,311669.265452,1127,42806.98,157765.519729,202206
3.6582,3.6741,3.6326,3.6441,83553.05,304806.680125,1128,45575.39,166236.448697,202206
3.6461,3.6643,3.6025,3.6055,112865.88,409514.551146,1500,52255.41,189629.526083,202206
3.6048,3.6266,3.5612,3.5694,279173.71,1000606.540823,3578,127733.61,458008.763697,202206
3.5712,3.6589,3.5583,3.6053,166543.96,601209.176059,2233,74422.38,268691.906787,202206
3.6059,3.6214,3.5523,3.5591,181907.37,652734.277202,2402,100852.34,362322.846792,202206
3.5616,3.6206,3.5257,3.607,311213.51,1113463.920791,3270,168094.66,602451.104825,202206
3.6079,3.6911,3.5776,3.6617,377542.65,1368832.26048,3935,238679.41,864971.038969,202206
3.6616,3.6814,3.6051,3.6701,179533.08,653351.661978,2593,93632.33,340590.330939,202206
3.6695,3.6836,3.6318,3.6623,163345.92,597517.049192,2359,86382.98,316055.330529,202206
3.6619,3.6835,3.6162,3.6211,183409.22,668452.176581,2190,76046.34,277335.096598,202206
3.6212,3.6249,3.5836,3.6003,119724.6,430817.038322,1869,56338.78,202722.208654,202206
3.5985,3.6124,3.5512,3.6054,142060.27,509586.97326,2142,79833.58,286360.077327,202206
3.6038,3.7497,3.5931,3.7101,515547.37,1898687.762551,4181,285677.08,1052487.072848,202206
3.7089,3.7128,3.597,3.6216,192730.14,702197.594648,2497,84401.45,307356.330005,202206
3.6235,3.6506,3.5714,3.5934,266653.05,960210.256435,3404,132744.83,478022.694154,202206
3.5929,3.5955,3.5481,3.5554,211875.16,755544.105178,3040,122304.81,436263.321576,202206
3.554,3.563,3.5045,3.5083,239863.76,846771.202864,2662,116969.32,413019.618445,202206
3.5076,3.5173,3.4486,3.4593,258929.85,901595.889185,3257,118292.31,412048.368075,202206
3.457,3.5135,3.4282,3.4558,181750.96,629534.88015,2857,88847.79,307527.817956,202206
3.46,3.4752,3.3286,3.3999,481611.15,1625613.913415,4356,279571.12,942271.386766,202206
3.4028,3.5063,3.3607,3.5045,336320.82,1152335.368683,4187,147890.8,507717.076728,202206
3.5062,3.5499,3.4563,3.5164,223827.13,783453.755969,3034,95105.68,332873.8313,202206
3.5144,3.5144,3.4466,3.4716,149448.45,520305.197981,2287,66874.75,232846.206295,202206
3.472,3.55,3.4521,3.5167,380232.11,1328980.250588,4389,205436.09,718693.969189,202206
3.5195,3.5239,3.4261,3.4918,242773.94,841655.329848,3144,118915.71,412513.062824,202206
3.4917,3.5066,3.4225,3.4355,174480.49,603660.350115,2521,84237.6,291386.923829,202206
3.4334,3.4711,3.4124,3.4579,162594.86,558530.116414,2481,82763.27,284402.188141,202206
3.4579,3.4877,3.4214,3.429,189856.23,657731.43228,2107,85710.41,296758.25724,202206
3.4281,3.4559,3.4181,3.4508,124934.54,429104.525066,1525,70314.0,241492.846155,202206
3.4519,3.5412,3.4302,3.5135,225509.0,788501.03894,2928,119583.84,418097.367955,202206
3.5125,3.5487,3.4868,3.5192,186308.98,654288.993567,2101,74531.04,261606.481959,202206
3.518,3.5911,3.5122,3.543,197707.21,701669.620514,2508,95037.85,337454.107849,202206
3.5423,3.5496,3.4788,3.4949,141341.84,495959.769695,2005,65619.13,230249.311613,202206
3.494,3.5002,3.4694,3.4802,146159.12,508796.651964,1793,67058.96,233445.162066,202206
3.4801,3.503,3.4588,3.5029,148604.87,517539.774755,1543,78193.43,272307.151283,202206
3.4971,3.583,3.4865,3.5656,223011.03,785535.103875,2128,127925.36,451182.639963,202206
3.5666,3.6047,3.5471,3.5493,152176.26,543636.651313,1751,84317.36,301354.401652,202206
3.547,3.5922,3.5437,3.5542,121396.0,432607.014725,1079,59076.85,210519.047634,202206
3.554,3.5935,3.5294,3.5557,100989.87,359604.887196,1420,62591.77,222817.554783,202206
3.5552,3.5558,3.4876,3.506,181201.66,636711.812068,1954,93817.31,329843.791327,202206
3.504,3.5231,3.4959,3.497,81442.62,286128.72946,1124,47345.72,166355.514867,202206
3.4989,3.505,3.4714,3.4816,90557.51,315725.175489,1350,49641.05,173037.808103,202206
3.4787,3.4995,3.4499,3.498,125497.85,435871.571437,1561,55410.75,192626.507665,202206
3.495,3.505,3.4176,3.4185,119376.58,413329.428684,1467,68290.89,236840.794281,202206
3.4199,3.4448,3.405,3.431,137295.88,470353.42907,1771,76783.74,263017.516815,202206
3.429,3.4363,3.3843,3.3981,196602.9,671116.305268,1932,72824.59,248541.629258,202206
3.3978,3.4154,3.378,3.3833,106914.66,362736.814545,1389,46144.95,156607.47435,202206
3.3835,3.4137,3.3649,3.3816,92077.41,311964.60906,1347,51250.8,173661.204409,202206
3.383,3.4337,3.3611,3.4004,167049.43,566880.176225,2040,71382.36,242400.453378,202206
3.4044,3.4236,3.391,3.4032,81073.81,275913.961467,1109,32070.14,109128.632513,202206
3.4059,3.4267,3.3767,3.4055,122155.88,414704.93122,1254,56647.24,192612.382656,202206
3.4061,3.4216,3.37,3.3728,127278.85,431788.25847,1326,64724.26,219645.716455,202206
3.3742,3.3958,3.36,3.3694,89324.45,301809.342345,1161,40814.44,137835.420463,202206
3.3693,3.4366,3.3528,3.4304,110015.06,373459.190526,1337,63346.73,215191.426578,202206
3.431,3.4916,3.4303,3.4608,169946.5,588124.778593,2136,90411.17,312923.72299,202206
3.4616,3.4721,3.4383,3.4541,106073.45,366636.97196,1133,53492.22,185013.244807,202206
3.456,3.5767,3.4541,3.5759,292364.08,1028105.388488,2953,185907.57,652863.745122,202206
3.5796,3.5815,3.5202,3.5248,163048.22,578459.626139,1956,87859.79,311703.583607,202206
3.5261,3.5499,3.5221,3.5447,148904.24,526608.739829,1340,67464.11,238609.243976,202206
3.5453,3.5572,3.5224,3.5427,67037.59,237283.227196,853,40719.4,144161.773635,202206
3.5425,3.5674,3.515,3.5591,62143.21,220098.927248,923,32433.7,114901.347978,202206
3.5591,3.5624,3.5191,3.5221,42061.21,148901.212894,602,20358.17,72045.729994,202206
3.5216,3.5352,3.4914,3.4948,56652.04,198931.601806,800,25548.08,89765.256108,202206
3.4946,3.5201,3.4781,3.493,72326.77,252974.824675,925,36989.2,129363.472209,202206
3.4918,3.5088,3.4717,3.4758,44503.5,155364.651691,659,25904.96,90467.552427,202206
3.4773,3.4795,3.4262,3.433,119423.43,412058.325491,1385,70945.26,244715.113209,202206
3.4308,3.4496,3.4086,3.4267,113664.32,389654.22227,1233,49709.44,170490.383846,202206
3.4307,3.4571,3.413,3.4442,93886.41,322282.162214,1100,62874.21,215766.438272,202206
3.4442,3.4674,3.4237,3.4378,154081.52,530407.433881,2674,89169.93,306824.056771,202206
3.4369,3.4472,3.3822,3.3875,109374.12,373618.105144,1428,64969.82,222019.221895,202206
3.3869,3.4178,3.3687,3.4003,158560.07,538170.301112,1888,89262.39,303085.101776,202206
3.3969,3.4188,3.3807,3.3905,77968.58,265083.057353,1140,49050.51,166771.014467,202206
3.3903,3.5085,3.3826,3.4848,289990.75,1006102.155098,4632,149112.07,517437.934814,202206
3.4807,3.4999,3.4265,3.4285,181563.42,629633.524403,2439,92342.75,320316.750082,202206
3.4326,3.4639,3.4033,3.4512,205522.5,704644.219384,2760,106599.64,365520.709615,202206
3.4514,3.476,3.4412,3.4421,125623.68,434794.418236,1892,67956.25,235180.042737,202206
3.4431,3.4621,3.4122,3.4146,134298.48,461444.887216,1895,69135.79,237591.842311,202206
3.4146,3.4443,3.4092,3.4309,113848.63,390346.944542,1416,58110.23,199224.895017,202206
3.4302,3.4622,3.3988,3.4101,176310.53,604443.765353,2066,86943.18,298175.514332,202206
3.4116,3.4264,3.3769,3.3793,109344.84,372246.143823,1489,57519.87,195820.777244,202206
3.3788,3.3907,3.3258,3.3364,186161.03,624302.671584,2274,87021.81,292000.276729,202206
3.3363,3.3487,3.3003,3.3141,193653.27,642588.180737,2561,113004.32,375100.514948,202206
3.3119,3.3319,3.2968,3.3017,148676.79,492822.835406,1796,73356.79,243169.582744,202206
3.2996,3.3466,3.2904,3.3466,351360.04,1163890.623653,3654,183092.03,606810.512739,202206
3.3442,3.3526,3.2905,3.3051,329553.29,1092783.23719,3507,161162.38,534518.422915,202206
3.3042,3.3215,3.2765,3.2827,200670.92,662529.017587,2229,110476.34,364747.47702,202206
3.2838,3.2852,3.239,3.2601,189330.67,617514.896278,2289,84339.12,275007.025704,202206
3.2618,3.3058,3.233,3.233,229147.1,747820.330407,2669,112661.31,367941.914654,202206
3.2351,3.3057,3.2096,3.2845,272508.71,889144.483831,3983,144327.04,471163.25551,202206
3.2836,3.3135,3.2611,3.2861,160262.15,526047.937416,2201,72047.48,236534.106638,202206
3.2862,3.3471,3.2773,3.2918,252525.76,835972.555768,2773,143196.66,474148.639889,202206
3.2918,3.3094,3.2731,3.2928,173936.29,572770.487487,2092,71529.96,235448.95964,202206
3.2927,3.333,3.2855,3.3212,160317.4,531071.984402,1902,80091.83,265330.852832,202206
3.3216,3.4054,3.3189,3.3966,318267.08,1075894.39403,3479,182354.05,616347.863111,202206
3.3971,3.426,3.385,3.419,170272.43,579941.206493,2041,85473.5,291198.903148,202206
3.42,3.423,3.3626,3.3868,134850.36,456960.645111,1560,55343.46,187636.022988,202206
3.3853,3.4172,3.3808,3.4065,131579.8,447236.466,1578,69198.48,235192.829462,202206
3.4065,3.4385,3.4065,3.4229,136774.73,468173.708283,1687,79916.55,273522.188643,202206
3.4251,3.4722,3.4167,3.47,186688.83,643336.001528,2281,116454.94,401500.487774,202206
3.4698,3.4785,3.42,3.4273,262045.3,900938.054797,2250,105275.76,361911.1869,202206
3.4269,3.4401,3.3983,3.4184,107040.18,365628.378705,1522,56621.37,193446.727176,202206
3.4168,3.4364,3.4109,3.4334,99583.2,340960.654583,1187,63664.95,218009.245444,202206
3.4346,3.4586,3.3999,3.4578,205532.88,704794.495209,1834,114484.56,392945.770761,202206
3.4583,3.539,3.4471,3.502,261809.05,914913.144709,2871,165813.01,579417.667868,202206
3.5052,3.6733,3.5036,3.6157,456783.16,1644744.412789,4982,249857.33,898970.951108,202206
3.6157,3.6216,3.5522,3.5882,237285.75,850436.632404,2779,120002.25,430050.163235,202206
3.5916,3.6356,3.5823,3.6297,234181.89,842923.578471,2257,129062.27,464548.763367,202206
3.6266,3.6535,3.6051,3.6196,193610.64,702318.615173,2474,103419.25,375085.185294,202206
3.624,3.6644,3.6056,3.6348,233090.02,846328.305142,2485,115370.37,418981.27309,202206
3.6339,3.6576,3.5975,3.6085,160879.28,582291.022494,1770,68066.47,246562.158766,202206
3.6092,3.614,3.5526,3.5555,179577.1,642287.907436,2099,80976.81,289676.119239,202206
3.5577,3.6128,3.5577,3.5994,137691.31,494552.881901,1766,78293.37,281252.162323,202206
3.5992,3.6066,3.5493,3.5576,96641.16,345858.508312,1416,42973.93,153861.749759,202206
3.5568,3.5656,3.5429,3.5539,66536.88,236412.714241,1002,24930.01,88610.831299,202206
3.5515,3.5634,3.5166,3.519,79003.67,279416.131637,1130,31504.1,111497.824771,202206
3.5182,3.5361,3.5112,3.5351,48104.26,169529.295417,761,28850.03,101701.548813,202206
3.5356,3.5384,3.5089,3.5211,40345.61,142109.11476,710,20879.17,73554.373487,202206
3.522,3.5291,3.49,3.5105,95197.04,333607.750577,962,65387.21,229029.460209,202206
3.5097,3.5122,3.4912,3.4941,64335.55,225465.216737,656,44495.09,155970.343403,202206
3.4915,3.4983,3.4601,3.47,42496.7,147707.028451,710,15629.42,54319.001651,202206
3.4709,3.4901,3.47,3.4771,63633.72,221541.56624,596,19170.91,66763.393899,202206
3.4752,3.4858,3.454,3.4684,79382.18,275449.882427,947,31249.7,108339.172613,202206
3.4704,3.5191,3.4649,3.5177,49249.09,172110.796392,785,29195.72,101959.399046,202206
3.5198,3.5269,3.5005,3.5211,49384.15,173604.633371,736,31818.6,111886.606989,202206
3.5226,3.5231,3.5056,3.5162,29031.66,102040.316816,413,20058.21,70494.652426,202206
3.5174,3.5342,3.505,3.5298,24371.56,85838.516617,477,16194.69,57042.511863,202206
3.5285,3.5301,3.4961,3.5012,121554.87,425964.596268,693,59039.45,206922.605096,202206
3.5035,3.5108,3.4856,3.5062,91244.71,319403.59961,657,58975.65,206600.254873,202206
3.507,3.5199,3.4936,3.5194,76856.38,269277.948315,758,27314.49,95706.310651,202206
3.519,3.5382,3.4973,3.5164,48804.34,171907.201066,763,23836.55,83873.516208,202206
3.5165,3.558,3.5165,3.5474,34542.55,122226.492178,599,18108.88,64082.661405,202206
3.5483,3.5625,3.5322,3.5333,47204.04,167521.756454,590,22286.6,79194.466012,202206
3.5328,3.5409,3.5099,3.5245,26337.39,92794.092552,543,13385.38,47174.574291,202206
3.5244,3.5374,3.5163,3.518,22331.68,78762.122496,396,15075.34,53176.579248,202206
3.5168,3.5256,3.5061,3.512,14597.7,51303.677602,298,9402.51,33043.111872,202206
3.5119,3.521,3.4873,3.4899,29075.51,101777.642226,614,14398.36,50403.61417,202206
3.49,3.4947,3.4636,3.4685,21369.58,74350.219706,419,7971.9,27753.694272,202206
3.4683,3.4753,3.4564,3.4588,27970.47,96949.702051,493,16630.55,57671.845824,202206
3.458,3.471,3.4518,3.4672,30124.61,104233.591649,582,11423.51,39540.405609,202206
3.47,3.472,3.4556,3.4628,16166.65,56004.617188,331,11857.32,41080.725021,202206
3.4634,3.4694,3.4405,3.4468,40150.86,138587.089134,514,16140.98,55770.109051,202206
3.4456,3.4812,3.437,3.4634,89652.95,309991.931235,1111,50054.71,173089.356559,202206
3.4625,3.4752,3.4539,3.4585,46331.38,160373.699413,563,11557.19,40028.650968,202206
3.4576,3.4656,3.454,3.4617,18893.2,65363.630773,344,10195.99,35286.796774,202206
3.4618,3.4735,3.441,3.4609,53760.11,186100.451313,623,26755.06,92652.865846,202206
3.4617,3.4748,3.451,3.473,33086.12,114554.078185,539,11059.14,38313.038013,202206
3.4748,3.4899,3.4637,3.4638,32939.34,114632.698336,535,20583.27,71650.992084,202206
3.4649,3.4824,3.4627,3.4747,16876.0,58645.514739,338,7878.39,27375.855835,202206
3.4762,3.4772,3.4494,3.451,32607.24,112752.772999,504,21330.2,73735.082692,202206
3.4517,3.4759,3.4465,3.4573,34507.81,119412.282432,468,18577.48,64318.264967,202206
3.4573,3.5139,3.4573,3.5102,54279.88,189503.080325,823,28084.41,97981.121429,202206
3.5092,3.569,3.5085,3.5639,53585.28,189808.944087,858,36709.14,130065.087519,202206
3.5631,3.569,3.5485,3.5542,24247.73,86277.500377,528,13411.37,47722.507115,202206
3.5534,3.5979,3.5482,3.5896,38929.53,139039.26383,774,18905.99,67569.126597,202206
3.5897,3.6187,3.5799,3.6,53611.36,192732.2251,789,28958.39,104158.204949,202206
3.5984,3.6243,3.5977,3.62,111313.38,401570.977097,1028,36670.67,132295.853261,202206
3.6209,3.6786,3.6178,3.6363,105697.95,386034.919565,1328,62609.53,228600.550641,202206
3.6327,3.6415,3.59,3.6077,195778.17,706714.07783,995,52569.57,189869.240919,202206
3.6076,3.6263,3.6074,3.6201,28155.65,101892.009254,437,16258.93,58844.361706,202206
3.6172,3.6228,3.5739,3.5906,48171.52,173412.925086,779,21665.77,77982.106775,202206
3.59,3.593,3.5705,3.5764,45306.99,162186.350489,578,25449.28,91072.927756,202206
3.5771,3.5782,3.5484,3.5519,22933.14,81690.313993,440,10310.65,36737.486777,202206
3.5541,3.5859,3.5502,3.5859,26324.26,93869.761177,466,10418.9,37169.139844,202206
3.5851,3.5851,3.5523,3.56,24436.85,87099.495895,355,9293.2,33085.215953,202206
3.5598,3.563,3.5368,3.5599,58269.91,206803.536582,577,18510.14,65643.243186,202206
3.5586,3.5783,3.5568,3.5597,18874.76,67323.016279,328,10627.96,37921.287609,202206
3.5579,3.5688,3.5517,3.5598,14160.68,50387.146471,248,10704.98,38087.032243,202206
3.5594,3.5644,3.5456,3.5473,13637.27,48498.885711,204,7359.34,26165.289173,202206
3.5473,3.56,3.544,3.5589,10682.35,37971.402586,148,8569.37,30457.082057,202206
3.5569,3.5569,3.5151,3.5151,14728.09,52008.184519,284,5782.52,20415.646862,202206
3.516,3.517,3.4812,3.487,38665.26,135157.515359,384,19123.68,66700.948239,202206
3.4857,3.5065,3.4857,3.4929,36050.94,126098.886125,368,8369.81,29220.743792,202206
3.4928,3.5067,3.4593,3.4609,34974.68,122005.170034,523,17423.64,60911.516569,202206
3.4592,3.478,3.4585,3.4746,19604.86,67945.092924,314,14513.55,50292.796077,202206
3.4759,3.4934,3.4701,3.4866,19934.91,69505.785798,270,9895.88,34514.273278,202206
3.4866,3.4906,3.4441,3.4482,24143.19,83568.74748,349,8588.7,29810.508743,202206
3.4501,3.4615,3.4357,3.4483,42706.13,147145.778005,466,24400.19,83990.869294,202206
3.4475,3.4506,3.4,3.4017,38149.27,131015.471919,525,17305.26,59532.074719,202206
3.4017,3.4206,3.4,3.406,42243.22,144136.13914,631,20417.22,69682.402264,202206
3.405,3.4051,3.3811,3.3868,73208.59,248390.734926,870,37146.66,126047.976343,202206
3.388,3.4195,3.3826,3.4185,72494.49,246817.162081,826,36683.57,124759.13827,202206
3.4184,3.4194,3.3631,3.3658,72360.57,245345.44761,798,17436.55,59090.568446,202206
3.3669,3.4161,3.3669,3.3931,47965.0,162742.457555,1047,24397.18,82734.803151,202206
3.3925,3.4021,3.3617,3.3825,37555.65,126961.055734,637,20123.63,68057.607956,202206
3.3823,3.3844,3.3636,3.3687,13925.13,46955.046277,325,3387.46,11428.01262,202206
3.3679,3.3716,3.3321,3.3348,117211.45,391498.509287,903,69564.42,232309.501699,202206
3.3347,3.3613,3.3284,3.3303,46223.04,154657.38881,768,14179.7,47431.06217,202206
3.3318,3.3551,3.3281,3.3366,39645.65,132372.689533,664,20936.29,69880.625961,202206
3.3365,3.3479,3.3279,3.3363,26144.68,87313.419139,438,16047.85,53598.577391,202206
3.3359,3.3877,3.3094,3.3751,83302.46,277305.424106,912,27774.66,92658.793082,202206
3.3773,3.4459,3.3773,3.4195,75017.75,256347.718324,1262,49571.75,169432.890435,202206
3.4191,3.4214,3.3744,3.3963,53835.96,183028.950232,799,25579.48,86952.08521,202206
3.3961,3.4053,3.3615,3.3884,52837.36,178813.883504,772,28405.12,96058.639628,202206
3.3907,3.4122,3.3692,3.373,35580.65,120639.145664,714,17265.53,58578.021264,202206
3.3757,3.3978,3.3707,3.3888,29120.95,98503.155833,472,13552.5,45810.296335,202206
3.3868,3.4233,3.375,3.4233,60642.36,206144.770297,694,37399.89,127040.914672,202206
3.4247,3.454,3.4083,3.448,29177.1,100064.972529,623,14725.04,50545.93131,202206
3.444,3.4921,3.4358,3.4913,77520.15,268424.138962,925,38252.57,132383.516303,202206
3.4854,3.4895,3.4456,3.4677,138026.91,478878.102045,1753,68410.37,237297.446086,202206
3.4702,3.5494,3.4555,3.549,203779.58,713305.88806,2214,106619.46,373260.834046,202206
3.5492,3.5661,3.5434,3.5583,108205.41,384630.360806,1494,61191.92,217547.499691,202206
3.5591,3.5846,3.5162,3.5354,205214.09,726890.150451,2093,112825.45,399967.316712,202206
3.5363,3.5399,3.4881,3.4961,100607.75,352799.422297,1317,36593.3,128337.478912,202206
3.4961,3.4997,3.4796,3.4945,76361.02,266597.278759,1153,34496.52,120423.24554,202206
3.495,3.5093,3.4779,3.4969,90422.91,316011.900444,1276,39089.06,136632.693389,202206
3.4969,3.5182,3.4812,3.4849,76965.6,269535.121061,1148,39719.95,139125.928517,202206
3.4827,3.5083,3.4761,3.5022,113191.03,395384.45571,1328,57326.05,200192.50954,202206
3.502,3.502,3.4623,3.4639,59110.19,206010.902816,741,28944.83,100921.480026,202206
3.4647,3.4779,3.4476,3.4534,53448.97,185010.914455,771,20943.41,72495.222124,202206
3.4517,3.4641,3.4301,3.4352,92641.07,319467.13282,1475,38642.21,133226.462621,202206
3.4353,3.4556,3.4294,3.444,120066.02,413385.760542,1628,48847.17,168146.661889,202206
3.4421,3.4446,3.4116,3.4287,152108.76,522166.919195,1638,64625.76,221748.39368,202206
3.428,3.4922,3.4163,3.4609,166520.99,576218.6262,1959,71800.66,248212.110595,202206
3.4595,3.4685,3.4357,3.4358,99451.28,343073.900997,1473,46239.9,159555.189903,202206
3.435,3.4529,3.4175,3.4197,138387.8,475251.339752,1782,56313.09,193300.164565,202206
3.421,3.4236,3.367,3.3735,151407.2,513738.008405,1902,68869.02,233587.817631,202206
3.3728,3.41,3.3694,3.3783,138708.44,470008.599821,1732,72890.31,246977.875404,202206
3.3801,3.3912,3.3222,3.3273,149735.08,502620.82474,1880,68162.1,228892.23504,202206
3.3262,3.3406,3.2933,3.2964,189242.28,626710.087503,2484,79778.6,264272.262221,202206
3.2978,3.3445,3.2902,3.325,207438.68,689871.294549,1999,95278.88,316829.432596,202206
3.324,3.3279,3.2871,3.2906,113054.53,373692.768698,1408,53522.46,176872.653881,202206
3.2887,3.3139,3.269,3.2727,140221.61,461279.611943,1747,72617.76,238987.656823,202206
3.2711,3.306,3.2551,3.2632,133185.89,436210.321962,1613,57568.91,188655.558761,202206
3.261,3.3652,3.25,3.3479,173756.04,576856.556942,2479,84278.78,279936.091901,202206
3.3463,3.3812,3.3238,3.3457,135668.59,454896.951852,1649,57564.12,193022.63305,202206
3.3466,3.4156,3.3439,3.3974,150330.96,509870.854254,1815,85881.59,291321.920964,202206
3.3961,3.4031,3.3511,3.3551,102158.61,345760.63915,1244,44315.35,150007.163671,202206
3.3552,3.3694,3.301,3.3311,181219.22,604847.201569,1900,82406.06,274982.125195,202206
3.3277,3.353,3.2936,3.3073,350284.22,1163052.626879,2461,187799.06,623393.738685,202206
3.3059,3.3389,3.275,3.3194,124767.43,411852.455184,1678,54789.58,180869.791629,202206
3.3195,3.393,3.3,3.393,143699.01,480648.273527,1850,80739.27,270186.216704,202206
3.3944,3.4278,3.3789,3.412,164270.46,558888.075749,2109,88198.77,300048.173012,202206
3.4128,3.4487,3.3997,3.4246,119078.44,408382.161439,1651,64334.18,220631.866502,202206
3.4255,3.4567,3.4129,3.4567,95464.85,327481.697415,1220,41172.41,141223.395963,202206
3.4567,3.4654,3.4157,3.4255,76429.37,262873.990436,1223,34187.89,117596.954323,202206
3.4231,3.4952,3.4224,3.4833,72940.61,252294.226586,1061,34272.8,118603.618606,202206
3.4863,3.5094,3.4695,3.4866,96153.16,335370.167653,1258,61595.26,214812.788445,202206
3.4838,3.5492,3.4779,3.5249,181622.66,640146.671944,2033,110444.98,389569.797209,202206
3.525,3.5308,3.5067,3.5281,59323.8,208765.841415,903,30664.01,107905.543939,202206
3.5286,3.5927,3.528,3.5751,260739.82,926772.80753,2257,155579.5,553324.782005,202206
3.5762,3.6424,3.5493,3.6273,352110.58,1266932.232734,3214,223702.24,805698.508117,202206
3.6277,3.6277,3.5601,3.5673,118748.16,426070.079736,1655,48532.13,174107.696959,202206
3.5657,3.5931,3.5537,3.5869,128463.13,458759.877598,1257,64410.5,229924.638622,202206
3.587,3.5958,3.5526,3.5762,80487.16,287324.235434,1089,44998.98,160591.373103,202206
3.5803,3.5871,3.56,3.5834,87300.27,312133.460052,926,44315.24,158456.099557,202206
3.5833,3.6296,3.5814,3.6101,136278.93,491696.667217,1437,75070.36,270923.815603,202206
3.6099,3.6891,3.5923,3.6855,222340.43,808999.667244,2334,114522.34,417084.693634,202206
3.6849,3.8082,3.6714,3.7278,873728.25,3260418.255798,6966,463844.29,1730608.69393,202206
3.7275,3.7275,3.6302,3.6398,379172.97,1393833.097059,3266,156989.49,577652.39004,202206
3.6384,3.6457,3.5548,3.5576,259853.02,935196.793089,2511,101836.31,366446.534688,202206
3.5573,3.5731,3.5403,3.5645,143893.89,511880.868859,1720,76717.6,273007.287439,202206
3.5654,3.5795,3.5489,3.5569,105374.72,375378.827029,988,58723.0,209191.5742,202206
3.5578,3.5945,3.5472,3.587,106620.94,379458.899173,1244,36711.41,130729.015467,202206
3.5855,3.6005,3.5637,3.5774,63490.42,227654.723796,828,31823.69,114074.720203,202206
3.5759,3.6076,3.5714,3.5714,85162.56,305691.153322,1079,42492.67,152513.166549,202206
3.5731,3.6155,3.5731,3.5892,81132.04,291715.258646,1088,32160.02,115483.667475,202206
3.5897,3.5897,3.5359,3.5383,98746.51,351504.162797,1239,57837.73,206078.488102,202206
3.5383,3.587,3.5348,3.5822,84620.89,300628.817099,1204,43423.56,154231.938721,202206
3.5815,3.6295,3.5747,3.6231,82919.88,298499.912375,1136,47984.92,172841.224395,202206
3.6279,3.6525,3.6136,3.6525,78547.12,285758.215374,1138,34204.61,124433.165821,202206
3.6511,3.6976,3.6456,3.6825,173202.49,636664.536057,1641,116987.16,429683.043407,202206
3.6817,3.8316,3.6809,3.8107,273924.82,1032455.619959,3128,132085.87,498585.453467,202206
3.8104,3.9277,3.799,3.8332,368755.35,1425138.478412,4116,183890.01,709772.10512,202206
3.8309,3.8723,3.8104,3.8169,240371.02,921097.898877,2694,131744.1,504824.88627,202206
3.8171,3.8394,3.7763,3.7794,239105.19,909668.704354,2811,104191.62,396474.416367,202206
3.7814,3.8551,3.7648,3.843,159328.33,607644.663893,2041,79661.76,304129.271589,202206
3.843,3.8929,3.8401,3.8433,147694.63,570777.167699,1678,80077.98,309434.012359,202206
3.8417,3.8907,3.8259,3.862,136443.47,525961.111762,1980,70281.32,270942.884117,202206
3.8625,3.8804,3.8281,3.8404,84239.36,324527.804383,1212,45211.99,174126.947768,202206
3.843,3.85,3.8207,3.8457,89496.41,343207.531366,1198,50747.83,194646.686531,202206
3.8457,3.95,3.8184,3.8977,217842.74,847388.25322,2334,121369.71,472778.478771,202206
3.8956,3.9096,3.8423,3.8473,178457.96,693007.224212,1859,98963.27,384324.899534,202206
3.8478,3.8623,3.8128,3.8278,137634.43,527104.675784,1640,59501.72,227962.383469,202206
3.8278,3.8295,3.7928,3.8122,127937.74,487618.102588,1558,61878.46,235842.30225,202206
3.811,3.8513,3.8062,3.8164,115353.32,441873.002389,1569,61429.3,235324.968445,202206
3.8185,3.8312,3.8025,3.8169,65056.19,248437.334458,973,31508.93,120311.190359,202206
3.82,3.8622,3.8021,3.8523,113141.67,434150.861173,1458,65397.16,251045.107098,202206
3.8527,3.8558,3.7935,3.7935,93568.11,357981.008751,1409,43407.79,166082.997521,202206
3.7967,3.8175,3.7637,3.7696,116050.5,439448.242792,1485,40974.4,155288.167289,202206
3.7708,3.7955,3.7572,3.7923,85194.27,321354.121037,1312,39990.08,150906.732608,202206
3.7915,3.8101,3.783,3.7874,82052.75,311499.171737,1059,44908.78,170461.191742,202206
3.7899,3.81,3.7781,3.8046,56329.68,213648.534066,931,30434.09,115435.401391,202206
3.8038,3.8338,3.765,3.7774,119129.08,452563.116051,1560,53543.7,203578.948241,202206
3.7774,3.787,3.7349,3.7385,108602.35,407745.613746,1328,43532.13,163391.039254,202206
3.7384,3.7541,3.7255,3.7448,122234.51,457246.555198,1758,56548.26,211517.44936,202206
3.7439,3.7645,3.7345,3.761,81287.06,304987.998244,1210,37028.85,138962.402476,202206
3.7615,3.7631,3.7273,3.7509,89076.36,333759.133357,1118,47185.75,176705.234441,202206
3.7509,3.7594,3.742,3.7556,77639.89,291413.321545,1033,42391.68,159097.392331,202206
3.7558,3.7871,3.7257,3.787,134105.34,504381.847987,1523,79647.74,299543.420781,202206
3.7835,3.8191,3.7756,3.8084,133916.44,508202.187166,1587,60982.27,231455.787634,202206
3.8083,3.8214,3.7914,3.7988,114708.0,436863.485475,1508,58252.03,221821.954813,202206
3.7952,3.8399,3.7863,3.8269,136250.16,520092.653772,1706,82334.95,314317.257948,202206
3.8268,3.86,3.8206,3.8271,96860.84,371885.211073,1379,45671.05,175393.525505,202206
3.8259,3.8406,3.811,3.8307,80919.78,309468.728709,898,41357.13,158161.626751,202206
3.8284,3.8412,3.7783,3.7977,113318.49,431305.502241,1448,50028.57,190375.620683,202206
3.7994,3.7998,3.7637,3.7672,107224.86,404480.665961,1022,61083.46,230366.221521,202206
3.7678,3.7822,3.7423,3.7477,108509.6,408201.019688,1370,43617.61,164127.157141,202206
3.7472,3.7534,3.733,3.7414,81448.44,304700.59864,1101,30648.87,114632.461911,202206
3.7444,3.7659,3.741,3.7658,107384.37,403243.228958,912,33086.24,124223.876438,202206
3.7643,3.7729,3.72,3.7444,56839.24,212824.674166,937,28714.7,107539.938743,202206
3.7446,3.7631,3.7272,3.7631,36105.89,135180.535568,623,16488.31,61723.584716,202206
3.7604,3.7944,3.7542,3.7807,77793.33,293801.817645,1120,46062.48,173952.389987,202206
3.7824,3.7847,3.7578,3.7636,31641.41,119323.549165,541,15239.35,57447.631034,202206
3.7605,3.776,3.7525,3.7565,23927.86,89978.651791,485,14539.29,54669.144469,202206
3.7566,3.7779,3.7283,3.7283,44555.78,166948.446234,691,21845.04,81753.6006,202206
3.728,3.7475,3.7257,3.736,27166.38,101490.630854,508,11354.72,42413.115917,202206
3.7358,3.7479,3.7249,3.7249,33623.34,125574.492077,514,14407.63,53794.997123,202206
3.7249,3.7442,3.706,3.7442,46936.91,174611.11061,717,23029.84,85664.555259,202206
3.7448,3.7522,3.7279,3.7483,32532.24,121722.789742,543,14217.65,53217.478033,202206
3.7478,3.7567,3.7197,3.7357,47479.86,177445.89756,722,22670.96,84712.857857,202206
3.7355,3.7702,3.7309,3.7555,45909.45,172254.746091,755,22397.27,84063.569706,202206
3.7567,3.7579,3.7091,3.7129,46374.36,172988.396255,749,21372.58,79744.122053,202206
3.7135,3.7223,3.6927,3.7032,81347.02,301447.365314,1110,34537.04,127982.197415,202206
3.703,3.7165,3.6818,3.6928,45817.36,169430.434367,682,28213.86,104356.354694,202206
3.6915,3.7018,3.6728,3.6782,49393.36,182094.334348,666,17361.88,64022.151746,202206
3.6799,3.7075,3.6577,3.7005,75382.2,277135.768809,1099,34466.24,126752.184366,202206
3.7006,3.7115,3.6776,3.684,43998.1,162766.655423,627,18600.91,68825.200973,202206
3.6807,3.687,3.6641,3.6641,55025.01,202207.909638,773,28308.66,104047.138108,202206
3.6663,3.6814,3.6527,3.6535,70765.04,259458.838398,903,34192.26,125349.678998,202206
3.6536,3.6599,3.6182,3.6287,163470.08,595281.889243,1507,47600.22,173221.592435,202206
3.631,3.634,3.6182,3.6182,44533.36,161540.852365,549,15067.45,54648.737674,202206
3.6199,3.6274,3.6,3.6231,95004.21,343137.392851,1089,44699.01,161505.066848,202206
3.6222,3.6588,3.6222,3.6422,76302.85,277748.569472,927,46658.04,169865.823911,202206
3.6432,3.6476,3.6282,3.6399,27925.44,101476.474871,388,13126.08,47698.131657,202206
3.6375,3.6486,3.6267,3.6473,170897.78,622148.014782,1169,94907.41,345475.982388,202206
3.6485,3.6514,3.6191,3.6255,69247.93,251677.725999,817,30185.33,109644.312644,202206
3.6242,3.6249,3.6033,3.6139,46477.8,167976.864637,691,22998.81,83128.825415,202206
3.6139,3.6255,3.5844,3.5858,153875.09,556070.140435,1520,60184.79,217572.915566,202206
3.5852,3.5878,3.568,3.5743,111708.02,399497.748613,991,40607.1,145195.244356,202206
3.5745,3.587,3.5646,3.5769,147807.59,528935.985023,1504,77945.52,279024.666502,202206
3.5758,3.5983,3.5688,3.5901,94365.93,338142.229716,1005,50464.92,180971.501789,202206
3.5902,3.5931,3.5741,3.5769,38556.81,138129.044537,585,22793.55,81637.97496,202206
3.577,3.596,3.5405,3.5504,181332.5,645410.235805,1622,86907.44,309248.97864,202206
3.5518,3.5589,3.5329,3.5427,117099.1,415227.253678,1502,54535.62,193411.391249,202206
3.5419,3.5644,3.5417,3.5519,59967.98,213149.25831,807,31858.99,113250.351607,202206
3.5509,3.5536,3.5271,3.5327,121383.02,429842.069467,1247,48952.99,173434.075176,202206
3.5327,3.5486,3.5283,3.5307,78598.77,277915.21382,619,23395.07,82744.889785,202206
3.5285,3.5449,3.5239,3.525,51693.48,182657.722952,728,29256.34,103401.1359,202206
3.5248,3.53,3.4916,3.4976,99635.42,350262.5093,1260,32165.07,113063.726699,202206
3.5005,3.5311,3.4938,3.5289,68425.05,240366.003409,910,42763.2,150203.811983,202206
3.5297,3.5404,3.5151,3.5167,55635.77,196473.597697,760,28414.9,100358.847925,202206
3.5161,3.5467,3.5142,3.5388,62057.96,219171.303689,730,41056.26,144980.706591,202206
3.5393,3.5669,3.5334,3.5465,95928.36,340780.901282,994,62692.58,222749.413665,202206
3.5453,3.552,3.5043,3.5076,60885.42,214818.62143,848,28409.0,100334.788289,202206
3.5082,3.5096,3.4749,3.4749,73879.61,258157.457952,885,31374.39,109665.772226,202206
3.4794,3.4846,3.4614,3.4661,91394.79,317099.51623,995,53008.53,183982.855072,202206
3.4675,3.4805,3.4578,3.4683,43706.32,151585.158911,675,17974.31,62342.642837,202206
3.4683,3.4696,3.4383,3.4545,97026.34,334996.517146,1154,50720.26,175141.788005,202206
3.4545,3.5394,3.4545,3.533,140840.2,493671.381543,1909,75014.34,262711.677302,202206
3.533,3.5869,3.5162,3.5563,135264.77,481817.914532,1557,80826.96,288070.752329,202206
3.5562,3.6209,3.5535,3.5665,150527.44,540483.117167,1856,80298.95,288200.098466,202206
3.5665,3.6066,3.5478,3.5538,90957.08,325408.631109,1286,53509.09,191659.067038,202206
3.554,3.5671,3.5419,3.5615,50205.64,178481.169553,747,28098.67,99902.987346,202206
3.5618,3.5726,3.5473,3.5511,52272.33,185911.651966,674,20397.96,72555.753094,202206
3.5515,3.5852,3.5472,3.578,50183.38,178478.970743,734,28462.98,101249.262783,202206
3.5763,3.5774,3.5429,3.5749,30000.51,106711.868486,558,13099.03,46603.277226,202206
3.576,3.6119,3.5745,3.5918,77634.89,279488.041359,1000,44922.56,161732.601754,202206
3.5937,3.6554,3.5937,3.6402,160783.73,584132.388672,1906,91544.63,332815.790168,202206
3.6457,3.649,3.6214,3.628,57033.83,207515.258177,782,29894.08,108779.553932,202206
3.6265,3.6475,3.613,3.6337,128507.49,465888.897694,1215,81891.21,296718.018136,202206
3.6362,3.6457,3.6085,3.6201,94377.33,342019.595254,1475,43812.57,158801.785466,202206
3.6216,3.6222,3.5887,3.5957,116899.92,421384.368706,1116,44181.57,159211.048169,202206
3.5943,3.6399,3.5538,3.5707,247584.66,892342.924853,2626,149844.42,540282.553336,202206
3.5711,3.623,3.5623,3.6177,83455.76,300377.405216,1111,41327.0,148680.047592,202206
3.6181,3.6182,3.5636,3.6066,64296.55,230488.841373,954,31616.89,113311.548086,202206
3.6075,3.652,3.6013,3.6425,120414.57,436857.778161,1275,73620.28,267088.503709,202206
3.6447,3.6612,3.6236,3.6276,105856.2,386156.101408,1468,53769.21,196205.912014,202206
3.6263,3.6274,3.5742,3.5758,124512.14,449127.644333,1649,53243.15,192047.685018,202206
3.5775,3.6023,3.5684,3.6017,69578.79,249419.81396,1075,39847.44,142857.905655,202206
3.5999,3.5999,3.5694,3.5825,70041.18,251034.756174,960,40177.69,144041.429595,202206
3.5818,3.5818,3.5231,3.5256,127249.09,451355.064528,1579,43891.69,155574.261446,202206
3.525,3.5543,3.5228,3.5347,63985.26,226336.222242,906,36125.95,127771.780544,202206
3.5344,3.5416,3.5083,3.5332,61903.76,218176.319644,931,32213.34,113515.714352,202206
3.5342,3.5554,3.5269,3.531,53333.7,188956.412112,790,27616.36,97848.509117,202206
3.5311,3.5432,3.4876,3.5105,102311.81,359368.016673,1227,54812.29,192663.723887,202206
3.5112,3.5975,3.5004,3.5954,107066.14,382278.313134,1589,61546.3,219739.748189,202206
3.5962,3.6092,3.5636,3.5661,106963.2,383334.111407,1192,53036.33,190081.680774,202206
3.5662,3.5849,3.5581,3.5764,70108.22,250528.494969,858,34365.21,122862.212219,202206
3.58,3.6399,3.5638,3.6119,115436.68,416167.743858,1517,53730.12,193716.588268,202206
3.6092,3.644,3.5887,3.6219,108170.36,390973.098402,1432,69703.47,251861.790172,202206
3.6205,3.6607,3.609,3.6495,124504.96,453115.365045,1004,55004.41,200193.277063,202206
3.6508,3.6812,3.6164,3.6724,123398.63,450152.749607,1453,52101.0,190147.141566,202206
3.6716,3.6947,3.6394,3.6873,81509.3,298502.651465,1118,48594.4,177878.08493,202206
3.6852,3.7068,3.6745,3.6963,72023.78,265859.901327,783,29426.01,108604.257527,202206
3.6954,3.7044,3.6398,3.6899,72874.8,267536.060929,1105,35796.34,131406.725241,202206
3.6912,3.7281,3.6859,3.6883,72784.01,269581.653565,1029,41021.6,151968.089383,202206
3.6876,3.7277,3.6867,3.72,97388.46,361752.311305,1083,52797.61,196145.593786,202206
3.7216,3.751,3.7037,3.7104,120270.42,448174.402757,1558,65720.61,245083.769139,202206
3.7125,3.7278,3.6905,3.7111,47619.21,176572.98761,732,26602.15,98657.115192,202206
3.7095,3.7262,3.6918,3.7171,48554.17,180220.777986,639,27531.81,102190.659873,202206
3.7166,3.7316,3.6707,3.6908,104467.19,386275.173399,1131,54727.85,202395.289956,202206
3.6871,3.6956,3.6591,3.694,82309.85,302697.940479,1043,42880.37,157742.546617,202206
3.6941,3.6958,3.6575,3.6621,72765.24,267403.95519,771,21697.41,79718.787601,202206
3.6626,3.7039,3.6492,3.7001,59999.15,220767.008693,907,26096.21,96123.787357,202206
3.7021,3.7084,3.6581,3.6692,54492.22,200314.645717,802,20717.55,76139.581482,202206
3.6694,3.6847,3.663,3.6847,65926.66,242282.007026,667,29861.4,109826.164556,202206
3.6848,3.7,3.6401,3.6516,73035.23,267503.192965,1026,28954.68,106040.138564,202206
3.6511,3.6527,3.625,3.634,52880.14,192152.428709,771,19998.61,72687.786324,202206
3.6335,3.6404,3.6115,3.6185,41302.03,149780.911815,635,24121.51,87481.307267,202206
3.6187,3.6336,3.6051,3.6232,107877.65,390630.16238,1308,52812.98,191322.68582,202206
3.6231,3.629,3.6096,3.6192,68874.38,249168.917832,789,34376.88,124370.392837,202206
3.6218,3.6321,3.5984,3.6157,102543.6,370970.242002,936,52776.92,190954.316462,202206
3.6144,3.6363,3.6008,3.6284,45613.12,165216.309531,717,25111.25,90926.00374,202206
3.6278,3.665,3.6226,3.66,47523.6,173212.432863,678,21944.43,80019.754703,202206
3.6582,3.6601,3.6422,3.645,20888.47,76236.28514,340,8465.0,30883.960993,202206
3.645,3.6701,3.6398,3.6567,36035.45,131838.67147,533,12920.28,47248.53662,202206
3.6566,3.6666,3.6487,3.6607,23549.69,86161.143089,364,12426.01,45475.285946,202206
3.6639,3.6685,3.6332,3.6395,36200.62,132070.605794,484,14960.12,54603.520174,202206
3.6374,3.6525,3.6094,3.6162,27182.63,98566.480985,510,9094.34,33024.487733,202206
3.6147,3.6147,3.5671,3.5816,128232.04,460538.526728,1349,54539.41,195768.598409,202206
3.582,3.594,3.5724,3.5886,70290.86,251831.649711,859,36420.85,130485.946156,202206
3.5895,3.6018,3.5606,3.575,60225.37,215565.02911,921,31866.71,114045.3313,202206
3.5752,3.5883,3.5733,3.5778,20203.57,72315.714301,365,13087.28,46843.093878,202206
3.5779,3.5828,3.5641,3.5657,32056.09,114612.475421,376,11085.95,39643.460436,202206
3.5663,3.5979,3.5639,3.5917,57564.15,206463.668176,576,33793.59,121158.392106,202206
3.5927,3.607,3.588,3.595,23070.07,83009.3812,371,17076.33,61443.550397,202206
3.5957,3.5957,3.5771,3.5849,20339.94,72927.033974,375,12459.62,44674.603386,202206
3.5833,3.5905,3.5752,3.5829,71199.42,254968.559973,423,51099.8,182954.422206,202206
3.5829,3.5988,3.5772,3.5792,80368.28,288364.842365,541,59043.81,211897.049835,202206
3.5784,3.5819,3.5419,3.5524,60014.19,213589.424382,752,21499.08,76538.443987,202206
3.5503,3.6005,3.5388,3.5887,63441.05,226117.936658,785,35167.15,125226.472802,202206
3.5876,3.6219,3.5876,3.6099,48900.7,176218.205127,758,30528.3,110059.061945,202206
3.6097,3.6098,3.5771,3.595,27309.89,98087.327022,490,14161.13,50853.614579,202206
3.5929,3.6048,3.5424,3.5495,61113.62,217392.439193,824,19152.87,68176.376643,202206
3.5481,3.5624,3.5382,3.5429,41383.79,146812.508134,723,18893.11,67036.027142,202206
3.5401,3.5559,3.5314,3.5418,36777.8,130390.867551,675,14692.24,52072.502932,202206
3.5412,3.5477,3.53,3.53,22981.69,81329.135512,436,14258.03,50459.513636,202206
3.5301,3.5355,3.518,3.5199,32308.09,113924.023067,488,17150.56,60467.84313,202206
3.5221,3.5335,3.5051,3.5131,44391.72,156134.033717,598,28568.83,100421.756817,202206
3.5134,3.5226,3.5031,3.5122,21720.69,76286.901537,457,11494.41,40362.324732,202206
3.5131,3.5197,3.503,3.5044,24724.38,86821.174494,389,16086.55,56477.57599,202206
3.5038,3.5192,3.503,3.512,29519.25,103714.289211,440,15180.53,53338.418129,202206
3.5134,3.5439,3.5076,3.5317,42247.83,149133.37925,733,24411.74,86146.337495,202206
3.532,3.5502,3.5309,3.5449,36847.69,130536.855035,533,10041.38,35563.668489,202206
3.5445,3.5574,3.5395,3.5456,22716.39,80655.277685,430,13789.6,48962.266816,202206
3.5474,3.5595,3.5331,3.5532,41581.75,147433.522064,560,24010.77,85166.158175,202206
3.5531,3.5591,3.5391,3.5466,76428.78,271062.723597,743,31670.48,112354.007053,202206
3.5459,3.5589,3.5403,3.5519,22174.24,78760.345248,345,14084.92,50042.543337,202206
3.5526,3.5569,3.5464,3.5547,18317.87,65043.971852,306,9597.09,34082.354904,202206
3.5539,3.5719,3.5538,3.5713,27113.35,96558.957845,346,15007.86,53442.405049,202206
3.5712,3.573,3.5542,3.5593,36547.05,130351.85637,354,11636.28,41512.209168,202206
3.5585,3.5776,3.5519,3.5678,18507.18,65989.651477,301,13090.97,46676.824174,202206
3.5656,3.5656,3.479,3.4836,64957.66,228051.464706,1103,23298.12,81845.140167,202206
3.4821,3.4854,3.4483,3.4606,89996.46,311669.745052,1078,45712.71,158401.195132,202206
3.4618,3.5177,3.4519,3.5044,57091.02,198885.09247,921,32790.92,114309.0185,202206
3.5041,3.5041,3.4724,3.488,71666.9,249470.646927,752,29090.18,101273.097934,202206
3.4861,3.4907,3.4726,3.4769,35192.54,122493.465858,420,9789.27,34067.197891,202206
3.478,3.4918,3.4751,3.4868,31797.77,110747.617573,384,21317.24,74223.082097,202206
3.487,3.5104,3.487,3.4932,54676.42,191312.324813,728,24254.05,84840.584935,202206
3.4955,3.5009,3.4863,3.491,43657.06,152358.999576,285,9474.18,33091.770231,202206
3.494,3.5136,3.4916,3.5027,67754.73,237461.153612,553,51849.4,181704.659033,202206
3.504,3.5077,3.4774,3.4774,34563.62,120698.865929,460,10121.36,35310.698357,202206
3.4773,3.4859,3.4673,3.4781,42304.88,146903.503115,450,28943.18,100483.372406,202206
3.4764,3.484,3.4677,3.4701,29341.54,102063.432906,273,8330.93,28954.587623,202206
3.4699,3.4699,3.4186,3.4302,128364.03,441649.953879,1506,49337.46,169598.241014,202206
3.4302,3.4525,3.4252,3.4497,22392.54,77057.134434,364,9866.77,33935.253736,202206
3.4497,3.4656,3.4385,3.4387,19608.56,67743.540234,299,7722.97,26661.074955,202206
3.4398,3.4532,3.4342,3.4423,13829.04,47653.20491,266,5212.15,17953.106606,202206
3.4423,3.45,3.3982,3.4004,102648.92,350608.869412,748,29886.85,102325.021751,202206
3.4043,3.4165,3.393,3.3987,36854.71,125447.221513,534,5876.89,20012.855886,202206
3.3988,3.4034,3.3842,3.3842,41515.47,141032.140785,484,14932.72,50728.263612,202206
3.3841,3.4287,3.3841,3.4151,63502.04,216312.647061,657,43422.96,147917.636175,202206
3.4135,3.4295,3.4073,3.4211,55884.53,190926.607363,749,26690.35,91196.571878,202206
3.4211,3.4252,3.4089,3.4099,27474.89,93915.084959,448,12180.29,41641.783073,202206
3.408,3.4425,3.4043,3.4275,46680.03,160041.542038,744,27307.92,93688.455616,202206
3.4287,3.4391,3.4089,3.4166,31498.33,107849.880331,502,13067.82,44727.710904,202206
3.4161,3.4247,3.4079,3.4133,26404.16,90199.614651,472,12710.84,43417.462202,202206
3.4114,3.432,3.4113,3.4223,21734.61,74382.134808,401,10878.96,37224.112224,202206
3.4237,3.4298,3.3982,3.3991,30753.59,105096.251998,563,13257.5,45320.646485,202206
3.3999,3.4181,3.3969,3.4166,42372.22,144416.951286,645,22476.76,76632.960655,202206
3.4175,3.4636,3.4109,3.4462,43086.09,148320.50332,735,25745.7,88606.534987,202206
3.447,3.4811,3.447,3.4702,42946.17,148606.960807,679,28687.5,99274.459218,202206
3.4702,3.4731,3.4545,3.4582,40577.51,140561.485152,552,24902.59,86280.245527,202206
3.459,3.4643,3.4494,3.4527,35093.93,121241.92697,372,16504.88,57030.586734,202206
3.4523,3.4654,3.448,3.4642,15925.87,55046.498474,295,5722.2,19776.135487,202206
3.4643,3.5235,3.4642,3.5091,136825.81,478774.665372,1675,80372.07,281262.218897,202206
3.5093,3.5155,3.4828,3.4999,50721.2,177436.810098,736,23173.15,81049.493857,202206
3.5007,3.5368,3.4878,3.5368,75763.45,265985.966027,907,42258.53,148458.947462,202206
3.5347,3.6,3.5187,3.5848,86654.79,308236.891499,1294,54141.1,192637.638834,202206
3.5832,3.5912,3.5632,3.5675,84501.64,302203.920515,1143,39773.62,142281.668514,202206
3.5661,3.6156,3.5661,3.6155,104134.53,373749.507523,1473,71663.32,257260.690128,202206
3.6157,3.6588,3.6084,3.6399,113235.51,410741.94118,1338,62531.13,226854.993409,202206
3.6395,3.6444,3.6239,3.6306,43815.66,159246.205808,584,15723.33,57148.021724,202206
3.6281,3.6459,3.6129,3.633,49032.87,177887.126853,618,21688.72,78691.794467,202206
3.6319,3.6549,3.6277,3.6426,71218.53,259258.26157,693,47469.94,172797.483782,202206
3.6429,3.6429,3.61,3.6163,37766.79,136896.161893,535,9897.5,35885.169746,202206
3.6163,3.6192,3.5871,3.5945,131765.47,474735.48451,1456,55950.43,201675.041384,202206
3.594,3.594,3.5722,3.5852,54086.88,193845.537407,852,24915.78,89277.992891,202206
3.5867,3.5921,3.5605,3.5712,25827.74,92435.056685,459,12281.52,43944.586908,202206
3.5714,3.5824,3.5562,3.5815,58008.43,207187.464019,803,27851.76,99512.400465,202206
3.5823,3.6026,3.5792,3.5951,49592.06,178151.251461,637,22982.88,82560.536718,202206
3.5953,3.6032,3.5906,3.5969,23302.5,83824.583878,330,9085.19,32678.435851,202206
3.5957,3.6255,3.5749,3.621,60442.08,217586.928418,706,25889.62,93144.250697,202206
3.6213,3.6432,3.6129,3.6317,52659.11,190999.158168,675,25236.75,91598.920813,202206
3.6319,3.6376,3.6134,3.6162,34502.24,125074.088473,502,15059.29,54559.184947,202206
3.6141,3.6268,3.5809,3.5809,22192.3,80063.826701,436,11167.92,40310.067639,202206
3.5817,3.5856,3.5554,3.5673,53344.78,190338.273573,769,22050.43,78656.191824,202206
3.5661,3.5661,3.5463,3.5573,38496.97,136872.874761,690,17613.43,62611.311314,202206
3.5566,3.5792,3.5514,3.5773,35247.06,125593.800878,512,15411.83,54932.05255,202206
3.5773,3.5776,3.5575,3.5727,36557.66,130546.782835,469,17973.63,64153.414992,202206
3.5728,3.5987,3.5694,3.5917,26386.59,94529.081567,375,18202.15,65217.947297,202206
3.5928,3.5991,3.5776,3.5839,28387.12,101845.977598,449,16699.98,59934.064982,202206
3.5849,3.5929,3.575,3.5832,17448.72,62525.479111,258,11098.57,39774.401487,202206
3.5829,3.5997,3.5815,3.5934,49734.95,178665.762166,478,30797.7,110624.797995,202206
3.5941,3.6135,3.5883,3.606,33153.98,119362.289661,475,21153.43,76153.429321,202206
3.6064,3.6157,3.6029,3.6099,27717.36,100065.466753,442,17328.98,62570.847243,202206
3.6116,3.6843,3.6105,3.6801,110046.71,401719.57875,1433,66907.77,244492.215077,202206
3.6826,3.6826,3.6444,3.6446,106756.83,391172.371942,1067,45190.28,165614.076367,202206
3.6468,3.6562,3.6422,3.6514,22983.35,83866.076672,417,10389.13,37909.600314,202206
3.6508,3.6559,3.6374,3.6395,20691.69,75473.921029,322,8709.54,31743.413391,202206
3.6413,3.6464,3.6146,3.6185,55498.82,201396.304794,510,32466.69,117898.075947,202206
3.6185,3.626,3.611,3.6168,38813.47,140468.794096,503,15918.05,57610.33902,202206
3.6185,3.6302,3.6185,3.6272,8592.15,31135.523364,220,4012.95,14539.904318,202206
3.6245,3.6323,3.592,3.6002,36553.5,131661.802755,649,16951.83,61072.254233,202206
3.6007,3.6009,3.5736,3.5744,23446.83,84105.510401,377,10198.83,36610.996254,202206
3.5743,3.5776,3.5645,3.5775,27789.99,99249.36611,518,11482.58,41012.313481,202206
3.5774,3.582,3.5602,3.5618,19613.94,70034.012759,343,7179.38,25615.786556,202206
3.5619,3.5752,3.5576,3.5738,13242.23,47204.777401,299,7317.5,26085.683145,202206
3.5746,3.5818,3.5387,3.5505,41333.28,147249.142364,592,21583.45,76855.514278,202206
3.5515,3.5602,3.5492,3.5577,18310.94,65079.800158,305,10782.83,38312.218891,202206
3.5595,3.5706,3.5488,3.5512,27771.01,98876.198776,606,13132.92,46746.36681,202206
3.5512,3.5755,3.5512,3.5735,19168.45,68335.654687,411,9987.72,35600.020543,202206
3.5746,3.5877,3.5707,3.5857,40076.11,143517.877455,584,28933.58,103619.78491,202206
3.5856,3.5893,3.5361,3.5366,33237.91,118391.908893,682,13952.74,49711.030187,202206
3.5388,3.5484,3.5235,3.5394,25467.28,90073.869061,606,14966.84,52934.229934,202206
3.5383,3.5414,3.5249,3.539,32498.64,114829.676984,543,17395.01,61476.723266,202206
3.5385,3.541,3.4985,3.5045,49408.75,173757.058135,587,19236.31,67653.26417,202206
3.5029,3.5099,3.4917,3.5037,48241.78,168916.628897,609,28894.9,101195.282303,202206
3.5026,3.5029,3.4882,3.4907,29827.09,104289.88806,454,12452.05,43538.533642,202206
3.4911,3.4941,3.4777,3.4846,41254.77,143732.996327,628,17339.45,60423.353089,202206
3.4842,3.4842,3.4591,3.4616,57448.9,199510.160784,738,31073.48,107900.213271,202206
3.4633,3.4865,3.4592,3.4848,36641.84,127279.564583,548,18120.85,62962.868778,202206
3.4831,3.4887,3.4739,3.4783,25365.99,88291.532671,343,16709.07,58172.456192,202206
3.4782,3.481,3.462,3.4759,68779.88,238631.475568,888,31574.27,109558.682658,202206
3.475,3.4865,3.4522,3.4563,171176.85,594415.428737,1292,70462.13,244819.10059,202206
3.455,3.455,3.4136,3.4166,112742.86,387113.876804,1491,49429.09,169750.604078,202206
3.4178,3.4269,3.384,3.4263,217158.6,738771.672175,2488,108975.74,370837.393092,202206
3.427,3.4326,3.3998,3.4,92588.74,316007.450809,1469,45818.71,156381.745533,202206
3.4007,3.4008,3.3654,3.3717,125986.58,425481.956433,1635,55012.11,185764.956765,202206
3.3729,3.3772,3.3551,3.3662,88547.69,298010.821054,1121,36797.34,123882.181157,202206
3.3669,3.3974,3.3578,3.3764,69473.83,234715.691869,1029,36759.76,124199.280495,202206
3.3741,3.3854,3.356,3.3822,127662.14,430404.761167,1485,67106.84,226291.474568,202206
3.3798,3.3834,3.3621,3.3748,75351.11,254297.474285,765,40596.78,137015.669011,202206
3.3748,3.4387,3.3744,3.4179,135099.83,461797.022503,1531,59874.69,204694.358531,202206
3.4165,3.4383,3.4165,3.4276,66445.98,227673.89728,740,43988.96,150757.281999,202206
3.428,3.4331,3.407,3.4157,44839.54,153166.338379,672,19531.03,66701.683373,202206
3.4147,3.4394,3.3971,3.3971,60806.43,207964.811496,798,31932.76,109194.029574,202206
3.3981,3.4207,3.3959,3.4123,56895.86,193925.258854,585,30722.34,104700.402297,202206
3.4146,3.4146,3.3954,3.3965,33096.69,112751.113109,344,20385.64,69474.530257,202206
3.3951,3.3979,3.3556,3.363,60631.0,204365.254744,876,33991.76,114591.884736,202206
3.3628,3.3639,3.3055,3.3086,162434.27,541916.628691,1809,80758.92,269573.494443,202206
3.3087,3.3232,3.3,3.3161,173392.09,574060.525761,1396,90827.74,300756.493109,202206
3.3161,3.3858,3.2817,3.3702,340564.69,1136407.119351,3676,146004.9,487731.339758,202206
3.3689,3.3856,3.3613,3.3718,54795.58,184757.784201,946,33283.76,112212.002851,202206
3.3728,3.3728,3.3423,3.3617,73951.73,247952.116626,956,33651.43,112796.068935,202206
3.3608,3.3877,3.3493,3.3834,92192.91,311145.434051,1115,54609.56,184349.630931,202206
3.3821,3.4119,3.369,3.3973,89066.52,302141.885998,1007,52524.99,178117.784806,202206
3.3936,3.3936,3.3654,3.3701,28195.95,95379.628186,512,15112.49,51135.013058,202206
3.3703,3.3896,3.3537,3.3892,58544.25,197599.744021,896,31135.1,105055.417262,202206
3.39,3.4,3.3684,3.372,56384.12,191131.759591,728,26022.53,88270.934715,202206
3.374,3.3749,3.3387,3.3402,60059.21,201323.568006,763,29769.13,99807.99834,202206
3.3386,3.3531,3.3241,3.3275,55883.6,186534.742919,826,29173.3,97400.775889,202206
3.3268,3.3311,3.3036,3.3105,132892.02,440211.508446,1343,69676.85,230794.622595,202206
3.3125,3.3248,3.308,3.3229,53865.13,178617.63662,716,32312.17,107158.824806,202206
3.3231,3.3471,3.3041,3.3423,77864.33,258910.827423,987,37963.99,126257.81776,202206
3.3429,3.3664,3.3423,3.3638,27262.64,91516.117002,462,15144.17,50825.005513,202206
3.3626,3.38,3.3495,3.3723,61692.22,207462.352851,725,34003.53,114468.899456,202206
3.3715,3.3776,3.3557,3.3636,48740.65,164046.810065,525,22757.27,76610.094249,202206
3.3645,3.4112,3.3644,3.3999,47122.54,159814.808542,734,28255.56,95809.44433,202206
3.4012,3.4178,3.388,3.4014,42805.63,145634.003932,657,22407.82,76207.349801,202206
3.3994,3.4043,3.3845,3.39,70430.33,239171.283864,778,30804.16,104606.496125,202206
3.3897,3.4015,3.3787,3.3798,41830.36,141873.556644,556,21573.43,73176.538513,202206
3.3815,3.3924,3.372,3.3763,23794.21,80423.331511,374,12324.33,41651.502199,202206
3.3765,3.3905,3.3722,3.382,21426.57,72430.083849,370,11267.49,38078.346517,202206
3.38,3.38,3.3649,3.3689,26891.69,90640.228674,369,17350.26,58476.836411,202206
3.3683,3.3719,3.348,3.3533,85340.3,286583.323221,1099,37938.37,127394.176221,202206
3.3543,3.3576,3.3196,3.349,109377.97,364591.411812,1090,37897.75,126350.536138,202206
3.3491,3.3556,3.3456,3.3535,29841.71,99974.590998,493,14069.89,47135.036628,202206
3.3539,3.3539,3.3364,3.3409,36329.21,121437.457396,478,23391.33,78164.762602,202206
3.3422,3.3474,3.2772,3.2789,224150.98,738119.530502,2045,75042.24,247409.788031,202206
3.2778,3.3009,3.2626,3.2816,171714.9,563320.532401,2031,92039.65,301923.683185,202206
3.2798,3.2986,3.2764,3.2901,115109.47,378526.794839,961,63877.78,210120.53812,202206
3.2897,3.2897,3.2147,3.2242,321749.92,1043170.528121,3276,158223.72,512707.96414,202206
3.2213,3.276,3.2186,3.2235,235396.47,762793.625954,2641,105100.56,340624.321144,202206
3.2243,3.25,3.1725,3.1741,369349.83,1180466.218159,3152,121663.95,388867.913549,202206
3.174,3.2153,3.1731,3.1856,241333.59,770159.226376,2922,110306.4,352043.044451,202206
3.1855,3.1981,3.1577,3.1629,192233.11,610341.361848,2185,86331.39,274066.265172,202206
3.1623,3.1941,3.1436,3.1468,159553.5,506360.597131,1865,93049.97,295335.030229,202206
3.147,3.2191,3.1419,3.2129,158092.96,503073.500382,1903,81666.85,260036.245368,202206
3.2129,3.2301,3.1915,3.2023,256455.05,823332.106811,1824,143407.16,460679.042252,202206
3.2005,3.2036,3.1474,3.153,127140.5,402402.626624,1455,52538.31,166335.803524,202206
3.1552,3.1587,3.1171,3.142,238096.79,747115.253119,2848,113993.61,357726.225492,202206
3.1421,3.1857,3.1314,3.137,170503.36,538752.370745,1821,89229.69,281921.458461,202206
3.1375,3.1609,3.1174,3.1361,150599.53,472481.669325,1668,81262.68,254950.031626,202206
3.136,3.1776,3.12,3.1747,194090.82,610945.206256,2047,98310.99,309403.873302,202206
3.1736,3.1753,3.1288,3.1554,190420.44,598887.354569,1926,84841.61,266787.096557,202206
3.1545,3.1569,3.0661,3.0707,509787.62,1582790.77047,3173,181879.19,564782.679027,202206
3.0707,3.1116,3.068,3.106,180760.91,558841.746696,1889,95047.57,293827.712732,202206
3.1065,3.1217,3.0807,3.1178,151138.02,469226.941208,1489,91786.35,285016.664553,202206
3.1175,3.1247,3.0872,3.1164,159000.98,493680.663756,1470,92687.4,287777.374935,202206
3.1145,3.1589,3.1041,3.1189,125833.02,394046.159353,1586,62854.19,196733.130573,202206
3.118,3.1414,3.1015,3.1339,89207.95,278443.388463,1190,45625.47,142427.025765,202206
3.1339,3.1449,3.1191,3.135,86380.79,270449.952371,987,40482.38,126785.245649,202206
3.1353,3.1464,3.1049,3.1113,80897.16,252933.256767,1013,34303.1,107271.86164,202206
3.1117,3.152,3.1058,3.1441,61603.02,192994.377397,715,36164.09,113323.818327,202206
3.1441,3.1536,3.1139,3.1242,91114.64,285560.770903,1117,47879.37,150078.912858,202206
3.1308,3.1472,3.0895,3.0948,132128.72,412206.100577,1257,45855.86,143266.610581,202206
3.0949,3.1293,3.0932,3.0995,75697.44,235533.264022,1103,35634.06,110854.522729,202206
3.1008,3.1191,3.0927,3.1135,85453.47,265465.762685,823,59182.8,183910.272179,202206
3.1129,3.2339,3.1094,3.2145,353464.06,1122589.207355,3324,215409.4,683918.061982,202206
3.213,3.2297,3.1577,3.161,189874.36,606608.078235,2513,89597.43,286419.77551,202206
3.1629,3.1927,3.1449,3.173,169180.66,536243.77006,1992,90813.28,287878.8516,202206
3.1726,3.2128,3.1628,3.1833,150052.71,479152.911254,2008,77707.69,248185.812748,202206
3.1806,3.2171,3.1748,3.1813,196544.36,628095.658148,1751,123380.29,394239.270497,202206
3.1813,3.2062,3.17,3.1997,137572.51,438994.508607,1382,55886.12,178537.415093,202206
3.198,3.2121,3.1644,3.1913,115333.17,367846.899165,1305,60449.84,192832.783757,202206
3.1915,3.1915,3.1598,3.1795,60214.02,191060.042757,875,29759.69,94439.115944,202206
3.1778,3.1846,3.1671,3.1708,54455.11,173052.0452,805,26119.95,82981.061732,202206
3.1741,3.1831,3.1485,3.1504,79862.37,252434.343664,1003,34849.21,110279.56929,202206
3.1491,3.1591,3.129,3.14,79287.99,249316.886035,915,30454.6,95748.995479,202206
3.1408,3.172,3.14,3.1697,87872.06,277813.084217,815,43350.98,136999.561291,202206
3.1711,3.1779,3.1598,3.1663,29220.93,92577.850684,484,17729.98,56169.498571,202206
3.1663,3.2578,3.1663,3.2521,243893.18,784632.127647,2416,150606.01,484743.005946,202206
3.2523,3.2767,3.2224,3.2639,149626.63,486069.857232,1909,79328.6,257816.343743,202206
3.2631,3.3327,3.2564,3.2825,299735.7,990619.083821,3258,162540.89,537608.851769,202206
3.2849,3.3181,3.269,3.3043,280567.78,924027.919905,2323,150712.08,496448.141533,202206
3.302,3.3313,3.2998,3.3142,143251.04,475212.267899,1924,75946.78,252015.095087,202206
3.3142,3.3203,3.2765,3.2796,123595.9,407201.65235,1418,56561.54,186373.393579,202206
3.2781,3.2994,3.2657,3.2853,82096.79,269556.440472,1135,35057.27,115093.996194,202206
3.2858,3.3106,3.2813,3.3043,74913.08,246956.722766,1196,40332.95,132998.465205,202206
3.3043,3.3043,3.2766,3.2814,64068.97,210699.023148,960,27866.43,91636.048636,202206
3.2818,3.295,3.2702,3.2873,84500.4,277502.321768,996,44325.08,145551.89231,202206
3.29,3.3328,3.2864,3.33,93114.36,307737.166627,1184,54421.55,179751.390432,202206
3.331,3.3833,3.2994,3.3057,327775.22,1096752.919634,2976,161918.78,542181.530886,202206
3.3068,3.3153,3.2959,3.2994,69230.82,228857.876056,902,32064.79,105982.440794,202206
3.3009,3.3154,3.2888,3.3001,43869.72,144807.711863,642,23289.52,76875.363876,202206
3.2983,3.303,3.283,3.2997,54088.54,178078.508759,765,29344.49,96564.845335,202206
3.2998,3.3008,3.2796,3.2818,65462.49,215056.368509,630,45946.79,150877.78796,202206
3.2833,3.3032,3.283,3.3032,36899.59,121519.591676,588,14443.83,47563.287134,202206
3.3007,3.337,3.2991,3.317,70743.94,234835.06716,1013,38344.92,127297.956069,202206
3.3161,3.3311,3.3108,3.3169,23668.49,78596.648618,456,13946.43,46322.514932,202206
3.3169,3.318,3.2939,3.295,40929.24,135344.934411,519,19120.81,63191.73967,202206
3.297,3.3062,3.284,3.2949,41253.52,135861.858029,657,16987.16,55937.021371,202206
3.298,3.3345,3.2954,3.3293,44015.06,146017.728426,690,26793.29,88869.254221,202206
3.3295,3.3558,3.324,3.338,56953.55,190438.52206,942,30414.5,101679.019522,202206
3.3414,3.3631,3.3248,3.3581,52832.83,176615.599854,814,27475.79,91897.754107,202206
3.3581,3.3843,3.3247,3.326,102604.66,344461.673627,1308,45968.17,154563.576396,202206
3.3256,3.3331,3.3188,3.3315,32212.11,107110.784618,478,12482.22,41524.002731,202206
3.3318,3.3514,3.3119,3.323,72423.77,241000.880383,1000,36745.59,122364.06919,202206
3.3242,3.343,3.3023,3.3073,85537.52,284157.779581,878,33386.93,110866.636157,202206
3.308,3.3466,3.3068,3.3449,54474.06,181436.994801,718,26356.19,87838.08175,202206
3.346,3.3769,3.3358,3.3576,77693.04,260805.817797,1090,40714.58,136652.755648,202206
3.3588,3.3981,3.3573,3.363,168150.28,567301.595322,1671,83454.92,281509.563894,202206
3.3612,3.3877,3.3463,3.3554,102369.37,344139.63227,1033,43311.77,145570.040102,202206
3.3542,3.3899,3.3496,3.3836,82344.93,277269.118754,912,41867.75,140985.894914,202206
3.3846,3.4146,3.3753,3.3809,116209.94,394736.028969,1379,61305.83,208290.328691,202206
3.3809,3.3831,3.3576,3.3576,102155.06,344256.844614,918,56525.87,190575.399432,202206
3.3576,3.363,3.3094,3.3133,108608.88,362107.64816,1482,52650.95,175560.811104,202206
3.31,3.3257,3.2863,3.306,128634.13,424846.365492,1629,63821.8,210822.035404,202206
3.3073,3.317,3.3023,3.3115,36327.39,120262.681963,587,18113.3,59971.794457,202206
3.3116,3.3116,3.2863,3.294,53736.42,177143.005556,745,21197.41,69882.791835,202206
3.2946,3.2995,3.2811,3.2819,45436.13,149579.098202,652,17758.98,58482.843139,202206
3.2813,3.3008,3.2692,3.2882,60510.75,198721.182789,814,27404.69,89993.518408,202206
3.2876,3.3119,3.2876,3.3057,35768.72,118085.781193,524,23279.13,76847.619965,202206
3.3062,3.3082,3.2511,3.2558,58736.25,192342.79215,730,25296.36,82852.313146,202206
3.2541,3.2735,3.2481,3.2685,75322.01,245750.151275,1007,43788.86,142858.845233,202206
3.2691,3.2932,3.2629,3.2872,50245.46,164786.470585,747,26150.44,85788.287427,202206
3.2885,3.298,3.2749,3.2749,32975.43,108367.421026,480,17174.4,56415.403721,202206
3.2756,3.2905,3.2688,3.2766,34847.15,114308.078617,532,21325.06,69957.931465,202206
3.2769,3.2867,3.2671,3.2709,33923.09,111241.78361,506,18656.07,61180.218606,202206
3.2708,3.2731,3.2404,3.2471,59718.3,194264.760195,882,28701.41,93385.707622,202206
3.2471,3.2556,3.2456,3.2498,26619.87,86533.093479,382,16205.15,52678.473616,202206
3.2525,3.2591,3.2305,3.2462,27568.95,89404.402001,514,16258.9,52716.516656,202206
3.2456,3.2851,3.2443,3.2728,41174.73,134573.594805,626,19635.45,64129.908173,202206
3.2726,3.2858,3.2708,3.2813,12715.19,41695.850484,264,6821.15,22370.280343,202206
3.2813,3.3148,3.2756,3.297,60902.16,201174.365474,947,31266.48,103300.865202,202206
3.296,3.3069,3.2929,3.3046,25424.02,83920.340574,436,12502.15,41265.121591,202206
3.3047,3.3102,3.298,3.309,19942.95,65889.588646,396,12833.25,42401.120539,202206
3.3086,3.3321,3.3,3.3011,61658.23,204356.925487,816,37059.11,122863.08676,202206
3.3054,3.3148,3.2923,3.3148,40366.01,133316.420558,525,20961.9,69265.137826,202206
3.315,3.3181,3.2939,3.2957,30042.73,99348.366294,469,9858.55,32592.298346,202206
3.2965,3.305,3.2892,3.3011,33711.12,111127.00157,517,20077.69,66186.985509,202206
3.3014,3.3036,3.2676,3.2741,39203.63,128599.374918,658,16537.55,54215.543545,202206
3.2743,3.2773,3.2479,3.2586,72431.99,236152.38239,1000,31266.65,101877.606811,202206
3.2588,3.2588,3.2164,3.2232,216781.27,702328.363413,2351,91438.27,296315.75193,202206
3.2202,3.2238,3.1899,3.1949,182907.15,586587.722958,2125,87314.75,280022.9902,202206
3.1955,3.2129,3.1883,3.2013,98369.1,314765.21297,1429,51682.88,165416.73273,202206
3.2021,3.2084,3.1906,3.208,62780.04,200797.038788,970,30762.33,98398.674201,202206
3.2062,3.2066,3.1886,3.1999,69448.27,221981.087668,1076,33705.46,107723.518038,202206
3.2002,3.201,3.1735,3.1859,84956.02,270905.991426,1269,38649.98,123208.744963,202206
3.1869,3.1978,3.1729,3.1849,64155.62,204408.85023,1032,32314.92,102965.321785,202206
3.1844,3.188,3.1584,3.1584,104799.3,332441.461098,1313,45273.41,143517.117281,202206
3.1583,3.1827,3.155,3.1825,81853.21,259268.452623,1055,40466.33,128201.306076,202206
3.1805,3.2465,3.1797,3.24,108668.67,349410.416179,1517,72323.0,232663.040955,202206
3.24,3.2648,3.2201,3.227,71354.4,230979.824275,1238,37306.07,120805.589669,202206
3.2272,3.2277,3.1964,3.1974,55925.56,179651.262088,796,22395.69,71906.86184,202206
3.1974,3.219,3.1632,3.2098,97062.48,308982.058404,1538,52796.02,167995.227342,202206
3.2116,3.215,3.1902,3.1975,44964.51,143964.636505,902,24305.31,77842.420036,202206
3.1995,3.2176,3.1959,3.2058,17628.53,56505.496951,383,9286.45,29765.061155,202206
3.2057,3.2199,3.1902,3.1965,94030.4,301561.478867,1421,45389.23,145563.387597,202206
3.1957,3.2688,3.1923,3.2675,198485.71,639678.632731,2464,104858.49,337943.037983,202206
3.2689,3.3748,3.2678,3.3538,506939.74,1687649.934456,5657,262060.42,872132.810096,202206
3.3472,3.4018,3.2448,3.2689,813615.64,2705350.438077,8122,380203.57,1264221.386081,202206
3.2645,3.2738,3.1709,3.2067,404662.56,1302410.662605,4736,196470.59,632489.722444,202206
3.2044,3.2343,3.1328,3.2016,509401.11,1615265.960801,4575,234542.09,743662.254309,202206
3.2059,3.2665,3.1844,3.2391,218264.89,705666.059229,2952,116641.44,377286.106516,202206
3.2401,3.2758,3.2193,3.2373,198819.68,645921.482535,2658,122721.62,398830.502556,202206
3.2388,3.3044,3.2351,3.2908,167896.97,550264.460235,2305,92553.86,303374.981652,202206
3.2916,3.3022,3.2255,3.2574,163802.74,533429.170047,2111,67871.9,221199.617403,202206
3.2612,3.3895,3.2525,3.3712,346738.6,1158556.855457,3647,207478.82,694181.229556,202206
3.3685,3.614,3.354,3.6041,637186.41,2227769.725941,6643,335999.54,1174778.635364,202206
3.6053,3.8596,3.5746,3.7148,932900.72,3463009.643045,9055,461893.13,1712186.359578,202206
3.7102,3.7444,3.5665,3.6053,462103.45,1677867.525514,5818,228682.57,830691.404691,202206
3.6053,3.6938,3.5857,3.6476,322166.13,1172622.728654,3798,156137.83,568039.808578,202206
3.6497,3.7154,3.6333,3.668,226647.18,832277.485006,2790,122986.82,451588.130718,202206
3.6702,3.7785,3.6559,3.7594,283379.42,1056987.586267,3275,160185.74,597607.073596,202206
3.7548,3.803,3.6625,3.6774,300183.68,1116395.635355,3497,138662.99,516343.730296,202206
3.6776,3.6971,3.6412,3.6665,200941.64,737076.362577,2830,103756.47,380625.906297,202206
3.6695,3.7313,3.6582,3.724,149589.09,553297.752185,2090,73711.12,272799.877515,202206
3.7278,3.7962,3.7025,3.7751,233005.47,876476.787863,2620,121978.15,458819.595302,202206
3.776,3.9152,3.7471,3.9029,364534.31,1402142.511599,3777,193526.84,744302.502002,202206
3.9087,3.9132,3.7968,3.8066,248789.39,958979.692065,2866,88411.05,340608.992669,202206
3.8066,3.8177,3.7665,3.7787,158603.54,601233.422588,2038,71055.58,269504.887366,202206
3.7783,3.823,3.7607,3.7936,144662.91,547433.53772,1845,79323.91,300192.605832,202206
3.7899,3.7899,3.7096,3.7297,180002.14,673227.845435,2173,81657.26,305401.81074,202206
3.7262,3.753,3.7147,3.7173,117915.72,440462.058051,1523,60058.89,224536.690371,202206
3.7172,3.7469,3.6859,3.7216,110277.3,410083.598312,1496,53728.59,199820.879677,202206
3.7219,3.729,3.695,3.7187,92712.24,344484.345827,1173,39175.23,145602.9549,202206
3.7196,3.7211,3.6687,3.673,94601.39,349747.866553,1121,43943.09,162484.725671,202206
3.672,3.6899,3.6395,3.6516,202716.59,742197.999846,2154,78568.6,287853.534573,202206
3.6521,3.6861,3.6496,3.6835,79314.56,290875.82399,1100,42703.2,156630.714265,202206
3.6826,3.6912,3.6687,3.6859,91972.18,338577.849558,1316,52744.65,194173.526108,202206
3.6862,3.7043,3.6645,3.6867,101966.8,375973.376063,1325,63153.14,232916.041239,202206
3.6863,3.7149,3.682,3.6979,64838.62,240014.924554,999,39560.74,146452.593959,202206
3.6988,3.7149,3.6829,3.7104,80435.19,297340.401286,924,42456.79,156956.524139,202206
3.7093,3.7424,3.6971,3.7281,107294.49,399131.220287,1325,56953.91,211639.132931,202206
3.7292,3.7301,3.6964,3.7048,52068.09,193282.314347,769,25615.27,95076.115667,202206
3.7049,3.7194,3.673,3.6791,38645.01,142720.032295,567,14400.03,53213.996012,202206
3.6791,3.6924,3.6704,3.6772,35909.92,132154.775072,516,22546.06,82980.598586,202206
3.6772,3.7208,3.6725,3.7159,40515.11,149623.017346,688,23463.97,86648.031775,202206
3.7168,3.743,3.7086,3.7297,76136.5,283892.054003,723,31650.53,118027.266249,202206
3.7297,3.7372,3.7182,3.7339,38344.33,143064.978899,519,10042.01,37445.104685,202206
3.7336,3.7537,3.7261,3.7438,60868.04,227555.381958,596,49064.08,183450.595747,202206
3.7439,3.7629,3.7347,3.736,30171.07,113132.497706,440,15485.97,58094.812967,202206
3.7357,3.7369,3.7233,3.7273,20519.2,76568.562115,301,11711.43,43699.037648,202206
3.7278,3.7847,3.7278,3.766,66568.24,249719.145885,741,50866.59,190667.076523,202206
3.766,3.8008,3.766,3.7767,74300.38,281353.12755,930,46450.82,175860.710062,202206
3.78,3.8156,3.7777,3.8038,59926.33,227827.315651,905,31171.89,118469.119528,202206
3.8051,3.838,3.7923,3.7937,91951.9,351190.411477,1113,41623.53,158975.878843,202206
3.7943,3.8052,3.7846,3.7891,40696.77,154452.167896,708,20428.75,77529.066855,202206
3.787,3.8476,3.787,3.8476,61235.92,233800.5759,1068,35498.74,135614.43208,202206
3.8476,3.8885,3.8266,3.8386,148090.41,570509.329307,1844,65093.59,250717.772908,202206
3.8347,3.8956,3.8288,3.8771,113597.65,439842.020257,1718,61097.06,236451.504368,202206
3.8783,3.915,3.8622,3.8733,118236.07,460316.317466,2099,62643.05,243956.149808,202206
3.8737,3.8843,3.856,3.8765,107552.61,416255.657188,1680,60678.36,234892.775292,202206
3.8747,3.9992,3.8726,3.9784,291277.12,1151677.679633,3856,149217.39,589164.076671,202206
3.98,4.1794,3.9545,4.0999,416085.04,1700119.368672,6129,245370.97,1003607.029394,202206
4.0961,4.105,4.0252,4.0338,163968.28,666521.929105,2639,82286.21,334920.192348,202206
4.0303,4.057,4.01,4.027,137712.23,555523.760396,2098,60255.27,243189.31897,202206
4.0271,4.0411,4.0124,4.034,121327.17,488445.679876,1670,54283.02,218509.150703,202206
4.0357,4.043,4.0017,4.0107,82628.35,331951.250802,1106,41180.68,165459.949219,202206
4.0129,4.0254,4.0,4.0157,196184.18,785758.994032,1397,57091.4,228902.447168,202206
4.015,4.0353,3.9735,4.014,193975.94,776312.495259,2030,103828.01,415582.524938,202206
4.0149,4.0406,4.0044,4.0386,60519.77,243279.97988,917,35243.05,141744.010017,202206
4.0408,4.0841,4.0353,4.0812,87159.72,353392.755943,1105,51862.06,210450.045879,202206
4.0823,4.132,4.055,4.0986,103634.79,423405.341899,1414,55726.8,227522.186288,202206
4.0983,4.2351,4.0974,4.2148,334066.08,1394957.232911,2900,191924.13,799589.717784,202206
4.2092,4.2504,4.1594,4.2432,171745.85,722239.823055,2073,80295.34,337854.554531,202206
4.2432,4.26,4.1608,4.172,210859.82,884836.538094,2511,94130.02,395038.649693,202206
4.1726,4.1792,4.1501,4.1757,119223.85,496592.946716,1517,61033.38,254236.522767,202206
4.1724,4.2,4.1437,4.193,101109.07,421720.449474,1453,52103.8,217313.842653,202206
4.1947,4.283,4.1789,4.2476,215075.7,911856.118972,2963,125287.14,531140.96042,202206
4.249,4.2543,4.1459,4.1619,119208.56,499948.350924,1845,53183.16,223323.759151,202206
4.1631,4.1764,4.1309,4.1635,117069.27,486555.023998,1606,59727.95,248297.363569,202206
4.1629,4.2704,4.1575,4.2675,192238.86,812041.403125,2468,98538.37,416108.023336,202206
4.2636,4.2824,4.1773,4.2139,330924.13,1399287.728663,3987,168659.45,712777.224528,202206
4.2121,4.219,4.1693,4.1738,203934.92,855853.32104,2422,111055.9,466145.2534,202206
4.1752,4.1794,4.1033,4.1263,226504.76,938753.959804,3101,106467.58,441389.702425,202206
4.1265,4.174,4.0877,4.1464,211427.45,871739.084983,3273,96094.91,396450.628642,202206
4.1449,4.1872,4.1449,4.1829,109755.6,456562.877309,1699,53257.03,221580.213555,202206
4.1829,4.2749,4.1807,4.2304,211773.74,895948.536545,3544,102262.87,432364.054699,202206
4.2313,4.2743,4.2079,4.2146,161660.99,686359.409024,2536,78576.06,333609.698149,202206
4.2158,4.2202,4.1904,4.2098,105488.27,443459.884276,1687,48925.89,205726.510836,202206
4.2097,4.3,4.1904,4.1931,536182.27,2273879.224237,5466,283151.42,1201116.27503,202206
4.1903,4.2106,4.1633,4.1768,124476.15,521103.268405,2084,59270.12,248157.371444,202206
4.1782,4.1979,4.1723,4.1912,76162.2,318824.523754,1347,43182.54,180822.007932,202206
4.1901,4.2038,4.1372,4.1536,109985.12,458547.760137,1826,54257.76,226148.060508,202206
4.1542,4.2055,4.1428,4.1831,137246.17,573533.687624,2015,77193.06,322590.239397,202206
4.183,4.2357,4.1561,4.2291,202315.8,845943.140823,2364,89654.9,374815.859332,202206
4.2276,4.2447,4.1527,4.1611,149347.41,626532.390351,2298,65001.82,272837.491371,202206
4.1612,4.1653,4.1209,4.1312,138058.28,571570.640119,1798,63370.7,262422.828071,202206
4.1311,4.1382,4.1119,4.1179,88283.22,364077.634537,1406,51080.57,210622.174374,202206
4.1174,4.1305,4.1022,4.1106,123396.76,507855.042878,1784,67482.12,277853.753845,202206
4.1125,4.1271,4.104,4.1109,53879.96,221801.747018,1003,25413.03,104649.107565,202206
4.1128,4.1159,4.0568,4.0712,352986.85,1439909.766653,3049,162227.08,661527.575782,202206
4.0725,4.1236,4.0725,4.1125,116618.3,477505.844149,1877,56467.62,231169.311968,202206
4.1104,4.1204,4.093,4.0961,49630.64,203969.992915,865,23419.42,96286.203143,202206
4.0961,4.1137,4.08,4.0807,116594.99,477274.053326,1751,55322.5,226519.254981,202206
4.0801,4.1178,4.0731,4.1075,51816.77,212448.785684,983,25710.97,105420.104821,202206
4.1094,4.1121,4.0849,4.0898,19196.24,78721.959325,413,10372.28,42536.283912,202206
4.0897,4.0897,4.0588,4.0632,68519.12,279015.973166,1277,32795.1,133556.800777,202206
4.0651,4.0677,4.0411,4.0494,94961.67,385077.668506,1356,28607.36,116027.514286,202206
4.0503,4.0607,4.019,4.0405,102670.45,414937.801576,1508,44870.46,181419.77289,202206
4.0415,4.0558,4.0325,4.0474,61169.04,247238.326422,1203,31561.64,127568.676316,202206
4.0479,4.068,4.0424,4.06,39779.35,161366.320865,911,20202.01,81961.116527,202206
4.0593,4.0658,4.0373,4.0438,68154.85,276214.025982,896,31475.66,127610.676299,202206
4.0387,4.0445,4.0281,4.0351,41432.47,167278.681455,760,21587.19,87159.069621,202206
4.0365,4.069,4.0277,4.0597,59217.17,239795.929536,843,36407.95,147547.156166,202206
4.0586,4.0656,4.0501,4.06,21766.79,88335.279612,436,14424.17,58531.188673,202206
4.0608,4.065,4.0469,4.047,19605.12,79530.410403,348,8246.19,33454.064081,202206
4.047,4.0789,4.047,4.0599,23497.28,95482.044825,446,13415.13,54498.756034,202206
4.0605,4.0758,4.0128,4.0199,63400.94,255673.687331,1047,23428.08,94600.374411,202206
4.0213,4.0373,4.0171,4.0184,26108.5,105159.11566,550,9914.82,39928.172714,202206
4.0215,4.0393,4.0079,4.0115,89514.13,359798.031345,1135,61257.25,246219.117035,202206
4.013,4.0221,4.0073,4.0205,52678.71,211576.010895,775,33833.71,135917.250066,202206
4.0213,4.0244,3.9713,3.9827,206608.05,824443.050262,1499,44706.16,178253.666946,202206
3.9837,4.0073,3.9755,3.9987,54637.88,218015.681717,950,31511.97,125748.511087,202206
4.0003,4.0069,3.99,3.9965,35025.33,140041.11919,646,19799.09,79184.073576,202206
3.9971,4.0041,3.9582,3.965,82625.07,328659.596224,1203,31735.75,126189.571533,202206
3.9674,3.9677,3.9459,3.9465,66655.13,263749.806238,961,30479.2,120577.986035,202206
3.9487,3.9572,3.9408,3.9409,24508.86,96820.164031,606,11086.06,43795.772441,202206
3.9406,3.9585,3.9167,3.9168,59170.66,232993.89545,853,25781.22,101499.444553,202206
3.9146,3.9557,3.9101,3.9193,116595.6,458765.420664,1700,57150.96,224790.381159,202206
3.919,3.9775,3.9106,3.9521,174141.23,686772.636139,1757,127899.72,504484.246769,202206
3.9532,3.9782,3.9486,3.9642,50913.31,201746.223971,772,32255.56,127815.935023,202206
3.9635,3.9854,3.9633,3.9745,45158.08,179454.947505,707,20551.11,81687.57031,202206
3.9738,3.9814,3.9687,3.974,26444.91,105087.43827,459,16594.86,65945.646709,202206
3.9747,3.9879,3.9713,3.9729,46248.85,184004.855154,628,25201.7,100261.951106,202206
3.9731,3.9815,3.96,3.965,97621.97,387651.427605,675,15315.51,60854.684576,202206
3.9655,3.9659,3.9454,3.9566,37160.62,146933.803342,553,19235.45,76055.860766,202206
3.9566,3.9569,3.911,3.9138,42188.51,166102.036046,786,19206.02,75630.932961,202206
3.9147,3.9372,3.9124,3.9264,121366.68,476415.025437,1424,61341.81,240849.998879,202206
3.925,3.9475,3.9243,3.9361,66164.42,260512.863389,1148,36162.69,142424.949127,202206
3.94,3.9587,3.9382,3.9443,39894.31,157576.0971,761,15387.85,60795.979713,202206
3.9455,3.9695,3.9392,3.9518,32319.72,127852.613669,733,15940.12,63068.388144,202206
3.9546,3.9557,3.8933,3.8953,141162.42,552496.661642,1527,39543.59,154878.169384,202206
3.8951,3.8997,3.8536,3.8772,264088.42,1023048.591007,2746,163678.24,634004.4883,202206
3.8779,3.9044,3.8719,3.9019,60375.81,234989.934299,880,40138.44,156235.354958,202206
3.904,3.922,3.8999,3.9048,32253.96,126111.913764,609,19755.83,77235.33177,202206
3.9042,3.9176,3.8983,3.9062,21274.01,83093.391312,475,10687.55,41744.738676,202206
3.9098,3.93,3.9042,3.9092,40439.97,158348.561988,666,23675.05,92697.993994,202206
3.9088,3.9108,3.8866,3.8873,75441.78,293848.787745,953,26257.37,102294.721331,202206
3.8874,3.8929,3.8737,3.8825,28229.64,109627.959956,522,14129.94,54866.441343,202206
3.8825,3.8978,3.861,3.8633,44100.49,170939.17615,828,21319.81,82650.774281,202206
3.862,3.862,3.8327,3.8423,86556.88,332629.267154,1110,34833.27,133925.626941,202206
3.8418,3.8622,3.8361,3.8569,54156.33,208498.482261,766,27936.46,107514.779413,202206
3.8574,3.8649,3.8466,3.8535,50145.2,193480.382293,700,27333.83,105462.948878,202206
3.8543,3.8717,3.851,3.8652,43302.57,167247.299963,627,25288.44,97671.578619,202206
3.8685,3.882,3.8464,3.8654,54220.83,209638.424649,724,35272.36,136420.876562,202206
3.8654,3.884,3.8623,3.8641,31635.3,122507.351365,505,15583.46,60339.966623,202206
3.8629,3.8699,3.8432,3.8463,130912.39,505632.733174,1140,40064.94,154682.757955,202206
3.8453,3.8628,3.8414,3.8426,34322.19,132306.35787,595,13215.35,50922.818892,202206
3.8413,3.8561,3.823,3.8296,71128.83,272754.537588,993,31261.16,119947.580069,202206
3.829,3.8458,3.8231,3.8422,37710.65,144587.933228,523,14229.78,54573.035213,202206
3.8398,3.84,3.81,3.8222,59412.68,227481.760595,717,31179.03,119442.984561,202206
3.8251,3.8375,3.8126,3.8261,35479.44,135712.610007,520,14952.9,57162.171873,202206
3.8261,3.8316,3.7738,3.7819,149752.54,569694.328699,1472,47511.42,180721.958769,202206
3.7827,3.7987,3.768,3.7836,114195.14,432031.832381,1103,46661.9,176516.532649,202206
3.7857,3.823,3.7814,3.8157,106191.94,403945.6417,970,67325.98,256171.785888,202206
3.8158,3.8218,3.8082,3.8117,23207.06,88528.166104,402,15147.18,57783.676669,202206
3.8119,3.8141,3.8,3.8028,46136.82,175592.003945,575,30163.62,114815.883957,202206
3.8027,3.8095,3.7735,3.7839,56087.85,212554.297672,860,33335.27,126275.939585,202206
3.7848,3.7869,3.7491,3.7562,79316.04,298423.482256,1065,33220.89,125007.321452,202206
3.7568,3.7708,3.7472,3.7687,45226.54,169943.622069,795,22075.07,82938.080549,202206
3.7702,3.7766,3.7387,3.7531,113991.91,429070.115164,1213,46023.88,173161.540101,202206
3.7548,3.7677,3.7373,3.7395,104811.48,393527.620141,1175,35202.15,132207.848465,202206
3.7401,3.7458,3.7224,3.7435,96623.14,360828.685558,1011,35365.68,132155.665337,202206
3.743,3.7544,3.7241,3.7332,49801.12,186121.473237,756,23887.22,89304.493885,202206
3.7319,3.7446,3.7217,3.7415,62664.7,234002.820585,769,28741.56,107357.618892,202206
3.7419,3.7598,3.7351,3.7468,67493.55,253123.208923,767,25785.39,96698.318198,202206
3.7468,3.7608,3.7407,3.76,56733.55,212872.516123,741,31092.61,116703.304471,202206
3.7601,3.7601,3.7256,3.7256,45955.99,172130.975369,739,15290.26,57253.920453,202206
3.7269,3.7351,3.7217,3.7274,43132.58,160769.928444,658,15526.84,57874.317166,202206
3.7266,3.7422,3.7238,3.7298,48833.1,182184.590946,526,30005.5,111898.073647,202206
3.7296,3.7582,3.7294,3.7536,45183.94,169262.818846,713,23358.1,87532.675621,202206
3.7533,3.7707,3.7473,3.77,60018.3,225790.239526,854,35409.87,133180.887717,202206
3.7699,3.8234,3.7563,3.79,303057.95,1148989.623435,3189,149256.68,566222.827385,202206
3.7898,3.8065,3.7817,3.7967,65601.85,248928.95585,1080,32650.55,123902.610924,202206
3.7975,3.7975,3.7577,3.7603,91212.73,344538.516896,1210,30057.04,113518.394777,202206
3.7595,3.7865,3.7584,3.7865,45321.89,170934.834927,650,23748.17,89588.315231,202206
3.7858,3.8013,3.7719,3.7983,50607.0,191731.569811,852,26277.14,99566.671648,202206
3.7983,3.8104,3.7912,3.7978,42783.0,162612.32062,834,18098.28,68800.070213,202206
3.7976,3.7976,3.7362,3.7412,78838.8,297258.314597,1296,44240.17,166865.352808,202206
3.7397,3.7397,3.6735,3.6993,244705.17,904995.426742,3176,109676.21,405733.771702,202206
3.699,3.7068,3.684,3.7032,107290.48,396763.481917,1455,55193.3,204141.521004,202206
3.7023,3.7038,3.6611,3.6763,87116.57,320420.173024,1215,36348.29,133648.292767,202206
3.6775,3.6845,3.668,3.679,59279.94,217967.856113,809,22666.7,83347.750881,202206
3.679,3.6932,3.6638,3.6875,117331.96,431840.199418,1349,61163.21,225230.476478,202206
3.6875,3.6897,3.639,3.6521,76881.32,281296.333688,1138,27972.53,102321.506846,202206
3.6539,3.6651,3.6405,3.6447,94668.67,345741.923478,1045,41548.03,151664.317378,202206
3.644,3.6482,3.6257,3.6367,81803.61,297648.198267,983,35028.82,127517.68473,202206
3.6366,3.6462,3.6216,3.6325,41733.48,151528.397566,628,17460.39,63380.549643,202206
3.632,3.632,3.5871,3.627,145640.9,525124.671914,1468,62143.95,224260.767254,202206
3.6286,3.6512,3.6253,3.6388,52987.59,192791.282846,779,28352.02,103168.975815,202206
3.6379,3.6505,3.6261,3.6296,64430.41,234620.719685,706,34963.45,127340.167717,202206
3.6274,3.6279,3.6096,3.6181,48569.58,175737.155201,599,22705.87,82187.088467,202206
3.6181,3.62,3.5987,3.6088,66535.19,240293.053532,709,38332.79,138497.008419,202206
3.6068,3.615,3.5962,3.614,45766.34,165088.937983,552,23506.82,84774.655919,202206
3.6127,3.6167,3.5992,3.6034,43882.82,158419.593404,407,26333.05,95115.015094,202206
3.6035,3.6049,3.5374,3.5547,167146.8,594721.528985,1897,59026.38,209905.908172,202206
3.555,3.5617,3.5372,3.5414,75789.35,269061.489086,1032,27276.93,96843.851835,202206
3.5413,3.5564,3.519,3.5204,118418.36,419343.873795,1340,55147.08,195334.360777,202206
3.5208,3.5431,3.5116,3.5379,76459.23,269829.667325,925,36792.47,129837.800254,202206
3.5395,3.5468,3.5288,3.5416,60290.63,213321.449474,767,31001.56,109697.401673,202206
3.5428,3.6182,3.5158,3.5828,166872.84,595565.312282,2249,90944.85,324803.487254,202206
3.5852,3.6457,3.5685,3.6169,171658.53,619112.403378,2359,100725.76,363146.630438,202206
3.6132,3.6236,3.5795,3.6023,122124.28,439005.451412,1437,46906.76,168818.378441,202206
3.6017,3.6198,3.5876,3.6007,62557.55,225647.120416,1063,36908.12,133169.452548,202206
3.6011,3.6147,3.5886,3.6137,34030.02,122443.84643,475,10509.9,37826.633547,202206
3.6139,3.6146,3.5816,3.5911,29423.74,105830.118761,513,14924.88,53690.457775,202206
3.59,3.5923,3.5292,3.5322,81169.26,288859.167645,1309,30397.77,108097.194132,202206
3.5321,3.5667,3.5303,3.5557,48457.44,171900.317776,864,29789.29,105690.808353,202206
3.5557,3.5923,3.5408,3.5837,51218.36,182318.496124,692,22637.79,80669.043941,202206
3.5829,3.5911,3.569,3.569,44887.99,160793.109222,583,24052.05,86159.712845,202206
3.5682,3.5756,3.5556,3.559,50648.31,180597.131527,564,33476.57,119377.745866,202206
3.5594,3.5597,3.5154,3.5233,79529.24,280715.459422,1138,32032.48,113109.549467,202206
3.5265,3.5283,3.4798,3.4798,157112.48,550622.094968,1314,71634.48,251000.055413,202206
3.4797,3.5274,3.4666,3.5192,131766.04,460961.534285,1604,72073.59,252305.711858,202206
3.5176,3.5414,3.5071,3.5339,75569.6,266595.632465,1035,44872.05,158293.641446,202206
3.5353,3.5397,3.5156,3.5211,38429.01,135418.548879,629,23160.35,81621.018421,202206
3.5223,3.5257,3.5028,3.5041,49444.26,173728.085366,789,27747.18,97488.050463,202206
3.5038,3.5086,3.4615,3.4685,89112.24,310023.488326,1256,45575.85,158630.957473,202206
3.4685,3.5755,3.4685,3.5755,111524.67,392548.801522,1447,63457.3,223508.371712,202206
3.5756,3.6236,3.5592,3.578,145311.58,521395.525903,2391,82953.11,297570.708116,202206
3.5772,3.6226,3.5618,3.5894,304399.61,1092985.831331,3572,137125.38,492499.134524,202206
3.589,3.5926,3.5617,3.5654,92361.12,330655.81872,1275,40674.23,145657.572355,202206
3.5663,3.5667,3.5243,3.5387,86870.54,307648.870375,1218,44666.03,158144.532659,202206
3.5387,3.5523,3.5197,3.5448,70839.38,250324.271313,1122,37553.96,132706.286339,202206
3.5451,3.55,3.5236,3.5321,68095.67,240837.383907,855,35721.75,126306.554868,202206
3.5329,3.5391,3.491,3.4952,85782.36,301304.780757,955,41340.59,145198.528022,202206
3.4964,3.5621,3.4964,3.5621,79649.91,280549.475046,962,44820.87,158034.642214,202206
3.5621,3.5652,3.5244,3.5532,55265.76,195713.286241,783,31565.13,111774.325139,202206
3.5533,3.5627,3.5324,3.5508,46658.35,165578.253191,710,29217.09,103648.725372,202206
3.5506,3.557,3.5061,3.5092,161392.83,568141.964913,1033,36215.82,127898.259889,202206
3.5107,3.5297,3.5079,3.5275,71846.52,252748.429478,685,41057.77,144468.399454,202206
3.5261,3.5434,3.5159,3.539,38886.32,137374.377512,658,21814.81,77062.055396,202206
3.5389,3.5813,3.4603,3.4841,276658.91,976950.818238,3089,141680.54,500415.933364,202206
3.4842,3.5559,3.4636,3.4809,221219.12,776277.739629,2947,106715.62,374893.086873,202206
3.4809,3.5061,3.4618,3.4769,127077.47,442768.358288,1733,71407.44,248831.101241,202206
3.4753,3.532,3.4645,3.5237,143602.5,502940.345103,1595,60569.55,212121.488902,202206
3.5212,3.5255,3.4215,3.4482,157364.32,545605.875455,2063,83598.87,289884.562573,202206
3.4456,3.4758,3.4305,3.4576,93054.78,321294.054586,1644,44020.13,151973.857201,202206
3.456,3.4693,3.4042,3.4094,108482.32,372897.046212,1621,50915.33,175073.639387,202206
3.4111,3.4289,3.39,3.4219,171048.26,583527.169518,1823,87102.71,297423.03133,202206
3.4207,3.422,3.3922,3.4025,87270.27,297627.379738,1310,38433.82,131103.579682,202206
3.4019,3.4689,3.3994,3.4208,158649.62,545000.385201,2076,93297.08,320259.968642,202206
3.4234,3.4613,3.4207,3.4312,72469.65,249448.343807,1006,40534.62,139520.130806,202206
3.4308,3.4627,3.4244,3.4443,98434.4,339213.637584,1246,60154.26,207385.7442,202206
3.4411,3.4836,3.425,3.4627,113107.32,391684.840246,1509,68695.99,238073.009202,202206
3.4606,3.4754,3.4275,3.4282,60791.83,209690.947245,916,33927.5,117024.922229,202206
3.4289,3.4494,3.3947,3.3985,106714.18,365014.793676,1192,43211.28,148050.144184,202206
3.3963,3.4439,3.3837,3.4201,81087.8,277265.89934,1141,50948.79,174157.189302,202206
3.4183,3.4285,3.3859,3.4233,108594.89,369372.187499,1475,61982.98,210859.075144,202206
3.4238,3.4595,3.4146,3.4182,91720.5,315582.235684,1249,49073.7,168929.984751,202206
3.4181,3.4589,3.4177,3.4466,59116.26,203546.838556,946,32698.77,112601.430769,202206
3.4451,3.4989,3.437,3.4821,119312.78,414352.752419,1330,81756.42,284014.512335,202206
3.4838,3.5185,3.4761,3.5014,103597.28,362609.017109,1673,61248.75,214401.112622,202206
3.5002,3.532,3.4768,3.49,94517.65,331091.939224,1436,49219.05,172486.029373,202206
3.4902,3.5091,3.4734,3.4978,60546.24,211242.460719,830,28647.03,100034.88936,202206
3.4959,3.5748,3.4921,3.56,195172.39,691409.889511,2355,113907.13,403591.153999,202206
3.5598,3.5627,3.5276,3.5316,169143.88,599695.700831,1666,86324.73,306107.101346,202206
3.5298,3.531,3.5006,3.5241,132724.93,466572.661054,1368,42776.01,150381.799879,202206
3.5264,3.5341,3.5083,3.5168,86486.25,304540.413223,947,45193.36,159180.67429,202206
3.5167,3.5274,3.4955,3.5058,110173.3,386269.336692,1030,35814.44,125677.145772,202206
3.5084,3.51,3.4829,3.4919,67140.88,234374.561919,902,27901.72,97405.519399,202206
3.492,3.51,3.4843,3.51,37279.57,130211.080892,562,17901.31,62544.212147,202206
3.51,3.5119,3.464,3.4685,115336.73,401643.347702,1006,46623.3,162354.551777,202206
3.4676,3.4836,3.4631,3.4756,33647.66,116877.795464,604,18363.72,63788.127983,202206
3.4756,3.4812,3.4558,3.4628,99266.85,344519.586391,1154,38743.78,134417.610966,202206
3.4642,3.494,3.4325,3.4784,78623.0,271699.129666,1141,46248.95,159872.460477,202206
3.4767,3.519,3.473,3.5149,69186.36,242305.236268,1110,36436.36,127590.356786,202206
3.5162,3.5373,3.5065,3.5315,76058.55,268252.691516,1080,37777.18,133216.552888,202206
3.5338,3.55,3.5128,3.5299,122590.55,433198.967287,1529,62316.25,220234.494278,202206
3.5282,3.5454,3.5162,3.5373,53001.57,187230.054192,726,28363.3,100162.4916,202206
3.5357,3.5567,3.5308,3.5502,57158.41,202470.00452,845,35054.78,124207.8397,202206
3.5502,3.5662,3.5322,3.5541,114827.72,407597.665405,1281,60080.27,213325.728974,202206
3.5545,3.5847,3.5454,3.5457,143224.23,510900.007703,1557,104650.51,373369.571679,202206
3.5457,3.5473,3.5201,3.5333,39749.4,140483.347987,648,19944.79,70498.948372,202206
3.533,3.5378,3.5212,3.5265,46049.49,162512.37146,562,23144.51,81677.163508,202206
3.5257,3.5387,3.516,3.5387,74374.46,262119.156026,660,41176.94,145072.943434,202206
3.5397,3.5621,3.5365,3.5466,53394.65,189646.120933,715,24422.2,86794.631377,202206
3.545,3.5979,3.545,3.5646,159121.55,568727.13188,1706,81425.99,290791.247365,202206
3.5623,3.5691,3.5426,3.5482,66094.77,234871.203952,839,39884.4,141736.125728,202206
3.5488,3.5663,3.534,3.5625,67290.45,238565.1575,802,23484.16,83292.845187,202206
3.5617,3.6,3.545,3.5731,232774.15,833290.319206,2204,153789.17,551063.002369,202206
3.575,3.575,3.5587,3.567,55737.43,198947.870259,744,32046.96,114414.461133,202206
3.5671,3.5689,3.5429,3.5492,41744.8,148357.753947,644,16115.15,57283.050569,202206
3.5467,3.5504,3.5131,3.5215,52152.56,183944.606306,868,20205.34,71317.114248,202206
3.5205,3.5217,3.4966,3.5096,58835.85,206211.097842,729,28534.46,100012.636432,202206
3.5108,3.5108,3.4922,3.5015,36291.53,127069.666324,528,14452.07,50596.706908,202206
3.5012,3.5073,3.4973,3.501,55271.94,193491.154546,610,33334.02,116681.680343,202206
3.5001,3.5054,3.4644,3.4956,71064.88,247403.748172,937,35701.65,124356.299265,202206
3.4948,3.502,3.4694,3.4787,131496.31,457733.759529,926,37281.17,129761.327992,202206
3.4771,3.4837,3.461,3.4695,43792.3,151911.913612,552,28633.76,99297.387726,202206
3.4676,3.4731,3.4537,3.4704,62079.83,215131.68573,708,30191.7,104628.348506,202206
3.4688,3.482,3.4646,3.471,21285.85,73955.294004,377,11558.2,40148.32773,202206
3.4712,3.4917,3.4701,3.4845,38924.34,135531.692575,465,22567.02,78569.09344,202206
3.485,3.4982,3.4654,3.4966,30843.39,107379.999363,485,16093.61,56048.1035,202206
3.4964,3.5079,3.4948,3.496,18781.22,65770.162616,399,8883.3,31114.810007,202206
3.4978,3.5128,3.4576,3.4607,42825.94,149505.916351,718,26929.8,94029.370293,202206
3.4623,3.4769,3.4591,3.4651,26653.57,92401.974171,457,15946.84,55277.750593,202206
3.4651,3.4875,3.4627,3.4858,13284.41,46176.009134,287,6101.64,21201.235852,202206
3.4838,3.5134,3.4779,3.5,20897.53,73061.316045,401,13218.96,46226.734776,202206
3.4981,3.519,3.4851,3.5175,29236.85,102264.084483,530,13107.28,45882.507188,202206
3.5158,3.5192,3.4666,3.4757,38215.07,133448.603393,634,15067.58,52589.068475,202206
3.4751,3.489,3.4582,3.4876,21743.28,75508.377602,425,9142.77,31753.421226,202206
3.4874,3.501,3.4854,3.4935,15220.73,53189.699428,307,7465.81,26090.916842,202206
3.4935,3.505,3.4871,3.4996,28758.71,100630.961709,409,16906.51,59165.907406,202206
3.5007,3.507,3.443,3.4442,35543.72,123562.071089,713,13391.43,46598.695738,202206
3.4442,3.4485,3.39,3.4228,166583.65,568309.65851,2065,81263.33,277418.651421,202206
3.4208,3.4495,3.4194,3.4318,39093.08,134265.284561,651,23618.73,81116.508922,202206
3.4326,3.4484,3.4159,3.4222,34188.59,117300.534381,495,19799.63,67927.280347,202206
3.423,3.4508,3.4224,3.4447,27785.06,95552.101308,529,13310.07,45749.870798,202206
3.4448,3.4472,3.4325,3.4434,20627.95,70953.119602,430,11092.65,38151.890172,202206
3.4427,3.504,3.4359,3.497,52402.85,182174.13303,922,25653.79,89133.517069,202206
3.4973,3.5023,3.4744,3.4744,23116.23,80636.575408,450,8014.6,27976.301624,202206
3.4769,3.4947,3.4718,3.4938,14337.04,49972.206654,330,5393.12,18793.758335,202206
3.4931,3.5048,3.4892,3.4892,19817.02,69339.023614,277,10515.1,36811.466057,202206
3.488,3.4935,3.4656,3.475,17374.61,60422.55424,336,6394.73,22230.7658,202206
3.4741,3.4835,3.4687,3.4719,16496.72,57315.494374,274,10732.4,37281.676014,202206
3.4717,3.4746,3.4527,3.4631,23003.88,79657.41162,393,11501.51,39832.072752,202206
3.4637,3.4877,3.4168,3.4641,73061.19,252055.851896,1198,34933.78,120501.015357,202206
3.4633,3.4871,3.4439,3.4717,57847.01,200381.410206,1017,26577.6,92045.265741,202206
3.473,3.5022,3.4567,3.4897,41771.04,145350.788956,697,20914.0,72842.818162,202206
3.4866,3.4973,3.4794,3.4832,18749.93,65395.176025,377,9367.26,32669.329457,202206
3.4829,3.492,3.4703,3.4768,28355.62,98702.41605,408,7739.83,26916.648539,202206
3.4778,3.4936,3.4718,3.491,25620.67,89314.471049,360,18523.9,64575.52267,202206
3.4911,3.5017,3.4784,3.4798,11296.35,39439.271533,274,6044.21,21095.135369,202206
3.4798,3.4849,3.4703,3.4783,16032.35,55758.325011,333,8412.22,29262.145798,202206
3.4794,3.4941,3.4794,3.4894,27728.69,96740.858864,297,13971.22,48737.839029,202206
3.4894,3.5158,3.4822,3.5129,48466.36,169725.3461,577,30952.06,108393.609901,202206
3.5122,3.5183,3.4972,3.4976,15627.37,54836.001366,259,7731.76,27132.995412,202206
3.4979,3.5134,3.4972,3.5102,11232.46,39388.938685,154,6344.64,22244.868116,202206
3.5098,3.5124,3.4927,3.4939,13265.54,46533.680903,189,3871.9,13567.620319,202206
3.4911,3.492,3.4775,3.485,12261.44,42736.679388,293,8158.54,28443.669761,202206
3.4849,3.4944,3.4827,3.4827,5711.91,19920.300333,142,4023.25,14027.572286,202206
3.4829,3.483,3.45,3.4502,36197.79,125332.048618,497,12793.9,44303.394907,202206
3.4506,3.4573,3.4397,3.4479,27631.65,95210.987455,340,6867.61,23699.116365,202206
3.4479,3.4533,3.43,3.4377,33089.55,113872.490173,495,20312.67,69899.065699,202206
3.4373,3.4391,3.42,3.4219,31859.63,109203.799633,451,14985.88,51373.338246,202206
3.4211,3.4274,3.4123,3.4145,31487.53,107676.109611,454,12332.88,42172.3076,202206
3.4146,3.4474,3.4135,3.435,32870.08,112713.028164,459,18823.38,64559.715743,202206
3.4348,3.4489,3.43,3.4331,25574.73,87915.799971,387,12006.04,41273.73107,202206
3.4325,3.4325,3.3913,3.3928,65183.23,222215.073388,800,30405.32,103572.810918,202206
3.3927,3.4339,3.3879,3.4327,58679.56,199904.173322,773,31484.99,107203.400313,202206
3.4331,3.447,3.4308,3.4465,56595.18,194705.511152,536,25760.46,88627.028453,202206
3.4458,3.4458,3.4168,3.4214,53543.24,183572.075096,658,19629.65,67294.341254,202206
3.4207,3.4586,3.416,3.4277,61523.44,211188.644996,747,33034.37,113320.195074,202206
3.4279,3.4288,3.3944,3.4056,49622.51,168961.233321,696,28902.26,98383.452412,202206
3.4063,3.4065,3.3725,3.3752,58761.44,199040.001697,963,27876.93,94458.601981,202206
3.3751,3.3924,3.3508,3.3612,121707.95,409513.234991,942,30822.23,103978.65393,202206
3.3613,3.3728,3.3427,3.3549,80799.59,270847.959168,920,43857.58,147002.392554,202206
3.3525,3.3574,3.3254,3.328,72188.78,240692.741446,832,38761.64,129237.786101,202206
3.3269,3.3499,3.318,3.3213,81093.0,270135.819942,1029,35617.3,118641.471382,202206
3.3211,3.3413,3.2967,3.2973,105703.12,350744.302896,1008,37326.71,123910.824081,202206
3.2999,3.3529,3.2999,3.3481,119847.0,398029.294409,959,63556.25,211219.871114,202206
3.3501,3.3892,3.3327,3.3465,106383.3,357686.556666,1256,49719.57,167363.45514,202206
3.3481,3.3554,3.3271,3.331,55581.12,185722.87159,822,31462.39,105105.568557,202206
3.3304,3.3428,3.3197,3.3301,46297.72,154265.142487,925,23853.51,79475.811817,202206
3.331,3.3734,3.3269,3.3661,39205.3,131481.643411,866,21893.29,73395.30224,202206
3.3666,3.3844,3.3535,3.3826,25862.22,86992.957712,413,17353.06,58383.844794,202206
3.3841,3.3855,3.3555,3.3778,86192.17,290768.337482,914,44090.79,148834.706082,202206
3.3778,3.3837,3.3454,3.3705,84395.48,283697.192732,873,59485.97,199982.202484,202206
3.371,3.4186,3.367,3.4161,69774.97,236931.365899,901,46052.38,156337.085218,202206
3.415,3.4176,3.3886,3.4019,52284.31,177845.765394,786,26807.0,91184.278105,202206
3.4003,3.4629,3.398,3.448,124870.47,429613.23449,1424,61824.21,212655.137918,202206
3.4467,3.4656,3.4318,3.4429,78679.05,271182.929235,1077,41001.49,141345.836968,202206
3.443,3.4562,3.4284,3.4352,52210.2,179680.241311,758,24750.07,85195.688848,202206
3.4345,3.4345,3.3841,3.3952,61917.95,210932.760804,945,28882.96,98430.586406,202206
3.3942,3.3944,3.3468,3.369,88205.12,296949.537706,1209,42615.59,143498.476071,202206
3.3695,3.4085,3.3539,3.3996,79554.41,268886.295937,1157,49500.79,167307.331341,202206
3.401,3.424,3.3941,3.4089,47614.91,162377.45475,833,27248.84,92910.243893,202206
3.4074,3.4229,3.4003,3.4105,55181.53,188227.967471,565,29105.64,99284.522204,202206
3.4111,3.432,3.3986,3.4296,62283.57,212837.625331,718,35938.01,122810.140749,202206
3.4291,3.465,3.42,3.442,86547.05,298370.308433,1171,43958.4,151542.10052,202206
3.4436,3.4863,3.4348,3.4796,124289.64,431254.783761,1360,78611.47,272940.75073,202206
3.4784,3.4872,3.4605,3.4738,58493.98,203138.54889,983,27668.02,96104.870974,202206
3.4759,3.4797,3.4518,3.4614,38967.73,134882.301123,720,18902.29,65431.826719,202206
3.4604,3.463,3.4366,3.4557,46383.55,159939.251707,763,15312.45,52809.186356,202206
3.4561,3.465,3.4433,3.4523,27858.21,96145.129038,454,16266.34,56127.295634,202206
3.4523,3.4662,3.4277,3.4396,42891.21,147678.640775,667,23921.47,82362.477468,202206
3.4418,3.55,3.4418,3.5397,175357.74,615702.90224,2291,99074.43,347699.133477,202206
3.5382,3.5964,3.5143,3.5671,190721.21,679077.284445,2308,118246.21,421235.490489,202206
3.5684,3.5976,3.5392,3.5478,152692.95,544896.164011,1905,57484.4,205118.984528,202206
3.5468,3.5644,3.5291,3.5625,79079.67,280547.714498,1157,34111.78,120985.701856,202206
3.5614,3.6044,3.5614,3.5748,118705.18,425749.070074,1667,70527.71,253027.843337,202206
3.5742,3.6062,3.5558,3.57,69951.11,250343.954263,1234,32743.06,117273.725664,202206
3.5709,3.5709,3.546,3.5503,59805.22,212603.059496,901,35528.75,126288.167873,202206
3.5494,3.557,3.5397,3.549,38575.06,136851.566711,691,15051.51,53418.958994,202206
3.5503,3.5555,3.5172,3.5248,30129.34,106489.775688,783,12396.81,43842.593345,202206
3.5281,3.5379,3.5229,3.5285,29700.1,104842.546877,565,13904.5,49084.967431,202206
3.5284,3.5354,3.5256,3.5276,15359.76,54234.7453,370,6337.99,22378.685095,202206
3.5281,3.5481,3.5235,3.5359,34314.48,121318.716011,638,18664.44,65977.058445,202206
3.5353,3.5459,3.5054,3.5118,44284.53,155855.914361,836,15705.62,55337.369437,202206
3.5107,3.5441,3.5001,3.5401,64635.1,227411.71959,1206,32540.61,114551.019846,202206
3.5338,3.5578,3.5264,3.5264,48514.36,171830.570826,727,26569.67,94176.860754,202206
3.5288,3.5333,3.5144,3.5176,23895.99,84160.906481,462,11064.14,38959.859875,202206
3.5175,3.5227,3.5061,3.5093,35136.62,123456.185626,662,14407.12,50616.287575,202206
3.5093,3.517,3.503,3.5116,27289.78,95838.776606,400,16068.59,56423.650545,202206
3.5108,3.5248,3.5093,3.5175,21233.23,74695.923306,390,11944.26,42023.193523,202206
3.5183,3.5401,3.5153,3.538,19961.9,70451.825026,321,11928.81,42102.040496,202206
3.5369,3.5529,3.534,3.5471,27961.09,99102.870447,382,17326.64,61403.462745,202206
3.5467,3.5636,3.5352,3.5439,20046.36,71155.519869,371,10756.82,38169.774439,202206
3.5454,3.5539,3.5193,3.5374,14094.12,49804.894328,292,5793.22,20467.325874,202206
3.5375,3.5617,3.5277,3.54,37389.75,132402.862301,487,19724.43,69824.577991,202206
3.5401,3.5484,3.5342,3.5434,13345.56,47240.216434,242,4535.7,16056.246282,202206
3.5406,3.5413,3.5074,3.518,32527.8,114450.575046,443,13905.44,48915.680285,202206
3.5151,3.5151,3.4763,3.4808,73404.29,256325.912053,843,26512.43,92612.781031,202206
3.4796,3.481,3.4536,3.4625,65886.13,228350.511051,816,30638.48,106149.907117,202206
3.4596,3.4677,3.4559,3.4663,33659.52,116474.041891,384,16145.98,55889.380114,202206
3.4675,3.4767,3.4539,3.4716,66354.13,230036.345168,772,37725.42,130799.795866,202206
3.4674,3.4821,3.4654,3.4754,23363.33,81219.162707,303,6566.62,22831.114833,202206
3.4768,3.4906,3.4761,3.4838,20542.82,71529.772683,336,13082.95,45549.15926,202206
3.4853,3.5015,3.4816,3.4972,23807.6,83165.867996,348,14364.83,50174.270875,202206
3.5014,3.5049,3.4929,3.5032,34287.87,119982.47751,408,22621.13,79151.143714,202206
3.5046,3.505,3.4901,3.4937,30355.0,106139.8996,346,16219.43,56697.376148,202206
3.4932,3.5028,3.4895,3.4942,29834.45,104355.31485,351,11171.67,39084.203426,202206
3.4942,3.5279,3.4844,3.5205,30862.53,108374.104329,461,14746.39,51786.19711,202206
3.523,3.531,3.5166,3.5289,25010.19,88120.607057,302,13433.65,47317.148079,202206
3.5276,3.548,3.5246,3.5391,51394.52,181741.14744,742,29967.26,105981.387155,202206
3.5397,3.5405,3.5192,3.5229,24324.88,85786.226573,302,10613.97,37429.767786,202206
3.522,3.5234,3.5075,3.511,29287.81,102991.213313,385,8447.57,29707.836452,202206
3.5141,3.5331,3.5116,3.5313,16262.9,57306.479849,272,8138.38,28675.426696,202206
3.5323,3.5427,3.5282,3.5394,15500.38,54825.135415,259,8325.5,29439.762481,202206
3.5403,3.5716,3.5395,3.5541,24009.11,85378.628768,436,13222.48,47036.343549,202206
3.5541,3.5696,3.5533,3.5561,19893.27,70839.211701,398,10298.93,36663.255543,202206
3.5567,3.58,3.5534,3.5685,31434.07,112140.136618,423,16702.57,59591.07662,202206
3.5684,3.578,3.562,3.578,15468.56,55208.003334,268,8655.21,30897.869589,202206
3.5749,3.6083,3.5712,3.6026,75252.47,270149.662555,937,45852.71,164588.454589,202206
3.6015,3.6155,3.5829,3.586,28890.21,103872.318747,440,14473.53,52012.91592,202206
3.586,3.5945,3.5805,3.5844,18375.74,65884.068535,327,7533.17,27010.512044,202206
3.5832,3.5849,3.5681,3.5699,21101.79,75422.144344,384,7877.42,28154.267393,202206
3.5695,3.5695,3.556,3.5589,17764.79,63248.545602,292,6473.23,23046.711101,202206
3.558,3.565,3.557,3.5633,13141.49,46805.660744,178,4962.39,17675.876196,202206
3.5649,3.5745,3.5394,3.5438,83598.83,297579.434081,700,29604.97,105406.589483,202206
3.5435,3.5442,3.5355,3.5394,19471.87,68931.667141,277,8435.79,29861.13709,202206
3.5372,3.5397,3.5285,3.5345,33607.84,118774.921111,398,20451.38,72267.671281,202206
3.5341,3.5372,3.5238,3.5279,24227.3,85531.626727,392,9002.1,31791.104156,202206
3.5285,3.5313,3.5183,3.5235,22193.9,78243.352396,313,7877.55,27771.310475,202206
3.5235,3.5519,3.5217,3.5519,33330.73,117908.910688,425,16251.09,57512.644077,202206
3.5521,3.6026,3.5516,3.5953,60537.61,216673.016314,828,29987.25,107281.840226,202206
3.595,3.6427,3.5715,3.6427,58913.99,212251.517663,958,32927.29,118706.058487,202206
3.6432,3.681,3.6114,3.6467,96610.87,352403.809348,1372,56605.37,206562.998731,202206
3.6459,3.7602,3.6412,3.7375,209115.42,776053.917559,2637,130681.85,484395.320474,202206
3.7361,3.7735,3.7174,3.746,104900.87,392517.431501,1516,55702.67,208399.26962,202206
3.7461,3.762,3.7347,3.743,55711.03,208738.705957,877,28211.79,105711.119281,202206
3.7428,3.766,3.7072,3.7077,84759.77,316915.563126,1326,38953.69,145793.756557,202206
3.709,3.7241,3.6933,3.6962,77469.31,287363.285234,1274,28760.16,106709.123412,202206
3.6957,3.6982,3.6754,3.6863,48398.33,178423.401115,907,17342.9,63946.142941,202206
3.6868,3.7133,3.6738,3.7074,53987.96,199131.046201,985,29518.61,108915.658001,202206
3.7072,3.7471,3.6973,3.7271,156054.8,580693.999975,1772,67641.34,251736.482573,202206
3.7257,3.7294,3.7066,3.7212,75864.92,282129.018999,1302,40502.65,150618.532706,202206
3.7202,3.7333,3.6894,3.6957,61560.55,228326.809583,1019,25094.62,93089.280578,202206
3.6958,3.7052,3.6881,3.6917,40470.8,149534.014271,628,20491.81,75689.823123,202206
3.6916,3.6953,3.667,3.6853,53927.71,198205.326351,984,23135.67,85045.090538,202206
3.6874,3.6987,3.6524,3.6589,70132.2,257084.085269,1141,33606.18,123235.572663,202206
3.6583,3.6724,3.6481,3.6592,58101.32,212631.553771,945,31249.95,114380.666608,202206
3.6614,3.6624,3.6283,3.639,84090.04,306219.493943,1029,30650.45,111639.739425,202206
3.6394,3.6435,3.612,3.6184,59347.42,215379.209567,754,27776.02,100855.194179,202206
3.6193,3.6274,3.613,3.6258,27335.15,98980.68737,448,15701.05,56852.505509,202206
3.6244,3.6596,3.6202,3.6577,46097.02,167985.74982,788,30323.95,110486.650406,202206
3.6569,3.6709,3.641,3.6446,59278.61,216922.798571,809,20868.66,76350.162981,202206
3.6444,3.6464,3.6245,3.6289,43962.13,159725.660037,743,18790.16,68257.927261,202206
3.625,3.683,3.6246,3.6687,124027.03,454043.41362,1299,92895.23,340046.71121,202206
3.6718,3.6802,3.6615,3.6662,55020.45,201971.708856,806,36047.54,132312.959839,202206
3.665,3.665,3.6173,3.6193,44469.7,161713.518563,810,17269.66,62846.232289,202206
3.618,3.6235,3.6026,3.6181,55672.39,201145.90396,722,23765.35,85842.964478,202206
3.6176,3.6176,3.5941,3.6015,32713.67,117870.009178,582,12687.18,45713.368925,202206
3.6017,3.6019,3.5803,3.5939,22110.12,79405.249799,481,9371.07,33638.375313,202206
3.5933,3.6021,3.5846,3.5878,21699.88,77990.086614,358,11751.16,42230.737111,202206
3.5881,3.5975,3.5729,3.5777,26571.13,95255.548266,488,15468.0,55434.096038,202206
3.5783,3.5901,3.57,3.5896,85923.86,307451.000786,594,72259.27,258520.908811,202206
3.5901,3.6099,3.5877,3.6074,32857.88,118329.226025,540,15388.15,55406.38368,202206
3.6091,3.6129,3.588,3.5963,36067.68,129901.393076,509,15239.96,54873.844741,202206
3.5949,3.5974,3.5741,3.5823,28742.86,103003.088833,430,16716.14,59902.786551,202206
3.5822,3.5958,3.5812,3.5945,43979.43,157727.536942,431,28251.28,101316.40548,202206
3.5942,3.5942,3.564,3.5681,69879.97,250259.515546,575,25066.76,89874.955299,202206
3.5707,3.609,3.5707,3.5741,36242.7,130205.972606,652,20516.06,73702.500899,202206
3.5742,3.5742,3.5372,3.5553,66218.03,235253.101805,979,21276.29,75568.418889,202206
3.5541,3.5705,3.5381,3.5494,39531.0,140386.850917,599,23667.0,84025.099837,202206
3.5508,3.5598,3.5432,3.5558,32306.45,114768.773768,552,16955.45,60253.497047,202206
3.5565,3.5581,3.5483,3.5498,35182.73,124977.000638,415,19025.84,67580.517149,202206
3.5483,3.5732,3.5167,3.5318,61443.25,217446.969628,828,23301.8,82639.805255,202206
3.5299,3.5695,3.5203,3.5687,32253.85,114481.356247,456,18621.56,66090.569508,202206
3.5687,3.5778,3.5568,3.5668,33080.93,118089.711447,514,16130.4,57591.405603,202206
3.5659,3.572,3.5412,3.5433,37889.1,134698.948157,491,13994.43,49788.259458,202206
3.5434,3.5693,3.5408,3.5669,23785.66,84667.387725,414,10783.99,38401.271071,202206
3.567,3.575,3.5551,3.5676,19143.82,68305.480625,365,10750.35,38367.72015,202206
3.5691,3.5691,3.5536,3.5551,19989.68,71135.43468,400,9765.47,34745.577078,202206
3.5545,3.5693,3.5402,3.5669,27761.31,98676.268788,463,10327.61,36707.469451,202206
3.569,3.5822,3.564,3.5658,24003.13,85786.675979,311,13097.93,46810.70625,202206
3.5663,3.5785,3.5533,3.5781,20209.53,72071.278321,392,11607.99,41399.435014,202206
3.5787,3.5998,3.5731,3.5832,85892.65,307754.110543,1068,48785.72,174880.085712,202206
3.5836,3.6026,3.5836,3.5994,73762.54,265337.861386,786,46592.04,167628.974617,202206
3.5994,3.6068,3.5796,3.5815,43143.41,154966.662903,547,12361.79,44412.312219,202206
3.5819,3.6018,3.5776,3.5925,17030.67,61187.840142,348,9723.52,34941.134952,202206
3.5933,3.6462,3.5815,3.6272,62397.65,225317.909225,978,36897.5,133104.321795,202206
3.6273,3.6273,3.5886,3.589,35396.05,127456.424899,534,17374.21,62584.912125,202206
3.5893,3.6031,3.5878,3.6016,15663.06,56327.118347,297,6958.86,25024.159568,202206
3.6013,3.6154,3.5875,3.6058,49054.58,176655.772383,650,31871.58,114827.941597,202206
3.6057,3.636,3.5929,3.6229,150542.86,544820.202916,1147,97339.05,352637.843254,202206
3.6235,3.6265,3.6103,3.6233,38546.89,139555.461052,471,24382.78,88277.961312,202206
3.6238,3.6268,3.6075,3.6089,24246.88,87713.23559,386,11264.75,40774.514824,202206
3.6077,3.6191,3.5787,3.5787,25723.53,92633.629151,462,9233.72,33282.676247,202206
3.5794,3.5885,3.556,3.5604,59244.46,211592.306073,848,21666.91,77420.457102,202206
3.5607,3.5803,3.5607,3.5723,40622.39,145108.863907,610,21508.09,76828.486908,202206
3.5709,3.5831,3.5554,3.5666,51631.16,184260.330559,659,25532.42,91090.235339,202206
3.566,3.5835,3.5582,3.5812,25985.92,92832.223242,460,12741.26,45538.511557,202206
3.5798,3.5851,3.5673,3.572,11708.32,41885.823184,265,6544.18,23408.783937,202206
3.5699,3.5945,3.5669,3.5771,21418.07,76671.540335,398,14197.4,50823.648957,202206
3.577,3.5885,3.5696,3.5806,14559.17,52108.308345,334,8194.12,29323.727716,202206
3.5819,3.5835,3.544,3.5529,45676.95,162479.923455,626,22426.72,79800.204328,202206
3.5518,3.5654,3.5518,3.5562,24925.52,88716.901642,375,14180.58,50478.797615,202206
3.5594,3.5676,3.5578,3.5655,10437.16,37193.886789,174,5863.2,20893.34887,202206
3.5667,3.5707,3.4948,3.5161,111723.77,393311.26399,1463,49898.01,175589.205352,202206
3.5156,3.5395,3.5003,3.5063,159222.62,559241.676189,1505,63775.16,224065.282641,202206
3.5085,3.5137,3.4894,3.4978,66939.39,234339.063385,764,37818.4,132408.344069,202206
3.4989,3.5157,3.4984,3.515,60312.69,211511.649226,826,30958.63,108580.310807,202206
3.5158,3.5187,3.5029,3.5144,44353.42,155658.290065,548,21468.53,75337.191715,202206
3.5154,3.5199,3.4938,3.499,49043.67,171731.24273,690,22167.05,77637.757101,202206
3.5,3.5069,3.49,3.496,138351.1,483893.525437,875,92027.02,321893.886462,202206
3.4971,3.505,3.4797,3.4996,85975.38,300210.028783,968,42533.97,148498.957676,202206
3.4999,3.5015,3.4873,3.4874,57352.52,200565.979297,624,35516.89,124243.244354,202206
3.4893,3.5066,3.4772,3.4887,91637.64,319724.232182,1067,48446.9,169079.757424,202206
3.49,3.544,3.49,3.5358,164115.12,579090.741839,1723,82128.32,289764.435927,202206
3.5382,3.5481,3.5272,3.5337,61472.55,217490.958916,947,33333.27,117908.941786,202206
3.535,3.5755,3.5332,3.5715,69824.41,248601.774873,1032,38443.92,136913.04956,202206
3.5716,3.5973,3.5661,3.5873,96246.82,344719.820222,1281,34692.87,124240.25262,202206
3.5874,3.6463,3.5852,3.6354,129138.16,467958.796046,1552,76102.41,275619.14084,202206
3.635,3.6664,3.6166,3.6206,128212.79,466863.023246,1243,56483.62,205657.985865,202206
3.6204,3.6252,3.5845,3.6011,132459.03,476761.105863,1209,49976.42,179983.024868,202206
3.602,3.6067,3.581,3.5823,55508.68,199276.514933,1019,25025.49,89823.594564,202206
3.5838,3.5983,3.5772,3.5836,57247.98,205281.543463,677,21134.14,75798.460875,202206
3.582,3.589,3.5277,3.5423,191715.6,680762.637496,1638,65824.59,234038.038679,202206
3.5416,3.5429,3.52,3.5399,74004.59,261231.155768,1092,35696.42,126027.795257,202206
3.5393,3.5545,3.537,3.5536,40212.95,142676.236079,540,25527.24,90587.488606,202206
3.5528,3.5704,3.5252,3.5259,52991.37,188439.942644,723,24105.77,85754.548931,202206
3.5251,3.5813,3.5204,3.5686,56784.72,201742.29058,893,32415.97,115258.516714,202206
3.5685,3.5716,3.5551,3.5634,29906.66,106576.775928,422,13282.48,47321.140225,202206
3.562,3.565,3.5358,3.5603,27784.53,98650.27322,517,12357.2,43860.769692,202206
3.5591,3.5876,3.5571,3.569,65864.38,235430.243015,728,44622.07,159467.815095,202206
3.5697,3.5785,3.5621,3.5621,55935.1,199795.731317,615,34692.49,123925.376422,202206
3.5622,3.5995,3.556,3.5771,100061.12,358047.239758,978,56829.75,203378.997045,202206
3.5769,3.6064,3.5769,3.592,66850.89,240188.460556,922,44079.18,158334.427946,202206
3.5917,3.5918,3.5628,3.5628,49479.98,176783.481915,590,21597.22,77184.091788,202206
3.5634,3.5927,3.5595,3.5879,30795.94,110184.16992,523,18127.14,64878.599511,202206
3.5908,3.5908,3.5651,3.5681,17275.52,61798.87814,293,7489.11,26786.044788,202206
3.57,3.5869,3.55,3.5842,40209.38,143556.48121,618,19544.96,69780.268061,202206
3.5862,3.5946,3.5582,3.5582,57575.6,206451.677967,654,37388.78,134154.324832,202206
3.5577,3.5635,3.5407,3.5538,25349.6,90020.557948,435,8804.18,31265.75822,202206
3.5552,3.564,3.5344,3.535,49033.43,173710.055584,419,15982.3,56624.714069,202206
3.5346,3.5479,3.5301,3.5384,24819.6,87823.768483,441,10024.74,35463.270097,202206
3.5374,3.5481,3.522,3.5258,39090.6,137963.255297,456,15896.6,56077.46873,202206
3.5294,3.566,3.526,3.5636,40773.76,144337.425613,455,25082.79,88752.437663,202206
3.5601,3.5761,3.5342,3.5741,45512.12,161730.266933,613,26908.51,95647.844991,202206
3.5755,3.5958,3.5552,3.5857,82812.6,296255.505465,1021,36744.01,131392.627898,202206
3.5852,3.6061,3.5846,3.5926,172264.08,619285.475417,1719,93381.93,335698.997417,202206
3.5952,3.5986,3.5706,3.5723,54312.79,194499.529122,591,19595.59,70206.983397,202206
3.5706,3.5877,3.5677,3.5789,113538.48,406263.410279,1144,59572.18,213163.40915,202206
3.5782,3.5856,3.5701,3.5723,26574.88,95075.765207,442,12875.34,46058.937023,202206
3.5743,3.5743,3.5502,3.552,135854.14,483750.859796,1358,54762.37,195031.449618,202206
3.5521,3.5746,3.5484,3.5746,30009.9,106839.416525,492,18609.43,66229.871632,202206
3.5748,3.5748,3.551,3.5661,100953.75,359743.418363,1039,45861.98,163422.605705,202206
3.567,3.5799,3.55,3.578,25250.24,90070.091038,463,12654.81,45148.285388,202206
3.5767,3.5787,3.5397,3.5431,53996.12,191710.028394,655,19456.05,69055.454806,202206
3.5414,3.5663,3.5406,3.5574,38225.22,135829.621381,487,23020.06,81830.148853,202206
3.5568,3.5605,3.5394,3.5605,19849.82,70435.107255,351,8840.86,31370.023109,202206
3.5599,3.5823,3.5451,3.5783,62979.05,224926.755342,561,31094.67,110998.087663,202206
3.5767,3.5949,3.5726,3.5931,33858.46,121429.948379,451,22176.54,79551.629347,202206
3.5948,3.611,3.5886,3.6033,58839.56,211941.350034,663,33830.15,121895.742224,202206
3.6041,3.6041,3.58,3.6019,49232.76,176648.588433,543,19920.34,71470.446113,202206
3.601,3.6012,3.579,3.5853,34150.91,122532.972953,478,11586.9,41569.910797,202206
3.5858,3.6038,3.5774,3.6024,35884.98,128870.129066,460,18207.75,65417.299157,202206
3.6024,3.611,3.5754,3.5806,36382.77,130765.000541,498,14119.05,50713.34219,202206
3.5817,3.5974,3.5809,3.5943,19737.73,70842.745816,300,8009.55,28750.304619,202206
3.5927,3.6437,3.5763,3.6315,57826.77,208321.116632,867,22987.52,82831.404602,202206
3.6313,3.6544,3.6162,3.6211,153996.73,559707.274906,1114,71741.86,260699.972545,202206
3.6192,3.6245,3.6005,3.6195,37170.17,134259.960988,548,14819.97,53528.329357,202206
3.6204,3.6237,3.6042,3.6137,37486.68,135479.146762,533,13975.27,50501.649531,202206
3.6137,3.6246,3.5966,3.6237,23653.36,85355.520162,394,9928.58,35833.241141,202206
3.6201,3.6414,3.6145,3.6414,51648.79,187503.27987,660,17951.96,65167.573474,202206
3.6408,3.6568,3.63,3.6437,100043.99,364816.454895,765,66588.02,242887.707141,202206
3.644,3.6599,3.6431,3.6512,63969.06,233755.79865,794,35177.71,128525.176562,202206
3.6507,3.7369,3.642,3.6938,319945.9,1180446.379703,3110,209287.5,771828.756967,202206
3.6938,3.698,3.63,3.6337,194140.68,710360.378119,1884,59861.49,218896.75671,202206
3.6342,3.6476,3.6102,3.6354,187146.14,679344.161486,1383,112662.82,409174.076046,202206
3.6376,3.642,3.6162,3.6294,63339.16,229927.795385,828,22712.79,82440.380279,202206
3.6276,3.6463,3.6137,3.6416,52508.07,190679.737235,710,26422.75,95989.478638,202206
3.6416,3.6448,3.6332,3.6402,20202.53,73514.088666,300,8973.86,32653.415993,202206
3.64,3.6421,3.6239,3.6415,25761.33,93606.476879,392,10290.26,37380.87305,202206
3.6407,3.6464,3.6151,3.6181,84031.35,305513.766004,686,25487.19,92631.889716,202206
3.6182,3.6194,3.5969,3.6043,45231.42,163169.058295,629,15726.2,56726.24184,202206
3.6046,3.6182,3.5941,3.6158,41895.01,151005.06645,530,16917.56,60990.088343,202206
3.6158,3.6328,3.6141,3.6261,36222.47,131252.612972,437,14432.01,52289.79827,202206
3.6261,3.6486,3.625,3.6316,50604.43,184031.382268,593,31594.36,114894.802719,202206
3.6313,3.637,3.6196,3.6208,23403.1,84987.55976,308,12820.44,46557.336259,202206
3.6213,3.6322,3.607,3.6127,32545.88,117761.108534,567,17679.07,63965.858468,202206
3.6129,3.627,3.6104,3.6255,24009.72,86916.026264,374,14266.74,51652.652053,202206
3.6257,3.633,3.6182,3.631,31825.38,115441.267356,331,9724.48,35256.920133,202206
3.6289,3.6441,3.6225,3.6344,19166.28,69646.739841,352,9929.36,36077.159821,202206
3.635,3.636,3.6263,3.6313,17364.86,63044.614942,288,9094.49,33018.10106,202206
3.632,3.636,3.6125,3.6174,17874.93,64788.020668,294,9190.64,33290.962588,202206
3.6188,3.6427,3.6149,3.6419,37580.65,136361.735649,456,12510.0,45390.576699,202206
3.6407,3.6581,3.6368,3.6496,22017.16,80268.013474,317,14891.73,54290.561007,202206
3.6507,3.6758,3.6428,3.661,75888.92,278073.280562,791,54860.58,201022.048287,202206
3.6617,3.6774,3.6601,3.6722,32482.39,119222.697409,472,15892.02,58314.865874,202206
3.6715,3.699,3.6652,3.6982,108502.01,399343.917767,972,78700.22,289580.981475,202206
3.6972,3.6999,3.6836,3.6853,37797.12,139603.676419,662,20402.02,75354.948421,202206
3.6846,3.6993,3.679,3.6833,42123.51,155390.463751,659,18463.82,68105.112783,202206
3.6836,3.6884,3.664,3.6649,34377.96,126373.271772,474,12292.52,45176.129005,202206
3.665,3.6724,3.6537,3.6539,46092.07,168907.987805,425,15571.9,57056.88177,202206
3.654,3.684,3.6521,3.6719,75902.41,278635.65534,854,31310.36,114893.400269,202206
3.6715,3.6865,3.6683,3.6744,33718.19,124015.968725,441,22452.29,82585.998105,202206
3.6745,3.6828,3.6692,3.6726,23728.65,87215.505887,288,11083.74,40753.671993,202206
3.674,3.6918,3.6674,3.6674,25889.39,95246.300999,390,13979.43,51420.030357,202206
3.667,3.6859,3.6635,3.6746,27920.34,102671.117888,424,14135.23,51943.943957,202206
3.6743,3.6773,3.6553,3.656,13034.08,47755.575597,235,8224.44,30123.766089,202206
3.6559,3.6606,3.6507,3.6522,17085.04,62440.170316,245,5671.5,20729.490209,202206
3.6526,3.6553,3.646,3.6508,26293.67,95951.905813,373,10183.02,37152.91834,202206
3.651,3.6552,3.6478,3.6522,11721.45,42798.758111,165,4764.41,17395.915094,202206
3.6522,3.6535,3.6357,3.636,14169.14,51610.267039,179,5916.22,21563.975793,202206
3.636,3.6432,3.6298,3.6409,15622.48,56773.431969,200,7353.26,26717.013003,202206
3.6409,3.6461,3.6409,3.6453,11505.9,41916.809555,148,4345.8,15830.426185,202206
3.6453,3.657,3.6422,3.6503,8859.98,32322.279868,160,5361.83,19560.721361,202206
3.6502,3.6594,3.6349,3.6522,33470.71,122089.387219,351,22743.28,82977.006337,202206
3.653,3.6599,3.6503,3.6554,10985.89,40160.21112,161,6713.08,24542.972674,202206
3.6545,3.6691,3.6545,3.6691,17464.73,63968.08981,259,8082.71,29594.928571,202206
3.6691,3.7188,3.6691,3.7161,57696.99,213144.269881,703,35226.54,130236.559596,202206
3.7167,3.7186,3.6805,3.6888,58936.5,218092.416778,814,27991.51,103534.119343,202206
3.6892,3.7169,3.6814,3.6836,67696.31,250631.002493,911,34986.06,129489.312492,202206
3.6827,3.6896,3.636,3.6617,165826.0,606676.036874,1561,58601.5,214385.861973,202206
3.6623,3.6898,3.6459,3.6773,43700.8,160143.130008,705,24852.03,91055.069514,202206
3.6763,3.6898,3.6521,3.6673,36737.85,134751.002987,610,19004.52,69729.943866,202206
3.6673,3.6791,3.6624,3.6635,15147.83,55637.191598,321,7521.15,27619.400895,202206
3.6641,3.6673,3.6587,3.6621,6765.24,24785.43247,135,4014.6,14708.110649,202206
3.6609,3.6747,3.6433,3.6713,58909.17,215649.18467,679,27345.91,100096.077608,202206
3.672,3.6956,3.67,3.6923,19007.72,70003.5439,363,9214.13,33942.602116,202206
3.6918,3.6924,3.6815,3.6878,13430.69,49517.284282,215,5613.03,20690.862879,202206
3.6867,3.72,3.6746,3.7176,59378.26,219959.365092,810,33029.63,122362.036101,202206
3.7181,3.7463,3.7126,3.7275,101835.14,379844.535839,1227,41212.04,153633.019294,202206
3.7271,3.7591,3.7265,3.739,138797.28,519687.381101,1307,74547.84,279117.290618,202206
3.739,3.7596,3.7255,3.75,99410.88,372699.365726,1029,47396.15,177692.471841,202206
3.7505,3.7991,3.7466,3.7654,199570.32,752621.867086,1832,126601.94,477504.980735,202206
3.7656,3.8469,3.7656,3.815,228433.84,868478.738997,2386,115375.38,438884.771702,202206
3.8136,3.84,3.7869,3.7878,97932.71,373486.687771,1288,48127.7,183668.741433,202206
3.787,3.7978,3.7642,3.7854,68465.6,258647.188518,1010,31679.2,119748.280425,202206
3.7851,3.7851,3.7701,3.7746,52608.48,198672.767834,607,19674.57,74314.634566,202206
3.7745,3.7915,3.7452,3.7616,81781.37,307704.033121,1042,32223.02,121289.280573,202206
3.762,3.7625,3.7525,3.7542,41277.93,155074.674459,627,15650.68,58796.766478,202206
3.753,3.7536,3.7348,3.7429,58040.21,217275.939703,810,22969.21,85987.220767,202206
3.7427,3.7697,3.7234,3.7661,87671.53,328419.358325,1204,44383.61,166318.62836,202206
3.7651,3.7726,3.7488,3.7695,58656.15,220753.688901,835,27579.21,103782.788088,202206
3.7728,3.8101,3.7694,3.8039,114351.27,434161.015018,1416,59454.17,225558.12278,202206
3.8043,3.8279,3.7867,3.8189,110855.74,422996.447146,1400,68704.12,262197.323896,202206
3.8158,3.8165,3.8017,3.8093,45080.23,171752.415571,569,21149.1,80571.960992,202206
3.8081,3.8467,3.8008,3.8435,161938.15,619389.735005,1338,106217.27,406394.323596,202206
3.8437,3.8675,3.8271,3.838,259363.92,998402.47646,2271,119346.36,459638.589239,202206
3.8376,3.8397,3.8143,3.822,47537.82,181899.698935,706,17532.29,67063.88765,202206
3.8213,3.8239,3.8002,3.8129,71998.54,274285.319107,707,28161.2,107374.196018,202206
3.8137,3.8146,3.7867,3.7959,42656.09,162177.479127,609,16777.86,63755.042753,202206
3.7964,3.8,3.7736,3.7751,83207.09,314878.280958,664,40621.17,153703.040692,202206
3.7754,3.7853,3.761,3.771,43606.15,164714.983623,674,25094.93,94830.051988,202206
3.7704,3.7862,3.7657,3.7728,66245.68,249895.994973,667,44300.86,167090.627644,202206
3.7721,3.7834,3.7721,3.7753,28513.6,107760.695427,383,10525.25,39767.101496,202206
3.7747,3.7747,3.7348,3.7359,45923.28,172250.651448,664,18109.58,67930.616454,202206
3.737,3.7487,3.7119,3.7143,44159.38,164675.599395,681,15731.66,58648.593159,202206
3.7126,3.7278,3.7044,3.7163,56293.57,209368.004553,669,27924.46,103870.845936,202206
3.7175,3.7209,3.7134,3.7159,16135.96,59978.289943,283,7370.14,27395.890479,202206
3.7158,3.7229,3.6827,3.6854,66657.78,246730.282514,756,16887.09,62503.411973,202206
3.6855,3.6948,3.6524,3.6568,122841.06,450651.564872,1241,37966.6,139215.364545,202206
3.6572,3.6586,3.6281,3.6331,87168.89,317293.555436,1058,31209.96,113559.579275,202206
3.6343,3.6552,3.6292,3.6495,145033.92,528217.198019,1288,62064.74,226144.773139,202206
3.6501,3.6601,3.6036,3.6253,153711.91,558812.473947,1159,83940.61,305593.766287,202206
3.6241,3.6257,3.6035,3.6097,78951.99,285107.696966,623,28718.27,103692.98533,202206
3.6098,3.6159,3.576,3.5838,153456.68,552518.227288,1281,48868.61,175704.420984,202206
3.5849,3.6112,3.5838,3.599,46066.98,165914.255465,728,31943.25,115059.881011,202206
3.5985,3.6179,3.5913,3.6098,53486.5,192771.285527,851,33983.26,122445.755218,202206
3.6109,3.621,3.5901,3.5937,54214.97,195606.289454,901,27111.39,97817.753471,202206
3.5934,3.6095,3.5924,3.6048,15817.47,56982.542586,294,11371.21,40961.769831,202206
3.6027,3.6117,3.5998,3.6009,19728.86,71100.597272,338,8365.06,30146.561815,202206
3.6012,3.6012,3.5811,3.598,37996.92,136397.723056,677,18531.86,66506.918944,202206
3.5975,3.6042,3.5848,3.6042,25107.41,90177.961897,326,11146.7,40067.925752,202206
3.6049,3.6053,3.5783,3.5823,28373.21,101948.826287,503,13359.77,48010.214186,202206
3.5803,3.599,3.5641,3.5791,68483.61,245352.230375,720,21568.72,77185.701939,202206
3.5799,3.5971,3.5775,3.5963,17483.6,62704.080618,333,10071.6,36118.557621,202206
3.5956,3.6173,3.5944,3.6171,15042.71,54256.562241,340,8103.76,29237.296403,202206
3.6173,3.6355,3.6115,3.63,49593.81,179903.255493,592,32320.02,117254.910493,202206
3.6314,3.6374,3.6139,3.6179,33037.97,119838.564244,440,11633.93,42226.244288,202206
3.6176,3.6266,3.61,3.6136,42959.63,155425.955409,486,28576.47,103376.033036,202206
3.6137,3.6147,3.5832,3.5934,22722.95,81797.87582,450,8903.73,32048.358369,202206
3.5941,3.6016,3.59,3.5984,14870.11,53467.548085,268,8369.27,30091.087793,202206
3.599,3.6006,3.5915,3.5918,8390.55,30178.178076,167,3942.68,14186.061455,202206
3.5922,3.593,3.5783,3.5859,17306.02,62029.803759,311,6357.84,22778.850473,202206
3.5862,3.6092,3.585,3.609,16891.15,60726.230968,292,7588.49,27282.383012,202206
3.6067,3.6067,3.568,3.5741,43674.02,156464.367931,604,16349.85,58524.130515,202206
3.5757,3.5769,3.5532,3.5736,50100.31,178704.410407,704,21506.73,76710.256372,202206
3.5736,3.5826,3.5718,3.5826,12939.47,46288.624661,238,6381.61,22830.001166,202206
3.5827,3.5897,3.5752,3.5872,9879.69,35389.56779,169,5848.9,20955.851233,202206
3.5869,3.5983,3.5779,3.5928,40818.23,146466.255578,518,21997.9,78948.54517,202206
3.5939,3.5984,3.5853,3.598,14727.42,52919.644106,181,8520.51,30616.869628,202206
3.5976,3.6086,3.5943,3.6038,15389.15,55424.48824,211,10177.08,36653.944261,202206
3.6025,3.6025,3.5734,3.5833,22446.3,80467.195391,478,9932.6,35602.05614,202206
3.5843,3.601,3.5745,3.5948,22523.32,80935.438371,293,15954.97,57338.710606,202206
3.5954,3.6115,3.5888,3.6082,21012.22,75755.216957,330,10582.69,38135.563784,202206
3.6063,3.611,3.5952,3.6027,14773.45,53253.697464,252,8444.08,30433.013778,202206
3.604,3.6164,3.604,3.6138,10775.63,38899.150313,224,6348.35,22912.12403,202206
3.6148,3.6301,3.6148,3.6245,56451.45,204438.125267,652,24999.41,90557.717901,202206
3.6236,3.6303,3.6159,3.6207,23673.27,85705.430647,346,10019.1,36284.812807,202206
3.6205,3.6214,3.6157,3.6173,17701.12,64060.750317,194,6663.28,24108.728809,202206
3.6182,3.6247,3.6056,3.6235,13779.45,49784.972875,244,7187.03,25967.72642,202206
3.624,3.64,3.6218,3.63,29550.72,107306.67345,495,16838.41,61143.07101,202206
3.6288,3.6301,3.6036,3.6102,29456.77,106402.92686,374,15637.17,56469.286566,202206
3.6105,3.6246,3.6049,3.6089,23827.72,86101.074989,292,14256.7,51541.915867,202206
3.6085,3.6306,3.6045,3.6264,40306.59,145838.495977,496,23346.72,84549.771229,202206
3.6255,3.6255,3.6,3.6026,17171.57,61998.290925,310,5309.58,19171.903892,202206
3.6036,3.613,3.6036,3.6092,8048.5,29044.160406,135,5684.42,20512.700262,202206
3.6089,3.6154,3.5926,3.601,26588.17,95900.709731,252,10861.85,39161.157634,202206
3.6003,3.6064,3.5925,3.6017,11669.29,41995.419389,159,8881.43,31956.584892,202206
3.6028,3.6071,3.5906,3.601,12290.48,44224.480504,212,5490.71,19749.233149,202206
3.6009,3.6022,3.5801,3.5837,47401.81,170174.420633,576,18520.3,66491.535776,202206
3.5837,3.5943,3.5761,3.5841,33386.89,119601.860019,409,14287.2,51183.776262,202206
3.5831,3.6053,3.5815,3.605,11012.95,39620.620824,235,5847.54,21037.730982,202206
3.606,3.6133,3.5956,3.6124,14081.27,50751.176557,246,7770.34,28003.27468,202206
3.6101,3.6154,3.6058,3.6129,15961.6,57641.954131,143,7365.09,26584.990794,202206
3.613,3.6264,3.6099,3.6264,12075.84,43682.881586,180,6690.95,24214.79934,202206
3.6259,3.6259,3.6131,3.6131,9117.1,33006.218715,121,4801.12,17378.660799,202206
3.613,3.6133,3.6022,3.6078,13709.3,49470.86713,202,7379.87,26630.9674,202206
3.6076,3.6134,3.6026,3.6118,16588.52,59863.119985,220,11727.64,42322.572879,202206
3.6101,3.6132,3.6029,3.6061,8616.45,31085.837823,112,2114.16,7627.352006,202206
3.6061,3.6248,3.5996,3.6155,29306.98,105864.145547,380,19550.68,70637.750979,202206
3.6155,3.6197,3.6039,3.6124,15418.65,55732.36561,242,5899.06,21318.09956,202206
3.612,3.6196,3.592,3.595,44018.22,158507.785601,423,12616.87,45439.835203,202206
3.595,3.5984,3.4128,3.4631,822855.42,2872216.054977,7952,343753.51,1195204.355385,202206
3.4646,3.4818,3.3902,3.4635,647028.22,2220595.644265,6876,311554.96,1067089.211953,202206
3.4631,3.4855,3.4052,3.4288,255098.57,876970.325264,2807,120127.95,413147.113066,202206
3.4263,3.4285,3.39,3.4285,167942.24,572506.02802,2347,79456.4,270976.306389,202206
3.4309,3.4509,3.4092,3.4182,95587.2,327417.0475,1592,43766.13,149849.326622,202206
3.4168,3.4177,3.3123,3.3483,286075.86,960998.507664,3818,125943.09,423099.587811,202206
3.3476,3.3681,3.3064,3.34,254457.5,849959.087096,3471,128793.17,430412.506532,202206
3.3383,3.3631,3.313,3.3466,117155.08,391683.331311,2039,56852.57,190075.742089,202206
3.3493,3.3717,3.3114,3.3252,146723.1,490303.029885,2251,73392.83,245366.82287,202206
3.3266,3.3509,3.3143,3.3258,99317.63,330838.309793,1310,46971.55,156468.959843,202206
3.3247,3.3284,3.2838,3.2932,164048.22,541079.887451,1821,53540.82,176754.453211,202206
3.2935,3.3611,3.293,3.3607,188465.25,627248.003228,2283,117254.48,390084.697917,202206
3.3613,3.3618,3.3336,3.3363,85426.87,285624.987242,1016,54142.04,181013.022258,202206
3.3348,3.3357,3.3161,3.3228,92198.54,306627.470923,1006,57712.73,191942.440501,202206
3.3217,3.3241,3.3013,3.3087,77679.93,257158.20069,956,38649.9,127985.315742,202206
3.3075,3.311,3.2712,3.2818,68937.08,226755.924869,1068,27904.36,91820.318695,202206
3.2802,3.2955,3.2575,3.2669,94770.52,310069.468359,1495,42005.85,137489.423401,202206
3.2669,3.2703,3.2006,3.2373,421899.23,1363320.438627,4460,160308.07,517654.487484,202206
3.2373,3.2723,3.234,3.2641,169255.71,550591.310993,2312,96298.5,313245.716746,202206
3.2641,3.3336,3.2617,3.3175,198806.94,656737.278236,2797,112629.12,372035.264055,202206
3.318,3.4515,3.3179,3.3472,427563.4,1442926.435451,4414,265516.77,896201.248184,202206
3.3462,3.3584,3.3105,3.3137,171702.79,573044.074275,2054,75115.66,250812.098733,202206
3.314,3.3357,3.3113,3.32,68828.54,228733.290964,1168,34727.04,115407.910806,202206
3.3212,3.349,3.2978,3.3064,189414.7,630232.932558,1938,104291.23,347201.01048,202206
3.3065,3.3175,3.3039,3.315,56635.56,187496.520884,861,26770.47,88622.091256,202206
3.3146,3.3217,3.3,3.3046,84519.95,279506.28502,956,30087.81,99591.397745,202206
3.304,3.3179,3.2769,3.3055,132801.97,438156.616417,1488,74168.31,244709.869498,202206
3.304,3.3174,3.2962,3.2967,52068.97,172257.731401,699,23406.85,77455.824907,202206
3.2979,3.3105,3.2934,3.3062,89128.25,294120.459169,899,43748.55,144447.798299,202206
3.3077,3.3207,3.3022,3.3158,60523.54,200605.123977,704,37855.19,125474.094864,202206
3.3151,3.3494,3.313,3.3381,51908.39,173047.745503,838,30728.0,102445.108815,202206
3.3365,3.3641,3.3345,3.3615,59466.16,199361.781607,789,35022.38,117400.465339,202206
3.3629,3.3669,3.3436,3.3457,41577.82,139405.486476,526,17882.52,59956.788417,202206
3.3445,3.3452,3.3224,3.3282,40495.4,134948.724349,654,17985.46,59928.671969,202206
3.3288,3.3401,3.3251,3.3318,27326.64,91056.042475,351,12245.3,40806.108924,202206
3.331,3.3553,3.3292,3.3458,25104.74,83910.193652,414,14476.65,48383.344338,202206
3.3472,3.3712,3.343,3.3698,45961.67,154403.140947,533,27976.77,93966.174181,202206
3.369,3.3758,3.3619,3.3663,26014.62,87650.812795,399,14311.86,48219.700868,202206
3.3662,3.3948,3.3606,3.3868,74683.03,251998.727442,994,51407.14,173453.343127,202206
3.3875,3.3927,3.3663,3.3854,56639.23,191250.573671,686,30456.61,102783.458871,202206
3.3846,3.3893,3.3788,3.381,48454.65,163943.561893,572,27009.36,91385.686351,202206
3.3821,3.4199,3.3808,3.4063,203185.25,691129.904231,1819,119976.39,408180.460996,202206
3.4066,3.4378,3.3914,3.4112,143887.54,490018.208923,1434,60031.08,204500.805876,202206
3.4093,3.4383,3.407,3.4186,101251.96,346242.796454,1321,51819.72,177177.996133,202206
3.4178,3.4294,3.4016,3.4035,40241.84,137525.546687,596,23008.65,78664.040852,202206
3.4042,3.4184,3.3941,3.4072,47813.38,162756.249671,653,24926.93,84847.118053,202206
3.4051,3.414,3.3952,3.3971,51988.69,176884.303477,584,22206.08,75529.747605,202206
3.3973,3.4073,3.3807,3.385,130906.66,444087.777805,1221,58404.66,198096.412697,202206
3.3857,3.3877,3.3677,3.3767,113811.09,384149.247013,858,46730.45,157680.68429,202206
3.3761,3.3907,3.3732,3.3761,25125.12,84954.752231,464,14245.37,48171.068524,202206
3.3766,3.3816,3.3612,3.3655,23949.95,80800.514628,446,10601.65,35758.184092,202206
3.3661,3.369,3.3443,3.3461,50382.29,169059.742531,658,23459.25,78809.266933,202206
3.3482,3.3774,3.3482,3.3728,53117.54,178768.206782,770,30850.46,103833.899127,202206
3.3739,3.4015,3.3717,3.3863,50601.68,171362.259766,724,28712.66,97236.63028,202206
3.3852,3.3891,3.3705,3.3744,13393.99,45263.61743,256,6082.76,20559.050862,202206
3.375,3.4018,3.375,3.4001,56886.88,193026.854722,624,43347.05,147083.633623,202206
3.4015,3.4023,3.382,3.384,30808.32,104472.372363,367,21200.64,71879.338949,202206
3.384,3.3884,3.375,3.3784,26679.72,90264.580618,328,8832.94,29878.449887,202206
3.3769,3.3927,3.3752,3.3783,40942.51,138551.914994,520,24165.62,81768.267908,202206
3.3768,3.3804,3.3554,3.3598,40019.49,134626.842801,583,19754.2,66474.250788,202206
3.36,3.3614,3.3519,3.3549,19694.92,66120.616464,317,8260.51,27729.083715,202206
3.3559,3.3576,3.3476,3.3548,24092.91,80796.651345,391,12423.3,41667.015092,202206
3.3563,3.36,3.3412,3.348,30580.54,102426.42936,438,9955.55,33355.928223,202206
3.3488,3.3599,3.3401,3.3512,32606.89,109224.241534,461,12185.74,40818.75613,202206
3.3503,3.3608,3.3502,3.351,25371.6,85155.38874,280,13930.68,46755.070774,202206
3.351,3.3631,3.3401,3.3612,34785.14,116584.671438,416,25243.15,84648.306339,202206
3.3613,3.3695,3.3562,3.357,16836.79,56578.713094,271,4526.18,15218.743655,202206
3.3566,3.3686,3.3564,3.3615,18190.28,61153.29152,204,8063.15,27107.621788,202206
3.361,3.3681,3.3567,3.358,14481.4,48666.382082,253,5900.91,19832.526763,202206
3.3582,3.3594,3.3329,3.3473,50342.81,168481.571578,554,16579.52,55417.553235,202206
3.3468,3.3468,3.3345,3.34,12483.48,41681.766729,222,5471.21,18266.824162,202206
3.3387,3.3542,3.338,3.3475,33024.97,110502.529091,434,19832.54,66351.220214,202206
3.3484,3.3558,3.3358,3.3375,23318.77,78081.654244,359,10153.5,34023.182988,202206
3.34,3.3493,3.3351,3.3421,27192.83,90906.392156,389,10832.22,36210.03122,202206
3.3421,3.3492,3.3283,3.3299,31734.03,105856.470733,441,15624.18,52084.807423,202206
3.33,3.3451,3.33,3.3407,19816.14,66169.356067,278,6727.01,22451.62956,202206
3.3391,3.3725,3.3382,3.3697,24654.26,82746.752809,381,13174.55,44231.655707,202206
3.3682,3.3904,3.3665,3.381,17072.62,57706.432372,324,8202.36,27734.225401,202206
3.3821,3.3875,3.3663,3.3663,12139.04,41032.344626,179,8074.97,27309.592333,202206
3.3668,3.3778,3.3575,3.37,30735.37,103569.262397,323,16191.21,54531.206793,202206
3.3721,3.3751,3.3642,3.369,18888.27,63644.532126,194,6755.71,22769.928315,202206
3.369,3.369,3.3507,3.3555,15339.53,51541.00456,253,9574.06,32165.552306,202206
3.3564,3.3592,3.3482,3.3539,21342.52,71552.657861,288,8115.25,27219.900021,202206
3.3558,3.3729,3.3558,3.3672,24774.32,83323.629126,328,18282.27,61478.625562,202206
3.368,3.3888,3.368,3.3888,20847.25,70409.051949,262,9768.28,32992.090891,202206
3.3891,3.3913,3.378,3.3861,23340.95,79000.911331,243,6376.18,21588.602204,202206
3.3851,3.4038,3.3807,3.4,43860.18,148877.814238,512,29818.34,101200.296696,202206
3.3985,3.4086,3.3952,3.4033,42775.78,145475.384511,430,21575.76,73377.795215,202206
3.4005,3.4033,3.3936,3.3981,21495.25,73073.868628,288,10272.74,34920.197244,202206
3.3995,3.413,3.3848,3.3875,44454.67,151134.099248,509,20992.02,71375.918297,202206
3.3878,3.3946,3.3861,3.3909,25178.86,85362.592493,283,10212.16,34631.261517,202206
3.3909,3.3923,3.3753,3.3909,32886.61,111299.044291,306,17391.42,58833.059853,202206
3.3915,3.3958,3.365,3.3834,32613.69,110183.263878,400,11516.9,38909.060765,202206
3.3826,3.3875,3.3695,3.3821,10253.26,34638.655639,180,3977.24,13434.82363,202206
3.3797,3.3872,3.3667,3.3683,8114.55,27398.282584,133,3961.57,13377.813649,202206
3.3669,3.3839,3.36,3.3621,29944.39,100927.48233,407,15455.26,52073.377018,202206
3.3645,3.3656,3.3471,3.3473,23458.69,78667.965151,345,5952.82,19976.571683,202206
3.3469,3.3634,3.3463,3.3527,36736.79,123297.896304,359,25810.91,86624.751717,202206
3.3541,3.3676,3.3524,3.3561,30466.79,102375.797126,390,19740.22,66327.966739,202206
3.3564,3.3718,3.348,3.3635,45942.46,154266.177893,482,23873.57,80116.6057,202206
3.3646,3.3719,3.3566,3.3615,39438.8,132638.443811,486,12086.81,40656.810054,202206
3.3611,3.3845,3.3568,3.379,52007.27,175391.767115,612,22048.56,74356.98419,202206
3.378,3.3837,3.37,3.3806,19697.07,66495.488728,318,11100.56,37465.673253,202206
3.3817,3.3954,3.3787,3.3824,38642.86,130927.717307,480,24407.04,82683.110476,202206
3.3831,3.3905,3.379,3.388,51855.27,175601.68586,462,27273.48,92341.149801,202206
3.3879,3.3967,3.3836,3.3929,21969.7,74473.045674,209,9677.63,32811.6885,202206
3.3925,3.3925,3.37,3.37,19458.26,65820.682603,275,8647.18,29234.089945,202206
3.3709,3.3901,3.37,3.3832,39972.77,135011.019873,337,16284.27,54995.672284,202206
3.384,3.3855,3.3674,3.3709,29871.33,100821.953134,449,16765.99,56579.136776,202206
3.3708,3.3792,3.3687,3.3744,25743.01,86856.456404,283,11558.81,39008.648025,202206
3.3761,3.3884,3.3682,3.38,44783.86,151251.8269,508,30010.9,101371.143185,202206
3.3786,3.409,3.3733,3.408,64741.81,220052.279512,654,39558.41,134497.618696,202206
3.4079,3.4225,3.4054,3.4112,71117.74,242848.370003,718,29787.14,101654.658276,202206
3.4101,3.4501,3.4095,3.4417,64785.77,222326.310043,862,38211.78,131124.351306,202206
3.4417,3.476,3.4417,3.4628,119873.62,414257.668384,1315,72313.66,249932.731631,202206
3.4651,3.4651,3.44,3.4501,49860.88,171970.912696,657,31264.65,107823.287491,202206
3.4512,3.4558,3.4376,3.4414,57742.56,199061.586064,822,25681.93,88525.599542,202206
3.4397,3.4437,3.4204,3.4364,113962.21,390716.765942,763,30426.14,104434.284569,202206
3.4365,3.4394,3.4146,3.4214,59186.05,202915.023437,801,22692.34,77769.318956,202206
3.4214,3.4214,3.3845,3.4069,125043.18,425576.000289,1482,60287.16,205335.063658,202206
3.4072,3.4397,3.4046,3.43,63339.38,217079.428282,684,34489.51,118149.344527,202206
3.4302,3.4395,3.4189,3.4289,43419.28,148998.641159,520,25254.8,86689.648086,202206
3.4294,3.4583,3.4261,3.4495,81952.92,282086.837627,853,45464.65,156544.305995,202206
3.4494,3.4623,3.4425,3.4556,49659.59,171439.476268,623,28285.41,97614.032052,202206
3.4556,3.4585,3.4324,3.435,49398.32,169964.526675,451,14966.25,51543.002528,202206
3.4364,3.4578,3.4201,3.4481,67992.81,233932.437331,793,39759.97,136794.655688,202206
3.4482,3.465,3.447,3.4483,38153.78,131898.26062,394,13493.07,46629.712609,202206
3.4484,3.4547,3.4399,3.4547,27322.74,94207.51732,304,9472.31,32642.515711,202206
3.4559,3.4646,3.4364,3.4388,43838.18,151374.002605,427,15216.74,52553.670443,202206
3.4374,3.4484,3.4306,3.4313,23736.25,81629.067178,277,10648.71,36625.235804,202206
3.4301,3.433,3.354,3.4039,325086.19,1100033.007768,3458,153939.21,520916.355375,202206
3.402,3.4068,3.377,3.3875,90010.58,305221.922167,1191,45918.66,155697.340641,202206
3.3864,3.423,3.3863,3.4166,88709.03,302486.152338,1105,47045.16,160458.143603,202206
3.4179,3.4214,3.3979,3.4013,40585.04,138387.846734,523,19136.9,65250.520879,202206
3.4029,3.4127,3.3633,3.4094,92518.68,313635.504266,1437,36581.05,124075.548122,202206
3.4083,3.4091,3.3797,3.3913,69000.84,234054.287828,795,42502.73,144249.565205,202206
3.3894,3.4101,3.3877,3.394,34249.85,116387.359924,613,15795.97,53674.367003,202206
3.3937,3.3959,3.3498,3.3646,98458.07,331437.265836,1417,39260.35,132140.132487,202206
3.3646,3.3903,3.3621,3.3863,96358.64,325293.870161,1071,51630.61,174270.441916,202206
3.3844,3.3861,3.3501,3.3552,84365.4,284111.457744,986,32095.4,108036.54444,202206
3.355,3.392,3.332,3.3335,188300.65,632182.954025,1947,92886.47,312043.901845,202206
3.3333,3.3731,3.3301,3.3549,92056.66,308319.217719,1128,40433.79,135536.688821,202206
3.3556,3.3892,3.3556,3.3837,47673.52,160866.417666,738,24926.01,84130.114254,202206
3.384,3.3925,3.3698,3.3748,54923.07,185570.769514,709,27957.92,94460.222503,202206
3.3723,3.3812,3.3545,3.3648,61781.26,208043.041527,665,34529.44,116238.006371,202206
3.3648,3.3662,3.3352,3.3386,62966.47,210932.697556,815,29242.57,97956.597185,202206
3.3389,3.3527,3.3117,3.3168,137254.77,457176.565323,1594,72974.53,243061.302065,202206
3.3178,3.3449,3.3088,3.3386,91026.22,302813.214052,1316,45367.07,150981.858731,202206
3.3401,3.3505,3.3258,3.3369,75921.56,253633.829298,972,34364.44,114833.09494,202206
3.337,3.3716,3.3333,3.3455,68160.57,228583.834826,979,37411.26,125461.761227,202206
3.3468,3.3646,3.3404,3.3481,58450.88,195863.325328,811,32263.15,108117.088599,202206
3.3482,3.3551,3.3103,3.312,57031.95,189897.615473,913,28234.6,94018.481386,202206
3.3134,3.3298,3.3066,3.3137,52885.15,175249.879311,744,29456.94,97652.889405,202206
3.3133,3.3231,3.2753,3.2876,96949.49,319137.011367,1189,52009.72,171169.898635,202206
3.2875,3.2875,3.2548,3.2683,156111.1,509842.340781,1574,76059.87,248201.758614,202206
3.2692,3.2803,3.2587,3.2665,71889.73,235018.676288,1127,40397.38,132076.340714,202206
3.2667,3.2798,3.2622,3.2709,72496.59,236987.511507,948,39448.33,128903.967202,202206
3.272,3.288,3.2352,3.2426,113833.09,370532.475415,1421,49489.9,160932.441524,202206
3.2427,3.2612,3.2267,3.2333,117268.88,380025.461813,1657,56631.92,183544.242302,202206
3.2325,3.2431,3.1454,3.1473,270087.65,861110.792315,3304,107042.44,341132.022848,202206
3.148,3.2719,3.1194,3.2186,375721.58,1191082.452834,4707,203629.19,646150.419403,202206
3.2187,3.2774,3.1881,3.2259,319891.45,1033957.341744,3858,171375.51,554373.090407,202206
3.2278,3.2503,3.1873,3.2234,158255.9,508693.956375,2554,76946.74,247475.247473,202206
3.2234,3.2234,3.1628,3.1771,157005.51,500462.407823,2309,75436.79,240470.21983,202206
3.1755,3.2055,3.1579,3.1929,153485.93,488541.078327,2228,79544.99,253179.477609,202206
3.1941,3.2159,3.1789,3.2016,179181.67,572438.377255,2130,97813.55,312382.475148,202206
3.1997,3.2064,3.1631,3.1631,79779.0,254125.741608,933,42871.84,136652.100429,202206
3.163,3.1874,3.1299,3.1364,127515.76,403048.559334,1784,62218.8,196674.179624,202206
3.1392,3.1678,3.1294,3.1499,96412.39,303574.120426,1513,47262.02,148825.277177,202206
3.1493,3.2013,3.1398,3.1962,98661.05,312733.938526,1577,49623.52,157287.784915,202206
3.1969,3.2387,3.1876,3.231,163067.44,522773.360219,2314,92924.5,298154.14673,202206
3.2327,3.2366,3.2044,3.2191,63409.82,203958.280394,965,31305.17,100675.71671,202206
3.2186,3.2191,3.2001,3.2104,72409.86,232337.63638,880,38037.16,122097.041725,202206
3.2098,3.223,3.1968,3.1971,85487.57,274469.699519,880,45438.19,145937.257019,202206
3.1971,3.2786,3.1936,3.2749,193808.27,630272.14111,2182,111641.43,362854.064529,202206
3.2761,3.3898,3.2728,3.3776,224636.95,750277.885742,2885,123727.2,413510.584055,202206
3.3776,3.3776,3.3207,3.3325,66599.72,222841.585835,889,21976.23,73535.00225,202206
3.3327,3.3768,3.3226,3.3684,38713.53,129764.615957,578,18181.82,61030.794389,202206
3.3684,3.4369,3.3595,3.4156,160260.22,544750.317632,1995,87638.17,297882.29892,202206
3.414,3.4214,3.3799,3.3855,73137.16,248640.374926,969,31029.68,105540.900039,202206
3.386,3.4054,3.3731,3.3998,34484.4,116898.467016,519,15431.7,52320.252685,202206
3.4001,3.4001,3.3675,3.3791,38283.03,129467.685025,616,14545.45,49198.415885,202206
3.3778,3.3901,3.3601,3.3891,35930.22,121253.624996,595,17212.26,58086.217395,202206
3.3905,3.428,3.386,3.4193,78581.57,268040.168129,1019,45300.82,154455.354041,202206
3.4154,3.4338,3.4059,3.4227,84888.83,290173.021348,956,49177.85,168111.515937,202206
3.4224,3.4804,3.42,3.4434,115274.62,397222.457843,1471,52280.3,180348.316844,202206
3.4437,3.5,3.4356,3.4761,100011.02,346796.632764,1524,53709.84,186192.990207,202206
3.4753,3.6469,3.4727,3.6391,431487.61,1538118.267983,5078,240159.55,855535.888318,202206
3.6393,3.7691,3.621,3.6877,639757.44,2361528.372234,6364,266823.09,985425.702972,202206
3.6894,3.6909,3.653,3.6829,143441.88,526866.205644,1950,60270.57,221466.288785,202206
3.6819,3.7365,3.659,3.7239,141165.38,521572.165721,1677,81008.23,299486.572924,202206
3.7259,3.7514,3.6822,3.6854,289158.91,1077139.191718,2243,131382.6,488745.769395,202206
3.682,3.6885,3.6564,3.6739,163645.02,600949.045425,1644,51855.19,190455.556549,202206
3.674,3.7229,3.6666,3.7154,132606.92,489349.123408,1645,70618.29,260796.936041,202206
3.7159,3.7559,3.692,3.7345,235079.61,873994.657454,2518,141660.0,526936.967802,202206
3.7343,3.7378,3.6782,3.68,82283.25,305057.770044,1159,42207.6,156496.499088,202206
3.6814,3.6923,3.6693,3.6725,61558.4,226676.553987,860,30843.03,113578.32624,202206
3.6722,3.6815,3.6396,3.663,128693.65,470749.013669,1760,60893.45,222870.264095,202206
3.6606,3.7003,3.6605,3.6786,69940.9,257363.50268,941,39225.7,144382.83608,202206
3.6788,3.6902,3.6548,3.6699,198220.46,727160.852712,1017,45016.93,165555.810818,202206
3.6692,3.6977,3.661,3.678,105186.95,387234.100081,912,47577.36,174984.815971,202206
3.6771,3.6881,3.653,3.6538,35258.02,129552.825366,597,19500.65,71680.497321,202206
3.6549,3.6574,3.6129,3.6186,143395.83,521182.076451,1283,84487.77,307126.068778,202206
3.6188,3.6398,3.6165,3.6384,60206.05,218425.331217,862,27858.62,101088.57571,202206
3.6373,3.6379,3.622,3.6245,57139.24,207372.998326,733,23645.76,85791.862078,202206
3.6233,3.6291,3.6163,3.6197,48720.54,176456.384553,591,24192.43,87613.844121,202206
3.6215,3.64,3.5847,3.6257,111621.16,402825.978283,1353,47255.26,170598.172174,202206
3.6295,3.6737,3.6226,3.6556,124106.01,453606.930831,1441,54816.21,200396.27281,202206
3.6563,3.6653,3.6145,3.6177,63543.35,231165.461405,1033,25757.87,93655.856169,202206
3.6169,3.6444,3.6148,3.6373,52791.14,191703.334094,825,26391.93,95848.753715,202206
3.6382,3.674,3.6331,3.6536,71290.6,260638.839665,1256,42095.99,153816.839559,202206
3.6536,3.6629,3.645,3.6476,85634.8,312632.631587,902,32240.83,117683.836659,202206
3.6466,3.6693,3.6187,3.6213,80737.78,294313.879419,1261,33813.31,123197.393872,202206
3.6218,3.6515,3.6218,3.6436,46386.62,168862.52822,804,29019.25,105639.325383,202206
3.6412,3.6412,3.6177,3.6204,35356.55,128209.966931,642,18838.74,68309.943713,202206
3.6232,3.6258,3.605,3.6176,60669.55,219225.414489,905,24573.96,88763.313077,202206
3.6177,3.6218,3.5928,3.6094,57857.9,208743.714698,818,25752.9,92956.123556,202206
3.6073,3.6093,3.587,3.5917,34350.87,123676.599361,616,18274.41,65799.757475,202206
3.5922,3.6077,3.5885,3.5934,32817.08,118084.645144,543,17626.7,63422.119374,202206
3.5924,3.5934,3.5735,3.5798,42074.54,150648.13538,653,13681.46,49024.377463,202206
3.5798,3.5884,3.5698,3.5792,43808.47,156852.293464,562,30596.71,109567.363227,202206
3.5811,3.5842,3.546,3.5499,46689.87,166492.77542,630,13288.25,47386.769861,202206
3.5494,3.5542,3.5301,3.543,103500.66,366872.297436,1145,37615.2,133326.585286,202206
3.5445,3.5501,3.5383,3.5437,22367.24,79300.856133,476,11354.77,40254.562532,202206
3.5439,3.5487,3.5244,3.5365,58417.8,206505.919591,860,31236.15,110420.91515,202206
3.5363,3.5421,3.5,3.5012,208029.78,730199.140261,995,53387.76,187238.477099,202206
3.5019,3.5165,3.497,3.5035,91834.46,322080.029397,1249,46506.68,163110.719076,202206
3.5046,3.5172,3.4901,3.4986,70948.23,248589.205683,1033,30932.17,108341.254112,202206
3.5011,3.5049,3.48,3.48,34202.88,119453.766226,661,15096.61,52751.152355,202206
3.4826,3.4998,3.476,3.4841,62362.72,217341.492066,900,26029.69,90734.304467,202206
3.4843,3.4944,3.4712,3.4712,71247.99,248325.349807,872,32548.37,113444.803163,202206
3.4726,3.4736,3.4526,3.4618,64314.11,222683.183026,843,36446.12,126223.378735,202206
3.4621,3.4824,3.4583,3.4798,80269.86,278594.022423,999,53388.28,185296.904422,202206
3.4791,3.5001,3.4774,3.4844,131704.06,459382.445922,1644,74400.34,259539.18961,202206
3.4845,3.4845,3.4561,3.4633,72335.16,251061.39109,1059,36077.68,125216.393933,202206
3.463,3.4709,3.4563,3.4608,70601.27,244502.412115,935,23597.56,81740.215535,202206
3.4625,3.4676,3.4304,3.4335,120262.28,414619.769565,1521,59319.01,204655.646826,202206
3.4337,3.4613,3.432,3.453,69939.2,240844.877401,983,32182.14,110870.501849,202206
3.4508,3.4819,3.4479,3.4647,83469.22,289271.007551,1144,42975.93,148918.146702,202206
3.4654,3.4879,3.463,3.4731,86544.38,300815.903409,1240,54503.35,189434.551794,202206
3.4727,3.4927,3.4693,3.4771,43763.6,152206.334509,713,17073.06,59403.012746,202206
3.477,3.4837,3.4693,3.474,33674.19,117052.002303,469,12705.97,44171.480092,202206
3.4749,3.4878,3.4749,3.4808,31111.48,108316.894864,504,15150.7,52747.558557,202206
3.4821,3.5236,3.4809,3.4873,114074.75,399529.112724,1501,56784.84,198948.225592,202206
3.4869,3.5346,3.4854,3.533,132689.49,467409.527112,1581,84400.97,297346.358657,202206
3.5323,3.535,3.5044,3.513,67900.42,238740.705508,1094,30217.86,106263.125719,202206
3.513,3.5204,3.505,3.5183,44932.72,157847.61359,694,23314.3,81919.772554,202206
3.5181,3.523,3.4851,3.4933,61831.82,216263.671037,914,26389.84,92280.800254,202206
3.4934,3.5207,3.4934,3.5185,44713.73,156823.423113,670,23555.31,82590.133008,202206
3.5191,3.5248,3.5106,3.5108,46287.19,162877.785799,573,18326.89,64491.481957,202206
3.509,3.5115,3.4945,3.5006,55107.33,192909.040284,778,24091.78,84332.436472,202206
3.5009,3.5021,3.4754,3.4822,77959.11,271979.352607,762,21560.12,75295.906329,202206
3.4826,3.4891,3.4561,3.4619,69363.3,240581.853997,759,22938.75,79649.157381,202206
3.4621,3.4625,3.4331,3.44,61062.16,210411.050034,880,30224.43,104216.449593,202206
3.4407,3.4441,3.4121,3.4129,45553.21,156062.741425,628,17728.36,60746.762024,202206
3.413,3.4225,3.4048,3.4186,52267.59,178351.423018,597,24090.86,82210.544267,202206
3.4197,3.4469,3.4188,3.4399,59679.25,204890.361576,871,39420.02,135302.116716,202206
3.4401,3.4459,3.4301,3.4409,51114.92,175788.949599,549,37845.05,130144.383821,202206
3.4414,3.4589,3.4406,3.4521,16630.66,57404.946892,276,6992.28,24122.355633,202206
3.4531,3.4608,3.4486,3.4516,22968.47,79384.496461,291,11205.01,38720.301786,202206
3.4515,3.4909,3.4405,3.4895,75984.78,262753.995867,940,35911.62,124435.252496,202206
3.4908,3.4908,3.4609,3.4701,31785.77,110410.414777,562,13608.3,47258.8375,202206
3.47,3.4834,3.47,3.477,22593.04,78518.748427,466,12318.73,42808.14237,202206
3.4767,3.4887,3.4664,3.4669,18624.7,64800.547757,366,8355.63,29074.321565,202206
3.4672,3.4734,3.46,3.4734,29082.53,100817.29392,587,14901.17,51660.852056,202206
3.4734,3.4852,3.4631,3.4818,15076.62,52347.795532,310,6684.74,23219.655446,202206
3.4809,3.4917,3.4713,3.4713,18894.38,65774.865113,327,6448.89,22458.793106,202206
3.4718,3.531,3.4395,3.4923,103525.37,361359.453706,1456,49277.02,171564.554128,202206
3.493,3.5362,3.4596,3.4596,184267.87,642077.680316,2506,84831.73,295598.319064,202206
3.4597,3.4724,3.4276,3.4344,201627.68,695763.960053,1800,75581.58,260809.361554,202206
3.4371,3.4478,3.4275,3.4339,91819.85,315646.718178,1436,38861.51,133580.590702,202206
3.4361,3.4681,3.4214,3.4681,73313.18,252201.507452,1328,38785.93,133407.82519,202206
3.467,3.4746,3.457,3.4613,53681.94,185992.68882,782,29758.93,103114.502315,202206
3.4629,3.4714,3.4469,3.4643,104628.82,361684.397583,1248,46108.65,159388.527219,202206
3.4641,3.4708,3.4577,3.4653,52738.71,182641.657099,658,40872.81,141535.121408,202206
3.4652,3.4756,3.455,3.4715,76862.46,266530.750026,889,41913.13,145350.039246,202206
3.4705,3.4904,3.4675,3.487,50321.94,175133.536632,730,27556.11,95925.916633,202206
3.4844,3.5151,3.4773,3.4971,66981.48,234511.154422,865,42934.44,150260.885907,202206
3.4964,3.4993,3.4622,3.4857,54523.63,189748.788295,794,25639.75,89244.193771,202206
3.4863,3.5156,3.4853,3.505,93705.51,328610.257932,1292,54099.87,189702.963537,202206
3.5045,3.5096,3.4882,3.4928,36954.36,129318.903634,489,17987.83,62953.668434,202206
3.4928,3.5636,3.4879,3.5492,130514.16,461116.425372,1718,79511.08,280808.590846,202206
3.5481,3.5569,3.5208,3.5245,86028.45,304111.577618,1094,35105.2,124124.437994,202206
3.5239,3.5286,3.5138,3.5187,31917.64,112343.381338,501,14930.58,52552.206232,202206
3.5187,3.545,3.5187,3.5337,44777.39,158230.612108,770,25014.89,88394.018224,202206
3.5336,3.5385,3.5106,3.5157,27657.98,97436.285148,528,16364.97,57658.947588,202206
3.5171,3.549,3.5157,3.5466,45492.27,160926.984641,684,26928.23,95234.09844,202206
3.5463,3.5545,3.5307,3.5385,42343.16,149992.780946,671,28947.95,102554.549877,202206
3.5392,3.562,3.5386,3.5506,36752.38,130488.340193,594,23154.04,82179.637214,202206
3.5521,3.5938,3.5504,3.5932,113782.74,406384.595814,1447,72862.64,260194.177955,202206
3.5929,3.5956,3.5538,3.5565,58326.27,208358.028502,827,26671.0,95281.878348,202206
3.5564,3.5803,3.5545,3.5785,65278.81,232902.910238,680,47807.5,170608.050472,202206
3.5782,3.6074,3.5727,3.5983,67801.82,243352.064856,983,37187.22,133452.358981,202206
3.5981,3.6241,3.5966,3.6045,75115.08,270858.224945,1069,43675.84,157527.023495,202206
3.6037,3.641,3.6021,3.6204,127987.4,463551.649894,1447,68384.27,247666.938339,202206
3.6213,3.6528,3.6132,3.6402,125738.38,457103.597941,1544,66633.21,242160.086125,202206
3.639,3.6462,3.6305,3.6378,80996.76,294763.116079,1131,38661.89,140699.567976,202206
3.6373,3.6568,3.6329,3.6446,92711.86,337943.535266,960,63159.77,230276.102763,202206
3.6453,3.6454,3.6203,3.6249,135628.5,492677.288439,1052,48434.23,175888.470379,202206
3.6256,3.6324,3.5998,3.6074,67750.07,244861.158172,1013,28031.87,101321.882368,202206
3.6074,3.6097,3.5808,3.5839,162074.9,583098.674971,1250,80002.81,287845.339349,202206
3.5855,3.5855,3.5579,3.5622,161282.72,575856.664923,1000,90468.57,323025.609077,202206
3.5638,3.5638,3.5373,3.5388,49664.36,176329.638047,673,23637.64,83930.129813,202206
3.5395,3.5528,3.532,3.5402,62333.54,220787.866386,770,33325.67,118028.093853,202206
3.5401,3.5428,3.5172,3.5346,64911.76,229059.519141,1031,34545.75,121908.497922,202206
3.5369,3.5465,3.5121,3.5178,70364.82,248325.43512,789,23782.18,83967.885212,202206
3.5174,3.551,3.5155,3.5488,49807.07,176060.209022,725,28942.76,102330.686807,202206
3.5493,3.5495,3.5227,3.5296,63957.22,226177.186292,708,36234.48,128105.40449,202206
3.5321,3.5786,3.5321,3.5725,119585.81,425670.894175,1316,52129.2,185680.27748,202206
3.5708,3.5873,3.5576,3.5801,66871.18,238750.584163,877,31240.94,111562.792716,202206
3.5799,3.585,3.5664,3.5738,53833.26,192405.294629,677,27611.12,98742.423465,202206
3.5738,3.5766,3.5646,3.5713,29843.57,106531.46939,488,17101.97,61052.154427,202206
3.5717,3.5837,3.5717,3.5745,40690.43,145571.085277,523,17040.93,60948.338482,202206
3.5744,3.5969,3.5728,3.5911,45501.86,163274.621271,734,26816.67,96234.626031,202206
3.59,3.5983,3.5739,3.5781,56843.48,203940.473255,676,40041.44,143651.274295,202206
3.5775,3.58,3.5614,3.5775,41662.03,148781.483721,656,19560.28,69852.218455,202206
3.5774,3.6187,3.5774,3.617,58575.63,210660.071386,823,38362.5,138022.926147,202206
3.6161,3.6994,3.6042,3.6806,209540.22,765921.012585,2716,141226.97,516164.126498,202206
3.6818,3.6851,3.6531,3.6664,50000.83,183277.501651,947,25853.83,94761.287646,202206
3.6664,3.7159,3.6581,3.7,192824.47,711849.010751,1909,97317.9,358846.356944,202206
3.7001,3.7467,3.7,3.7451,250023.43,931485.556296,2555,102904.06,383230.521174,202206
3.7443,3.7526,3.7135,3.7254,115120.17,429478.771107,1610,61290.35,228830.701773,202206
3.7262,3.7487,3.7168,3.7487,49667.9,185536.262957,763,30721.22,114754.468823,202206
3.7486,3.79,3.731,3.731,144001.49,541380.830007,2343,79376.85,298548.770491,202206
3.73,3.7312,3.6965,3.7157,101114.01,374992.475977,1496,42087.26,156044.544201,202206
3.7156,3.7156,3.6867,3.6888,127839.49,473317.369671,1046,54269.64,201002.664822,202206
3.6898,3.7076,3.6741,3.7063,81323.19,300148.836825,1197,38252.18,141287.944933,202206
3.707,3.7213,3.6999,3.7098,82000.04,304245.605575,1133,48957.52,181668.636351,202206
3.708,3.75,3.6984,3.736,81037.39,301776.959295,1166,52214.85,194576.373739,202206
3.7381,3.8391,3.7367,3.8365,292583.55,1109694.450568,3728,180915.74,685623.557572,202206
3.8334,3.9686,3.8334,3.9558,556050.0,2179461.494508,6417,269700.56,1057044.206123,202206
3.9535,3.9541,3.884,3.8965,312923.81,1222603.889982,3272,135202.24,528611.66049,202206
3.8966,3.9466,3.884,3.9066,198911.7,777406.395894,2799,112617.68,439926.438488,202206
3.9057,3.9198,3.8585,3.8692,146127.54,568320.77273,2065,59080.75,229962.33522,202206
3.8692,3.9069,3.8682,3.8979,133218.65,518420.973166,2041,60150.05,234023.991649,202206
3.8978,3.9023,3.8598,3.885,83112.61,322446.552868,1316,44830.17,174021.925679,202206
3.8833,3.8969,3.8578,3.884,107779.52,418320.506474,1460,44116.95,171253.678338,202206
3.8842,3.9441,3.8816,3.8978,181526.59,710289.390118,2420,85665.38,335101.475335,202206
3.8967,3.9183,3.8683,3.8726,222324.6,865903.150745,2448,100610.39,391976.083579,202206
3.875,3.8797,3.8455,3.85,85169.28,328914.758824,1418,38126.3,147265.80282,202206
3.85,3.8542,3.8329,3.8457,76672.62,294632.524279,1147,31126.62,119648.218597,202206
3.845,3.862,3.829,3.8321,102564.54,394580.577131,1448,48481.7,186546.404825,202206
3.833,3.8421,3.8224,3.8325,81930.73,314147.26554,951,47957.19,183961.242388,202206
3.8309,3.8532,3.83,3.8435,76666.3,294643.159036,751,57589.6,221408.68992,202206
3.8434,3.8709,3.8406,3.8682,56371.92,217298.574012,1070,29011.34,111836.255893,202206
3.8678,3.8682,3.8303,3.8318,62110.11,239106.668213,916,33897.57,130408.918421,202206
3.8311,3.8423,3.8194,3.8423,125337.83,479883.504746,1572,76302.53,292111.716547,202206
3.8404,3.8686,3.84,3.8552,94587.86,364737.543957,1104,68162.26,262972.470918,202206
3.8547,3.8642,3.8488,3.8548,38171.74,147235.550622,751,21401.31,82559.898699,202206
3.8548,3.8999,3.8536,3.864,130743.23,506591.37562,1420,91893.93,355948.87094,202206
3.8645,3.9005,3.8587,3.8592,106919.13,414746.958762,1356,72366.35,280764.091322,202206
3.8586,3.8883,3.8507,3.8846,64127.62,248591.720704,967,38355.91,148718.566441,202206
3.8843,3.9092,3.8776,3.8976,152920.06,595956.298801,1120,83485.98,325352.595042,202206
3.8967,3.9495,3.8967,3.916,142914.97,560858.560822,2038,85051.66,333680.117607,202206
3.9157,3.9436,3.8845,3.9246,134267.88,525600.611241,1775,63109.8,247330.672969,202206
3.9271,3.9378,3.8604,3.8776,246083.86,960993.602028,3006,110890.24,433226.705491,202206
3.8767,3.9482,3.8748,3.9414,209577.7,819522.892338,2812,110215.38,430912.541964,202206
3.9414,3.95,3.9168,3.9201,107653.54,423503.501753,1572,52619.25,207044.496797,202206
3.92,3.9261,3.8643,3.877,110858.45,432081.198632,1408,31501.7,122885.121657,202206
3.8773,3.9165,3.877,3.8932,86812.63,337934.12335,1274,47522.38,185007.672094,202206
3.8948,3.907,3.8495,3.8526,86998.38,337246.285875,1336,32871.75,127482.165958,202206
3.8515,3.8885,3.8361,3.8686,108129.69,417499.358798,1556,54133.61,209170.276235,202206
3.8697,3.8959,3.8697,3.8855,52763.47,204855.658132,901,29431.42,114245.172363,202206
3.884,3.8942,3.8784,3.8853,50735.84,197196.288098,621,28612.8,111198.787826,202206
3.8845,3.8949,3.851,3.8624,55155.63,213616.557717,997,23123.75,89514.9719,202206
3.8624,3.906,3.8602,3.8942,82310.42,320102.22565,1313,46553.84,181046.554181,202206
3.8944,3.9165,3.8914,3.9087,44891.61,175183.105935,751,22561.56,88041.997737,202206
3.9083,3.9178,3.9037,3.9096,42976.97,168074.371457,762,25473.16,99626.277067,202206
3.9088,3.934,3.8943,3.9053,118515.79,463571.812146,1518,64161.47,250875.230936,202206
3.9029,3.9274,3.8988,3.9103,68091.09,266676.34796,912,28067.26,109925.745968,202206
3.9093,3.9109,3.8923,3.8923,37605.2,146745.619097,589,15055.08,58768.822911,202206
3.8927,3.8992,3.8712,3.8712,42659.42,165716.313405,743,21132.73,82107.346487,202206
3.8739,3.875,3.8399,3.8406,80487.79,310552.681111,968,19353.36,74719.576072,202206
3.8406,3.8487,3.8,3.8096,278197.14,1062472.505802,2221,79973.21,305524.631786,202206
3.8092,3.8396,3.805,3.8293,101852.74,389708.15497,1376,57447.7,219840.409553,202206
3.829,3.839,3.8164,3.828,68969.04,264214.552873,1143,35111.02,134518.020223,202206
3.8275,3.8323,3.7822,3.7887,78784.79,300342.022902,1047,30254.58,115348.71057,202206
3.7888,3.8241,3.7848,3.819,60181.58,229000.279542,1074,29726.14,113099.603759,202206
3.819,3.8311,3.7998,3.8011,69655.54,265826.421567,636,30345.83,115752.959651,202206
3.8024,3.8307,3.8015,3.8225,47103.51,179705.656055,768,27086.26,103367.745918,202206
3.8205,3.8469,3.812,3.8254,85824.29,328565.463596,1204,56485.14,216264.707574,202206
3.8258,3.8333,3.8209,3.8267,38507.01,147381.047162,586,20419.12,78140.506957,202206
3.826,3.8275,3.812,3.8128,50147.81,191536.241503,605,24806.13,94733.264563,202206
3.8134,3.8385,3.8116,3.825,61975.67,237286.636613,814,42664.28,163332.728561,202206
3.8254,3.8324,3.82,3.8257,14708.24,56266.003951,339,6318.35,24173.40566,202206
3.8267,3.8332,3.8117,3.8212,87425.14,334151.159562,967,48664.01,186055.289554,202206
3.8214,3.8342,3.8151,3.8251,46381.69,177514.527255,748,27161.01,103935.989469,202206
3.8251,3.8328,3.8172,3.818,30990.56,118570.732426,561,12252.35,46876.780769,202206
3.819,3.8241,3.8059,3.8106,43268.45,165163.809297,751,23488.65,89665.811266,202206
3.8135,3.8197,3.7903,3.7947,46523.95,176860.919764,766,20603.48,78328.491562,202206
3.7953,3.8046,3.7887,3.8025,45413.27,172425.753837,738,24358.36,92482.196414,202206
3.8035,3.8334,3.8032,3.8243,34374.52,131336.494289,600,17711.14,67681.795496,202206
3.8244,3.9123,3.8244,3.8995,230256.62,893023.723509,2677,128367.58,496913.818445,202206
3.8992,3.9213,3.8733,3.9001,118110.12,460011.326148,1983,60143.74,234325.008947,202206
3.9015,3.9052,3.8654,3.8824,88529.79,343590.918287,1441,32934.78,127875.48531,202206
3.8823,3.9137,3.8751,3.9095,127151.77,495279.014025,1602,58809.98,229198.917738,202206
3.9113,3.9579,3.9049,3.9318,157604.73,619733.308656,2253,81211.64,319456.162246,202206
3.9299,3.9475,3.9062,3.9391,73242.44,287671.059501,1203,39005.79,153236.423517,202206
3.9366,3.9499,3.9046,3.9236,108783.98,426927.154181,1377,42091.5,165327.515695,202206
3.9234,3.9325,3.8947,3.902,101420.86,396305.916077,1353,47776.27,186626.211502,202206
3.902,3.9068,3.8776,3.8912,78725.29,306121.562508,1011,42766.92,166225.262018,202206
3.8908,3.8969,3.86,3.8742,72382.58,280752.236122,985,31341.68,121609.787895,202206
3.8741,3.8904,3.8681,3.8769,63435.06,246141.956299,1016,21467.08,83272.949169,202206
3.8772,3.8898,3.8772,3.8861,31244.23,121363.425476,597,16662.93,64731.551128,202206
3.8872,3.9224,3.8841,3.9076,64919.27,253250.097943,830,42056.37,164023.814415,202206
3.9064,3.9109,3.891,3.8979,61977.69,241727.650197,828,26547.25,103535.412047,202206
3.898,3.91,3.8873,3.9074,41999.01,163729.976899,687,22571.71,87963.549682,202206
3.9038,3.9372,3.8688,3.8741,104361.9,406637.436784,1801,52221.09,203613.445146,202206
3.875,3.9393,3.875,3.9254,68954.84,269988.081993,1162,32714.08,128059.575957,202206
3.9259,4.0299,3.9146,3.977,338490.07,1348021.057499,3505,188816.47,751906.911088,202206
3.9751,4.0169,3.9592,3.9623,176390.78,702213.172042,1945,95502.77,380075.623214,202206
3.9618,3.9732,3.9021,3.9257,284314.83,1118300.443889,1972,83665.91,330222.920806,202206
3.9258,3.9327,3.9162,3.9241,55741.95,218697.411834,740,30218.36,118593.789981,202206
3.9235,3.9303,3.8867,3.8929,153855.2,601395.300426,1739,65052.59,254214.46623,202206
3.8927,3.911,3.8755,3.8851,161996.51,630694.276616,1551,76779.29,299064.423802,202206
3.8851,3.9008,3.8836,3.9003,61856.53,240832.512579,798,23459.57,91364.283212,202206
3.9001,3.9121,3.8756,3.878,55530.47,216203.421061,873,26820.25,104453.023226,202206
3.8795,3.8841,3.8729,3.8812,21656.51,84003.966278,380,13116.91,50877.539148,202206
3.882,3.8882,3.8735,3.8829,28826.43,111868.240824,472,13849.12,53736.540954,202206
3.882,3.9059,3.8675,3.8897,62864.99,244227.025674,889,30883.81,119942.12993,202206
3.8897,3.9014,3.884,3.8923,34126.04,132832.05836,504,18117.8,70508.228067,202206
3.892,3.9079,3.8835,3.8988,34216.69,133410.534001,482,19719.4,76878.569595,202206
3.8989,3.9042,3.8851,3.8855,49530.92,193083.846611,525,30049.17,117180.471011,202206
3.8842,3.9076,3.8767,3.9047,36399.67,141596.291579,596,16264.23,63275.303618,202206
3.9047,3.9407,3.9012,3.9316,42923.98,168283.093412,762,25948.1,101752.250342,202206
3.9318,3.9672,3.9265,3.9418,64485.22,254534.398908,1243,34612.29,136593.424528,202206
3.9419,3.9497,3.9287,3.9446,29347.75,115592.126244,541,14266.72,56190.33249,202206
3.9478,3.9478,3.9265,3.944,26554.19,104507.396501,504,10359.64,40783.714698,202206
3.9441,3.9521,3.9304,3.9329,80685.35,317959.262323,937,21363.24,84232.515945,202206
3.9327,3.9389,3.9055,3.9106,67408.38,264272.775405,868,17757.28,69630.920741,202206
3.9111,3.9111,3.8757,3.8878,66134.03,257382.903985,959,19621.11,76360.44248,202206
3.8879,3.8956,3.8753,3.8928,82642.47,320944.53161,957,25030.25,97247.877548,202206
3.8949,3.9165,3.8917,3.9119,83619.62,326572.015979,1247,34177.82,133500.74268,202206
3.9131,4.0993,3.9097,4.0802,449016.93,1790795.802236,5550,241270.14,962196.885012,202206
4.0764,4.1241,4.0434,4.0544,299225.84,1219971.546185,4984,146531.09,597802.623056,202206
4.0552,4.0576,3.978,3.9956,143652.74,575830.782838,2306,62667.72,251225.341943,202206
3.9966,4.0351,3.9872,4.0054,129170.04,518057.825706,1922,67944.96,272594.315116,202206
4.0055,4.0207,3.9807,3.9956,84963.57,340075.078897,1258,33812.44,135424.446187,202206
3.9935,4.0206,3.9816,4.0167,41684.19,166899.82825,836,21394.77,85661.316496,202206
4.016,4.0347,4.0071,4.0218,85547.2,344105.413912,1455,44084.8,177360.262448,202206
4.0219,4.0677,4.0157,4.0514,108326.78,437447.785043,1685,64076.16,258829.0882,202206
4.0491,4.0649,4.027,4.0283,71594.54,289697.53965,1155,39443.36,159591.663867,202206
4.0273,4.0752,4.027,4.0572,73417.56,297792.174895,1254,37158.57,150719.059502,202206
4.0596,4.1236,4.0465,4.09,151977.5,620683.145509,2147,82609.61,337361.566629,202206
4.0905,4.1111,4.0609,4.091,92925.18,379251.550434,1463,46794.75,191035.968812,202206
4.0928,4.1147,4.0762,4.0877,104821.3,429374.705795,1266,42325.78,173297.161578,202206
4.0877,4.166,4.0741,4.1074,255745.7,1050833.366971,2974,160749.14,660534.015367,202206
4.105,4.15,4.082,4.1329,343145.28,1411074.610601,2536,225275.63,926541.653605,202206
4.1329,4.1622,4.1067,4.1119,182466.66,753193.465458,2743,87426.69,361169.470088,202206
4.1109,4.15,4.1094,4.1284,91560.72,378115.295738,1462,42456.98,175312.472716,202206
4.1282,4.1646,4.1238,4.151,94516.36,391525.359183,1458,53534.11,221802.806788,202206
4.1504,4.2,4.1473,4.19,298269.56,1247578.872042,3008,183809.67,769028.626337,202206
4.19,4.3796,4.1795,4.3752,493275.14,2107071.650272,7150,266638.68,1138497.148417,202206
4.3749,4.3754,4.3059,4.3086,210980.68,915128.795419,3553,97078.42,421168.508182,202206
4.3086,4.3309,4.2746,4.3141,199955.84,860519.775663,2777,78369.66,337448.659439,202206
4.3158,4.5,4.3064,4.4338,584887.3,2594277.468885,8000,352126.39,1561988.926143,202206
4.4338,4.5231,4.3773,4.3967,690624.73,3080623.895114,7282,404645.53,1806131.797908,202206
4.3967,4.4067,4.341,4.3833,455288.58,1987452.315577,4164,178555.78,779429.278647,202206
4.386,4.3928,4.2993,4.2999,321001.61,1390760.915776,3561,132612.53,574678.253941,202206
4.3003,4.32,4.2628,4.2766,280750.29,1204546.974331,3040,123984.48,532239.139198,202206
4.2782,4.2854,4.2512,4.2648,174759.65,746174.187863,2050,85830.51,366471.264029,202206
4.2649,4.2701,4.2202,4.2262,187514.9,795389.741256,2226,73320.5,311156.49376,202206
4.2249,4.23,4.1952,4.2209,147601.93,622158.405753,2057,59743.02,251873.486779,202206
4.2209,4.2242,4.1816,4.1852,83561.34,351625.621536,1054,35697.28,150286.905554,202206
4.1853,4.2232,4.1849,4.2232,99382.8,417777.710857,1076,67969.24,285743.296274,202206
4.223,4.2614,4.2201,4.2484,203353.83,863001.139368,1937,117232.8,497385.669058,202206
4.2484,4.2522,4.213,4.2408,79392.7,336064.132263,762,29095.52,123147.611525,202206
4.242,4.2743,4.2397,4.2688,106213.96,452442.793201,1487,64220.54,273612.101562,202206
4.2693,4.2693,4.2,4.2033,142654.63,604390.918215,1289,48919.1,207478.807148,202206
4.2034,4.2398,4.203,4.234,68402.87,288856.684963,893,38523.4,162647.453879,202206
4.234,4.2737,4.2327,4.2374,93366.4,396625.789035,1155,46352.3,197027.009126,202206
4.2375,4.2416,4.1832,4.2033,121444.83,511497.826667,1469,50479.16,212608.7894,202206
4.2045,4.265,4.2045,4.2513,101314.8,430137.269238,1413,56577.83,240375.316256,202206
4.2512,4.2971,4.2409,4.2477,144284.51,615538.733156,1838,78445.79,334569.009568,202206
4.2471,4.2832,4.2315,4.2504,179651.59,765245.194524,1783,87740.2,373713.623486,202206
4.2528,4.2816,4.2332,4.2348,79663.78,339198.080615,1196,38395.85,163572.226064,202206
4.2365,4.2521,4.1513,4.1525,213418.55,897541.885115,2132,67840.56,285582.172138,202206
4.1554,4.1685,4.1222,4.134,289909.46,1200846.757779,2322,101953.87,422351.418814,202206
4.1338,4.1426,4.1101,4.1185,78487.16,323696.082646,1130,33525.57,138309.459489,202206
4.1207,4.1381,4.08,4.0941,167165.61,686477.41934,1932,73472.71,301703.925046,202206
4.0958,4.1097,4.0653,4.1066,206045.56,842658.349349,1998,101363.47,414621.501005,202206
4.1039,4.1046,4.08,4.0889,96987.91,396640.589972,1185,40946.88,167530.956245,202206
4.0909,4.1051,4.08,4.0846,94885.77,388445.15496,1078,57564.38,235715.502356,202206
4.0835,4.0899,4.0625,4.0636,84308.74,343450.013268,1277,37200.72,151575.345528,202206
4.0644,4.0753,4.0514,4.0603,99440.49,404249.429887,1194,43779.73,178063.527471,202206
4.0614,4.0875,4.0386,4.0646,162620.65,660082.589624,1591,80847.59,328311.36999,202206
4.0627,4.072,4.0464,4.0505,94641.87,384513.102981,1132,55610.49,225990.968484,202206
4.0507,4.0565,4.0363,4.046,83184.26,336693.330494,806,38936.88,157587.832133,202206
4.0453,4.0586,4.0421,4.0445,46398.32,187859.759254,604,19340.13,78326.349035,202206
4.0452,4.0702,4.0452,4.063,39686.82,160991.918244,485,17015.69,69007.830365,202206
4.0614,4.0792,4.0501,4.0535,55359.8,224909.275442,663,28498.71,115805.762593,202206
4.0529,4.1226,4.0503,4.1041,182159.67,746671.207984,1607,112552.0,461497.273858,202206
4.1048,4.1494,4.1047,4.1447,183420.25,757354.01323,1784,120112.9,496029.895615,202206
4.1445,4.15,4.1233,4.1303,129770.97,538020.610471,1036,72533.11,300803.313357,202206
4.1292,4.1547,4.1013,4.1325,147904.18,611400.628061,1690,83460.63,345293.292543,202206
4.1335,4.1479,4.0938,4.1058,82573.63,339858.340066,1347,40970.64,168702.408342,202206
4.106,4.1271,4.0539,4.0659,290060.3,1184836.67776,2705,174989.05,714754.657761,202206
4.066,4.1285,4.0652,4.1163,139724.45,573228.627262,1938,71364.84,292610.121846,202206
4.1159,4.119,4.0753,4.086,114746.61,469257.120478,1013,39805.61,162977.671365,202206
4.0866,4.1012,4.064,4.0724,114433.44,467683.594587,1203,39712.9,162245.63062,202206
4.0712,4.1,4.036,4.0625,103901.78,421918.133682,1549,56048.58,227652.384278,202206
4.0603,4.0654,4.036,4.0515,118016.68,477100.775196,1525,48764.91,197269.857899,202206
4.0515,4.0621,4.0406,4.046,57389.18,232423.87276,1010,27261.17,110383.977276,202206
4.0459,4.0747,4.0419,4.0468,61898.44,251228.268533,1102,34942.63,141831.238964,202206
4.0468,4.0468,3.996,4.0188,264838.15,1065248.418956,2516,114246.25,459392.930323,202206
4.0167,4.03,3.9872,3.9967,90962.41,365013.066042,1330,48014.31,192702.852997,202206
3.997,4.0224,3.9953,4.0103,80939.71,324390.883793,1126,42614.44,170864.954923,202206
4.0097,4.0127,3.9768,3.9798,101019.21,404043.983097,1191,30292.51,121167.360067,202206
3.9788,3.9788,3.9259,3.9286,245548.99,968531.112406,2738,110149.67,434492.416501,202206
3.9282,3.95,3.9117,3.9391,133573.63,525166.805187,1928,56941.45,223974.350089,202206
3.9363,3.9627,3.9255,3.9574,216311.22,853301.731779,1672,121086.39,477525.556246,202206
3.9565,3.9915,3.9516,3.9811,127938.94,507987.908322,1362,94768.17,376337.524601,202206
3.9825,3.9843,3.9608,3.9732,68224.16,270780.820537,937,23917.48,94959.251901,202206
3.9749,3.9794,3.9552,3.957,81040.33,321371.190053,995,46652.61,185002.454024,202206
3.9566,3.957,3.9387,3.9437,141527.9,558755.037293,1184,96892.37,382599.514799,202206
3.9441,3.9565,3.9281,3.9289,101582.77,400308.828992,1235,54924.55,216453.983656,202206
3.9279,3.9717,3.9166,3.969,219973.32,865297.833287,1893,115999.25,456724.046598,202206
3.9678,3.9756,3.9583,3.961,71926.87,285235.25391,1012,35823.39,142075.875871,202206
3.9621,3.9953,3.9621,3.9755,76573.36,304627.332884,1129,50315.57,200180.631034,202206
3.9758,4.025,3.9716,3.9832,335847.14,1343573.062731,2661,197067.67,788257.548485,202206
3.9846,3.9861,3.9538,3.956,78617.01,311649.017878,1128,34825.89,138117.618432,202206
3.9566,3.959,3.8955,3.9078,202397.99,793629.556063,2257,59216.01,232121.801696,202206
3.9089,3.9112,3.8805,3.8808,84605.49,330012.43976,1179,40689.08,158697.739136,202206
3.8809,3.8941,3.8554,3.8642,160138.08,619918.587498,2468,76913.65,297705.919173,202206
3.8638,3.9022,3.8601,3.8965,93337.7,362470.233933,1664,48854.8,189784.399645,202206
3.8961,3.9083,3.8925,3.8985,48802.1,190293.952223,921,25303.7,98659.969659,202206
3.9012,3.9137,3.8935,3.9137,34723.63,135442.675015,600,22532.01,87869.207473,202206
3.9147,3.9422,3.9147,3.9317,126152.56,495592.923448,1378,92815.19,364547.175454,202206
3.9314,3.9333,3.9147,3.9193,52613.51,206388.310382,553,15800.85,61988.881271,202206
3.9181,3.9318,3.9141,3.9239,39239.06,153956.800075,532,21849.28,85723.153394,202206
3.9248,3.9382,3.9031,3.9031,41741.69,163607.086855,683,18758.28,73568.454443,202206
3.9029,3.9436,3.9015,3.9284,48125.82,189038.781984,845,29519.6,115956.156241,202206
3.9287,3.9414,3.9269,3.9393,32999.02,129869.168575,466,18283.53,71989.756457,202206
3.9398,3.9433,3.9193,3.9391,19197.37,75452.056837,462,9752.43,38339.881093,202206
3.9391,3.9676,3.9362,3.9557,88818.98,351434.396983,1003,68946.83,272810.627287,202206
3.9552,3.9776,3.9548,3.9744,58139.42,230619.895087,986,34712.42,137678.022423,202206
3.9742,3.9818,3.96,3.9711,57808.23,229714.965667,838,36197.98,143884.377787,202206
3.9697,3.9754,3.9618,3.9754,42876.29,170171.855933,504,21273.33,84427.570078,202206
3.9759,3.9997,3.974,3.9916,86694.89,345590.085014,1238,55754.29,222249.79815,202206
3.9928,4.0099,3.9522,3.9667,185068.72,735747.187525,1996,70724.94,281406.275251,202206
3.9654,3.9722,3.9578,3.9626,39212.04,155487.111962,612,19200.23,76139.484861,202206
3.9636,3.9685,3.9544,3.9558,37266.11,147679.08999,484,21929.14,86906.933518,202206
3.9576,3.9603,3.9476,3.952,31618.57,124954.816148,398,18345.79,72504.735459,202206
3.9518,3.9673,3.9484,3.966,21816.69,86302.055257,328,10194.11,40321.193498,202206
3.966,3.9805,3.961,3.9783,20030.11,79588.230351,318,7747.11,30793.746709,202206
3.9782,4.0355,3.975,4.0285,173206.71,692887.138916,1725,114501.82,458006.483378,202206
4.0301,4.07,4.0133,4.0683,181759.47,734982.056758,1808,85850.51,347395.80756,202206
4.0684,4.1092,4.0683,4.1077,189357.17,774530.537127,2161,95386.71,390198.010286,202206
4.1062,4.1117,4.0732,4.0974,86679.05,354722.151833,1172,41593.19,170245.916486,202206
4.096,4.1033,4.0824,4.0906,47724.97,195254.154829,704,24960.82,102153.054256,202206
4.0908,4.127,4.0817,4.0853,78741.86,322838.034641,1027,44624.69,182918.536265,202206
4.085,4.0951,4.0578,4.0578,50686.7,206724.136509,750,27112.71,110613.179951,202206
4.0591,4.0699,4.0386,4.039,63730.62,258321.211194,827,16579.31,67294.670029,202206
4.0396,4.051,4.0147,4.0442,94997.73,382725.096145,1427,42259.16,170313.452627,202206
4.0439,4.0667,4.0361,4.0524,42936.84,173946.618178,755,20911.72,84714.894075,202206
4.0516,4.0651,4.0444,4.0642,20422.41,82755.855223,417,11272.4,45669.267432,202206
4.0653,4.0688,4.0267,4.0449,63180.27,255624.04527,856,40779.18,164997.551669,202206
4.0442,4.0584,4.0111,4.0207,108716.06,438129.649875,1282,62331.53,251181.023777,202206
4.0222,4.0487,4.0186,4.0437,69075.81,278703.515004,1095,29029.84,117132.540487,202206
4.0458,4.0714,4.0282,4.0711,105242.55,425750.872107,1042,38865.14,157335.409197,202206
4.0722,4.0784,4.0415,4.0718,88785.04,360889.754364,1234,33495.63,136077.067628,202206
4.0728,4.0984,4.0666,4.0927,36747.62,150109.581814,675,22107.82,90275.698967,202206
4.0928,4.1187,4.0857,4.1145,64460.5,264730.909273,865,34750.8,142694.792641,202206
4.1149,4.14,4.1139,4.1214,77198.6,318482.227874,1104,44169.25,182218.91723,202206
4.1198,4.1761,4.1192,4.1609,173635.88,721151.77904,2099,114216.62,474470.568035,202206
4.1624,4.1909,4.156,4.1712,160548.59,670397.94067,1686,95318.43,398087.183171,202206
4.1712,4.1745,4.1432,4.1457,169190.84,703513.760904,1812,88702.64,368867.992013,202206
4.1443,4.1565,4.1366,4.152,57282.95,237571.483181,858,26353.18,109309.792165,202206
4.1513,4.21,4.1467,4.2052,205672.53,857697.207382,2038,132824.0,553701.500101,202206
4.2042,4.2042,4.1215,4.1275,150932.24,628184.041698,2005,64283.34,267679.470192,202206
4.1282,4.135,4.1023,4.1075,78518.88,323467.617554,1104,26699.93,110003.067178,202206
4.1073,4.122,4.0954,4.0965,50109.96,206050.419929,910,21867.63,89917.850024,202206
4.0967,4.1096,4.0613,4.0955,78336.78,319981.069728,1344,40604.36,165906.097437,202206
4.0977,4.1155,4.0936,4.1104,51273.79,210577.810325,701,21406.57,87921.995993,202206
4.1095,4.1346,4.1064,4.1178,64681.27,266768.336553,943,40690.46,167791.55466,202206
4.1189,4.1463,4.1189,4.1386,55630.87,230231.974156,746,30054.43,124389.275734,202206
4.1382,4.1566,4.1258,4.1306,78101.25,323271.355657,1053,36449.2,150798.744682,202206
4.1285,4.1374,4.1176,4.1297,54332.74,224245.025362,580,24131.75,99617.584962,202206
4.1309,4.1471,4.0966,4.0987,66953.58,276083.067035,1081,36012.02,148513.569,202206
4.0966,4.0966,4.0676,4.0815,64080.77,261521.52753,928,29642.5,120998.207568,202206
4.08,4.0873,4.0485,4.0641,129711.77,526693.240463,1049,54570.05,221643.023236,202206
4.0654,4.07,4.031,4.0568,141244.61,571843.521526,1056,82833.58,335419.218785,202206
4.0568,4.0677,4.0284,4.0441,131346.76,532743.109805,1364,74812.98,303487.996633,202206
4.0441,4.0549,4.0156,4.0245,150920.97,609070.484853,1535,31013.4,125151.036933,202206
4.0253,4.0505,4.0225,4.0423,37537.19,151632.570169,665,19588.27,79109.486689,202206
4.0411,4.0445,3.9649,3.9961,232989.51,929360.467863,2512,90798.34,362604.067928,202206
3.9956,4.001,3.9701,3.9735,35232.89,140195.082424,623,14144.59,56269.736123,202206
3.9735,4.004,3.9725,3.9931,54070.25,215518.131658,897,30189.59,120339.995715,202206
3.9923,4.0041,3.9918,3.998,43300.8,173102.368091,636,19045.75,76144.239975,202206
3.9985,4.043,3.9965,4.0385,58539.8,235360.806243,821,37217.53,149585.098129,202206
4.0404,4.0476,4.0242,4.0308,71555.8,288827.302722,944,38818.55,156683.949038,202206
4.0317,4.08,4.0115,4.072,100380.2,406691.91051,1297,53961.93,218785.46237,202206
4.0744,4.1622,4.0684,4.1167,177719.74,731020.866542,2665,99565.78,409272.200575,202206
4.1199,4.1776,4.116,4.1588,209482.28,867999.031735,2424,104645.87,433189.299256,202206
4.1589,4.1591,4.1289,4.1308,84180.22,348807.697165,1411,46673.82,193386.072795,202206
4.1301,4.1623,4.126,4.1546,97243.42,403416.937449,1411,66001.01,273856.699651,202206
4.154,4.169,4.13,4.1566,85666.22,355435.300695,1414,42009.38,174321.527747,202206
4.1559,4.1878,4.1471,4.1621,105019.82,437890.514655,1561,49874.18,207935.96762,202206
4.1609,4.1949,4.1549,4.1787,141627.04,590969.544122,1735,80159.5,334510.739556,202206
4.1796,4.1993,4.1287,4.1336,103146.25,428652.963945,1632,40739.51,169360.756453,202206
4.135,4.1562,4.1287,4.1434,59322.09,246002.224339,887,31188.34,129345.512248,202206
4.1433,4.22,4.1381,4.2032,318178.66,1332371.788974,2685,178372.77,747243.889547,202206
4.203,4.2452,4.1762,4.1835,198523.24,835291.428838,2410,87523.01,368170.72079,202206
4.1846,4.2066,4.158,4.1834,108792.21,454332.125978,1718,41767.62,174511.2519,202206
4.1836,4.2539,4.1836,4.233,294575.4,1243158.048536,3161,142494.24,601897.247785,202206
4.2322,4.2384,4.1747,4.1795,271992.95,1141879.489661,2310,148574.53,623909.44628,202206
4.1788,4.195,4.1702,4.185,141139.86,590506.700258,1821,51577.45,215835.775452,202206
4.1864,4.2095,4.1771,4.1838,154320.39,646823.383696,2058,58947.71,247197.055669,202206
4.1857,4.2464,4.1845,4.2,193678.54,816931.596391,2770,91588.12,386271.046713,202206
4.2002,4.2261,4.1758,4.2173,170499.3,715125.829031,2253,92963.43,390013.027026,202206
4.2184,4.2184,4.1939,4.1948,75210.82,316278.610483,978,33706.75,141713.588407,202206
4.195,4.2138,4.1727,4.2122,88688.66,371800.563886,1066,56471.56,236850.862472,202206
4.2126,4.2169,4.1861,4.198,86047.58,361732.938705,1036,47977.86,201765.182466,202206
4.1956,4.2171,4.1868,4.2099,50557.91,212326.534146,808,28755.37,120757.99677,202206
4.2091,4.2167,4.1814,4.2021,47291.51,198574.91319,835,23304.6,97833.284109,202206
4.2058,4.2223,4.2004,4.2166,58025.01,244275.192628,932,24760.96,104254.186589,202206
4.2149,4.2516,4.1892,4.1917,208590.54,881047.252005,2076,85130.91,360049.588139,202206
4.1899,4.2789,4.1839,4.213,170464.64,719952.783795,2261,95916.2,404867.213978,202206
4.2117,4.2344,4.1938,4.2271,67986.38,286502.118794,1228,36011.39,151756.571415,202206
4.2278,4.2583,4.2189,4.2386,86326.78,365950.929215,1400,47029.26,199344.0468,202206
4.2371,4.2469,4.2171,4.2417,91362.15,386385.501254,1192,36348.13,153790.662867,202206
4.2432,4.3091,4.2432,4.303,104759.18,448071.766269,1539,62287.23,266571.22754,202206
4.3,4.4199,4.2924,4.3634,344806.14,1506231.577866,4783,183011.08,799761.084891,202206
4.3639,4.3888,4.3315,4.343,149532.51,651462.804284,2347,62332.08,271533.801895,202206
4.341,4.417,4.3391,4.412,215403.64,943054.719824,2635,90334.51,395681.784599,202206
4.4123,4.4442,4.4067,4.4171,204867.05,906203.48154,2918,116876.29,517102.209415,202206
4.4171,4.4385,4.3812,4.3922,111968.09,493457.718585,1789,52028.57,229136.211972,202206
4.3913,4.4,4.3743,4.3797,71153.38,312040.955693,1130,31004.73,135960.135339,202206
4.3796,4.3994,4.3637,4.3964,97137.34,426246.316066,1214,37483.11,164447.556033,202206
4.3989,4.4292,4.3739,4.3764,115327.72,507228.243071,1414,62453.57,274683.140308,202206
4.3778,4.4231,4.3625,4.4224,93116.56,408933.043422,1562,53829.92,236396.034855,202206
4.4224,4.4635,4.4084,4.4118,84288.73,373267.00492,1502,50464.55,223512.362054,202206
4.4113,4.4287,4.3848,4.4016,122080.02,537008.205287,1390,57800.54,254309.977215,202206
4.401,4.4781,4.3965,4.4619,163504.96,726868.118765,2047,83411.62,370481.503798,202206
4.463,4.55,4.4525,4.5411,349586.83,1576220.51263,3885,210163.29,947466.841782,202206
4.5387,4.6495,4.5146,4.6413,555575.04,2542156.966459,5712,251989.77,1155836.974893,202206
4.6407,4.6434,4.5876,4.6106,250116.86,1154018.294396,2674,106576.42,491580.105255,202206
4.6109,4.632,4.5729,4.584,122768.0,563891.860642,1881,62785.56,288459.733986,202206
4.5846,4.5936,4.513,4.5386,205402.03,934236.249825,2803,77445.93,352385.948443,202206
4.5386,4.5493,4.518,4.5379,165744.14,750565.986953,1857,76704.46,347463.58787,202206
4.5389,4.5494,4.5052,4.5054,102771.33,465691.980764,1232,43740.9,198258.023529,202206
4.5064,4.5171,4.4701,4.4862,148133.86,664903.602923,1892,57093.44,256375.097593,202206
4.4845,4.5187,4.4829,4.5141,76243.39,342709.379548,886,47037.11,211519.31823,202206
4.5142,4.5231,4.435,4.4483,194440.98,868907.773953,2060,60095.73,268675.335617,202206
4.4464,4.4691,4.4226,4.4312,132144.43,587626.959111,2034,57959.31,257858.858494,202206
4.4312,4.4371,4.4088,4.4106,135755.02,600704.795031,1633,47517.23,210304.440187,202206
4.4126,4.4254,4.4061,4.4212,85811.6,379010.075994,1175,39032.16,172409.225852,202206
4.4221,4.4339,4.4045,4.4246,123179.36,544146.950661,1261,52031.45,229991.533153,202206
4.4234,4.45,4.4234,4.4254,72480.03,321283.869032,1081,44419.57,196912.836542,202206
4.4251,4.4656,4.4215,4.4543,80468.97,357778.95984,1138,43126.32,191758.797054,202206
4.4528,4.4549,4.4171,4.4296,81585.78,362078.572666,984,40731.15,180768.548579,202206
4.4282,4.4388,4.3726,4.3834,104543.8,459833.311019,1416,37129.41,163379.791535,202206
4.3865,4.39,4.3514,4.3608,108382.74,473608.120288,1484,42302.98,184814.814941,202206
4.3608,4.3976,4.3571,4.3893,88651.77,388095.301823,1307,55213.54,241814.333198,202206
4.3893,4.4198,4.3878,4.4197,55003.76,242241.67398,955,33511.13,147566.012614,202206
4.4187,4.4631,4.4142,4.4329,129222.65,573167.168876,2085,79011.26,350480.490897,202206
4.4306,4.4718,4.4302,4.4325,106177.82,472854.027973,1566,75765.04,337575.88988,202206
4.4324,4.4551,4.3978,4.4507,79727.97,352801.509321,1547,41133.06,182198.240137,202206
4.4524,4.4602,4.439,4.4501,41587.88,185029.555624,878,18512.16,82367.62777,202206
4.45,4.4553,4.3771,4.3837,110197.75,485360.89509,2186,51326.63,225984.439942,202206
4.3841,4.4414,4.3754,4.4243,75098.17,331166.000171,1275,37503.42,165383.769141,202206
4.423,4.47,4.423,4.4535,71689.25,319139.1134,1143,41492.38,184789.0373,202206
4.4524,4.5115,4.4337,4.4756,167154.37,749771.070033,2286,96186.13,431680.713675,202206
4.4756,4.4873,4.4565,4.4597,41539.26,185779.162914,965,22849.97,102171.226119,202206
4.4594,4.4979,4.454,4.4543,86735.64,388548.930601,1376,50476.4,226076.293051,202206
4.4547,4.4933,4.4463,4.4717,103643.42,463863.933441,1429,57246.74,256203.195238,202206
4.4706,4.4968,4.4706,4.4811,44054.17,197526.925846,888,18991.07,85146.598427,202206
4.483,4.5035,4.4824,4.4824,104306.53,468582.091865,1509,55140.15,247766.70117,202206
4.4836,4.533,4.4629,4.5138,125492.88,565653.621585,2192,79544.71,358499.982375,202206
4.5131,4.5354,4.5002,4.5215,110284.8,498228.715095,1777,53208.35,240508.068435,202206
4.5213,4.5583,4.5153,4.5374,144809.42,656313.96235,1944,93716.59,424821.933577,202206
4.5358,4.6149,4.5312,4.5987,217688.44,996015.313836,2761,123260.56,564400.660421,202206
4.597,4.628,4.567,4.6111,153656.52,706019.03447,2622,76166.51,350051.108102,202206
4.6111,4.66,4.6111,4.6238,172316.83,799633.207786,2933,86737.63,402511.478243,202206
4.6216,4.7677,4.621,4.7597,354115.58,1662944.655444,5386,212807.47,999714.776469,202206
4.7596,4.7726,4.6721,4.7018,303008.46,1428824.769847,4178,141267.13,666687.459985,202206
4.7,4.7038,4.6235,4.6408,242509.7,1127961.990401,3310,112258.54,522315.445674,202206
4.6424,4.7018,4.6123,4.663,183165.5,851652.433697,3144,89342.02,415413.196502,202206
4.6617,4.6654,4.5999,4.6084,172317.46,798873.158746,2411,86329.57,400471.391113,202206
4.608,4.6564,4.582,4.6498,144217.76,667319.1954,2261,65322.2,302213.509948,202206
4.6509,4.7074,4.6243,4.6998,274339.65,1282897.839356,3332,151064.88,706328.855253,202206
4.6983,4.7475,4.6829,4.7367,213310.54,1007133.410159,3080,117956.41,557105.313231,202206
4.7352,4.767,4.6803,4.7053,215321.54,1017201.878105,3141,107591.8,508454.905921,202206
4.7062,4.7065,4.66,4.679,208927.93,979179.911876,2542,91895.35,430799.498441,202206
4.6793,4.7956,4.6778,4.7917,404467.58,1916817.026351,4104,210224.76,994977.868995,202206
4.7924,4.8348,4.7675,4.7947,361462.96,1734768.940396,4523,196530.18,943350.122193,202206
4.7968,4.8143,4.6978,4.715,316572.1,1504180.971992,3869,163733.2,777620.63152,202206
4.7146,4.7423,4.6609,4.7125,336968.07,1584277.21662,3706,175315.56,823967.050724,202206
4.7114,4.7448,4.696,4.7354,167555.91,790490.66801,2290,81892.64,386531.901472,202206
4.736,4.8173,4.7132,4.7225,269622.5,1284444.66223,3771,135259.32,644555.179064,202206
4.7219,4.7322,4.6452,4.66,309901.15,1451361.785289,4224,142309.49,666793.392791,202206
4.6604,4.6795,4.6241,4.672,222678.18,1035686.35236,2620,119363.47,555077.287126,202206
4.6719,4.7132,4.6445,4.7123,158504.13,740495.004231,2199,92179.11,430481.11521,202206
4.7128,4.7522,4.696,4.737,168657.02,797362.488039,2449,82985.22,392392.678378,202206
4.7366,4.7407,4.6792,4.681,95716.08,449803.552308,1738,47224.29,221917.729694,202206
4.6819,4.7278,4.6665,4.669,196716.18,923990.183728,2121,101608.96,477321.161716,202206
4.6693,4.7032,4.6109,4.6291,146271.43,680401.050839,2396,60917.99,283677.488655,202206
4.6296,4.6378,4.5872,4.6254,238604.85,1100448.057311,2892,98420.23,454100.970769,202206
4.6249,4.6454,4.5822,4.5897,210475.84,970761.227153,2079,96924.56,447197.40526,202206
4.5892,4.6003,4.5254,4.597,252700.04,1153311.764881,2948,100145.34,457434.526584,202206
4.5983,4.6392,4.591,4.6165,133749.37,617003.294528,1762,79869.04,368473.909607,202206
4.6162,4.65,4.6162,4.6347,103741.61,480518.354351,1653,61039.73,282741.169312,202206
4.6359,4.7034,4.6291,4.6638,136764.8,637324.212589,2059,78382.1,365395.557574,202206
4.6637,4.6765,4.6381,4.6392,57473.98,267685.937445,1047,31591.5,147123.547123,202206
4.6397,4.6824,4.6281,4.6766,73919.43,343583.93215,1253,33275.07,154705.320493,202206
4.6755,4.7287,4.6587,4.7214,80521.61,377010.11488,1346,43613.59,204375.230461,202206
4.7205,4.7369,4.679,4.7192,106012.67,499143.282769,1616,52311.62,246237.66491,202206
4.7189,4.7489,4.6949,4.6949,95360.31,450649.915988,1706,43313.63,204690.099672,202206
4.6957,4.714,4.6246,4.639,198679.52,925871.021621,2524,72563.5,337846.793567,202206
4.6392,4.6525,4.6031,4.6147,166537.56,771164.552138,2606,76621.01,354825.533921,202206
4.6135,4.6553,4.6068,4.6179,181143.8,838975.057421,2874,95778.51,443599.880449,202206
4.617,4.6496,4.6037,4.6294,95438.0,441612.49147,1565,47329.93,219029.444155,202206
4.6294,4.6443,4.5618,4.5686,130388.67,599568.816427,1997,60559.8,278594.553047,202206
4.5699,4.5887,4.5465,4.5597,174851.88,797751.646636,2108,104018.89,474595.143887,202206
4.5585,4.6356,4.5585,4.5965,143558.6,660360.965389,2142,72077.88,331659.900153,202206
4.5987,4.614,4.5662,4.5747,56369.73,258759.307256,1055,30233.77,138819.756544,202206
4.5743,4.5911,4.54,4.5453,110982.49,506048.396511,1698,49575.05,225999.572515,202206
4.5434,4.5962,4.5316,4.5923,130031.32,593336.094527,1613,93597.27,427354.450504,202206
4.5905,4.6036,4.5657,4.5693,96289.09,441709.036881,1408,58885.23,270127.734778,202206
4.5693,4.5785,4.545,4.557,56732.93,258816.429411,1065,22707.34,103611.964436,202206
4.5565,4.5703,4.5444,4.5494,40582.14,184864.907796,878,18302.13,83380.350212,202206
4.5482,4.553,4.5238,4.5301,65347.87,296436.274195,1156,27845.36,126300.018087,202206
4.5283,4.535,4.4821,4.485,275336.65,1239505.574136,2332,134138.46,603444.712042,202206
4.4834,4.4922,4.4283,4.4318,349097.82,1553580.309093,3590,175083.76,778970.375207,202206
4.4339,4.4576,4.4147,4.4458,170515.6,755994.99072,2407,74721.81,331487.807035,202206
4.4453,4.4749,4.4244,4.4455,127205.62,566590.394862,1634,67929.42,302412.909734,202206
4.4455,4.47,4.4155,4.4192,112823.23,501967.592103,1861,59579.33,265372.765126,202206
4.4198,4.4299,4.389,4.4052,124664.11,549308.035715,1881,58825.65,259250.914041,202206
4.4059,4.429,4.3945,4.4084,89850.87,396096.006545,1303,49738.01,219236.175043,202206
4.4071,4.4334,4.3861,4.4219,132754.05,585971.599536,1617,44908.72,198158.082715,202206
4.4247,4.4381,4.3901,4.4087,99145.53,437445.076801,1252,57047.18,251685.748992,202206
4.4085,4.47,4.4085,4.4567,227566.84,1013343.479461,2562,143175.21,637672.47276,202206
4.4567,4.4621,4.4425,4.4494,72415.61,322407.669475,962,39272.43,174822.926948,202206
4.4482,4.4496,4.3761,4.3845,183030.38,807733.371282,2185,70334.3,310312.551867,202206
4.3841,4.4,4.3558,4.3717,119985.32,524473.570296,1650,70563.19,308305.016378,202206
4.3725,4.4222,4.3605,4.4094,54363.28,238982.321361,1001,32621.46,143450.742999,202206
4.4078,4.4512,4.4068,4.4414,101897.31,452086.636029,1374,55156.21,244626.198706,202206
4.4421,4.4719,4.4298,4.4464,101876.45,453918.383018,1761,54843.46,244446.113092,202206
4.4464,4.4555,4.4251,4.4284,90879.16,403628.173875,1166,55949.07,248498.397971,202206
4.4275,4.4585,4.4124,4.4558,48549.89,215214.440281,957,29871.27,132392.002501,202206
4.4567,4.4669,4.4441,4.4521,65057.77,289961.843852,809,27778.98,123764.34649,202206
4.4524,4.4947,4.4474,4.4858,63948.13,286103.434721,1222,40884.4,182883.814401,202206
4.486,4.4988,4.4783,4.4934,51579.37,231346.02229,907,27560.77,123607.801585,202206
4.4924,4.5,4.4648,4.4695,61451.27,275115.660586,1030,33106.85,148255.355506,202206
4.4688,4.523,4.4503,4.5028,118400.27,530126.713688,1522,76456.06,342201.95509,202206
4.5021,4.5115,4.4845,4.4891,67601.85,304073.356829,1087,39520.28,177755.854335,202206
4.4889,4.5046,4.4851,4.5008,43800.19,196945.73287,755,26267.32,118097.324172,202206
4.5009,4.5009,4.4628,4.4672,46455.32,207828.6345,846,25550.03,114277.409511,202206
4.4672,4.4802,4.4619,4.4731,38557.02,172388.653721,665,22564.57,100903.537426,202206
4.4731,4.479,4.448,4.4545,39961.0,178264.695362,645,19049.79,84969.325299,202206
4.4548,4.4555,4.412,4.435,47396.89,210246.463664,994,22898.87,101518.734641,202206
4.4344,4.438,4.4241,4.4362,29493.57,130819.294172,464,19684.31,87322.469681,202206
4.4365,4.45,4.3953,4.398,56480.28,249484.659795,637,25755.0,113818.983341,202206
4.3999,4.4049,4.374,4.3902,58594.33,257365.988539,748,20185.84,88729.296573,202206
4.3913,4.4147,4.3912,4.4007,40667.21,179046.43353,639,28824.83,126896.48624,202206
4.4008,4.4022,4.3462,4.3492,54710.13,239173.312529,1079,16905.46,73864.516809,202206
4.3524,4.3752,4.3425,4.3751,62973.51,274192.319563,1102,28798.03,125403.70851,202206
4.3755,4.3974,4.3753,4.3904,31277.28,137275.220146,584,17181.27,75417.584976,202206
4.393,4.3977,4.3604,4.3765,40160.76,175659.360872,766,20079.56,87792.828638,202206
4.3766,4.3766,4.3275,4.3401,69655.65,302487.291553,1419,28452.21,123523.694413,202206
4.3402,4.3709,4.3402,4.3486,38251.54,166743.598302,829,15243.8,66455.769292,202206
4.3501,4.3607,4.3032,4.3161,90993.48,393680.662206,1640,36828.81,159406.71936,202206
4.3157,4.3462,4.3068,4.3119,61521.93,266121.655404,1115,27242.14,117868.402983,202206
4.3113,4.3626,4.3104,4.3626,65811.51,285565.514029,1125,29697.38,128894.622522,202206
4.3621,4.3872,4.3581,4.3751,101646.54,443931.128358,1329,58690.27,256279.808617,202206
4.3732,4.3809,4.348,4.3554,43225.44,188562.337128,801,19372.24,84529.932305,202206
4.3568,4.3952,4.3512,4.3808,62927.98,275463.850579,1087,34484.24,150956.240862,202206
4.38,4.4041,4.3628,4.3849,55245.02,242313.013642,1063,29263.7,128393.923824,202206
4.3839,4.4059,4.3769,4.3807,40308.33,177010.380801,698,19697.77,86513.132007,202206
4.3811,4.4061,4.3789,4.3861,34982.06,153576.710796,764,18606.14,81666.680624,202206
4.3852,4.4234,4.385,4.4139,47969.46,211218.763579,951,25735.93,113318.11049,202206
4.4135,4.4368,4.4033,4.4091,95998.17,424303.527826,1310,49916.52,220598.71175,202206
4.4091,4.4097,4.3683,4.3865,76546.42,335809.949946,1183,31204.23,136986.842933,202206
4.3879,4.3882,4.3615,4.3733,57315.04,250441.180978,728,32206.58,140644.348053,202206
4.3733,4.403,4.3642,4.3969,40912.92,179284.81451,658,15394.26,67540.752025,202206
4.3971,4.3999,4.3478,4.3935,44655.44,195385.570651,907,20567.41,89962.53748,202206
4.3944,4.4721,4.3901,4.4673,124405.18,551546.000058,1881,63497.01,281516.479222,202206
4.465,4.5061,4.4383,4.5017,133611.35,597113.737786,1842,82833.84,370473.37401,202206
4.5017,4.5375,4.471,4.5154,211037.05,950995.718284,2584,125801.25,567011.41579,202206
4.5166,4.57,4.5094,4.5318,207695.76,943122.24966,2578,134212.51,609700.136907,202206
4.5302,4.5358,4.5103,4.5152,98938.01,447096.378365,1088,25595.05,115715.899676,202206
4.5132,4.5141,4.4899,4.4922,50525.15,227451.455656,873,21536.74,96936.1043,202206
4.4901,4.5239,4.4731,4.4889,109231.75,491089.73155,1590,62093.96,279220.193344,202206
4.4914,4.5323,4.4876,4.5279,47421.4,213502.696797,997,23685.42,106649.914334,202206
4.528,4.5999,4.5251,4.5981,196416.22,898086.065397,2688,117750.55,538343.999819,202206
4.5975,4.6602,4.5591,4.5683,277262.76,1277941.283892,3508,163822.99,755553.729121,202206
4.5675,4.5728,4.5301,4.5467,136275.47,619684.660537,1413,76625.75,348439.075959,202206
4.5467,4.5876,4.5317,4.5867,119922.89,547002.657648,1391,59402.27,271186.22403,202206
4.5858,4.5905,4.4771,4.4977,123141.22,556505.425606,2134,45974.37,207712.521227,202206
4.4988,4.5156,4.4882,4.5031,64180.44,289042.883003,1139,31643.17,142526.504116,202206
4.5032,4.5078,4.4638,4.4704,54494.84,244646.613559,1065,25695.26,115432.037002,202206
4.4713,4.5389,4.4671,4.5339,84022.65,378651.254176,1556,39001.51,175833.705226,202206
4.5336,4.5662,4.5104,4.5185,84382.44,382739.849685,1696,42662.1,193503.112329,202206
4.517,4.5482,4.513,4.5403,79110.23,358534.387488,1249,36897.46,167207.040198,202206
4.5399,4.5818,4.5035,4.5067,104537.87,474719.524407,1913,54820.7,248907.271373,202206
4.5086,4.5152,4.4851,4.4949,73701.6,331454.412951,1212,28350.71,127517.90149,202206
4.495,4.5648,4.4928,4.5488,106625.74,482844.883428,1523,43606.49,197401.011436,202206
4.5503,4.6162,4.544,4.6027,136457.6,625374.98041,1933,54192.07,248452.402853,202206
4.6017,4.6467,4.5784,4.6462,141473.05,652037.519474,1848,66801.53,307694.215713,202206
4.6463,4.6501,4.5756,4.5846,99536.99,459173.959463,1505,59788.81,276170.143975,202206
4.5845,4.6015,4.558,4.5705,59476.1,272517.980655,1043,27285.47,125067.027441,202206
4.5712,4.5723,4.5401,4.5461,73276.38,333507.282664,1043,28648.66,130442.628875,202206
4.5455,4.5455,4.4974,4.5028,63048.94,284923.220857,1088,31603.96,142787.096138,202206
4.5042,4.5481,4.4933,4.5392,65569.01,296683.079172,1163,45292.66,204987.335571,202206
4.5409,4.564,4.5307,4.5465,62634.77,284476.699099,990,38862.84,176535.959698,202206
4.5465,4.5944,4.5378,4.5766,66746.41,304834.710625,1196,40926.31,186850.413462,202206
4.5765,4.5897,4.5449,4.5465,60356.4,275966.044154,913,37722.69,172532.637545,202206
4.5458,4.5482,4.5108,4.5305,82006.99,371162.660006,1473,40958.54,185355.733279,202206
4.533,4.537,4.5196,4.5208,65854.08,298058.426331,845,19688.3,89115.161118,202206
4.5205,4.568,4.515,4.5656,53596.52,243368.007871,1023,30381.52,138004.424495,202206
4.5668,4.5896,4.5208,4.5659,101725.33,462709.066561,1642,38832.36,176620.230978,202206
4.5651,4.625,4.5505,4.595,85153.42,390741.67484,1626,38577.61,176785.825861,202206
4.5948,4.6435,4.5551,4.5852,278548.06,1280987.980601,3428,144505.33,663787.853557,202206
4.5858,4.5919,4.5633,4.5677,87171.85,398997.991884,1649,49923.2,228515.555742,202206
4.5676,4.58,4.5452,4.5775,82093.76,374500.434454,1595,33369.59,152260.211132,202206
4.5776,4.5965,4.5596,4.5602,58150.46,266492.99748,1044,30211.24,138458.541618,202206
4.5601,4.6158,4.557,4.6128,53842.23,247492.096971,963,27599.14,126824.437619,202206
4.6122,4.619,4.5846,4.6016,83719.53,385440.69093,1069,33409.35,153769.819292,202206
4.5985,4.6111,4.5553,4.6082,63672.66,292169.758478,1174,38880.59,178370.336354,202206
4.6071,4.6074,4.5292,4.5639,104680.49,476437.460726,1659,47070.81,214327.412591,202206
4.5635,4.6011,4.5446,4.5852,74499.06,341020.810537,1386,46075.5,210931.407731,202206
4.5855,4.6023,4.5444,4.5445,71139.07,325616.901473,1201,39666.78,181569.979165,202206
4.5451,4.5602,4.513,4.5282,87460.21,396580.364055,1268,55349.65,250965.739003,202206
4.5287,4.5287,4.4828,4.4927,125959.83,566549.978456,1610,50839.53,228730.451543,202206
4.4923,4.4988,4.4638,4.4939,76323.92,341846.713744,1251,39071.66,174993.16505,202206
4.4948,4.5152,4.4844,4.5091,40212.66,180876.318416,787,21241.33,95534.147425,202206
4.5122,4.5485,4.5122,4.5433,50240.68,227653.903576,951,29128.17,131954.740383,202206
4.5437,4.5612,4.5299,4.5553,51797.63,235682.60358,1009,30073.57,136849.952042,202206
4.555,4.62,4.554,4.6174,96804.27,443542.105658,1639,58335.61,267400.701982,202206
4.62,4.62,4.5921,4.5963,106661.25,491242.360843,991,27474.37,126579.338606,202206
4.5962,4.6,4.5758,4.5806,48568.98,222802.658827,651,26188.86,120126.578165,202206
4.5809,4.6325,4.5771,4.6061,97627.13,450693.883378,1251,68506.05,316461.641477,202206
4.6058,4.6079,4.5573,4.5649,75034.16,343889.561439,1109,23263.06,106585.520023,202206
4.5649,4.6031,4.5583,4.5648,73291.84,336212.415778,956,52943.37,243014.883048,202206
4.5652,4.5732,4.5593,4.5596,46081.92,210270.820945,582,19103.99,87186.241995,202206
4.5594,4.5594,4.5327,4.5386,53220.6,241723.718028,871,24340.55,110575.892427,202206
4.5395,4.5456,4.504,4.505,56012.06,253527.539616,1076,26720.93,120927.552999,202206
4.5049,4.5276,4.4935,4.5192,52735.08,237700.289101,969,22670.34,102234.49119,202206
4.5191,4.5287,4.5068,4.5229,40393.18,182445.380362,633,16642.38,75175.95133,202206
4.5226,4.5672,4.5079,4.5597,57692.78,262034.927447,910,32188.8,146214.990592,202206
4.5586,4.5819,4.5511,4.5749,49726.34,227311.715407,864,25041.89,114437.246326,202206
4.5747,4.5945,4.5671,4.5784,72898.83,334239.888096,1058,33624.9,154224.415153,202206
4.5802,4.6269,4.5798,4.6266,168340.6,775289.428612,1946,66569.17,306619.786908,202206
4.6269,4.628,4.6035,4.6058,50592.45,233465.367086,856,24905.35,114929.091605,202206
4.6087,4.7067,4.6086,4.6879,211462.76,984381.909179,2570,125661.94,584702.491857,202206
4.6887,4.75,4.6841,4.7433,308030.41,1452423.46039,3306,165861.22,782780.621673,202206
4.7433,4.8,4.737,4.7509,357517.8,1706344.899886,4173,176582.98,842725.931537,202206
4.7511,4.7641,4.717,4.7436,188618.49,894036.984054,2222,88112.64,417584.672999,202206
4.7436,4.7859,4.7371,4.7582,102539.32,487601.328428,1744,58030.15,275952.262067,202206
4.7576,4.796,4.7426,4.7672,142839.81,681614.590961,2364,84731.03,404316.310764,202206
4.7681,4.8,4.7178,4.7178,224686.99,1071300.244462,2876,119808.37,571756.306021,202206
4.7198,4.7637,4.7141,4.7637,79043.56,374196.010226,1356,38397.59,181706.076369,202206
4.7647,4.782,4.75,4.7521,208155.56,990277.126173,2497,76202.06,362678.078293,202206
4.7512,4.7986,4.75,4.7969,119074.55,567043.022708,1538,49446.04,235391.906226,202206
4.7983,4.8182,4.7607,4.8097,146852.57,703799.169204,2274,84827.14,406596.86977,202206
4.8106,4.86,4.7711,4.8331,227162.82,1096813.138894,3961,117084.58,565167.286786,202206
4.8311,4.8427,4.8057,4.8344,149003.88,718673.85891,2030,74400.42,358841.974032,202206
4.8338,4.8488,4.7955,4.8069,140423.41,675652.083967,1868,56564.43,272229.187109,202206
4.8086,4.8392,4.783,4.8375,116963.51,562398.053256,1746,57930.98,278426.353716,202206
4.8387,4.8486,4.8186,4.8219,102965.05,497775.165849,1419,57629.76,278632.166579,202206
4.8209,4.8253,4.8,4.8039,67438.65,324782.060057,963,32374.51,155875.879233,202206
4.8038,4.8133,4.7968,4.8046,56773.36,272718.053297,759,26653.98,128040.13388,202206
4.8041,4.83,4.7931,4.8275,68188.59,328249.204946,922,41810.72,201300.779371,202206
4.8262,4.8275,4.806,4.8215,47940.46,230993.416624,651,17454.8,84109.10408,202206
4.8221,4.8245,4.7924,4.7995,57013.7,273844.343941,723,26508.14,127278.001224,202206
4.7988,4.8271,4.7903,4.8271,47313.4,227618.337124,739,22519.94,108283.935662,202206
4.8259,4.8489,4.771,4.7871,156064.68,750372.499365,2000,76565.5,368637.673677,202206
4.7871,4.7871,4.75,4.7635,202166.16,964389.146949,1677,64937.98,309902.139526,202206
4.7635,4.7673,4.7369,4.7637,78395.87,372951.696449,1132,42505.77,202232.434344,202206
4.7649,4.7725,4.7318,4.7531,156872.19,746131.410955,1683,38479.35,183146.335059,202206
4.7525,4.7639,4.7462,4.76,58979.82,280436.765621,1001,25421.89,120887.395691,202206
4.7604,4.7765,4.757,4.7668,78683.67,375161.823809,1008,47195.88,225046.317055,202206
4.7668,4.767,4.7093,4.7564,135818.01,643066.878245,1642,38995.36,184748.811321,202206
4.7577,4.7618,4.7137,4.714,60942.57,288697.21217,879,24910.5,118041.04491,202206
4.7166,4.7309,4.7137,4.7158,48838.26,230670.288729,616,18878.35,89182.135886,202206
4.716,4.7181,4.6935,4.7014,47458.04,223340.19302,848,18840.94,88636.781835,202206
4.7034,4.7204,4.7029,4.7103,46162.56,217328.255109,778,23227.29,109366.3661,202206
4.7118,4.7132,4.6567,4.6957,105827.35,495344.011792,1651,46697.18,218662.141082,202206
4.6961,4.725,4.6589,4.7132,91474.9,429303.570846,1434,54182.44,254334.470139,202206
4.713,4.774,4.712,4.7617,69785.73,330790.344579,1370,38938.64,184596.271434,202206
4.7634,4.7855,4.7506,4.7519,85936.79,409372.954437,1247,42782.21,203731.39577,202206
4.7519,4.7782,4.7116,4.7255,55002.43,261062.723616,990,23102.86,109655.126901,202206
4.7255,4.7838,4.72,4.769,65227.82,310011.170022,1136,34283.81,162835.365541,202206
4.7678,4.7708,4.7262,4.7269,31208.71,148040.878948,679,12322.04,58473.960547,202206
4.7269,4.7814,4.7201,4.7607,77467.63,367972.233515,1204,41107.68,195222.222848,202206
4.7613,4.7898,4.7499,4.769,101385.46,483493.798504,1636,55691.94,265605.771221,202206
4.7694,4.79,4.7626,4.7707,78855.77,376694.957417,1235,40923.42,195490.333605,202206
4.7725,4.7776,4.7463,4.7481,44865.26,213402.849979,878,20800.27,98947.787384,202206
4.7478,4.7795,4.7462,4.7745,51392.38,244995.569318,767,23402.0,111528.489787,202206
4.7735,4.8169,4.7635,4.7881,89145.56,427254.946227,1488,48794.3,233933.946568,202206
4.788,4.7996,4.7443,4.7502,75812.63,362079.008072,1302,28339.22,135297.022195,202206
4.7485,4.8121,4.7468,4.7981,61232.16,293182.81268,1153,31583.04,151160.092104,202206
4.7954,4.8007,4.7558,4.7571,47983.87,229121.653982,937,20070.39,95825.057474,202206
4.7579,4.7632,4.75,4.7573,31534.03,149973.075864,578,15163.55,72124.178273,202206
4.7561,4.7561,4.7182,4.7281,88586.9,419896.49708,1304,36484.35,172805.09856,202206
4.7264,4.7283,4.68,4.6926,131742.97,618899.419671,1606,45297.49,212825.123098,202206
4.694,4.7219,4.686,4.7189,56341.66,264714.4563,900,29146.28,136935.849312,202206
4.7179,4.7239,4.7,4.7019,58538.08,275700.060062,809,20797.45,97947.038591,202206
4.701,4.706,4.661,4.6617,86985.51,407216.031463,1341,38598.25,180533.568593,202206
4.6618,4.7076,4.6618,4.7023,94615.57,444053.365251,1285,47557.62,223110.99727,202206
4.7034,4.7073,4.6819,4.6959,52664.96,247432.828659,932,26627.23,125088.750213,202206
4.6963,4.7,4.6831,4.693,38982.26,183007.199363,609,20269.04,95148.851538,202206
4.6929,4.7084,4.6355,4.643,115303.55,538272.644803,1357,47529.12,221806.980888,202206
4.6438,4.6572,4.6305,4.6451,97075.39,450680.943897,1158,40617.88,188648.722327,202206
4.6444,4.6463,4.6325,4.6378,59018.77,273894.707347,861,24878.53,115447.708846,202206
4.6378,4.6499,4.6328,4.642,65467.97,304005.191507,808,29355.9,136319.25825,202206
4.6436,4.6438,4.5932,4.621,151705.03,700239.588883,1858,83142.88,383776.084878,202206
4.6235,4.65,4.6091,4.65,61637.4,285322.028101,1212,29313.23,135698.10614,202206
4.6475,4.6704,4.6391,4.6615,80331.85,374030.670344,1059,35904.42,167088.723986,202206
4.6628,4.6923,4.6619,4.679,63375.91,296677.854398,990,36429.64,170549.889846,202206
4.679,4.7001,4.6781,4.6819,64336.59,301681.98038,849,35816.45,167911.91333,202206
4.68,4.6979,4.678,4.6836,96612.5,452538.529808,921,61919.55,289983.384626,202206
4.6836,4.6927,4.6629,4.6856,122809.92,574579.271287,1144,28811.71,134797.46295,202206
4.6864,4.693,4.668,4.6853,41872.18,195954.333226,550,16199.61,75819.535037,202206
4.6846,4.6902,4.6645,4.6818,38846.47,181831.990628,620,22103.39,103485.015645,202206
4.6803,4.6923,4.6268,4.6373,62955.51,293452.320548,1040,27352.87,127406.73371,202206
4.6367,4.6769,4.6279,4.6552,71376.84,331983.659465,1040,42198.65,196096.664461,202206
4.6546,4.6583,4.6063,4.6208,62414.65,288666.530935,1025,30299.23,140151.258759,202206
4.6205,4.63,4.59,4.602,139479.16,641413.026078,1610,59574.52,274106.684708,202206
4.6015,4.6016,4.5555,4.5581,91324.47,417501.415703,1494,41189.34,188208.313614,202206
4.5568,4.5792,4.5382,4.5719,126053.57,574428.522694,1780,65067.35,296574.126225,202206
4.5716,4.5744,4.5418,4.5505,78683.74,358463.649782,1265,32763.96,149265.852924,202206
4.5522,4.555,4.5263,4.5322,102863.47,467058.53205,1330,37071.29,168304.995458,202206
4.5298,4.5491,4.52,4.5403,139908.12,634395.860084,1560,50514.81,229123.68257,202206
4.5391,4.5423,4.5064,4.5127,111699.62,504841.830377,1341,40453.8,182723.018822,202206
4.5121,4.5288,4.5083,4.5194,62129.99,280692.165669,886,37457.51,169236.789015,202206
4.5204,4.5386,4.5136,4.5136,71515.35,323773.36015,902,39793.5,180192.932705,202206
4.5144,4.5159,4.4719,4.4842,184214.5,827007.484679,1683,54381.61,244170.478432,202206
4.4842,4.5088,4.4672,4.5086,139401.4,625225.170154,1413,55817.11,250468.371283,202206
4.5101,4.5481,4.49,4.5226,164501.37,743013.037153,1962,69376.52,313544.828667,202206
4.5243,4.553,4.5026,4.516,133359.61,603910.755422,1605,75185.42,340585.134665,202206
4.5146,4.5171,4.488,4.5008,75025.19,337535.301138,1032,37018.33,166547.508128,202206
4.5008,4.5399,4.4981,4.5303,78109.52,352995.821548,1189,40631.67,183701.139484,202206
4.5302,4.5416,4.5115,4.5194,49948.56,225790.031999,810,26245.31,118614.492423,202206
4.5182,4.5392,4.5148,4.5342,85712.86,388300.740862,797,68311.51,309526.107317,202206
4.5333,4.5603,4.5182,4.5554,99983.32,453983.273758,1267,52464.96,238209.854027,202206
4.5555,4.5879,4.5521,4.5758,121484.94,555680.737645,1349,81393.47,372416.929856,202206
4.5747,4.5747,4.56,4.5663,42802.44,195436.648898,590,26016.12,118791.464813,202206
4.5655,4.5782,4.5453,4.5473,35896.4,163845.505501,675,19467.07,88843.56392,202206
4.5456,4.5497,4.5209,4.5274,76339.22,346358.927638,848,30641.12,139119.026846,202206
4.5267,4.5488,4.5165,4.5479,33121.97,150110.632202,551,20605.57,93330.162307,202206
4.5479,4.615,4.507,4.586,108191.24,494253.895369,1553,67146.04,306828.262542,202206
4.5841,4.6263,4.57,4.59,104844.53,482444.242848,1138,60080.6,276673.602145,202206
4.5905,4.6154,4.5857,4.5979,66572.68,306113.880387,836,35785.24,164597.895913,202206
4.5985,4.699,4.5907,4.6982,216053.35,1004370.242314,2645,145754.45,677558.383052,202206
4.6972,4.7257,4.67,4.6886,252085.49,1185819.197726,2918,140262.82,659803.186074,202206
4.6906,4.7544,4.6865,4.7319,304740.59,1438373.433307,3273,133162.3,628401.751604,202206
4.7333,4.7519,4.7053,4.7329,130879.12,618418.284333,2048,63632.7,300741.555238,202206
4.7325,4.735,4.7085,4.7254,189395.76,893567.780186,2006,97290.98,458915.045555,202206
4.7261,4.7771,4.7147,4.7479,190920.76,905413.768862,2296,94645.69,448891.242607,202206
4.7479,4.77,4.7165,4.7385,115862.72,549037.502597,1652,61882.74,293264.315123,202206
4.738,4.7522,4.6966,4.6972,127981.98,604726.334566,1479,46033.02,217660.764083,202206
4.6964,4.723,4.6904,4.6985,88553.04,416774.075452,1115,50674.69,238568.199875,202206
4.6987,4.7095,4.6717,4.7056,124421.75,583871.756444,1324,61945.14,290778.512616,202206
4.704,4.7212,4.6946,4.7046,100309.09,471809.318806,1115,28854.47,135792.240497,202206
4.7022,4.7079,4.6748,4.6832,49262.95,231018.568997,703,23264.12,109107.451281,202206
4.6838,4.7163,4.666,4.7,112483.82,527446.278028,1475,50214.61,235653.362673,202206
4.7,4.723,4.6846,4.718,74907.67,352430.837799,944,45391.75,213617.939855,202206
4.7171,4.7655,4.7067,4.7122,100538.14,475786.656776,1485,48621.67,230087.545024,202206
4.7141,4.7581,4.6969,4.7364,136833.14,647347.57449,1861,86430.59,408840.006067,202206
4.7364,4.75,4.7001,4.7123,99476.33,470659.413572,1270,50908.31,240986.365336,202206
4.7124,4.7258,4.7012,4.7155,63717.66,300483.374239,692,28798.81,135839.080568,202206
4.7149,4.7175,4.6876,4.6981,72318.23,340036.380535,952,22992.4,108107.635868,202206
4.6965,4.6994,4.6579,4.6674,69949.3,327185.198984,874,24115.24,112879.844647,202206
4.6674,4.6698,4.6004,4.626,273339.03,1263939.912161,2009,78346.55,362191.573942,202206
4.6259,4.6348,4.6028,4.6046,81474.57,376551.65394,979,35629.88,164552.408056,202206
4.6065,4.6129,4.5852,4.5908,66608.74,306395.012722,1052,32855.02,151121.516801,202206
4.5908,4.6345,4.5853,4.6286,63409.73,292405.693372,937,35338.83,163057.718719,202206
4.6286,4.6723,4.628,4.661,95657.85,444337.520553,1304,54391.45,252644.123511,202206
4.6602,4.6696,4.6079,4.6079,55880.07,259323.155177,901,27885.88,129581.598298,202206
4.6081,4.6281,4.5836,4.6259,87660.99,403493.999957,1312,39814.69,183315.398288,202206
4.6245,4.6275,4.5895,4.6082,81723.19,376432.737876,1140,39611.95,182430.97322,202206
4.6065,4.6121,4.575,4.5776,49441.86,227204.866472,743,22695.38,104313.207405,202206
4.578,4.5989,4.5748,4.5815,39788.42,182461.828977,582,20481.51,93921.910617,202206
4.5809,4.5977,4.5662,4.5773,54380.19,249141.740357,778,30362.17,139078.279742,202206
4.5768,4.5837,4.549,4.5522,110909.8,506152.533637,1060,61387.58,280406.477134,202206
4.5524,4.5624,4.5338,4.5558,52205.71,237261.38743,783,27074.71,123032.126171,202206
4.5557,4.6074,4.5557,4.6034,86308.86,395881.286632,1122,52264.53,239694.646012,202206
4.6041,4.6343,4.6004,4.6166,70655.2,325979.26604,1007,38289.33,176590.986335,202206
4.6159,4.6344,4.612,4.6302,50917.05,235400.666172,751,24588.24,113688.163903,202206
4.6294,4.6535,4.6283,4.6445,76696.2,356026.187165,1088,41912.86,194538.94559,202206
4.6454,4.65,4.633,4.6389,65087.08,302249.86209,828,38518.45,178914.327569,202206
4.6387,4.649,4.6279,4.6436,29123.64,135036.459498,479,11636.05,53946.745862,202206
4.6436,4.6625,4.6167,4.629,77586.19,359569.117277,977,38801.86,179815.159028,202206
4.6284,4.6292,4.6056,4.6117,47857.16,220889.078852,665,18355.6,84721.060357,202206
4.6116,4.6325,4.6116,4.622,27298.82,126196.23592,430,15748.42,72794.0537,202206
4.6226,4.6489,4.613,4.6259,55317.3,255984.308817,825,27585.3,127639.190576,202206
4.6252,4.6422,4.6106,4.6191,54019.78,250004.515357,720,34121.49,157911.101377,202206
4.6193,4.6207,4.5994,4.6117,58117.05,267915.002943,610,26024.7,120027.687847,202206
4.6117,4.6262,4.6051,4.6061,29660.56,136863.46275,408,10416.35,48079.132493,202206
4.6071,4.6321,4.605,4.6261,30445.39,140602.425976,435,19964.97,92186.619952,202206
4.6282,4.6282,4.6001,4.6009,16792.0,77505.931139,334,7836.24,36165.234727,202206
4.6023,4.6212,4.5678,4.5717,90333.11,414634.106365,977,51221.49,235133.82026,202206
4.5737,4.5759,4.5168,4.521,86882.3,394537.514191,1408,36096.76,163979.456837,202206
4.5219,4.5585,4.5219,4.5483,57930.33,263366.202519,800,28234.57,128296.191998,202206
4.5474,4.5508,4.512,4.5204,120532.84,545888.943175,1259,53196.5,240827.749413,202206
4.5229,4.5351,4.4993,4.5058,56005.63,252768.309165,1017,29244.18,131984.044491,202206
4.5022,4.5027,4.4776,4.4887,115107.61,516432.57769,1154,34535.57,154958.032789,202206
4.4887,4.503,4.4782,4.4927,75510.42,338846.499252,1224,38779.99,174024.438902,202206
4.4899,4.4954,4.4731,4.491,45913.98,205896.538875,767,21140.6,94785.549029,202206
4.4882,4.4957,4.4734,4.4778,61139.65,274353.152962,798,27237.43,122196.067993,202206
4.4776,4.5,4.4769,4.4842,45838.23,205632.758226,814,21641.04,97079.719527,202206
4.4835,4.5117,4.4808,4.4976,57685.36,259568.926665,909,34407.27,154813.867763,202206
4.4953,4.5044,4.4825,4.5044,76200.89,342173.705068,1061,43652.02,196006.48209,202206
4.5047,4.5092,4.4637,4.4786,78026.78,349551.97851,1162,41257.77,184792.618269,202206
4.476,4.476,4.4357,4.4532,118128.31,526343.955893,1610,52356.52,233315.519948,202206
4.4535,4.4606,4.4477,4.4598,44530.65,198360.883448,654,20075.43,89433.742493,202206
4.4599,4.4756,4.4544,4.471,60405.57,269719.31585,866,31995.19,142913.766138,202206
4.4713,4.4753,4.4539,4.456,53548.11,239076.044443,866,31054.99,138646.934701,202206
4.4565,4.4602,4.4272,4.431,64243.44,285186.063865,1046,28658.6,127240.927082,202206
4.4315,4.4549,4.4269,4.4326,61117.46,271339.286341,985,35605.7,158067.911626,202206
4.4326,4.4578,4.4266,4.4289,65005.88,288753.883945,1083,37637.82,167157.615209,202206
4.4317,4.4412,4.4267,4.4315,53983.57,239341.152556,849,26449.84,117272.310675,202206
4.4309,4.4393,4.4289,4.4361,51071.23,226426.310982,755,26984.27,119631.919727,202206
4.4361,4.47,4.4313,4.4556,49224.16,219012.883066,850,27329.84,121589.77138,202206
4.4548,4.4548,4.4403,4.4427,38048.4,169212.961306,644,20281.07,90198.866469,202206
4.4437,4.4669,4.4397,4.4647,41139.2,183082.416767,782,21756.15,96832.294787,202206
4.4647,4.5149,4.4557,4.4954,96435.6,433442.592551,1506,52195.33,234585.458902,202206
4.4947,4.4977,4.4657,4.4757,61652.9,275893.139459,992,38797.98,173624.412231,202206
4.476,4.476,4.3948,4.3985,182885.47,808205.340863,2543,82447.4,364443.3305,202206
4.4004,4.4057,4.3504,4.3539,183384.47,801182.993172,2448,82555.77,360696.093217,202206
4.3541,4.364,4.339,4.3455,97020.22,421991.068037,1611,41539.53,180663.807226,202206
4.3448,4.3911,4.3371,4.356,155537.64,679421.64188,1625,108816.64,475398.458282,202206
4.356,4.3673,4.3309,4.3385,59266.82,257734.383773,938,19638.59,85455.965189,202206
4.3401,4.3611,4.3231,4.3327,103921.08,450649.569786,1677,46271.08,200667.865241,202206
4.3346,4.3529,4.3224,4.327,60570.83,262708.254659,1042,29330.08,127208.085804,202206
4.3263,4.3478,4.3225,4.3473,39419.02,170844.42376,740,23959.29,103858.548835,202206
4.3442,4.3534,4.3326,4.3394,49256.63,213927.836138,781,26407.9,114650.729006,202206
4.3394,4.3512,4.3295,4.3469,39351.87,170861.993678,684,20539.11,89169.526523,202206
4.3459,4.3647,4.3431,4.347,63896.99,278076.132885,904,28248.41,122942.257358,202206
4.3475,4.379,4.3471,4.3747,43108.35,188293.753603,733,25005.66,109214.135143,202206
4.374,4.374,4.3456,4.3545,60681.64,264456.921324,745,21986.08,95809.644185,202206
4.3544,4.3669,4.3509,4.3632,22289.17,97183.286911,369,12029.73,52439.809081,202206
4.3601,4.3699,4.354,4.3677,25719.66,112190.416593,346,13363.28,58275.714435,202206
4.3664,4.3801,4.3597,4.3745,33359.19,145796.708824,487,18421.61,80502.544586,202206
4.3757,4.3891,4.3701,4.3835,38381.19,168130.252374,525,25060.76,109772.60015,202206
4.3832,4.4025,4.3709,4.4019,35463.83,155609.63608,462,19445.95,85274.15752,202206
4.4016,4.4293,4.398,4.4252,82814.31,365494.034905,828,39774.41,175527.571911,202206
4.4251,4.4383,4.4155,4.4311,57430.54,254025.961149,696,27628.68,122197.322451,202206
4.4311,4.436,4.4288,4.4324,37248.35,165170.349398,363,22427.43,99447.038218,202206
4.4324,4.4369,4.4281,4.4368,23054.95,102146.176904,204,14890.46,65974.183023,202206
4.4375,4.4442,4.42,4.4201,31713.75,140441.906903,307,8087.62,35844.470237,202206
4.42,4.4201,4.3751,4.3784,24112.25,106175.613151,384,6796.41,29882.603221,202206
4.3783,4.408,4.3769,4.396,22525.67,98960.002873,316,16983.87,74614.012206,202206
4.3962,4.3973,4.3861,4.3905,7260.61,31894.45612,140,3351.44,14722.6955,202206
4.39,4.4338,4.3884,4.4043,48373.99,213872.201261,581,25903.74,114555.513381,202206
4.4043,4.4133,4.3807,4.3976,43290.07,190344.695823,649,21387.83,94016.212581,202206
4.3977,4.4164,4.3787,4.3899,26884.02,118064.756167,442,15670.95,68787.608734,202206
4.3885,4.3899,4.3588,4.3601,40921.93,178806.796457,554,16319.25,71283.884794,202206
4.3602,4.378,4.3545,4.3707,30523.79,133264.562522,467,15918.62,69501.368266,202206
4.3702,4.3829,4.3588,4.38,17261.75,75440.721142,347,9824.92,42929.174567,202206
4.3803,4.3848,4.3625,4.3769,14795.83,64720.47486,296,7219.83,31569.309093,202206
4.3759,4.3964,4.3654,4.3921,62035.81,271974.827152,598,45109.31,197856.144627,202206
4.392,4.4071,4.3889,4.3931,25185.74,110735.301026,389,9159.82,40270.801402,202206
4.3944,4.4229,4.3944,4.4203,26706.3,117759.752286,471,15507.46,68386.851646,202206
4.4189,4.428,4.405,4.4134,25384.86,112015.3031,429,13711.16,60482.46521,202206
4.4145,4.4346,4.4089,4.4187,26017.94,114989.045299,454,14295.04,63178.410652,202206
4.4186,4.458,4.4186,4.4499,97147.69,431340.847565,981,38432.25,170720.272132,202206
4.4494,4.4588,4.4375,4.4415,30490.18,135558.18309,467,19442.4,86419.059127,202206
4.4431,4.4534,4.4391,4.4472,24090.24,107135.58683,364,15421.05,68579.859123,202206
4.4476,4.4563,4.4438,4.4545,16227.52,72224.183546,299,8321.87,37035.438314,202206
4.4546,4.4878,4.4515,4.4727,88654.2,396435.587511,895,40705.15,181841.248064,202206
4.4727,4.4727,4.3845,4.4023,89024.86,393645.996113,1136,34203.64,151164.784305,202206
4.4005,4.4073,4.349,4.3678,71450.35,312245.768206,1158,31357.97,137011.112672,202206
4.3678,4.3954,4.3494,4.3755,56815.55,248669.434005,938,34170.06,149547.604823,202206
4.3754,4.3872,4.3668,4.3678,26201.72,114711.640399,449,11966.97,52401.151245,202206
4.3654,4.385,4.3433,4.3586,54428.25,237219.537798,704,26461.71,115331.075983,202206
4.3561,4.3911,4.3376,4.3889,48226.48,210616.416494,771,26331.27,114998.083272,202206
4.3885,4.4031,4.3704,4.3825,25664.8,112477.440798,507,13675.38,59926.690957,202206
4.3835,4.406,4.3686,4.3973,31212.05,136859.584962,502,16656.53,73033.454017,202206
4.4002,4.4055,4.3563,4.368,32840.14,143790.003379,597,18095.38,79260.579423,202206
4.3693,4.3758,4.3094,4.3423,73458.69,318366.927538,1222,31540.76,136675.167389,202206
4.3423,4.36,4.247,4.2624,257748.23,1105373.151897,2852,87169.21,373792.787441,202206
4.2644,4.2893,4.2406,4.2829,133724.08,570750.798892,1626,69823.31,298366.132825,202206
4.2839,4.2985,4.2751,4.2751,53345.64,228617.018459,742,21861.38,93730.710793,202206
4.2764,4.2965,4.2743,4.2898,46700.81,200136.459355,645,29945.25,128367.266572,202206
4.2892,4.3249,4.2844,4.295,61531.8,264822.819081,875,31927.49,137467.130897,202206
4.2947,4.3257,4.2933,4.3116,34424.84,148459.171572,694,17660.17,76146.4118,202206
4.3115,4.3432,4.3084,4.3242,48991.23,211884.351975,782,24370.97,105411.859547,202206
4.3249,4.3326,4.2946,4.2986,50365.63,217124.331948,796,24249.79,104548.794726,202206
4.2986,4.2997,4.2731,4.2905,39873.15,170985.1765,654,17924.29,76864.757226,202206
4.2906,4.3015,4.2871,4.2896,43891.15,188450.191973,626,17669.4,75867.088316,202206
4.2892,4.2968,4.2595,4.2771,70029.76,299660.154088,865,30512.99,130634.886369,202206
4.2776,4.3141,4.2701,4.3005,77356.28,332566.883074,957,55256.61,237563.665046,202206
4.3008,4.3132,4.2955,4.3018,31790.24,136838.086573,565,15604.61,67162.859294,202206
4.3018,4.3128,4.2964,4.3067,25175.78,108415.540239,469,12955.51,55781.981251,202206
4.3089,4.3106,4.2993,4.3037,19877.64,85581.606907,417,11381.57,49004.161593,202206
4.3037,4.3182,4.2768,4.2936,27894.6,119800.650947,663,12524.77,53800.905926,202206
4.2962,4.3278,4.2948,4.3171,60966.43,263181.91347,687,24509.87,105732.126601,202206
4.3175,4.327,4.3103,4.3253,21119.27,91241.405708,434,12952.32,55951.860848,202206
4.3261,4.335,4.2967,4.2987,33781.95,145927.281119,657,15997.97,69072.366545,202206
4.2987,4.3022,4.2568,4.2755,41210.98,176303.389278,785,19273.41,82445.908686,202206
4.2771,4.279,4.2093,4.2106,84436.08,358285.371229,1204,27965.22,118714.624739,202206
4.2106,4.2203,4.1716,4.1741,193617.4,812575.384571,2081,94189.91,395388.125589,202206
4.1744,4.1974,4.151,4.1748,128805.61,537520.100151,1926,62701.24,261812.513191,202206
4.1749,4.185,4.149,4.1551,104139.09,434116.135993,1214,58594.57,244408.373315,202206
4.1555,4.1653,4.1447,4.1574,66363.48,275638.297619,1115,40716.15,169127.72494,202206
4.1564,4.1626,4.1359,4.1359,80080.28,332280.297531,1187,32943.23,136705.742947,202206
4.1354,4.147,4.117,4.1428,205826.61,851013.50089,1869,96045.03,397079.662087,202206
4.1428,4.1676,4.1392,4.1638,77731.38,323063.745092,1297,50420.54,209548.035286,202206
4.1635,4.1764,4.157,4.1638,87018.67,362326.761673,1125,39963.95,166400.327682,202206
4.1625,4.1959,4.159,4.1876,111481.66,465633.250728,1354,47248.26,197137.466954,202206
4.1859,4.1998,4.1827,4.1926,53930.64,226107.031397,951,43526.3,182491.267754,202206
4.1917,4.2105,4.1872,4.2008,57304.07,240776.543306,1121,37609.71,158005.827806,202206
4.1992,4.2089,4.1748,4.1998,53326.66,223688.179204,1053,31860.72,133664.625733,202206
4.1988,4.2059,4.1848,4.198,51516.39,216200.557453,855,32028.22,134435.955372,202206
4.1989,4.2268,4.192,4.2236,30468.31,128197.310204,667,15617.19,65715.063013,202206
4.2214,4.2417,4.2187,4.2351,62733.71,265589.526596,911,41310.57,174879.881517,202206
4.2354,4.2478,4.203,4.2149,181464.66,765414.189771,1469,78246.81,329889.989649,202206
4.2159,4.2262,4.2101,4.2188,23082.99,97363.911812,470,12876.0,54298.69211,202206
4.2173,4.2184,4.2024,4.2029,47630.51,200513.337124,506,27037.29,113790.107681,202206
4.2033,4.2201,4.1932,4.2,42167.76,177309.741356,658,27035.3,113663.986938,202206
4.2,4.2088,4.1753,4.1991,33041.72,138525.010117,713,13345.67,55968.177136,202206
4.1984,4.1986,4.1755,4.1787,27917.71,116887.710967,595,9961.5,41694.246685,202206
4.1781,4.1795,4.1423,4.1643,45401.96,188827.16023,926,20174.87,83889.57462,202206
4.1635,4.1653,4.1218,4.1237,106838.12,441962.180082,1380,28363.92,117463.756009,202206
4.123,4.1319,4.1193,4.1217,51662.06,213157.240706,727,31249.21,128931.599027,202206
4.1222,4.1233,4.104,4.1079,79911.51,328556.522594,1004,27664.36,113735.925839,202206
4.1079,4.1121,4.0751,4.1016,210510.28,860831.287444,2047,106822.92,436674.233889,202206
4.1016,4.1328,4.1001,4.1328,67312.45,277252.606542,1048,46777.39,192675.068731,202206
4.1327,4.1615,4.1292,4.1575,53717.63,222468.461482,1249,35951.61,148901.871182,202206
4.1556,4.1613,4.1363,4.1493,78081.98,323730.447037,1305,37980.65,157458.354281,202206
4.1476,4.1535,4.1376,4.1454,50573.48,209676.931082,946,32225.44,133592.779373,202206
4.147,4.1572,4.135,4.1383,52022.32,215625.47783,842,31516.21,130598.932165,202206
4.1382,4.1533,4.1282,4.1319,50402.75,208860.101649,656,23627.32,97910.419274,202206
4.1317,4.1317,4.1029,4.1062,50832.11,209149.103509,715,22300.2,91739.027554,202206
4.1061,4.143,4.0913,4.1411,63800.54,262362.781024,910,35643.01,146658.25171,202206
4.1409,4.168,4.1336,4.1598,44147.29,183528.675464,874,24685.63,102592.854902,202206
4.1595,4.1764,4.156,4.1625,26220.25,109225.24081,628,15600.27,64998.334699,202206
4.1617,4.1739,4.1567,4.1694,45249.48,188541.115217,687,19414.8,80892.420313,202206
4.1694,4.1953,4.1691,4.1883,84036.31,351856.879907,927,42765.97,179024.395403,202206
4.1884,4.2167,4.1879,4.1914,63633.7,267466.927733,1053,41523.83,174538.722774,202206
4.192,4.2069,4.192,4.1943,59736.32,250693.28116,558,45623.73,191435.589776,202206
4.1931,4.2119,4.193,4.2066,26461.92,111191.640718,552,16648.25,69951.672285,202206
4.2053,4.2272,4.203,4.2226,34851.74,146987.389283,770,23273.62,98153.308556,202206
4.2225,4.2253,4.2161,4.2206,28878.71,121886.465005,525,18195.53,76792.020107,202206
4.2205,4.2213,4.2032,4.208,60036.45,252836.564244,1031,20774.3,87512.350206,202206
4.2079,4.2081,4.1738,4.1771,77411.48,324272.618072,1254,24375.73,102131.878018,202206
4.1758,4.1764,4.1559,4.1586,64113.61,267134.200901,1066,18285.08,76194.567849,202206
4.1588,4.1682,4.154,4.1577,61692.26,256614.200428,1061,17092.34,71095.627818,202206
4.1574,4.1617,4.126,4.1281,68455.55,283618.227442,1160,24917.88,103203.036924,202206
4.1274,4.1282,4.112,4.112,88932.76,366464.381653,1090,18022.93,74292.237655,202206
4.1134,4.1535,4.1006,4.1512,90139.99,371133.826647,1194,35023.1,144415.310423,202206
4.1521,4.1689,4.1521,4.1612,44427.14,184856.101359,845,26598.38,110666.466854,202206
4.1597,4.183,4.1434,4.1487,57140.76,237785.820123,1091,32612.71,135741.119232,202206
4.1492,4.1541,4.0786,4.0933,189613.37,778076.937719,2522,84141.17,345652.215591,202206
4.0934,4.0934,4.0403,4.0682,187386.24,762461.150374,2360,94311.97,383912.645494,202206
4.0686,4.0893,4.0593,4.0619,101531.4,413822.415562,1519,65234.61,265970.72373,202206
4.0604,4.0886,4.0469,4.0773,161559.42,657566.767935,2079,98737.26,402051.679909,202206
4.077,4.1196,4.076,4.1039,122443.08,502484.727788,1458,56113.86,230249.451368,202206
4.1041,4.1124,4.0959,4.0963,50356.05,206736.32881,798,31353.35,128717.498338,202206
4.0955,4.1421,4.0945,4.1334,54120.49,223408.133233,1067,37832.75,156133.021238,202206
4.1332,4.1537,4.1247,4.1338,51212.55,212042.202125,1064,28296.58,117158.996027,202206
4.1337,4.1412,4.1193,4.1268,55158.0,227765.442792,935,27371.85,113041.87931,202206
4.1268,4.1291,4.0988,4.1002,31931.46,131359.088189,647,17754.48,73051.697799,202206
4.1009,4.1061,4.0591,4.0623,64052.15,261653.00585,1128,21630.68,88367.119607,202206
4.0642,4.1564,4.0642,4.1539,168402.24,693609.681939,1524,111285.25,459331.643249,202206
4.1539,4.174,4.1136,4.1174,71682.86,297719.141261,1175,34821.52,144611.891827,202206
4.1169,4.1218,4.0964,4.1157,35825.55,147091.278372,653,16133.45,66241.956257,202206
4.1157,4.1423,4.1157,4.1238,30220.13,124810.986098,553,18198.89,75165.632897,202206
4.124,4.1436,4.1079,4.1161,68923.99,284624.521761,742,39798.34,164353.840764,202206
4.1166,4.1386,4.114,4.1174,30585.92,126237.645707,497,14380.97,59327.206857,202206
4.1179,4.1262,4.0959,4.0959,44984.84,184705.244949,569,17980.66,73802.719673,202206
4.096,4.103,4.0637,4.0828,55947.68,228424.874941,929,19544.7,79811.467002,202206
4.0837,4.1072,4.0482,4.051,92861.23,377834.288374,1231,37367.11,152011.977866,202206
4.047,4.0661,4.04,4.0524,56802.43,230019.949087,757,23740.39,96133.685383,202206
4.0538,4.0615,4.0223,4.025,61473.73,248444.151492,995,28359.71,114632.005673,202206
4.0251,4.0813,4.0216,4.0809,52372.74,212559.804208,981,25491.1,103495.909946,202206
4.0802,4.1271,4.0733,4.117,93835.77,385680.287565,1314,56218.54,231048.653261,202206
4.1158,4.1342,4.1108,4.128,40479.73,166851.299147,658,26576.63,109549.107917,202206
4.1285,4.1392,4.1245,4.1282,36171.4,149460.36419,606,20699.8,85539.450601,202206
4.1325,4.1468,4.1225,4.1334,25369.79,104904.788616,501,14246.05,58907.570273,202206
4.1323,4.1432,4.123,4.1303,23981.32,99106.727265,539,9374.1,38726.951439,202206
4.1334,4.1382,4.0932,4.0943,89807.91,369321.509408,923,21043.8,86590.196139,202206
4.0941,4.107,4.0875,4.0947,37667.72,154199.382741,475,26702.3,109305.32753,202206
4.0949,4.1241,4.0775,4.1128,37912.04,155715.575446,709,18992.97,78113.566389,202206
4.1113,4.1559,4.1094,4.142,111414.16,461261.362679,1065,71709.07,296875.056174,202206
4.1419,4.1592,4.133,4.1547,41300.55,171266.514698,689,20876.09,86584.049384,202206
4.1546,4.1908,4.1546,4.1808,80889.32,337585.272962,1321,43766.1,182574.659321,202206
4.1806,4.1812,4.16,4.1628,30652.16,127781.717108,589,16301.21,67957.210991,202206
4.1616,4.1829,4.16,4.1721,32467.85,135375.172088,592,16941.15,70609.193847,202206
4.1722,4.1927,4.1679,4.1763,37226.24,155630.303295,588,21198.87,88599.739641,202206
4.1756,4.181,4.1594,4.1638,34334.97,143212.304169,550,19724.46,82282.629414,202206
4.1632,4.1717,4.1466,4.1545,29836.45,124081.419336,529,12935.33,53790.815711,202206
4.1545,4.2027,4.1478,4.2006,64496.04,269636.744193,1224,27199.42,113768.934028,202206
4.2007,4.237,4.1872,4.1939,258674.9,1088849.728168,2623,85873.02,361666.740787,202206
4.194,4.2142,4.1821,4.1877,74848.49,313972.66841,1054,35610.57,149396.934476,202206
4.1876,4.2139,4.1844,4.2043,76449.3,321108.184022,1183,32685.99,137304.893866,202206
4.2051,4.2135,4.1875,4.1969,73008.81,306597.830928,950,27761.35,116581.734844,202206
4.1974,4.2008,4.1778,4.1872,63205.7,264681.559948,779,15728.32,65883.73136,202206
4.1864,4.1971,4.1697,4.1879,47321.96,197984.739982,907,27436.81,114815.415626,202206
4.188,4.2162,4.188,4.2162,44521.44,187153.806469,631,28199.65,118551.249169,202206
4.2145,4.2251,4.1943,4.1993,53251.0,223988.456216,785,24494.84,103079.568551,202206
4.1989,4.2048,4.1934,4.1991,34186.27,143563.704452,500,19770.56,83030.42132,202206
4.1989,4.2065,4.1959,4.1975,47917.48,201224.235914,591,30793.88,129316.168483,202206
4.1975,4.2,4.1802,4.1983,63854.76,267877.687806,800,38532.7,161700.629603,202206
4.1988,4.21,4.1917,4.1917,51655.9,217039.979364,691,27744.51,116562.174643,202206
4.1908,4.2058,4.1834,4.1908,25038.04,105041.359063,521,11886.38,49865.226677,202206
4.1919,4.1949,4.155,4.1676,89786.01,374256.3548,1023,29616.26,123443.179365,202206
4.1655,4.1721,4.1556,4.1656,28830.7,120057.148206,457,11837.66,49298.141103,202206
4.1666,4.197,4.1624,4.1925,48660.96,203650.09659,701,31509.51,131859.39855,202206
4.1928,4.1965,4.1801,4.1808,25395.11,106370.685227,490,12461.27,52184.016302,202206
4.1815,4.1988,4.1795,4.1891,24374.83,102080.608913,489,11359.02,47568.006047,202206
4.1919,4.2055,4.1701,4.1723,34882.45,146134.726472,501,14785.18,61998.213922,202206
4.174,4.2013,4.1673,4.1964,36181.84,151328.259531,457,22342.31,93392.610931,202206
4.1968,4.2102,4.1792,4.1862,26799.67,112386.436134,507,12055.35,50569.767437,202206
4.1857,4.2027,4.1771,4.1953,21009.1,88052.781012,397,10596.51,44402.935728,202206
4.1961,4.2358,4.1904,4.2292,55245.99,232816.779826,920,29788.8,125654.851297,202206
4.2292,4.2385,4.2113,4.2173,76946.48,325384.096029,1002,46293.52,195719.994623,202206
4.2178,4.2282,4.2159,4.2269,35846.8,151367.788142,664,20950.1,88461.650475,202206
4.2267,4.2492,4.2178,4.2431,49455.88,209359.07055,713,22267.06,94349.938998,202206
4.2429,4.2455,4.2036,4.207,48808.31,205843.016507,679,19664.51,82958.585066,202206
4.2082,4.2107,4.1861,4.1914,42775.14,179438.271935,569,12895.42,54093.799609,202206
4.1919,4.1919,4.1669,4.1733,50473.67,210716.62892,657,19762.87,82525.230864,202206
4.1738,4.1801,4.1544,4.1628,38098.47,158835.885001,742,16244.53,67737.06682,202206
4.1616,4.1626,4.1399,4.1509,44174.76,183286.186398,707,17519.52,72677.888642,202206
4.1509,4.1659,4.1481,4.1598,43258.21,179822.494951,691,29279.83,121720.680608,202206
4.1597,4.1632,4.1234,4.1588,59945.67,248334.716886,715,26143.86,108246.457156,202206
4.1572,4.1669,4.1527,4.1628,29749.83,123800.865561,434,17851.9,74288.860158,202206
4.1631,4.1639,4.1478,4.1568,36900.49,153398.383475,410,10888.29,45246.081235,202206
4.1578,4.1594,4.1455,4.1455,15690.6,65130.908863,288,5880.61,24411.665074,202206
4.1451,4.19,4.1411,4.1709,37055.25,154475.236771,654,23056.95,96080.715069,202206
4.1703,4.1729,4.1078,4.1213,95209.64,393704.452494,1363,29996.54,123886.318147,202206
4.117,4.1214,4.0813,4.0914,122306.23,500861.467909,1468,51818.44,212263.375872,202206
4.0929,4.1117,4.08,4.1012,112743.05,462029.96137,1022,63781.55,261385.125332,202206
4.1008,4.1396,4.0823,4.1242,68425.13,280875.374132,930,29422.94,120809.914915,202206
4.1248,4.1419,4.0781,4.0927,74661.43,306103.123231,895,23948.39,98438.423584,202206
4.0913,4.1334,4.0815,4.1314,39691.72,163057.655253,743,23790.12,97703.639228,202206
4.1328,4.1364,4.113,4.1293,30033.6,123917.073211,478,16118.88,66509.504767,202206
4.1296,4.1355,4.1022,4.1094,26647.73,109858.028236,487,11158.26,45990.378058,202206
4.1087,4.1729,4.1056,4.1571,85619.12,355555.965762,1138,53781.36,223226.291999,202206
4.1597,4.1877,4.1435,4.1859,48727.39,202863.072865,853,24062.87,100233.626079,202206
4.1853,4.204,4.153,4.1697,65496.37,273735.676142,1199,24694.78,103244.123849,202206
4.1707,4.1972,4.1639,4.1814,35526.77,148517.831449,752,19715.67,82427.533665,202206
4.1812,4.1996,4.1606,4.19,52084.01,217851.913977,972,22996.24,96204.069722,202206
4.1928,4.22,4.1891,4.2114,80882.77,340521.908972,1288,36919.72,155363.23625,202206
4.2133,4.2359,4.1872,4.2343,93824.06,395066.220406,1425,48972.2,206310.882353,202206
4.2357,4.2623,4.2356,4.2462,122805.19,521602.700353,1878,65089.78,276411.842021,202206
4.2458,4.2654,4.2235,4.251,100817.82,428189.955064,1302,58814.4,249823.110594,202206
4.2525,4.2598,4.2278,4.2569,78897.86,335181.905863,1115,50439.34,214286.545025,202206
4.2578,4.2606,4.2248,4.2434,56927.82,241298.992187,884,27561.32,116837.555715,202206
4.2427,4.2743,4.2293,4.2689,81882.11,348665.746691,1032,49060.01,209011.596921,202206
4.2727,4.2911,4.2579,4.2893,112612.02,481436.984481,1244,70447.94,301347.314425,202206
4.2886,4.3161,4.272,4.2916,118574.71,509728.480126,1950,61655.66,265090.840395,202206
4.2916,4.3758,4.2916,4.3582,292558.78,1269290.072135,3750,183082.3,794597.672349,202206
4.3557,4.3888,4.3469,4.3717,100147.41,437298.661373,1696,52387.1,228787.72303,202206
4.3723,4.3762,4.3364,4.3531,110610.87,481379.875712,1530,40419.67,175887.564579,202206
4.3523,4.3568,4.3073,4.315,101112.81,437218.192704,1602,46166.38,199614.650666,202206
4.3148,4.3319,4.3083,4.3121,52640.26,227505.775487,749,21399.71,92477.588106,202206
4.3134,4.3192,4.2932,4.2936,41526.22,178788.646391,700,21181.31,91204.878132,202206
4.2956,4.2972,4.2344,4.2402,122201.91,520042.603075,1683,60084.59,255684.027824,202206
4.2415,4.247,4.2264,4.2307,56296.77,238306.825293,877,27023.41,114376.029496,202206
4.2305,4.246,4.2281,4.2314,62063.97,262858.365881,787,40237.91,170417.869879,202206
4.2295,4.245,4.2258,4.2356,62167.67,263283.38914,679,35253.22,149287.972269,202206
4.2357,4.2359,4.2128,4.2184,42025.0,177443.209407,526,22784.9,96210.546505,202206
4.2187,4.2246,4.1866,4.1983,68848.69,289634.189665,894,21017.69,88507.17168,202206
4.198,4.2351,4.1943,4.2108,48642.6,204969.966106,831,20160.56,84969.755938,202206
4.2096,4.2278,4.2071,4.223,22521.01,94929.347666,365,12493.82,52682.732036,202206
4.2219,4.2237,4.16,4.175,110956.25,464060.592723,1226,25256.37,105757.588511,202206
4.1754,4.1999,4.1552,4.1852,96957.99,404903.65833,1429,40288.21,168300.357706,202206
4.1853,4.1895,4.1325,4.1415,129851.99,540155.943632,1409,63754.86,265102.653638,202206
4.1416,4.1567,4.1225,4.1502,154239.74,638568.008292,1910,64615.14,267510.049033,202206
4.1508,4.188,4.1113,4.1187,98545.88,409011.507608,1513,48778.37,202592.394886,202206
4.1186,4.1215,4.056,4.0898,195916.81,800459.424808,2692,83749.15,342196.452491,202206
4.09,4.1238,4.0883,4.1053,77471.74,318136.595541,1210,36234.2,148794.602881,202206
4.1033,4.158,4.0991,4.1482,81445.24,335860.16745,1300,49291.48,203266.838413,202206
4.1465,4.1759,4.1377,4.1379,103354.49,429571.053839,1342,67620.74,281047.412143,202206
4.1379,4.1495,4.1337,4.1408,34401.05,142452.383293,601,17981.88,74460.21364,202206
4.1391,4.1656,4.1342,4.1632,37307.41,154880.597383,550,17817.77,73974.243661,202206
4.1619,4.1666,4.145,4.1509,23338.51,96984.219261,410,12104.28,50294.646772,202206
4.1508,4.1573,4.1388,4.145,18545.14,76950.769548,368,10555.91,43795.878355,202206
4.1449,4.1519,4.1314,4.1404,25805.27,106862.033013,491,10166.34,42082.94146,202206
4.1416,4.1486,4.135,4.139,8986.86,37204.881667,216,3893.74,16116.109986,202206
4.1406,4.2011,4.1406,4.1934,56150.31,234351.634953,930,33974.69,141792.615327,202206
4.1942,4.2185,4.1811,4.2123,54275.66,227650.375666,1046,30051.93,126077.256661,202206
4.2121,4.2271,4.2025,4.2158,59160.74,249373.39258,823,37471.06,158000.301052,202206
4.2157,4.2384,4.2112,4.225,50378.15,212824.157066,912,28886.5,121994.710079,202206
4.2246,4.2427,4.218,4.239,35813.03,151330.653618,699,19755.49,83489.307638,202206
4.2388,4.2666,4.2294,4.2531,82671.78,351548.032615,1058,48264.42,205272.764162,202206
4.2528,4.264,4.2396,4.248,44577.56,189454.159916,788,22666.25,96352.279104,202206
4.25,4.2506,4.2211,4.2229,50643.16,214412.127296,711,32639.09,138184.153962,202206
4.2208,4.2208,4.1901,4.1901,61663.6,259326.23711,680,17400.49,73207.020921,202206
4.1914,4.1917,4.15,4.1641,67549.9,281248.925701,1151,37231.43,155027.006294,202206
4.163,4.2098,4.1577,4.1941,77893.83,325673.458316,1117,43519.05,181930.720817,202206
4.1945,4.2003,4.1698,4.1757,25998.83,108715.243263,513,14193.03,59339.136221,202206
4.1733,4.1825,4.1666,4.1811,22671.46,94620.840631,403,10904.51,45508.483093,202206
4.1806,4.1828,4.1693,4.1708,23442.32,97882.824155,360,13689.71,57150.193092,202206
4.1709,4.1998,4.1696,4.1974,23139.14,96906.391542,402,10229.12,42810.786137,202206
4.1974,4.2171,4.1864,4.2171,27794.48,116773.016063,385,19747.24,82992.00368,202206
4.2171,4.2247,4.1956,4.2,41244.79,173752.249622,490,24403.02,102825.93719,202206
4.2005,4.2023,4.1763,4.1829,20031.42,83894.962028,305,10958.23,45884.029614,202206
4.1813,4.1831,4.1461,4.1497,28386.53,118204.504454,471,10755.89,44793.367435,202206
4.1499,4.16,4.1437,4.1525,16369.4,67980.105749,324,7660.83,31814.039683,202206
4.1525,4.1615,4.1448,4.1512,23332.27,96891.648745,394,12300.42,51078.527216,202206
4.1483,4.1641,4.1455,4.1582,34842.37,144746.453113,473,25018.74,103942.49631,202206
4.1571,4.1694,4.1444,4.1448,21603.17,89769.599731,362,12667.0,52624.806413,202206
4.1449,4.1466,4.1262,4.1456,39149.55,162047.041914,575,13706.84,56716.210793,202206
4.1458,4.1599,4.1421,4.1526,12292.33,51020.786871,260,5475.82,22717.793066,202206
4.1537,4.155,4.1316,4.1488,17805.24,73754.115638,304,9400.37,38930.815034,202206
4.1497,4.1601,4.1158,4.1221,38551.94,159550.618747,579,16587.64,68625.480027,202206
4.1208,4.1422,4.1208,4.1355,27510.65,113627.355358,429,17639.49,72840.976834,202206
4.1367,4.1382,4.1151,4.1172,21302.55,87943.477592,404,10295.88,42495.791574,202206
4.1161,4.1267,4.1126,4.117,10124.97,41706.736863,234,4885.44,20122.156905,202206
4.117,4.1177,4.0917,4.1027,30760.14,126218.358075,601,14492.09,59485.870854,202206
4.1015,4.1114,4.0956,4.0964,18750.27,76952.399093,399,9472.14,38875.004816,202206
4.0975,4.0996,4.0761,4.0761,39610.24,161905.791413,666,16303.48,66674.072874,202206
4.0756,4.1036,4.069,4.096,46268.37,188856.581226,704,33096.95,135051.721392,202206
4.0938,4.0983,4.0618,4.0676,43774.46,178556.298885,536,13315.82,54376.765156,202206
4.0681,4.1243,4.0642,4.1189,51008.75,209167.488298,822,33959.22,139237.922705,202206
4.1207,4.1579,4.1207,4.1397,86864.03,359790.037105,959,55909.81,231459.920878,202206
4.1399,4.1554,4.0873,4.0918,80234.65,330564.938651,1103,23366.17,96181.869223,202206
4.0918,4.1165,4.0906,4.0998,41658.9,170907.050025,445,27780.99,113944.133156,202206
4.0992,4.1364,4.0941,4.131,41316.57,170111.8314,742,19822.58,81617.848655,202206
4.1319,4.1354,4.11,4.113,48107.59,198331.618138,421,22257.56,91699.82055,202206
4.1138,4.1311,4.1049,4.1155,42327.38,174221.814174,536,16536.74,68109.164561,202206
4.1178,4.1195,4.1028,4.104,17441.69,71686.09871,268,8849.43,36371.76318,202206
4.102,4.1026,4.06,4.0612,55910.65,227545.833279,957,19882.05,80891.786962,202206
4.0602,4.0699,4.0028,4.0202,244918.0,986705.674651,2346,116747.43,470427.878973,202206
4.0214,4.0345,4.0097,4.0232,75548.28,303700.970964,976,29341.24,117968.270368,202206
4.024,4.0659,4.0054,4.04,100593.44,405161.7862,1333,34481.97,139016.207396,202206
4.041,4.0598,4.038,4.0448,72013.06,291724.490928,841,35566.22,144061.761103,202206
4.047,4.0544,4.0286,4.0308,35173.55,142138.435395,599,16068.6,64949.503556,202206
4.0346,4.0455,4.0192,4.0404,37813.45,152539.795348,540,21966.7,88613.764641,202206
4.0415,4.0556,4.023,4.0337,39381.83,158980.513284,564,19572.86,79002.312275,202206
4.0342,4.0413,4.0225,4.0387,42510.83,171445.666296,468,26904.58,108544.280355,202206
4.0384,4.0503,4.0277,4.0503,28834.32,116380.428378,421,19153.67,77310.409375,202206
4.0493,4.0649,4.0412,4.0415,33341.54,135138.935441,601,16784.41,68066.192803,202206
4.0407,4.0515,4.0242,4.0515,22226.07,89692.971295,394,14449.64,58321.207348,202206
4.0519,4.0687,4.0368,4.0584,26004.76,105428.746455,358,17845.51,72344.081657,202206
4.0573,4.0696,4.025,4.0335,19978.48,80896.649632,345,12743.33,51626.974008,202206
4.0334,4.0361,4.0225,4.0337,18484.44,74461.900307,250,6135.46,24721.983357,202206
4.0329,4.0659,4.0329,4.0628,14371.99,58305.193235,318,7756.29,31452.486713,202206
4.0628,4.1,4.0567,4.0924,27545.81,112450.566777,579,18322.21,74832.271071,202206
4.0913,4.1235,4.0865,4.1053,38276.28,156991.5457,556,19575.2,80335.696431,202206
4.1082,4.1295,4.1043,4.1124,28745.98,118347.960101,606,15363.62,63247.786461,202206
4.1124,4.1446,4.1033,4.139,41538.94,171443.801695,811,24857.39,102624.622804,202206
4.1407,4.1621,4.1286,4.1409,57438.2,238325.486889,966,28740.84,119183.709395,202206
4.1395,4.1397,4.1027,4.1027,38385.15,158293.496232,680,16645.46,68672.435011,202206
4.1027,4.1133,4.0971,4.1031,28534.88,117119.616793,426,15020.32,61660.832272,202206
4.1029,4.1102,4.0971,4.1027,44178.85,181080.305202,389,11902.88,48812.779114,202206
4.1041,4.1291,4.1012,4.1213,22553.7,92879.551164,546,12726.43,52395.557709,202206
4.1198,4.135,4.1198,4.1283,27196.11,112231.452913,428,11346.89,46827.431537,202206
4.1295,4.1669,4.1178,4.1665,54565.06,226197.779895,769,36892.3,152917.394657,202206
4.1651,4.1654,4.1179,4.1238,61493.17,254837.271921,814,20899.22,86586.288413,202206
4.1245,4.1463,4.1116,4.1396,41490.91,171281.834993,807,27290.96,112654.023796,202206
4.1408,4.146,4.1316,4.1316,15531.37,64298.733948,357,7379.12,30546.881669,202206
4.1315,4.1426,4.1275,4.1387,20773.58,85967.73822,286,6255.05,25880.060338,202206
4.1384,4.1408,4.13,4.13,12610.53,52147.464003,218,6040.8,24978.900399,202206
4.1301,4.1316,4.1118,4.1144,32366.87,133275.92883,406,11397.53,46943.980835,202206
4.118,4.1201,4.0891,4.0945,45877.8,188677.574099,457,32844.2,135108.010914,202206
4.0944,4.1071,4.0917,4.1006,13434.25,55058.104884,285,7327.8,30032.842617,202206
4.0993,4.104,4.0933,4.0965,9492.39,38908.240433,204,6286.05,25766.373037,202206
4.0961,4.1087,4.068,4.076,34811.61,142369.916835,619,14255.87,58327.304898,202206
4.0757,4.0757,4.045,4.0486,34322.57,139171.448586,612,17264.17,69995.097785,202206
4.0498,4.0573,4.0361,4.046,29786.11,120532.166084,499,14663.61,59349.055074,202206
4.0453,4.0453,3.9788,3.9802,177146.2,710542.02784,1992,65642.69,263521.402248,202206
3.9809,4.0028,3.9761,3.9768,68301.46,272360.111608,1019,40125.71,159997.562301,202206
3.9768,3.9863,3.9516,3.9818,109050.8,432895.534317,1305,59250.97,235273.936994,202206
3.9799,4.0184,3.9606,3.9949,63128.97,251509.724112,1229,31507.87,125591.031431,202206
3.9973,4.0514,3.9973,4.0435,69152.14,278279.818574,1318,44818.78,180259.520961,202206
4.0451,4.0817,4.0451,4.0816,84393.75,343396.048544,1211,49011.34,199556.485931,202206
4.0816,4.1324,4.0706,4.124,88151.63,361891.878883,1545,37983.18,155953.744383,202206
4.125,4.1388,4.0968,4.105,77671.42,319873.484714,889,35825.81,147603.185378,202206
4.1066,4.1896,4.1066,4.166,134030.29,556982.438302,2123,79927.77,331851.353056,202206
4.1653,4.1829,4.1408,4.1495,66259.92,275351.865342,1215,35952.82,149394.840373,202206
4.149,4.1493,4.1201,4.1256,28296.65,116947.734275,572,12843.91,53089.768572,202206
4.1256,4.1672,4.1255,4.1549,48185.9,200031.086008,850,23052.38,95673.290502,202206
4.1544,4.1588,4.1248,4.1278,54311.09,224710.378853,779,30551.04,126442.148227,202206
4.1277,4.17,4.1266,4.1571,97459.03,405087.202799,1148,57440.24,238731.417966,202206
4.1595,4.1765,4.138,4.1427,55448.38,230457.863302,847,22782.3,94776.962085,202206
4.1429,4.1516,4.131,4.1425,71357.31,295421.713393,761,19591.25,81097.719472,202206
4.1437,4.1477,4.1322,4.137,16843.04,69716.120778,379,8714.9,36068.324778,202206
4.137,4.1415,4.1145,4.1153,23327.69,96327.278576,392,8844.51,36545.166386,202206
4.1148,4.1209,4.1075,4.108,39334.12,161811.20866,600,25854.69,106364.1312,202206
4.1079,4.1337,4.1012,4.1337,36239.47,149028.319381,531,18053.86,74208.486867,202206
4.1356,4.1817,4.1312,4.174,122059.45,507243.169231,1136,80551.59,334666.914514,202206
4.1775,4.2123,4.1763,4.1821,49016.18,205667.865817,1036,28314.39,118843.357436,202206
4.1823,4.1825,4.1605,4.1632,24731.92,103097.739272,511,9360.49,39034.243102,202206
4.163,4.1638,4.1515,4.1605,31874.79,132564.643611,370,7719.52,32095.655808,202206
4.1617,4.165,4.138,4.1445,15660.14,64994.035074,373,7487.29,31071.296145,202206
4.1438,4.1438,4.1166,4.1213,24078.92,99376.121202,351,11315.41,46719.944987,202206
4.1208,4.1267,4.1015,4.1086,73317.45,301385.909382,786,32618.4,134087.369506,202206
4.1089,4.14,4.1061,4.1383,41289.65,170085.134102,638,26342.74,108559.886329,202206
4.1368,4.1388,4.1089,4.1142,21228.27,87473.727699,469,11466.77,47250.84406,202206
4.1131,4.1201,4.1104,4.119,37144.79,152821.646153,520,17791.14,73211.715751,202206
4.1164,4.128,4.113,4.1198,31368.83,129209.229438,477,17073.42,70329.573087,202206
4.1198,4.1295,4.1167,4.1214,50439.84,208044.775846,511,37659.43,155328.086594,202206
4.1189,4.1329,4.1157,4.1231,23922.4,98691.720742,422,12739.97,52577.156256,202206
4.1219,4.1605,4.1176,4.1408,38311.04,158645.883192,796,18823.32,77938.72322,202206
4.1409,4.1555,4.1273,4.1473,15968.25,66137.800627,333,6328.13,26187.03225,202206
4.1473,4.1591,4.1384,4.1591,30367.93,125974.903237,538,18945.43,78596.831236,202206
4.1605,4.1798,4.1498,4.1798,85645.44,357021.707152,842,38385.07,160042.178187,202206
4.1797,4.1856,4.1741,4.1806,26020.36,108780.400442,440,12796.81,53498.304808,202206
4.1787,4.2088,4.1648,4.1874,76699.77,320871.851049,1139,46342.32,193793.019459,202206
4.1855,4.2059,4.1656,4.2018,69071.84,288695.818981,958,29674.86,124087.186903,202206
4.2015,4.2469,4.185,4.2296,86641.18,364832.711839,1286,48219.23,203180.905038,202206
4.2295,4.2871,4.2273,4.2497,98044.67,417434.295613,1341,57585.4,245163.720401,202206
4.2491,4.2577,4.222,4.2274,63710.72,269729.793156,766,28513.26,120694.005883,202206
4.2284,4.2289,4.2152,4.2214,20071.14,84698.987249,391,8511.37,35924.853377,202206
4.2223,4.2323,4.2049,4.2297,26965.86,113693.262642,504,13404.45,56517.520097,202206
4.2298,4.231,4.2094,4.2133,31351.31,132212.687737,652,12947.14,54598.931715,202206
4.2133,4.2276,4.2077,4.221,29063.25,122647.617488,441,8056.02,33980.83837,202206
4.2201,4.2294,4.1823,4.1932,50548.35,212259.683674,725,14306.58,60163.069083,202206
4.1942,4.1995,4.1801,4.1926,46815.59,196012.85873,729,13194.39,55280.318874,202206
4.1923,4.2113,4.1822,4.1971,44232.48,185636.558937,707,25197.3,105784.073468,202206
4.1971,4.1999,4.1671,4.1672,33447.2,140026.036303,489,8829.84,36986.259625,202206
4.1672,4.1854,4.1656,4.1766,35533.68,148333.895163,618,18144.8,75743.452652,202206
4.1777,4.1865,4.168,4.1697,25838.02,107898.374638,372,14987.12,62578.657901,202206
4.1697,4.1862,4.1527,4.1804,58561.59,244077.133851,702,19526.36,81487.743329,202206
4.1822,4.191,4.1713,4.1854,20348.69,85057.77933,329,12009.68,50191.737715,202206
4.1865,4.2189,4.1857,4.2186,53652.45,225194.880064,626,30452.7,127929.342666,202206
4.2189,4.24,4.21,4.2108,60779.41,256881.811536,937,23370.07,98680.060012,202206
4.2114,4.2419,4.1932,4.2215,100675.77,424608.06771,1316,52393.57,221075.858955,202206
4.2219,4.2346,4.221,4.2335,32423.76,137036.344544,537,16969.16,71714.291917,202206
4.2319,4.2596,4.2288,4.2471,85671.04,363749.79423,1045,46965.3,199391.149223,202206
4.2472,4.252,4.2305,4.2415,57474.66,243876.775774,644,21645.91,91797.518021,202206
4.2435,4.2449,4.2227,4.2247,17199.76,72815.653081,291,7723.16,32692.451392,202206
4.2247,4.2358,4.2225,4.2274,19529.92,82582.747007,451,10823.69,45765.677051,202206
4.2272,4.2453,4.2262,4.242,22898.27,97012.080195,440,13762.61,58303.996658,202206
4.2427,4.2454,4.1956,4.2015,29655.58,125149.202616,594,9698.19,40988.875246,202206
4.2016,4.2122,4.1987,4.2082,25479.58,107115.052738,463,13150.83,55280.088259,202206
4.2088,4.2143,4.1969,4.2012,20670.53,86944.029801,346,8855.23,37236.790621,202206
4.2008,4.2176,4.1875,4.1954,36226.69,152177.166796,516,19548.68,82122.104204,202206
4.1939,4.2224,4.1917,4.2124,14494.92,61060.173236,328,6579.52,27719.058734,202206
4.2125,4.2416,4.2075,4.2385,34660.03,146408.038765,599,17737.46,75007.247846,202206
4.2389,4.2422,4.2115,4.2119,32915.86,139382.205187,549,14498.23,61398.767469,202206
4.2117,4.2332,4.211,4.2183,14665.94,61937.886868,279,6472.51,27332.202974,202206
4.2182,4.2362,4.2153,4.2269,15717.92,66446.049833,350,7547.88,31897.438648,202206
4.2266,4.2266,4.1862,4.1862,22235.84,93497.367678,470,12378.41,52042.638213,202206
4.1865,4.2016,4.1865,4.1944,19282.59,80897.414603,328,10887.56,45680.418108,202206
4.1944,4.2009,4.1776,4.1979,31382.42,131498.030079,591,13274.82,55638.028658,202206
4.1999,4.2001,4.1805,4.1954,25602.34,107366.547384,457,12457.41,52215.093873,202206
4.1952,4.1975,4.1852,4.1933,16911.88,70921.525721,361,5787.86,24267.507365,202206
4.1928,4.2098,4.1884,4.2053,28780.9,120792.618255,416,14716.68,61785.118861,202206
4.2045,4.2217,4.1982,4.2064,20489.39,86207.200104,446,9627.72,40507.781707,202206
4.2098,4.2522,4.2055,4.2438,52931.49,224241.869918,918,24115.97,102114.380376,202206
4.2454,4.2978,4.2342,4.293,100892.64,431181.893637,1741,47472.04,202700.165836,202206
4.2943,4.3043,4.2807,4.2908,82451.86,353977.415493,1472,51460.4,220942.875457,202206
4.292,4.2961,4.2572,4.2646,53226.49,227571.27598,952,20400.26,87293.455606,202206
4.265,4.2672,4.2546,4.2606,23349.97,99498.329308,516,11113.38,47350.290738,202206
4.2592,4.2672,4.2454,4.2639,27540.45,117201.477041,510,17241.38,73364.876473,202206
4.263,4.2694,4.2423,4.2473,16894.5,71958.700704,331,8730.04,37167.342486,202206
4.2478,4.2573,4.2414,4.2509,25758.05,109483.1389,495,12607.46,53593.720904,202206
4.2505,4.264,4.2469,4.2638,44567.14,189554.258755,531,21125.69,89846.96536,202206
4.2621,4.2788,4.2589,4.2752,26724.56,114080.648967,487,13014.96,55558.38405,202206
4.2743,4.2795,4.238,4.245,39671.06,168883.153201,633,22706.98,96678.215637,202206
4.244,4.244,4.2243,4.225,25261.34,106919.581327,518,9671.99,40935.502375,202206
4.2239,4.2336,4.2235,4.2281,24155.91,102122.540132,341,8501.53,35942.537204,202206
4.2282,4.2335,4.2198,4.2284,23587.63,99690.485187,479,12431.68,52540.675256,202206
4.2295,4.2313,4.2053,4.2139,48714.68,205527.857271,727,25941.84,109466.674456,202206
4.2123,4.2283,4.2117,4.2239,12618.64,53294.001376,324,6244.93,26370.224153,202206
4.2239,4.2385,4.2061,4.2081,29110.21,122862.240167,562,15480.35,65336.371794,202206
4.2081,4.2187,4.205,4.2156,19671.46,82832.827174,368,9436.38,39738.186466,202206
4.2146,4.2533,4.2114,4.2369,77152.57,327062.67738,983,56050.26,237622.096479,202206
4.2368,4.2765,4.2317,4.2689,43613.1,185794.291114,733,28115.89,119785.387962,202206
4.2673,4.2702,4.2481,4.2695,44152.46,188091.203342,657,29268.56,124681.591269,202206
4.271,4.3099,4.271,4.2899,91731.94,393771.180703,1499,55179.33,236860.974102,202206
4.2914,4.302,4.259,4.266,119336.75,510328.669354,1254,44173.15,189200.128916,202206
4.2663,4.277,4.2531,4.2718,50272.17,214371.576326,628,18298.5,78054.646737,202206
4.2704,4.2927,4.2662,4.2822,44032.46,188573.231171,581,31456.55,134717.994121,202206
4.2826,4.2856,4.2365,4.2378,44030.9,187531.091051,866,14473.17,61688.203235,202206
4.2371,4.2599,4.235,4.2507,27432.32,116593.08914,522,10628.53,45174.405818,202206
4.2493,4.2657,4.2456,4.2565,64293.25,273605.717443,722,32387.08,137818.06405,202206
4.2562,4.2601,4.2284,4.2329,48021.86,203605.990171,595,11924.13,50551.985452,202206
4.2334,4.2395,4.2222,4.2281,40148.73,169902.929749,547,28951.91,122535.475018,202206
4.2283,4.2651,4.2276,4.2558,42517.27,180780.174834,855,23456.78,99733.407069,202206
4.2565,4.2768,4.2562,4.2661,32868.57,140341.333068,653,17372.22,74170.800163,202206
4.266,4.2912,4.2605,4.2884,39305.0,168111.511336,501,22855.08,97790.625535,202206
4.2873,4.2903,4.2785,4.2858,56165.32,240776.44335,629,30672.57,131501.149853,202206
4.2855,4.2923,4.2847,4.2871,23878.44,102396.585153,448,12108.21,51920.769359,202206
4.2871,4.31,4.2607,4.2689,93436.16,401150.203562,1358,45397.98,195001.719871,202206
4.2669,4.2839,4.2421,4.2609,53143.88,226488.154752,865,18423.82,78570.078454,202206
4.2604,4.2803,4.2364,4.2795,45764.19,194725.41146,790,19398.52,82606.037515,202206
4.2792,4.2795,4.2399,4.2476,40007.38,170110.22443,824,19568.98,83186.308367,202206
4.2475,4.2548,4.2374,4.246,50442.83,214031.886176,759,20210.85,85765.353016,202206
4.246,4.263,4.2382,4.2456,50489.96,214415.562217,714,21070.2,89465.632865,202206
4.2456,4.2954,4.2435,4.2867,76568.2,327253.953148,1128,48299.5,206370.415333,202206
4.288,4.296,4.271,4.2874,81478.72,349263.02423,1411,41812.88,179246.220846,202206
4.2887,4.3033,4.274,4.3,51032.18,218991.560026,1027,29135.88,125042.130193,202206
4.3,4.3014,4.2694,4.2823,103680.11,443837.806937,1236,50109.99,214535.12731,202206
4.2836,4.2885,4.2781,4.2829,38483.63,164838.167363,799,17796.05,76219.808118,202206
4.2851,4.2871,4.2637,4.2661,31168.33,133256.063989,617,14649.36,62625.34489,202206
4.2659,4.2805,4.263,4.2659,37650.02,160834.443505,506,8213.93,35089.570892,202206
4.2646,4.2832,4.2632,4.2659,29941.4,127959.870692,492,9830.84,42018.539344,202206
4.2656,4.2715,4.245,4.2505,47219.81,200990.86795,662,17233.14,73325.973115,202206
4.2516,4.2782,4.2489,4.2749,31263.32,133241.200638,650,16657.81,70977.965691,202206
4.2752,4.2922,4.2728,4.2899,53355.73,228468.323686,650,36139.76,154781.985631,202206
4.2889,4.3019,4.2778,4.2815,36498.36,156663.335264,793,20394.04,87546.515846,202206
4.2828,4.2828,4.2724,4.2748,17734.61,75857.253213,406,5360.02,22924.84913,202206
4.2731,4.2987,4.2665,4.2877,42463.05,181775.820987,716,24937.35,106745.088395,202206
4.2878,4.2918,4.277,4.2891,42506.72,182166.649371,597,25358.29,108691.327713,202206
4.2855,4.2923,4.275,4.2865,42620.81,182721.637374,454,11869.12,50880.677121,202206
4.2866,4.2884,4.2751,4.2759,14392.3,61626.384528,305,6626.45,28379.068964,202206
4.2779,4.2911,4.2629,4.276,63568.28,272249.496507,745,23496.52,100609.159984,202206
4.2761,4.3108,4.2761,4.3058,87041.2,374430.841076,965,56743.31,244090.840524,202206
4.3052,4.3275,4.3052,4.3243,46455.43,200570.34894,851,27438.19,118405.757745,202206
4.3238,4.341,4.3069,4.317,77469.07,334763.243901,1064,41902.09,181116.129618,202206
4.317,4.3495,4.3111,4.3342,45904.88,198816.528417,807,27059.43,117176.003595,202206
4.3342,4.3364,4.3107,4.3205,67038.16,289695.415598,922,31071.42,134296.893194,202206
4.32,4.327,4.311,4.3177,26447.76,114265.182974,523,9077.77,39213.602674,202206
4.3176,4.3331,4.3166,4.333,33120.14,143213.408835,555,12655.68,54725.429532,202206
4.3332,4.378,4.3257,4.3533,90310.46,392974.360697,1359,51302.46,223140.201938,202206
4.3523,4.4,4.3513,4.3878,101233.88,443944.764437,1479,65582.74,287573.312122,202206
4.3874,4.4362,4.3831,4.3843,155471.52,685641.342769,2158,97336.88,429545.266354,202206
4.3842,4.435,4.3832,4.4114,73380.58,323916.821964,1488,36995.13,163247.716807,202206
4.4139,4.4441,4.4031,4.405,92682.87,410076.027496,1706,52665.79,233017.400502,202206
4.405,4.44,4.3951,4.4291,57618.97,254644.44728,1108,30852.39,136430.930355,202206
4.4288,4.4512,4.4227,4.4414,80167.97,355730.00063,1046,52653.1,233740.71385,202206
4.4442,4.4642,4.418,4.436,143144.28,634822.733615,1480,66266.62,293798.91833,202206
4.4343,4.4421,4.3928,4.4032,93781.87,414514.231698,1393,33565.1,148352.088777,202206
4.4032,4.4083,4.3844,4.3846,120426.91,529204.831133,1336,58404.11,256600.579161,202206
4.3871,4.3992,4.375,4.3937,75718.64,332409.520346,905,34070.87,149518.181379,202206
4.393,4.3931,4.3428,4.3516,102125.12,445667.168062,1313,37904.14,165455.854906,202206
4.3519,4.3582,4.3427,4.351,67720.2,294730.01087,652,20368.13,88645.007742,202206
4.3519,4.3612,4.3269,4.3325,35500.51,154096.868624,512,19976.95,86694.117111,202206
4.3327,4.37,4.3273,4.3652,34214.55,148810.347822,581,21919.69,95391.157373,202206
4.3657,4.3734,4.3503,4.3577,24584.8,107218.631696,353,14539.66,63382.961617,202206
4.359,4.3613,4.323,4.3325,59636.69,258995.873535,530,15817.23,68652.949542,202206
4.3339,4.3522,4.326,4.3288,25919.78,112431.863391,453,15592.48,67628.633003,202206
4.3285,4.3372,4.2889,4.2935,88232.12,380235.874574,818,28922.53,124648.761738,202206
4.2959,4.32,4.272,4.3117,152662.94,655971.512517,1957,72718.85,312631.31134,202206
4.3109,4.312,4.2657,4.2712,74189.61,317605.855723,1163,38712.8,165701.2263,202206
4.2711,4.2954,4.2575,4.2631,54880.8,234685.888732,1121,33068.21,141396.804618,202206
4.2631,4.2785,4.24,4.2672,73388.82,312499.568486,1285,35464.87,151067.713089,202206
4.2675,4.2722,4.2143,4.2202,97389.89,412502.022467,1514,32913.85,139516.803254,202206
4.2186,4.2411,4.214,4.2367,78889.09,333234.919649,1115,45030.56,190174.62079,202206
4.2367,4.2444,4.2262,4.2317,56392.09,238843.561204,950,21959.79,93010.217576,202206
4.2317,4.2499,4.2048,4.2058,47154.03,199476.268375,857,22432.01,94889.675968,202206
4.2064,4.2225,4.2032,4.2185,32524.59,136954.698307,721,16970.08,71464.892195,202206
4.2189,4.2209,4.2,4.2068,34327.51,144510.576828,643,12207.54,51390.637346,202206
4.208,4.2305,4.19,4.2254,61136.54,257476.711002,934,23437.92,98754.082321,202206
4.2239,4.2365,4.2154,4.2285,32950.97,139390.019298,571,21836.32,92381.498481,202206
4.23,4.2473,4.23,4.2422,47442.03,201143.761609,723,27664.9,117271.022781,202206
4.2422,4.2604,4.24,4.2517,37013.58,157336.077353,706,19382.34,82401.024599,202206
4.2523,4.2861,4.2519,4.2833,82357.3,351946.156299,967,59435.66,254012.997527,202206
4.284,4.3057,4.2816,4.2911,57302.08,245903.099597,887,25642.82,110101.549902,202206
4.2911,4.293,4.2537,4.267,88288.44,376601.328208,706,17174.2,73357.476085,202206
4.267,4.3036,4.2667,4.3036,35887.1,153811.008836,546,17345.3,74315.621159,202206
4.3028,4.3053,4.2749,4.2752,23915.41,102689.714163,408,10090.48,43340.743027,202206
4.2745,4.2755,4.264,4.2697,41719.86,178178.15328,443,20887.88,89201.50253,202206
4.2707,4.3073,4.2658,4.2977,26813.58,114960.301035,421,14329.3,61422.650955,202206
4.2961,4.3023,4.26,4.2637,43771.54,187781.548034,566,16050.98,68814.326491,202206
4.2657,4.2722,4.2285,4.2292,46275.18,196383.678184,764,17956.35,76192.286381,202206
4.2311,4.2394,4.21,4.2222,34576.88,146036.988712,651,13801.8,58286.543032,202206
4.2226,4.2275,4.1871,4.2013,67465.82,283924.858196,1199,30364.15,127843.30617,202206
4.2014,4.2126,4.1904,4.2001,105726.54,444184.344083,867,52581.16,220959.802364,202206
4.2027,4.2399,4.2027,4.234,32668.45,138069.834673,709,15744.82,66539.837613,202206
4.2336,4.249,4.2336,4.2416,28628.27,121452.489586,446,12950.69,54921.393316,202206
4.241,4.2714,4.2328,4.262,26907.16,114482.229043,573,14626.61,62232.489131,202206
4.2615,4.2729,4.2536,4.2659,25253.72,107707.286724,440,13538.03,57750.259701,202206
4.2659,4.2687,4.2208,4.2296,36811.8,156622.059997,607,13853.11,58882.858574,202206
4.2271,4.2538,4.2194,4.2345,36066.93,152609.284653,640,14640.53,61954.941555,202206
4.2341,4.2409,4.2292,4.2354,11442.66,48460.841415,271,5787.96,24508.795766,202206
4.2356,4.2509,4.2305,4.2488,15422.65,65401.676956,373,8030.41,34050.145578,202206
4.2484,4.2494,4.2128,4.2319,26251.81,111083.096867,497,10207.93,43209.930314,202206
4.232,4.2562,4.2164,4.2354,28654.34,121420.270205,630,13717.33,58108.97534,202206
4.2356,4.2456,4.2333,4.2439,37813.33,160335.289731,428,18739.1,79460.4209,202206
4.2439,4.25,4.231,4.2342,19499.05,82693.137073,445,10914.19,46279.862512,202206
4.2351,4.2512,4.2283,4.2472,21878.46,92769.299334,384,11980.18,50775.960724,202206
4.2461,4.2756,4.2453,4.2668,22639.29,96377.681263,418,12474.83,53096.533,202206
4.2686,4.279,4.2543,4.2562,34464.85,147111.666261,566,19215.89,82030.318843,202206
4.2562,4.2562,4.2228,4.224,29300.6,124124.771275,450,15844.83,67145.406851,202206
4.2256,4.2273,4.1766,4.201,89799.91,376994.073342,1437,30046.92,126278.367688,202206
4.202,4.2459,4.202,4.2303,35561.9,150307.482074,708,21418.24,90508.411466,202206
4.2314,4.242,4.225,4.2299,14080.76,59596.206307,279,8843.53,37428.272077,202206
4.2309,4.2488,4.2276,4.2341,19988.11,84631.587435,247,5693.86,24116.554253,202206
4.234,4.2358,4.2161,4.2255,18460.69,77995.294592,377,9900.62,41828.35089,202206
4.2258,4.233,4.1989,4.2015,21332.58,89828.68473,385,8766.98,36896.72621,202206
4.2018,4.2217,4.1991,4.2074,28140.07,118503.811108,421,7604.99,32011.523152,202206
4.208,4.2097,4.1922,4.2042,14651.52,61526.57564,207,7082.64,29736.927282,202206
4.2049,4.2178,4.1859,4.2081,13989.05,58782.188656,319,8900.1,37401.974472,202206
4.2084,4.2357,4.2084,4.2283,21203.09,89588.940044,369,12844.52,54281.560107,202206
4.2285,4.2722,4.227,4.2335,66027.16,280417.785141,1057,25273.98,107346.824727,202206
4.2366,4.2417,4.2274,4.2391,21156.19,89585.534951,406,14974.65,63410.092388,202206
4.2391,4.2719,4.2362,4.2652,41938.59,178338.524299,727,22957.45,97638.589188,202206
4.2655,4.2713,4.2472,4.2533,38580.49,164457.34479,603,26168.27,111552.240306,202206
4.2534,4.2689,4.24,4.257,17376.89,73974.33405,419,8632.04,36751.323571,202206
4.259,4.272,4.2577,4.2716,24098.95,102822.517169,439,12995.54,55438.024985,202206
4.2716,4.2782,4.2667,4.2775,15778.63,67401.295527,322,7629.56,32587.430638,202206
4.2768,4.2964,4.2746,4.285,38521.95,165116.924685,663,21195.26,90837.659351,202206
4.2849,4.3095,4.2832,4.295,36211.52,155607.721989,659,20814.27,89458.663965,202206
4.2951,4.2998,4.2568,4.2727,38387.13,164179.125021,553,17983.75,76846.460419,202206
4.2738,4.2791,4.2672,4.2783,19088.22,81574.07886,291,10359.29,44265.054969,202206
4.2795,4.2832,4.2558,4.27,30139.09,128706.348059,489,16590.66,70836.221295,202206
4.27,4.2807,4.2661,4.2661,8211.04,35095.402649,201,3337.11,14263.092272,202206
4.2659,4.2719,4.26,4.2674,20614.67,87924.983757,241,5882.52,25095.248458,202206
4.2674,4.2738,4.2557,4.2697,12940.79,55208.656362,299,7020.39,29959.449087,202206
4.2676,4.2972,4.26,4.2933,32071.54,137020.212573,502,23867.61,101981.675794,202206
4.2965,4.3096,4.2932,4.3042,42649.92,183479.37856,780,22053.55,94869.267172,202206
4.3034,4.3127,4.2835,4.3088,29121.87,125232.969695,569,15880.24,68299.885154,202206
4.3071,4.3411,4.3018,4.3262,99385.58,430636.18557,1531,68331.66,296133.466313,202206
4.3276,4.3488,4.3223,4.3285,87285.64,378633.911687,1187,56506.33,245127.266328,202206
4.3283,4.3345,4.3173,4.3298,41781.97,180807.128796,772,16429.47,71101.974871,202206
4.3308,4.358,4.3308,4.3538,51345.13,223316.821971,870,29890.48,130022.587927,202206
4.3553,4.3677,4.3462,4.3562,48449.92,211118.14207,834,23963.16,104444.976126,202206
4.3556,4.3814,4.3508,4.3761,52946.49,231107.549176,1021,25592.06,111716.880141,202206
4.3762,4.3999,4.3676,4.3922,56557.79,248058.229748,1147,25666.65,112553.851399,202206
4.3921,4.3983,4.3796,4.3878,32749.92,143702.734094,585,14603.54,64103.753701,202206
4.3862,4.3947,4.3475,4.3622,85049.71,371653.610744,1222,30054.65,131397.173421,202206
4.3614,4.3614,4.346,4.361,51019.65,222167.460831,876,24733.87,107712.183324,202206
4.3611,4.48,4.3611,4.4738,202549.64,899250.474111,2704,127816.94,567338.429069,202206
4.4773,4.4777,4.4419,4.4548,91533.94,408221.500791,1496,50691.17,226012.269754,202206
4.453,4.4598,4.4366,4.4404,36978.46,164389.762573,801,19265.73,85643.638422,202206
4.4404,4.4435,4.4242,4.4285,46501.46,206192.553416,987,17185.45,76205.785053,202206
4.4284,4.4343,4.4005,4.4042,73273.01,323581.57491,1200,29787.9,131542.923762,202206
4.4044,4.4116,4.3947,4.3959,50229.31,221078.724392,780,23799.91,104733.193812,202206
4.396,4.4026,4.3891,4.3891,36667.78,161265.727949,547,19085.39,83947.632704,202206
4.3894,4.4203,4.3894,4.4119,36322.72,160100.804888,660,23857.87,105164.77526,202206
4.4145,4.4156,4.3816,4.3907,49103.35,215818.747517,757,18695.64,82133.957807,202206
4.3913,4.3949,4.375,4.3805,35406.68,155257.199358,739,11382.83,49920.593967,202206
4.3814,4.3952,4.3713,4.3823,32457.91,142294.348884,613,14458.92,63402.780342,202206
4.3837,4.3853,4.3647,4.3751,41148.85,180050.424372,722,13956.49,61036.886714,202206
4.3762,4.3925,4.3728,4.3779,17950.81,78619.463343,383,8474.53,37117.115068,202206
4.3772,4.387,4.3758,4.386,18545.43,81248.107907,306,8318.36,36449.702423,202206
4.3861,4.3872,4.382,4.3824,7952.53,34864.565888,155,4062.76,17812.048648,202206
4.3825,4.4016,4.3825,4.3932,16285.65,71518.237019,293,8621.51,37875.113919,202206
4.3931,4.4076,4.3924,4.406,20042.41,88184.778313,329,6081.78,26768.527278,202206
4.4045,4.4061,4.3651,4.3826,32616.11,142864.434665,568,9988.23,43748.915763,202206
4.3836,4.3836,4.3452,4.3597,49074.13,213709.306896,727,12616.14,54960.449745,202206
4.3601,4.3646,4.3527,4.3551,11936.92,52025.568549,222,6078.07,26487.648345,202206
4.3549,4.3582,4.347,4.347,14743.28,64160.088692,234,6433.49,28002.214314,202206
4.3454,4.3489,4.3254,4.327,29482.42,127857.177044,502,10034.73,43510.319833,202206
4.3266,4.3615,4.322,4.3615,51231.56,222278.941363,863,30537.42,132508.609572,202206
4.3578,4.3771,4.3473,4.3698,67473.04,294328.284641,1171,39125.66,170668.761464,202206
4.3676,4.3824,4.3536,4.3814,47507.65,207517.764825,827,24175.38,105627.394033,202206
4.3827,4.3984,4.37,4.3916,52851.31,231824.009409,854,25106.5,110070.094419,202206
4.3912,4.4062,4.3816,4.4057,26208.32,115116.933328,509,12102.11,53150.092493,202206
4.4052,4.4367,4.3955,4.4292,72059.48,317873.118127,993,53866.75,237615.505916,202206
4.4292,4.4733,4.4284,4.4633,105717.49,470861.381902,2008,56107.39,249902.469102,202206
4.4613,4.4613,4.425,4.4312,95470.62,423760.11171,1791,46921.96,208249.427067,202206
4.4307,4.4448,4.4267,4.4268,41300.06,183172.639986,774,17378.24,77100.001459,202206
4.4295,4.438,4.4161,4.4302,34478.4,152652.739137,721,16132.63,71442.835749,202206
4.4291,4.4299,4.3917,4.3945,33251.23,146541.798356,620,11674.5,51469.358467,202206
4.3942,4.3976,4.3858,4.392,24571.72,107883.138502,403,11172.05,49051.06189,202206
4.3941,4.3996,4.3888,4.3964,16876.23,74144.04488,290,7536.21,33113.449157,202206
4.3974,4.414,4.3957,4.411,35116.86,154725.033833,432,22315.44,98296.695391,202206
4.4094,4.4223,4.4094,4.4145,8314.21,36714.041995,210,5379.71,23754.311,202206
4.4148,4.4156,4.3986,4.3994,10883.33,47970.834605,248,4774.95,21052.242647,202206
4.3989,4.4335,4.3975,4.4243,32569.46,143829.103845,466,23379.65,103238.159346,202206
4.4257,4.4346,4.4213,4.4283,19552.13,86578.034649,300,6208.24,27485.908852,202206
4.4257,4.4414,4.4225,4.4376,22106.98,98003.56021,414,10265.8,45520.373043,202206
4.4369,4.4399,4.4161,4.4194,33306.85,147359.168942,391,17254.29,76348.676629,202206
4.419,4.4265,4.4044,4.4101,19972.59,88170.490671,337,9996.93,44130.316826,202206
4.4101,4.4272,4.4101,4.4144,13753.43,60767.201707,289,6446.95,28477.563509,202206
4.4146,4.4166,4.3977,4.3983,26616.98,117242.317333,344,16059.94,70733.278091,202206
4.3998,4.4052,4.3877,4.3912,38687.84,169960.061568,403,11845.32,52038.834438,202206
4.3922,4.4002,4.3616,4.3883,67545.07,296498.038413,824,39727.32,174623.708032,202206
4.3887,4.4133,4.384,4.407,46705.6,205450.226171,710,25702.71,113078.824995,202206
4.4072,4.4074,4.3946,4.398,24869.0,109397.082746,393,10751.9,47299.894913,202206
4.3964,4.4185,4.3556,4.4112,64072.9,280892.574953,1124,33741.09,148071.680588,202206
4.4097,4.4118,4.38,4.399,124876.45,549273.947703,1003,57019.26,250722.375993,202206
4.3987,4.407,4.388,4.4003,38362.1,168665.729032,588,18333.2,80590.524439,202206
4.4026,4.4099,4.3918,4.4031,37063.52,163144.548089,527,18410.0,81042.464178,202206
4.4035,4.4035,4.3844,4.3977,46676.69,204992.078619,536,14746.63,64771.176971,202206
4.3978,4.4338,4.3951,4.432,81042.55,358336.214962,664,66667.74,294866.564825,202206
4.4319,4.4624,4.431,4.4593,42825.01,190359.129013,791,20726.57,92097.835156,202206
4.4623,4.4665,4.4218,4.4391,56070.3,249502.153265,801,26947.0,119941.309044,202206
4.4392,4.4392,4.4161,4.4163,30464.76,134933.270375,488,15043.46,66628.942681,202206
4.4171,4.4254,4.3975,4.4116,57763.44,254675.03495,592,11235.53,49544.867824,202206
4.412,4.4431,4.4084,4.4423,41273.3,182399.126323,692,24807.35,109616.265418,202206
4.4438,4.5,4.4412,4.4843,106780.54,478613.489027,1528,47057.47,210825.428119,202206
4.4826,4.5363,4.4632,4.5351,145470.28,655493.678071,1646,71062.69,320132.597329,202206
4.5366,4.5958,4.5352,4.5807,171359.86,782418.844252,2401,106010.46,483864.253476,202206
4.5807,4.5991,4.5422,4.5517,118361.68,540381.961923,1564,52909.44,241817.864914,202206
4.5523,4.6024,4.5423,4.595,115575.37,528191.280889,1629,54062.48,247495.299961,202206
4.5945,4.5977,4.5658,4.5768,43803.37,200658.084411,827,27205.5,124669.893542,202206
4.5769,4.5779,4.5374,4.5438,54103.69,246367.882746,929,21988.89,100173.796042,202206
4.5434,4.5551,4.525,4.553,61699.24,280029.954452,945,33839.89,153531.913193,202206
4.552,4.5527,4.5193,4.5227,23715.15,107573.745956,505,9762.69,44295.844559,202206
4.523,4.53,4.5124,4.5162,19050.47,86209.299854,411,7652.83,34634.665079,202206
4.5164,4.5202,4.4959,4.5043,42152.11,189925.309015,576,23361.48,105234.615555,202206
4.5042,4.51,4.4953,4.506,29313.21,131970.769153,519,12364.65,55676.899921,202206
4.5053,4.5177,4.4971,4.5146,79936.53,360052.36119,788,40627.25,182966.931297,202206
4.5146,4.5388,4.5023,4.5373,49087.48,221801.426878,665,19376.29,87596.325554,202206
4.5386,4.55,4.5295,4.5413,29726.01,134969.181605,765,17310.31,78604.403407,202206
4.5417,4.5599,4.5381,4.5579,40502.08,184145.77817,712,21752.55,98899.371776,202206
4.5578,4.56,4.5445,4.5446,40474.94,184420.906002,600,27508.8,125368.401778,202206
4.5463,4.6207,4.5463,4.5854,199580.53,916636.676195,2423,111447.45,510989.49942,202206
4.5853,4.5894,4.5726,4.576,51379.68,235327.290021,938,24115.55,110478.166383,202206
4.5759,4.5989,4.5751,4.5933,48761.2,223686.942134,712,21752.08,99781.282954,202206
4.5935,4.5964,4.5835,4.5925,55060.56,252685.830575,658,20341.39,93377.778737,202206
4.591,4.591,4.5433,4.5594,66282.84,303002.930451,861,14434.88,65940.687227,202206
4.5595,4.5669,4.5526,4.5568,24462.51,111500.123332,520,11530.19,52556.830435,202206
4.5567,4.5703,4.5507,4.5535,22649.29,103293.306253,489,10839.93,49430.295298,202206
4.5549,4.5948,4.5535,4.5929,19652.47,89905.849722,434,12431.81,56870.575051,202206
4.5934,4.5982,4.5811,4.5886,30774.61,141167.424849,633,16578.51,76050.202349,202206
4.588,4.5883,4.5654,4.5663,20543.98,94082.453777,465,6955.99,31858.5509,202206
4.5652,4.5749,4.5481,4.5497,28391.85,129432.420792,460,15655.98,71388.480365,202206
4.5506,4.557,4.5234,4.5274,36176.95,164417.33263,677,19008.0,86442.644697,202206
4.5263,4.5309,4.51,4.5145,56224.07,254260.422726,584,34436.36,155799.926646,202206
4.516,4.516,4.5018,4.5025,32502.33,146540.32758,750,15425.04,69540.838107,202206
4.5047,4.5065,4.4981,4.5007,31882.8,143549.29477,559,19317.19,86981.529574,202206
4.5007,4.5044,4.4845,4.4904,40871.94,183564.707811,660,14559.42,65390.098189,202206
4.4906,4.4915,4.473,4.4819,15914.75,71345.217728,441,5726.65,25672.134769,202206
4.482,4.5081,4.4815,4.5053,24539.91,110225.295767,567,12737.72,57204.508485,202206
4.5058,4.5249,4.4989,4.5,87946.11,396646.197519,823,41217.04,185954.360187,202206
4.4986,4.4986,4.4867,4.4904,13484.73,60565.612274,297,6003.71,26962.810026,202206
4.4904,4.4999,4.4878,4.498,22017.7,98959.750403,350,15427.71,69339.042349,202206
4.498,4.508,4.49,4.4951,12561.73,56504.495218,316,6866.79,30889.264272,202206
4.4924,4.493,4.4443,4.4467,41463.64,185244.644597,791,12530.8,56043.982009,202206
4.4467,4.4503,4.4061,4.408,71823.61,317735.146697,1334,21114.38,93474.307176,202206
4.4086,4.4159,4.406,4.4084,37494.7,165317.621715,776,15403.15,67918.291291,202206
4.4105,4.4136,4.4072,4.4101,18539.87,81770.300205,411,9906.51,43696.514424,202206
4.4103,4.416,4.4078,4.4088,19103.47,84260.197316,348,11926.31,52601.235685,202206
4.409,4.4263,4.4082,4.4255,16135.51,71298.835184,331,6987.79,30871.118227,202206
4.4241,4.4321,4.4197,4.4219,13684.49,60571.313122,326,7524.94,33302.707167,202206
4.4233,4.43,4.4083,4.409,18591.47,82188.221631,415,9345.06,41318.008056,202206
4.4099,4.444,4.4097,4.4334,31700.99,140373.552381,526,18405.2,81477.018502,202206
4.434,4.4447,4.4294,4.4338,15365.41,68179.340867,398,8274.79,36711.924273,202206
4.4338,4.453,4.4296,4.4484,21331.72,94830.515434,398,9891.26,43970.540932,202206
4.4488,4.4523,4.4447,4.4454,17603.83,78311.486397,254,6079.04,27045.679571,202206
4.4468,4.4662,4.4235,4.4623,69021.44,307335.650362,871,43033.0,191724.144002,202206
4.4601,4.4761,4.4586,4.4679,28268.61,126429.224368,523,16129.2,72141.135027,202206
4.4677,4.4717,4.4598,4.4685,14883.25,66435.677367,296,7801.96,34827.324235,202206
4.4689,4.486,4.4673,4.4838,10152.28,45459.390971,278,6253.44,28003.494394,202206
4.4816,4.4816,4.4697,4.4735,20009.23,89542.228995,221,5723.01,25603.519043,202206
4.474,4.4782,4.4565,4.4581,18721.73,83565.347976,317,12070.84,53877.232779,202206
4.4589,4.46,4.3936,4.4044,141528.75,624283.000457,1795,38142.85,168270.817526,202206
4.407,4.4086,4.3702,4.3965,110040.4,482722.677962,1231,72907.73,319845.377449,202206
4.3962,4.4238,4.3931,4.4222,80588.84,355639.081772,693,48494.39,214104.500334,202206
4.4208,4.4267,4.4047,4.4185,43111.29,190452.153442,541,15044.7,66487.408386,202206
4.42,4.4214,4.4021,4.4067,11626.39,51261.044283,220,4966.76,21894.056431,202206
4.4062,4.4215,4.4035,4.4171,12314.21,54362.864528,204,5445.77,24035.706799,202206
4.4189,4.4217,4.4103,4.417,20797.24,91836.807134,261,11297.05,49896.960175,202206
4.4176,4.427,4.4103,4.4103,17550.71,77592.002405,277,6398.25,28290.062865,202206
4.4109,4.4121,4.3842,4.3924,18481.27,81211.9767,417,6643.75,29195.750845,202206
4.3935,4.3945,4.377,4.3826,29114.84,127753.422708,411,17131.02,75184.354288,202206
4.3818,4.3834,4.35,4.3633,85690.45,374076.325439,1480,30406.27,132808.143752,202206
4.3642,4.3727,4.363,4.3647,28495.81,124463.734809,559,13850.29,60503.891478,202206
4.3669,4.3757,4.3655,4.3701,18976.19,82932.988995,340,9765.94,42682.181261,202206
4.3712,4.38,4.3665,4.3701,14358.89,62805.082991,276,6898.55,30174.620964,202206
4.3708,4.391,4.3694,4.3765,15203.65,66624.734664,316,7457.0,32674.737524,202206
4.3774,4.3818,4.3644,4.3646,45983.81,201048.58922,385,16712.66,73071.860734,202206
4.3651,4.4047,4.3644,4.3924,26975.89,118258.507298,488,12489.0,54727.172248,202206
4.3914,4.4008,4.3709,4.394,18847.72,82745.341611,461,9110.45,39994.749557,202206
4.3979,4.4222,4.3938,4.4089,36278.38,159880.545155,666,25929.25,114248.229651,202206
4.4087,4.4358,4.4076,4.4326,31308.37,138554.185904,633,19387.02,85799.175419,202206
4.4298,4.4342,4.4222,4.4339,14884.67,65926.383728,390,7758.71,34368.715435,202206
4.4324,4.445,4.4271,4.4289,16594.73,73628.977045,411,7762.07,34433.013461,202206
4.4297,4.4324,4.4247,4.4274,11301.44,50043.169567,266,5601.97,24805.010982,202206
4.4274,4.4286,4.4091,4.4111,6486.13,28670.264505,230,3371.38,14902.453811,202206
4.4108,4.4381,4.4091,4.4259,23658.5,104775.414937,384,13593.2,60166.60483,202206
4.4259,4.4478,4.4199,4.4414,14187.32,62918.093957,357,7546.58,33458.147854,202206
4.442,4.447,4.4312,4.4401,11968.94,53135.960825,281,5345.52,23732.095038,202206
4.4404,4.4429,4.4341,4.4371,9256.26,41068.214926,181,4221.23,18731.618747,202206
4.4357,4.4618,4.4343,4.4561,14478.85,64395.606383,330,8729.14,38825.942858,202206
4.4561,4.4597,4.43,4.4305,22532.15,100303.444323,442,6102.02,27160.903876,202206
4.4317,4.4548,4.4248,4.4464,27756.65,123343.942122,443,18226.84,81032.927897,202206
4.4477,4.4647,4.4353,4.4647,18990.12,84422.491316,361,7619.72,33868.299274,202206
4.4647,4.4778,4.4606,4.4679,45127.03,201672.461714,681,31506.44,140795.830168,202206
4.4699,4.473,4.452,4.4611,23859.64,106496.990559,318,12904.88,57584.9559,202206
4.4621,4.4932,4.4584,4.4686,37176.38,166381.779273,654,18330.55,82035.578926,202206
4.4688,4.4711,4.459,4.4659,32036.38,143092.131394,368,10823.58,48340.394765,202206
4.4651,4.4807,4.4614,4.4665,11614.06,51922.362874,285,6500.82,29062.900758,202206
4.4665,4.4692,4.4552,4.4578,9118.99,40691.223839,236,3817.79,17040.007347,202206
4.458,4.4582,4.4399,4.4552,19683.95,87555.327765,405,6947.62,30897.512882,202206
4.4549,4.4606,4.4466,4.45,15777.54,70237.295299,234,5633.81,25078.103831,202206
4.4505,4.4515,4.4208,4.4262,14882.41,65968.131719,351,6334.52,28093.970892,202206
4.4249,4.4262,4.4157,4.4163,13440.77,59410.633447,256,6193.88,27378.496741,202206
4.4178,4.4194,4.4015,4.4114,24372.51,107494.279661,406,12711.48,56076.84716,202206
4.4092,4.4188,4.3996,4.4118,16563.54,72956.173405,296,3346.35,14743.030089,202206
4.4116,4.4116,4.3818,4.3875,26517.15,116413.415765,475,3406.62,14968.65118,202206
4.3875,4.411,4.3846,4.4062,20409.58,89877.260449,360,13269.88,58452.616967,202206
4.4059,4.4115,4.385,4.3851,23583.79,103798.504421,308,4291.98,18892.747238,202206
4.3858,4.3939,4.3575,4.3599,18301.35,80033.513209,456,6244.45,27311.960785,202206
4.3599,4.3877,4.3578,4.382,27216.89,118999.558407,476,18069.36,78993.02639,202206
4.3834,4.3872,4.3704,4.3835,25228.88,110537.766724,325,18868.56,82683.886822,202206
4.3834,4.401,4.3834,4.3928,17260.09,75829.953515,368,11367.47,49929.894595,202206
4.3926,4.3929,4.3786,4.3885,11146.34,48894.236494,221,4497.9,19731.962835,202206
4.3883,4.4175,4.3861,4.4126,18318.46,80668.899816,299,10801.56,47554.475645,202206
4.4109,4.4197,4.4066,4.4066,13328.79,58836.279151,288,5645.99,24924.01649,202206
4.4071,4.4268,4.4071,4.4244,15186.94,67055.818617,277,10508.81,46391.485313,202206
4.4239,4.4268,4.4088,4.4181,10156.96,44872.93383,237,5291.12,23376.650792,202206
4.4168,4.4233,4.4024,4.4233,12516.29,55198.064589,193,6052.3,26693.141762,202206
4.4235,4.4323,4.4201,4.4201,23793.64,105345.630212,372,14602.8,64658.882959,202206
4.42,4.4223,4.4062,4.4144,15816.19,69791.293347,258,6129.89,27054.050006,202206
4.4149,4.4521,4.4121,4.4502,45642.89,202568.203102,499,28323.6,125791.680774,202206
4.45,4.4575,4.4411,4.4553,23196.47,103193.564806,352,14875.63,66184.514415,202206
4.4532,4.4762,4.4494,4.4636,66687.16,297533.814675,831,30800.12,137454.145925,202206
4.4635,4.4932,4.4484,4.4831,53524.18,239428.064515,847,37755.18,168928.058472,202206
4.4821,4.4892,4.4598,4.4683,40446.04,180871.103442,693,21641.91,96786.828916,202206
4.467,4.5041,4.4563,4.4965,70674.28,316614.263328,1076,45767.59,204925.819706,202206
4.4953,4.5033,4.4656,4.4656,64144.39,287652.765776,814,23110.33,103581.631354,202206
4.4651,4.4718,4.4568,4.4681,29043.71,129693.810666,593,11906.38,53171.696725,202206
4.4707,4.5328,4.469,4.5066,132958.76,599109.327671,1940,60625.52,273157.072682,202206
4.506,4.5204,4.4975,4.5088,50672.33,228525.579613,971,19859.39,89553.988049,202206
4.5089,4.5426,4.5058,4.5194,85272.02,385663.409342,1349,55009.55,248770.296594,202206
4.519,4.5345,4.4999,4.5054,48121.03,217400.860751,781,22642.08,102347.989322,202206
4.5068,4.5092,4.4846,4.4917,44435.2,199754.892428,644,15185.47,68239.430914,202206
4.4916,4.5,4.4782,4.4869,51181.52,229744.011252,689,17662.37,79267.73287,202206
4.4879,4.4986,4.4819,4.4828,33571.02,150843.43304,448,23354.51,104944.952493,202206
4.4818,4.4899,4.468,4.4877,32591.75,145897.854771,460,12173.38,54496.513485,202206
4.4878,4.5725,4.4863,4.5332,131140.09,595226.057246,2019,78976.62,358657.261738,202206
4.5328,4.5582,4.5196,4.5364,57681.09,261923.641298,1031,34806.49,158063.437999,202206
4.5347,4.5633,4.5309,4.5595,66283.69,301551.400053,1022,28130.7,128002.977217,202206
4.5593,4.579,4.5468,4.5662,94590.31,432046.163513,1394,56513.58,258265.613779,202206
4.5662,4.575,4.5406,4.5439,49500.77,225418.382197,719,16277.82,74107.157949,202206
4.5431,4.5473,4.5307,4.5342,62312.08,282781.465413,517,12177.62,55269.105728,202206
4.5344,4.5488,4.5324,4.5414,29577.14,134331.439594,522,19813.22,89978.907423,202206
4.5411,4.5496,4.522,4.5414,51531.46,233851.34891,587,35966.77,163196.817775,202206
4.5411,4.5414,4.482,4.4908,63797.68,287382.324449,911,19295.17,87173.074277,202206
4.491,4.515,4.4907,4.5118,45655.11,205726.512131,723,27950.46,125988.767456,202206
4.5121,4.5189,4.5036,4.5077,26014.55,117379.109594,446,11085.7,50032.272057,202206
4.5083,4.5358,4.4908,4.5241,38038.1,171616.206459,633,23846.47,107591.303655,202206
4.5242,4.535,4.5048,4.5068,22789.26,103096.848835,498,11808.07,53428.383099,202206
4.5066,4.5169,4.4861,4.5098,40232.19,181192.215772,574,21636.44,97506.098642,202206
4.5102,4.5329,4.5094,4.5243,27333.95,123631.885707,498,13743.3,62177.969784,202206
4.5252,4.5317,4.5219,4.5256,22950.58,103851.299398,342,10194.04,46126.412737,202206
4.5241,4.5503,4.5069,4.5387,52036.41,236077.432759,785,28455.63,129219.409903,202206
4.5409,4.5523,4.5379,4.5394,52244.02,237542.163144,564,29409.23,133755.513643,202206
4.5398,4.5442,4.53,4.5373,20957.46,95086.104538,488,11346.33,51476.38833,202206
4.5375,4.5398,4.5095,4.5146,55236.9,249716.741538,559,32099.54,145043.880094,202206
4.5116,4.5441,4.5024,4.544,25173.83,113843.664058,502,13733.72,62118.217808,202206
4.5424,4.5456,4.4729,4.4745,50322.53,226447.817468,971,21257.13,95720.923657,202206
4.4742,4.5355,4.4742,4.5187,52825.86,238299.907431,986,24051.73,108428.835759,202206
4.5196,4.5319,4.51,4.5288,20502.3,92745.493244,392,9060.85,40984.781323,202206
4.5287,4.5351,4.5151,4.5279,22481.48,101773.884631,515,12321.8,55765.721665,202206
4.5272,4.5426,4.5225,4.5225,26265.11,119108.109109,450,13147.83,59635.231374,202206
4.5243,4.5243,4.5039,4.5039,44309.62,199854.327143,455,11993.77,54088.361973,202206
4.5066,4.5097,4.482,4.4821,65008.82,292568.719206,756,45805.53,206198.22263,202206
4.4831,4.4925,4.4652,4.4887,71428.73,319914.603212,890,28211.66,126332.372003,202206
4.4882,4.4884,4.4653,4.4776,14107.01,63140.820738,296,5279.16,23630.851191,202206
4.4776,4.4789,4.4444,4.4473,44828.16,199871.792998,677,13932.86,62129.689244,202206
4.4478,4.4605,4.4231,4.4516,43652.48,194018.798106,961,21792.09,96864.233817,202206
4.4517,4.4558,4.4303,4.4487,31290.98,138894.965644,624,15659.97,69484.95413,202206
4.4479,4.4499,4.4321,4.4418,28304.34,125727.133672,463,12651.47,56183.073327,202206
4.4405,4.4464,4.4267,4.4319,26115.96,115869.893727,465,12042.22,53417.895812,202206
4.4319,4.4409,4.4196,4.4311,40187.83,177991.437713,624,14898.33,65991.926756,202206
4.4324,4.4346,4.4131,4.4229,34505.64,152576.22189,583,13499.97,59685.444889,202206
4.4228,4.423,4.3911,4.3913,70752.43,311909.665035,721,38810.93,171180.82208,202206
4.3912,4.415,4.3912,4.4127,87937.5,387519.420756,826,61751.59,272151.104829,202206
4.4112,4.4306,4.4107,4.4276,40056.96,176940.576273,547,29351.13,129635.96596,202206
4.4275,4.4355,4.4226,4.4351,35307.76,156402.478078,489,18979.54,84082.150216,202206
4.4339,4.4363,4.4022,4.4208,60027.44,265275.115692,1005,33225.04,146889.367904,202206
4.4203,4.429,4.4116,4.4211,34267.32,151597.382003,479,25516.16,112912.629296,202206
4.4215,4.4536,4.4152,4.4342,35841.98,158946.267173,630,23766.76,105385.026758,202206
4.4351,4.4464,4.434,4.443,21401.14,94978.60361,372,9441.37,41905.265016,202206
4.443,4.4453,4.4318,4.4387,16231.83,72039.697975,366,7870.65,34929.62989,202206
4.4381,4.4519,4.4359,4.4488,25628.64,113861.851639,481,13483.78,59904.609491,202206
4.4488,4.4643,4.4432,4.4558,44572.98,198644.787435,485,34873.85,155426.828447,202206
4.4553,4.4657,4.4143,4.4164,42521.56,188619.959671,599,14661.65,65197.40636,202206
4.4161,4.4284,4.4091,4.4177,22682.49,100205.15724,467,9932.97,43898.359728,202206
4.4179,4.4235,4.41,4.423,23985.33,105922.077821,401,13371.4,59050.046481,202206
4.4229,4.4254,4.4085,4.4113,24164.59,106705.681232,520,12686.89,56020.72407,202206
4.4114,4.4177,4.3857,4.3971,49387.85,217341.896997,898,28104.34,123666.489136,202206
4.3974,4.3974,4.3618,4.3938,95955.79,420511.218246,1262,32110.94,140716.83947,202206
4.392,4.4368,4.3897,4.4303,37965.37,167693.029465,637,16086.56,71055.27745,202206
4.4299,4.4354,4.425,4.4329,15278.2,67682.069773,341,9468.19,41943.139073,202206
4.433,4.4605,4.433,4.4388,45222.81,201007.246613,699,20339.42,90439.756365,202206
4.4368,4.4614,4.4331,4.4547,26378.45,117208.4512,415,16136.84,71692.563475,202206
4.4569,4.4927,4.4487,4.4732,50092.92,224060.523783,1003,29468.79,131783.944861,202206
4.4723,4.4997,4.467,4.4891,34620.08,155246.12748,738,20901.15,93706.037621,202206
4.4892,4.4946,4.475,4.4874,27666.49,124093.785319,540,13567.54,60859.787495,202206
4.4878,4.4878,4.4673,4.4723,16903.42,75667.009197,355,9244.47,41382.519848,202206
4.4693,4.49,4.4657,4.4847,34158.62,152990.085063,477,14504.91,64979.565909,202206
4.4847,4.4877,4.4715,4.4715,14635.42,65573.385897,338,7922.11,35499.679259,202206
4.4715,4.4876,4.4677,4.4713,18465.45,82659.139885,367,6304.0,28215.283291,202206
4.4714,4.4716,4.441,4.445,27850.7,124042.180113,520,11406.33,50734.166634,202206
4.4435,4.4452,4.4299,4.4358,15344.15,68084.196855,344,4796.25,21283.349577,202206
4.4354,4.4385,4.4238,4.43,42216.41,187148.842992,456,38108.46,168944.58527,202206
4.4312,4.4341,4.4148,4.4275,20284.64,89783.701298,476,9400.77,41596.964815,202206
4.4255,4.4352,4.419,4.4237,14470.18,64027.401087,258,6565.18,29052.453994,202206
4.4234,4.4257,4.4169,4.4194,11291.38,49930.603384,196,4189.83,18525.363214,202206
4.4189,4.4333,4.4056,4.4291,39681.9,175624.157052,414,33876.09,149976.003409,202206
4.4306,4.4507,4.4258,4.4473,10249.66,45513.254311,212,4880.4,21674.099906,202206
4.4478,4.4592,4.4473,4.4543,13098.39,58330.764804,287,5622.18,25036.152339,202206
4.454,4.454,4.4314,4.4383,7767.8,34504.704162,191,2828.2,12555.377352,202206
4.4384,4.4426,4.4301,4.4337,6945.9,30803.700248,207,3056.71,13557.129897,202206
4.4342,4.475,4.4305,4.4731,12802.16,56980.905449,318,8343.48,37149.304144,202206
4.4731,4.4737,4.4498,4.4499,12768.67,56939.996965,346,4192.33,18694.763992,202206
4.4499,4.4764,4.4462,4.471,21057.24,93813.071103,316,15299.71,68135.759733,202206
4.4714,4.49,4.4669,4.483,21264.53,95193.742852,542,9716.85,43508.904416,202206
4.4845,4.4868,4.4735,4.4817,16582.82,74298.677666,285,9037.45,40489.596779,202206
4.4829,4.4912,4.4723,4.4875,13740.78,61606.245692,283,7890.16,35380.109382,202206
4.4881,4.4936,4.4797,4.4933,15200.76,68209.320524,317,7124.51,31972.764193,202206
4.4936,4.4959,4.4712,4.4712,9428.47,42244.90441,237,3692.62,16550.274,202206
4.472,4.4728,4.4488,4.4551,21887.36,97734.530101,304,5354.79,23893.570994,202206
4.4534,4.4708,4.4506,4.4635,6374.83,28435.781046,188,3334.13,14868.455141,202206
4.4655,4.497,4.4655,4.4969,14509.98,65071.04902,360,9635.41,43209.86732,202206
4.4956,4.4974,4.4844,4.4918,17414.72,78233.092169,333,5749.4,25824.233875,202206
4.4921,4.4993,4.4848,4.4853,14033.49,63048.530758,360,5876.98,26402.389872,202206
4.486,4.4977,4.4823,4.4899,8114.2,36423.23195,221,4653.59,20892.904446,202206
4.49,4.5118,4.4888,4.4987,32568.55,146626.816227,663,14185.22,63838.772939,202206
4.4978,4.5039,4.4836,4.4873,19542.45,87794.34986,287,5065.24,22755.283224,202206
4.488,4.5057,4.488,4.5033,10271.85,46200.033578,276,4518.58,20317.740818,202206
4.5024,4.5159,4.499,4.5125,27715.79,124935.287245,502,17804.06,80249.667177,202206
4.5139,4.5455,4.5034,4.5383,41842.48,189528.386948,892,23870.35,108147.073594,202206
4.54,4.5989,4.5364,4.5845,109857.24,502887.379285,1741,69575.94,318568.9641,202206
4.5842,4.5876,4.5508,4.5602,35739.77,163188.717376,787,19763.32,90278.074465,202206
4.56,4.5613,4.537,4.537,29737.21,135214.49978,437,14305.24,65004.675419,202206
4.537,4.5431,4.5231,4.5328,26720.67,121143.285706,510,12888.76,58455.756842,202206
4.5312,4.5334,4.5232,4.5232,12976.02,58764.141191,320,5701.14,25816.232578,202206
4.5253,4.5355,4.5082,4.5271,17541.43,79305.993828,499,8041.11,36383.195088,202206
4.526,4.5309,4.5141,4.5245,14097.73,63774.071716,417,5632.83,25470.440141,202206
4.5252,4.5297,4.5027,4.5051,10082.32,45478.657381,244,3713.95,16746.680726,202206
4.5042,4.5077,4.4946,4.4982,10512.48,47309.62963,288,4792.72,21570.422604,202206
4.4988,4.5251,4.4972,4.5113,23028.78,103951.209115,478,13407.91,60541.081222,202206
4.5129,4.5206,4.4781,4.4956,21493.24,96703.605407,519,9741.51,43847.660986,202206
4.494,4.5024,4.4783,4.4907,16909.76,75927.681617,368,7443.94,33449.593598,202206
4.4904,4.5176,4.4834,4.5114,14388.36,64763.470307,329,7945.66,35780.75749,202206
4.5113,4.5199,4.5076,4.5106,14419.15,65084.655405,263,7705.78,34780.166875,202206
4.5118,4.5175,4.5044,4.515,12085.79,54509.946264,249,5212.36,23511.835169,202206
4.5149,4.5184,4.5059,4.5184,9009.81,40649.143937,253,4413.97,19914.554558,202206
4.5184,4.5356,4.5184,4.5356,11455.01,51873.992549,262,6959.08,31506.370845,202206
4.5336,4.5354,4.5071,4.5071,9173.66,41440.334869,192,2753.32,12444.584464,202206
4.5083,4.517,4.5071,4.5167,11952.88,53958.739926,224,1433.09,6468.896983,202206
4.5159,4.53,4.5074,4.5236,6090.89,27526.212125,156,2362.69,10674.524741,202206
4.5244,4.5286,4.5147,4.5221,6264.61,28339.701959,174,2259.0,10217.672234,202206
4.5233,4.5362,4.5194,4.5218,14456.46,65462.017705,255,9123.93,41318.828948,202206
4.5213,4.5223,4.51,4.5223,5427.48,24509.035738,146,2001.32,9037.573306,202206
4.5223,4.5621,4.5139,4.5613,31235.28,141910.194614,600,18497.22,84028.546354,202206
4.5613,4.5796,4.5605,4.5659,41620.28,190182.289514,645,23405.17,106979.603638,202206
4.5667,4.5768,4.5507,4.5641,33837.95,154355.656372,633,13068.21,59626.49806,202206
4.5641,4.5998,4.5613,4.5811,53981.66,247421.272172,913,23359.87,107054.009072,202206
4.5843,4.6009,4.5514,4.5549,45481.91,208103.911719,953,21997.11,100762.295702,202206
4.5553,4.5571,4.538,4.5432,52262.62,237597.30949,574,15157.8,68858.94794,202206
4.5425,4.5584,4.532,4.5564,33028.66,150185.817825,531,24584.03,111823.427883,202206
4.5585,4.5928,4.5544,4.5623,37464.59,171304.415647,718,16962.07,77537.358886,202206
4.5616,4.5644,4.5432,4.5512,33128.1,150911.088601,449,9183.92,41822.843625,202206
4.5486,4.5617,4.535,4.5376,20065.44,91217.551391,422,11789.96,53603.372965,202206
4.5374,4.5466,4.535,4.5352,26158.0,118835.211744,413,19380.8,88056.813931,202206
4.535,4.5514,4.5327,4.5327,10848.62,49253.870324,296,5537.29,25141.842073,202206
4.5329,4.5458,4.53,4.533,10711.82,48595.484337,231,4548.31,20632.61676,202206
4.5328,4.5407,4.5233,4.5347,25004.28,113348.655802,474,16333.57,74046.388399,202206
4.5327,4.5341,4.5123,4.5155,41611.01,188210.679056,609,17990.09,81354.573633,202206
4.5144,4.5192,4.5048,4.5098,19274.42,86922.263625,286,9569.23,43145.662012,202206
4.51,4.5297,4.5074,4.5276,15399.4,69584.895158,293,7244.84,32725.037302,202206
4.5277,4.5375,4.5158,4.5279,20223.3,91504.453183,349,7128.67,32276.889638,202206
4.5269,4.549,4.5269,4.5473,14143.77,64162.75439,312,9248.86,41952.664901,202206
4.5481,4.5529,4.5431,4.5475,31265.38,142222.77868,400,15316.44,69665.915157,202206
4.5475,4.5475,4.522,4.536,20079.78,91009.327287,407,11982.08,54287.612952,202206
4.5344,4.5549,4.5263,4.5533,11646.72,52886.302841,279,6035.64,27414.370533,202206
4.5535,4.5622,4.4936,4.4999,27789.38,125812.755876,661,9611.95,43524.3904,202206
4.4971,4.5025,4.4794,4.4871,45334.04,203552.956679,741,16344.62,73398.85224,202206
4.4883,4.5005,4.4795,4.4802,32912.17,147836.277378,676,15887.82,71366.81121,202206
4.4795,4.4798,4.4252,4.4252,55873.55,248574.656284,1142,21082.28,93875.462226,202206
4.4251,4.457,4.4137,4.4518,78247.17,346489.284419,1060,29186.27,129349.334905,202206
4.4509,4.5,4.4509,4.4728,56143.89,251396.342447,965,35121.49,157168.052804,202206
4.4717,4.5063,4.4488,4.4636,38652.54,172914.046163,915,19313.17,86401.876757,202206
4.4627,4.49,4.4627,4.4724,31629.02,141675.005671,510,15130.06,67766.844613,202206
4.4733,4.4852,4.4421,4.4487,28111.2,125500.542389,588,11177.65,49880.140862,202206
4.4468,4.4563,4.4236,4.4473,38329.14,170127.579375,766,20012.97,88815.803187,202206
4.4463,4.4971,4.444,4.4971,51816.21,231358.132861,839,30796.07,137399.469004,202206
4.4971,4.5123,4.4956,4.5048,42615.88,191891.252936,640,19567.32,88122.896949,202206
4.5048,4.5323,4.4993,4.518,49727.74,224935.612947,846,25663.72,116056.972734,202206
4.5143,4.5165,4.4947,4.5102,21453.68,96699.84541,487,9832.62,44303.882337,202206
4.5087,4.5141,4.4847,4.5011,21986.9,98923.947747,490,8771.12,39471.134129,202206
4.4994,4.5517,4.4981,4.551,31426.58,142395.879625,719,16271.6,73735.307483,202206
4.5511,4.5732,4.5459,4.5593,54534.1,248663.132181,948,31525.28,143747.784052,202206
4.5597,4.5957,4.5578,4.5872,28866.19,132136.017801,736,14319.78,65543.323359,202206
4.5872,4.5909,4.5663,4.58,43151.46,197423.184752,591,16152.2,73959.906717,202206
4.5812,4.592,4.5674,4.57,19762.14,90530.157052,500,8910.01,40820.958724,202206
4.5702,4.5735,4.5591,4.5628,17838.23,81446.009822,383,8349.28,38125.226469,202206
4.5643,4.5643,4.531,4.5406,34945.42,158848.371779,657,14071.05,63966.138965,202206
4.5403,4.5491,4.5337,4.5349,28650.88,130137.026925,522,14319.78,65045.557769,202206
4.5362,4.5515,4.5274,4.5376,32459.91,147309.178009,513,18382.06,83446.060781,202206
4.5379,4.5412,4.5185,4.5343,17657.39,79992.102686,345,7835.17,35470.250225,202206
4.5354,4.5453,4.5306,4.5428,21787.44,98936.48802,294,14705.86,66774.451305,202206
4.5436,4.5436,4.5169,4.5209,21574.48,97723.824821,484,14212.36,64375.739829,202206
4.5194,4.5684,4.5194,4.5342,32777.16,149156.597484,794,18616.64,84711.621921,202206
4.5334,4.5479,4.53,4.5368,19260.04,87410.499518,558,11929.26,54143.214536,202206
4.5359,4.5488,4.4958,4.4975,94846.82,428726.781033,1064,28940.26,130912.512918,202206
4.4991,4.5032,4.4869,4.4979,17371.54,78103.804787,548,9142.87,41107.736835,202206
4.4982,4.5007,4.4712,4.4734,32826.7,147125.237116,689,21177.92,94926.89046,202206
4.4735,4.4787,4.4523,4.4566,34467.98,153934.863619,819,19109.23,85352.083566,202206
4.4562,4.4659,4.4496,4.4636,23233.24,103563.39573,485,13393.46,59701.426477,202206
4.4626,4.4663,4.4484,4.4546,19970.26,88943.285695,355,12024.2,53555.020068,202206
4.4544,4.4596,4.4478,4.4586,18107.06,80676.305287,353,6956.84,30989.599083,202206
4.4597,4.4602,4.4275,4.4316,70802.14,314216.436516,672,8916.24,39613.873352,202206
4.4315,4.4322,4.4087,4.4218,41942.23,185352.363287,791,27450.23,121321.933465,202206
4.422,4.4394,4.4208,4.4371,18692.52,82802.157587,473,9692.75,42940.901749,202206
4.437,4.4601,4.437,4.4532,22326.03,99364.32402,426,10488.9,46690.716105,202206
4.4532,4.472,4.4502,4.4708,25711.82,114726.780207,350,21243.9,94800.19159,202206
4.4716,4.4837,4.4687,4.4817,14426.96,64572.035851,372,8543.3,38235.901274,202206
4.4812,4.4822,4.4634,4.466,11394.98,50948.177786,247,5491.16,24562.233032,202206
4.4639,4.476,4.4562,4.457,7522.42,33601.462807,205,3759.66,16794.34159,202206
4.456,4.456,4.4269,4.4387,14447.79,64141.508509,422,6138.35,27242.524808,202206
4.4388,4.4805,4.4356,4.4792,14652.39,65298.582914,389,8277.7,36875.253121,202206
4.4772,4.5073,4.4685,4.4904,33377.23,149698.211797,795,18093.39,81142.355078,202206
4.4907,4.5039,4.4749,4.4997,21869.31,98207.048783,431,8237.1,36990.483237,202206
4.4992,4.5008,4.4811,4.4833,24918.94,111842.995224,314,6598.48,29664.289953,202206
4.4834,4.486,4.4694,4.4735,19443.79,87042.0186,385,14501.83,64920.013747,202206
4.4733,4.4777,4.4623,4.4677,9340.76,41738.727176,215,4570.38,20415.42402,202206
4.4678,4.5,4.4573,4.4922,63071.14,282093.338171,731,46052.53,206018.480656,202206
4.4933,4.4997,4.466,4.484,64520.74,288792.973947,805,20461.24,91761.633275,202206
4.4846,4.4846,4.4544,4.4544,18772.35,83925.546568,412,6513.94,29135.820705,202206
4.4558,4.4698,4.4472,4.4561,16916.08,75371.203473,436,8588.58,38266.706637,202206
4.4555,4.464,4.45,4.464,15812.05,70469.642565,300,5978.44,26644.686874,202206
4.464,4.4727,4.4589,4.4676,7693.43,34371.774635,211,3586.44,16022.038366,202206
4.4698,4.475,4.4668,4.4719,8487.29,37949.243124,206,4537.78,20288.274553,202206
4.4724,4.4939,4.4659,4.4906,22804.22,102051.226621,416,10483.6,46943.219591,202206
4.4908,4.5095,4.4861,4.5081,19508.5,87778.0117,456,11496.52,51731.370278,202206
4.5096,4.5151,4.4932,4.4942,17944.38,80930.780323,405,7440.1,33554.914067,202206
4.4939,4.5105,4.4852,4.5072,21637.07,97335.051615,445,11946.07,53730.814273,202206
4.5064,4.5398,4.5049,4.5305,26826.41,121183.849405,603,16168.87,73041.849727,202206
4.5308,4.541,4.5115,4.5208,26393.38,119491.895168,441,16381.36,74134.132389,202206
4.5198,4.5466,4.5145,4.5396,23911.18,108444.713287,569,12853.06,58312.554883,202206
4.5396,4.5467,4.5267,4.5384,33304.48,151224.925168,442,23601.54,107210.820926,202206
4.5388,4.5537,4.5388,4.5472,20809.1,94648.457252,471,13111.57,59640.771285,202206
4.5462,4.5567,4.5346,4.5458,20635.85,93862.148038,455,8244.7,37477.729015,202206
4.5455,4.56,4.533,4.5388,51541.45,234380.177897,591,10010.01,45514.656636,202206
4.5415,4.5527,4.5312,4.5388,15820.04,71820.931905,354,7422.3,33691.54355,202206
4.5388,4.5389,4.5118,4.516,31030.31,140260.344489,624,16235.08,73370.732442,202206
4.5179,4.5455,4.5127,4.544,17338.84,78543.808541,362,10207.99,46262.978719,202206
4.544,4.5533,4.5386,4.5399,8493.18,38602.708352,218,3274.97,14882.761132,202206
4.541,4.5424,4.512,4.512,26534.51,120125.543697,399,7418.44,33570.372472,202206
4.5136,4.5162,4.4876,4.5085,43579.24,196176.7187,655,13278.54,59754.251675,202206
4.5099,4.5107,4.4943,4.5022,31866.34,143445.828745,406,17308.79,77877.410643,202206
4.5032,4.5164,4.4954,4.5155,23125.92,104267.579294,336,8568.38,38617.499806,202206
4.5171,4.5206,4.5011,4.518,20588.06,92913.242393,316,12442.61,56146.180629,202206
4.5172,4.5266,4.4828,4.49,32700.07,147269.341915,643,13345.83,60024.983926,202206
4.4906,4.5039,4.4776,4.4843,19583.96,87892.426536,455,10476.03,47018.383444,202206
4.4836,4.5068,4.4836,4.4957,16517.78,74266.957495,333,7990.28,35902.171824,202206
4.4957,4.4975,4.477,4.4969,13406.66,60128.146691,302,6549.5,29371.662575,202206
4.4971,4.5107,4.4971,4.5043,15837.21,71354.280375,315,6652.6,29974.986872,202206
4.5048,4.5163,4.4911,4.4984,14390.74,64840.010866,311,6896.23,31074.805704,202206
4.4994,4.5189,4.4994,4.5156,14619.59,65988.376771,270,6707.66,30270.902057,202206
4.5144,4.5287,4.5091,4.5261,15671.11,70841.01322,278,8032.93,36325.947154,202206
4.5265,4.5525,4.5257,4.5432,31736.88,144123.915258,497,17351.02,78796.337757,202206
4.5463,4.5823,4.5463,4.5802,69558.52,317615.29945,971,40767.51,186203.50276,202206
4.5802,4.599,4.5709,4.5826,71436.27,327697.356996,1212,29213.75,134022.399481,202206
4.5828,4.6375,4.5828,4.6057,119066.3,548881.676406,1910,72997.86,336561.369884,202206
4.6061,4.678,4.603,4.6474,134553.92,626253.9782,2130,69022.75,321247.541501,202206
4.6476,4.6477,4.6293,4.6298,42040.52,195015.624385,743,19936.77,92474.894822,202206
4.6312,4.6439,4.6113,4.6407,79967.1,370063.841772,1279,23251.54,107594.004325,202206
4.6398,4.6737,4.6189,4.6447,70401.29,327087.473703,1527,35264.33,163792.83037,202206
4.6455,4.6459,4.6234,4.632,33769.22,156540.953091,739,17169.09,79580.573946,202206
4.6313,4.6428,4.6174,4.6364,35224.2,162977.809421,724,16637.05,76977.41549,202206
4.6365,4.6507,4.629,4.6498,39678.03,184094.876961,687,20267.94,94039.292671,202206
4.6497,4.6578,4.6412,4.6482,23518.7,109366.357884,514,10845.8,50429.252118,202206
4.6481,4.657,4.6447,4.6454,27738.0,128994.369746,399,14161.69,65843.466632,202206
4.6451,4.6673,4.6254,4.6275,51160.08,237517.068603,839,20736.45,96321.605695,202206
4.6282,4.6326,4.6162,4.617,25103.31,116033.53905,511,9154.57,42332.679236,202206
4.6177,4.625,4.5912,4.6042,55853.74,257067.035567,902,20462.96,94172.681413,202206
4.6042,4.6484,4.5964,4.6466,50033.19,230962.705692,774,21351.97,98593.217621,202206
4.645,4.6459,4.6223,4.6286,12275.47,56855.785031,278,4435.89,20539.369597,202206
4.6288,4.6288,4.5956,4.6053,34351.63,158253.992579,573,15651.47,72097.59621,202206
4.606,4.6149,4.606,4.6062,13696.56,63143.149649,312,9007.23,41522.775811,202206
4.607,4.6194,4.5968,4.6086,29399.28,135506.547581,583,12406.3,57182.738795,202206
4.6089,4.6175,4.6023,4.6023,10043.03,46301.455106,244,6085.93,28055.717257,202206
4.6017,4.6027,4.5926,4.5968,43533.32,200106.301047,393,11983.69,55125.942684,202206
4.596,4.6023,4.5752,4.5777,17547.97,80517.634266,427,5218.49,23956.481884,202206
4.5784,4.5922,4.57,4.5782,36581.72,167551.223792,627,16292.47,74648.851839,202206
4.5778,4.591,4.57,4.5908,17281.23,79106.346322,291,6618.95,30336.927851,202206
4.5909,4.604,4.5909,4.5991,37685.07,173313.588837,399,29453.84,135461.415875,202206
4.5992,4.5998,4.5865,4.5869,22131.69,101695.361172,252,11577.96,53225.310782,202206
4.5861,4.6055,4.5857,4.604,73950.32,339553.091784,644,52269.24,239984.354338,202206
4.6027,4.6238,4.6,4.6061,34116.6,157395.621899,510,13796.94,63659.133375,202206
4.606,4.6353,4.606,4.6256,52121.64,241168.469807,551,18275.97,84545.068223,202206
4.6255,4.6425,4.6126,4.6371,47934.21,221722.847932,723,22397.01,103627.486044,202206
4.6378,4.6496,4.6298,4.6468,21512.79,99845.292529,477,13698.2,63580.445637,202206
4.646,4.6471,4.6067,4.6239,36015.59,166635.379332,657,17385.32,80436.30078,202206
4.6232,4.6265,4.6117,4.618,30240.95,139649.581505,427,8854.24,40898.988772,202206
4.6169,4.6292,4.6102,4.622,9647.55,44549.344899,227,4766.21,22009.420361,202206
4.6223,4.6324,4.6172,4.6181,10143.01,46902.197559,218,3805.77,17601.324041,202206
4.618,4.6252,4.6076,4.617,21290.29,98263.880636,407,11026.58,50900.818023,202206
4.6178,4.6356,4.6127,4.6356,25725.47,119075.863668,349,17577.46,81357.693095,202206
4.6358,4.6498,4.6217,4.627,25860.99,119854.820047,355,8996.7,41675.246746,202206
4.6272,4.628,4.59,4.59,16096.64,74177.399694,361,5406.97,24910.531597,202206
4.5909,4.5981,4.5781,4.5912,31912.77,146457.623254,511,17081.63,78413.855047,202206
4.5889,4.5979,4.5839,4.5846,12497.42,57344.893774,288,6247.47,28670.318478,202206
4.5852,4.5873,4.5777,4.5817,11300.4,51780.57752,208,3269.12,14981.728419,202206
4.5834,4.6023,4.5834,4.5999,14343.87,65878.049693,302,7383.61,33912.01727,202206
4.5999,4.6084,4.5903,4.5947,12031.37,55318.837372,191,5971.75,27453.017131,202206
4.5978,4.6153,4.5905,4.6057,9839.03,45322.912446,236,4603.48,21215.373742,202206
4.6058,4.6109,4.5992,4.6027,4827.7,22228.647569,156,1799.34,8285.8401,202206
4.6027,4.6073,4.5947,4.6007,8406.9,38663.9142,186,4472.51,20571.41249,202206
4.601,4.6046,4.576,4.5948,21657.36,99448.733514,414,10910.4,50087.095646,202206
4.5948,4.6093,4.5948,4.6082,9348.02,43036.43155,246,4807.06,22134.074437,202206
4.6082,4.61,4.5883,4.5883,13487.15,62044.070874,229,4015.96,18491.499509,202206
4.5885,4.61,4.5816,4.6063,16510.3,75806.178063,375,9479.38,43530.348308,202206
4.6062,4.6091,4.5892,4.5986,10356.51,47642.104979,239,4730.62,21760.473606,202206
4.5971,4.5992,4.5567,4.5615,55949.14,255725.820289,862,15105.3,69103.64045,202206
4.5604,4.5614,4.5377,4.545,59349.63,269974.871674,981,21476.86,97666.303829,202206
4.5452,4.5528,4.5329,4.5452,29709.28,134895.31315,599,14584.49,66223.714728,202206
4.5463,4.5517,4.5309,4.5456,51078.52,231867.804087,814,23664.71,107421.578133,202206
4.5476,4.5555,4.5421,4.5521,22050.69,100320.539846,467,10251.47,46643.081067,202206
4.5517,4.5554,4.5414,4.5477,23217.39,105618.196783,501,8299.33,37754.373975,202206
4.548,4.5598,4.5435,4.5598,22759.13,103544.188059,477,10700.04,48686.950085,202206
4.5589,4.5589,4.5447,4.5484,21777.66,99090.432096,410,9913.88,45110.599467,202206
4.5477,4.5477,4.4842,4.4876,236026.78,1063093.068623,1860,107993.25,486209.37929,202206
4.4875,4.4954,4.4444,4.454,112521.83,503284.810957,1558,57380.18,256929.679813,202206
4.4526,4.4546,4.421,4.4274,81796.35,362841.764759,1609,36425.47,161601.342368,202206
4.427,4.4325,4.3917,4.4097,157413.41,693844.491278,1894,50892.12,224346.084348,202206
4.4117,4.4134,4.3733,4.3779,131260.43,576693.602209,1820,56363.74,247626.783901,202206
4.3786,4.4059,4.3667,4.3882,95806.18,420652.378915,1393,53265.16,233897.21999,202206
4.3878,4.4046,4.387,4.4044,50740.6,222986.073792,816,28306.84,124416.749708,202206
4.404,4.4304,4.3933,4.405,54442.32,240107.094007,900,31259.75,137864.552364,202206
4.4046,4.4167,4.3898,4.3946,59841.9,263092.786204,779,29788.01,130977.13793,202206
4.3947,4.3947,4.3636,4.3818,58270.52,255128.872565,786,26236.77,114823.943604,202206
4.381,4.3814,4.3356,4.3357,86850.02,378489.304178,1219,43744.61,190613.373902,202206
4.3352,4.355,4.3337,4.3483,80323.72,349156.585192,991,40396.56,175597.354955,202206
4.3502,4.3757,4.3484,4.3733,36747.53,160392.043577,785,19071.71,83240.575789,202206
4.3729,4.3899,4.3651,4.3847,58478.49,256139.315805,742,28575.12,125184.703843,202206
4.3849,4.3871,4.368,4.373,28250.2,123759.798373,402,13741.13,60201.270397,202206
4.3722,4.4014,4.371,4.4009,30896.6,135519.258103,455,17475.24,76645.326123,202206
4.4002,4.4137,4.3847,4.3954,56442.33,248417.109592,616,29840.46,131263.041295,202206
4.395,4.4252,4.3878,4.4223,41913.36,184782.001754,619,22346.36,98517.339807,202206
4.4219,4.43,4.4128,4.4267,45252.41,200152.633496,715,21761.79,96281.38393,202206
4.4257,4.4281,4.41,4.4139,35706.03,157746.21619,524,12659.44,55937.65608,202206
4.4152,4.4229,4.4095,4.415,26183.78,115624.795286,364,10239.51,45194.44034,202206
4.4154,4.4154,4.3838,4.3995,40358.74,177384.403165,672,18237.47,80123.567291,202206
4.4,4.4127,4.3884,4.4001,30804.64,135450.822748,475,15211.7,66908.639871,202206
4.3991,4.4049,4.395,4.3982,22607.22,99457.092906,283,8377.67,36853.936352,202206
4.398,4.422,4.3784,4.4129,48207.25,212132.957834,714,24442.74,107513.571625,202206
4.4121,4.428,4.4073,4.4203,31511.8,139191.405915,583,15286.93,67510.669862,202206
4.421,4.422,4.3917,4.3917,27742.53,122209.294357,490,9225.18,40648.609981,202206
4.3904,4.3923,4.3718,4.3792,36093.56,158271.4772,528,16380.42,71831.580248,202206
4.3808,4.389,4.3713,4.3732,18941.57,82972.390244,446,10289.76,45069.961125,202206
4.3752,4.39,4.3689,4.3845,31636.72,138513.965227,389,19633.35,85958.020337,202206
4.3841,4.3917,4.3732,4.3763,17289.62,75786.880536,266,6879.9,30161.329971,202206
4.3766,4.4079,4.3766,4.4046,35857.79,157646.046183,496,20352.29,89475.814842,202206
4.4046,4.4094,4.3932,4.4043,16591.55,73048.86097,249,9305.2,40975.387097,202206
4.4032,4.4164,4.3906,4.4003,16161.95,71204.078979,294,5858.12,25794.871443,202206
4.4005,4.4045,4.3911,4.3971,10459.45,45987.805541,256,5483.34,24109.045404,202206
4.3961,4.4239,4.392,4.4026,33240.54,146466.666351,617,15918.96,70126.85354,202206
4.4033,4.4206,4.3996,4.4184,12701.86,56025.817132,272,7267.06,32051.9044,202206
4.4193,4.4287,4.415,4.4177,11477.73,50759.617446,222,5304.06,23457.616337,202206
4.4188,4.4189,4.3953,4.4059,12869.08,56675.192362,237,5316.95,23410.722739,202206
4.4059,4.4277,4.3939,4.4267,11877.64,52365.200627,243,5266.3,23222.249502,202206
4.4247,4.43,4.4196,4.4224,20389.58,90252.469787,367,10216.22,45222.957084,202206
4.4223,4.43,4.416,4.4243,23958.3,106032.650963,314,17267.27,76429.772432,202206
4.4249,4.4487,4.4231,4.4282,31443.14,139428.342551,515,17841.18,79109.16147,202206
4.4242,4.4263,4.3838,4.3943,40107.85,176443.128431,624,16046.74,70566.29028,202206
4.3908,4.3942,4.3148,4.3221,112686.95,489165.655555,2012,45099.83,195705.963313,202206
4.3203,4.3372,4.3074,4.3366,40631.81,175694.976756,734,22435.84,97062.414737,202206
4.337,4.3378,4.302,4.3215,107839.87,465037.997848,893,28875.82,124740.598809,202206
4.322,4.324,4.2858,4.2972,97884.6,420995.452757,1092,50429.12,216928.256835,202206
4.2971,4.3088,4.2893,4.3066,56152.86,241434.611071,770,27756.38,119328.982012,202206
4.3057,4.3227,4.3049,4.3224,47614.9,205263.21188,513,31131.17,134199.357684,202206
4.3229,4.3282,4.3102,4.3242,23065.59,99673.705677,437,12843.97,55496.914323,202206
4.3242,4.3242,4.3006,4.3084,24869.02,107235.879051,383,13282.75,57271.085587,202206
4.3088,4.3333,4.306,4.3316,52394.42,226237.299976,575,35054.87,151365.657602,202206
4.3308,4.3387,4.3238,4.3269,47261.35,204716.946881,565,31312.85,135613.915145,202206
4.3286,4.3374,4.3238,4.3339,16788.85,72702.938874,320,8231.61,35646.766683,202206
4.3346,4.3406,4.3191,4.3255,35603.08,154127.754471,425,17454.66,75553.727306,202206
4.3255,4.3356,4.3255,4.3335,23128.97,100158.114796,218,16886.71,73127.474229,202206
4.3329,4.3374,4.3259,4.3344,10491.49,45434.38745,195,3983.67,17257.9493,202206
4.3344,4.3372,4.3151,4.3173,55057.44,237966.826613,616,37161.09,160595.332975,202206
4.3171,4.337,4.2934,4.3304,64185.65,276518.667515,832,29717.54,127997.584883,202206
4.3328,4.3328,4.3116,4.3173,45949.29,198378.596137,419,21994.24,94991.973113,202206
4.3177,4.3251,4.3088,4.3099,53472.7,230718.104893,581,28153.41,121459.908694,202206
4.3094,4.3153,4.2975,4.3005,37181.52,160117.851687,429,14097.2,60753.701281,202206
4.299,4.3502,4.2978,4.3405,62892.9,271752.333627,844,37958.04,163814.680351,202206
4.3413,4.3672,4.3413,4.3576,45592.39,198705.583926,680,19452.12,84743.788534,202206
4.3562,4.375,4.349,4.349,21043.08,91746.826835,416,11047.6,48167.900686,202206
4.3505,4.3596,4.3467,4.3521,19477.37,84784.387535,251,10453.47,45503.849145,202206
4.3526,4.3575,4.3432,4.3542,7886.06,34301.03151,170,2085.54,9070.231914,202206
4.3542,4.3682,4.348,4.3649,23251.97,101298.860557,300,11240.33,48972.726024,202206
4.3631,4.3631,4.3464,4.3511,16680.07,72599.071292,321,6505.16,28307.236981,202206
4.3519,4.3605,4.3442,4.3533,13816.57,60146.013392,246,8309.73,36180.209582,202206
4.3514,4.3667,4.341,4.3622,33489.08,145670.128341,384,17279.89,75145.825813,202206
4.3598,4.3608,4.3435,4.3475,18784.09,81767.824384,280,4607.21,20058.858383,202206
4.3468,4.3505,4.3241,4.3473,13670.42,59307.26167,288,7026.09,30481.438626,202206
4.3457,4.3612,4.3388,4.3419,23784.86,103526.83352,332,9824.81,42735.29691,202206
4.3407,4.3587,4.3407,4.3572,12648.18,55053.097879,231,6627.52,28839.864517,202206
4.3584,4.3607,4.3487,4.3514,11374.5,49532.878576,205,5433.64,23660.960711,202206
4.3535,4.3581,4.3496,4.3557,4508.75,19630.971337,90,1501.17,6535.995223,202206
4.3569,4.3874,4.3569,4.3741,20412.18,89277.670512,378,12562.95,54919.795689,202206
4.3762,4.3848,4.3705,4.3747,10922.27,47819.546417,184,5073.78,22214.384892,202206
4.3767,4.3856,4.3729,4.3816,14099.92,61771.240332,203,8342.89,36551.824643,202206
4.3825,4.4253,4.3825,4.4241,86978.15,383072.260649,1103,53512.83,235527.447964,202206
4.421,4.43,4.4086,4.4185,20446.62,90362.403359,381,8788.05,38838.880309,202206
4.4185,4.4357,4.4121,4.4275,20102.95,88936.36559,334,9206.6,40733.193418,202206
4.4295,4.4437,4.4253,4.4374,20164.79,89408.715118,345,8576.72,38037.621125,202206
4.4363,4.4459,4.421,4.421,24699.3,109451.332128,371,11140.89,49383.675217,202206
4.4209,4.4445,4.42,4.4281,21277.2,94294.948617,319,10945.92,48490.084399,202206
4.4281,4.4281,4.4082,4.4128,29838.64,131753.658488,349,6435.17,28423.51803,202206
4.4133,4.4153,4.3967,4.3985,17375.2,76517.4224,299,4244.77,18693.917752,202206
4.4,4.4051,4.3927,4.4021,18103.0,79610.166488,265,7827.15,34423.398735,202206
4.4021,4.403,4.3915,4.3927,9238.74,40622.357143,174,5141.62,22611.696228,202206
4.3926,4.3978,4.3859,4.3939,13000.08,57111.826807,205,7747.43,34045.17126,202206
4.3939,4.3958,4.384,4.3912,7563.6,33208.376286,162,4393.71,19293.607622,202206
4.3883,4.4099,4.3858,4.4092,12574.43,55331.593517,195,5549.58,24424.730675,202206
4.4083,4.419,4.405,4.4078,21357.9,94256.326154,301,12897.41,56923.26714,202206
4.405,4.4184,4.3863,4.3907,12467.0,54881.395566,286,7731.96,34034.644996,202206
4.3894,4.413,4.385,4.4092,12501.29,55007.761743,274,4680.96,20585.889625,202206
4.4087,4.4157,4.3902,4.3975,23286.56,102459.623001,360,7258.63,31955.29599,202206
4.3985,4.4016,4.3883,4.3945,9588.33,42140.72153,120,7188.43,31591.564017,202206
4.3953,4.4077,4.3898,4.4053,13042.67,57411.263236,166,8495.47,37410.160134,202206
4.4053,4.4058,4.3896,4.4013,9670.62,42510.35504,206,6226.72,27365.320079,202206
4.3988,4.4038,4.3957,4.3977,9966.9,43849.386554,185,5424.15,23864.549029,202206
4.4007,4.4066,4.3888,4.4053,14136.36,62161.188059,219,10070.52,44283.808147,202206
4.4059,4.4238,4.3998,4.4204,16785.31,74074.095517,222,7906.39,34889.634163,202206
4.4219,4.4233,4.4019,4.4158,21469.47,94684.678541,238,4116.33,18174.702444,202206
4.4158,4.4248,4.4085,4.417,10075.82,44516.14534,213,5259.78,23239.70184,202206
4.4163,4.4289,4.4129,4.4274,15623.7,69084.691613,222,8801.34,38915.330632,202206
4.4272,4.43,4.4207,4.4267,9710.83,42979.437396,168,4387.1,19416.937903,202206
4.4267,4.4794,4.4267,4.473,92682.13,413250.109942,1380,57742.7,257122.404149,202206
4.4759,4.495,4.4663,4.49,67510.68,302702.539134,1005,31696.8,142135.593301,202206
4.49,4.5,4.4818,4.499,31932.8,143474.383995,530,16927.4,76057.069394,202206
4.4991,4.5018,4.4938,4.5016,28626.66,128786.814886,410,11331.22,50979.470689,202206
4.502,4.515,4.5019,4.5121,21634.52,97539.075656,386,13140.45,59246.882899,202206
4.5141,4.54,4.51,4.5332,53893.69,243743.912885,531,34953.84,158235.615718,202206
4.5314,4.5399,4.5108,4.5132,35654.78,161238.023998,544,15547.01,70320.226246,202206
4.5157,4.5211,4.5041,4.5141,37839.23,170709.795927,304,19468.93,87822.787265,202206
4.5129,4.5154,4.4989,4.5079,30535.65,137551.673292,333,13034.95,58706.673512,202206
4.5082,4.5269,4.5062,4.5224,23973.44,108274.675586,317,8093.6,36554.047503,202206
4.5225,4.5328,4.5181,4.5309,22340.23,101156.698638,346,7657.46,34674.597766,202206
4.5291,4.5348,4.4943,4.4963,28523.62,128684.123036,455,12802.55,57772.266785,202206
4.4942,4.4975,4.48,4.4836,15171.71,68091.606273,396,7060.05,31676.59784,202206
4.4836,4.4968,4.4727,4.4932,21566.45,96748.806532,412,6342.69,28448.100061,202206
4.4932,4.4992,4.475,4.4892,40190.49,180311.317688,476,17684.66,79321.972444,202206
4.4912,4.503,4.4884,4.499,8519.62,38293.696316,169,3278.13,14733.558078,202206
4.5009,4.518,4.4962,4.5117,15650.8,70556.176798,251,9944.84,44845.965804,202206
4.5118,4.5221,4.5069,4.5116,13793.14,62239.671464,261,7619.22,34386.899779,202206
4.5085,4.5109,4.5,4.5026,21355.49,96232.023491,268,11053.09,49804.602011,202206
4.5021,4.5043,4.4816,4.4816,15243.05,68535.387861,239,4789.08,21524.55564,202206
4.4818,4.5,4.4812,4.4933,14722.31,66151.424039,236,6684.59,30028.432567,202206
4.493,4.4932,4.4772,4.4808,11750.94,52698.859253,190,7960.39,35702.098732,202206
4.4803,4.4866,4.4713,4.4762,22542.68,100930.7074,295,9444.81,42288.187383,202206
4.4782,4.5039,4.4722,4.5017,15499.86,69539.909386,300,9966.95,44722.203625,202206
4.5025,4.5045,4.4892,4.503,9862.75,44360.891779,203,4323.82,19449.518875,202206
4.5039,4.5079,4.4967,4.5078,10588.87,47681.922997,218,4328.93,19497.826597,202206
4.5079,4.5208,4.506,4.5125,17473.0,78850.505561,294,10370.91,46803.287707,202206
4.5117,4.5499,4.4978,4.5458,129674.25,585880.368451,928,67673.56,305799.025617,202206
4.5458,4.5497,4.529,4.5302,22461.23,102036.779127,332,9537.21,43321.344199,202206
4.5311,4.5426,4.5262,4.5363,9406.81,42685.925529,173,3343.94,15168.696795,202206
4.5363,4.5545,4.5351,4.5516,19156.54,87119.091961,347,13029.23,59261.023551,202206
4.5488,4.5673,4.5444,4.553,103198.53,470396.824333,734,72912.59,332392.410023,202206
4.5533,4.5618,4.5404,4.5585,40879.61,186129.247437,455,14572.58,66355.324707,202206
4.5598,4.5825,4.5529,4.556,37571.31,171651.406806,695,21856.81,99861.581493,202206
4.5558,4.5657,4.5314,4.5379,41960.84,190621.130556,521,10940.29,49714.879695,202206
4.5396,4.5725,4.5327,4.5709,27429.62,125146.591352,557,12660.56,57746.534763,202206
4.5718,4.573,4.514,4.514,59682.83,270514.322149,747,19982.17,90733.727836,202206
4.5139,4.5308,4.5139,4.5267,27018.79,122183.225085,339,14413.4,65181.743805,202206
4.5283,4.5795,4.5283,4.5743,48799.41,222361.94927,647,25454.76,115916.245316,202206
4.5762,4.5979,4.573,4.5966,46395.64,212701.066375,660,23353.49,107060.311041,202206
4.5965,4.6048,4.5791,4.5837,97932.71,450051.077017,860,58171.12,267391.443367,202206
4.5842,4.5876,4.5581,4.5599,80322.41,367164.799341,758,33729.13,154151.051199,202206
4.5595,4.5969,4.5594,4.5918,86788.79,397477.675021,692,44637.64,204203.413284,202206
4.5926,4.76,4.5926,4.7428,373256.29,1751038.96561,5387,231781.15,1087163.521527,202206
4.7428,4.9,4.7387,4.8349,576225.56,2775140.157933,6537,345618.45,1663373.062718,202206
4.8344,4.8466,4.7586,4.7838,206074.98,988496.933648,2670,104478.7,501094.58185,202206
4.7838,4.8272,4.7452,4.8168,166664.1,797669.957042,2338,76250.6,364997.057882,202206
4.8167,4.8807,4.8003,4.8588,196203.03,947070.734471,2492,97282.18,469766.408007,202206
4.8577,4.9,4.8307,4.8923,151943.16,738549.896644,2561,81292.82,395255.518063,202206
4.8923,4.8928,4.8344,4.8453,79834.69,387560.373229,1420,37948.81,184189.956284,202206
4.8464,4.9897,4.8379,4.9395,281279.87,1388940.106555,4905,154126.04,761402.043985,202206
4.9417,4.9417,4.8832,4.8928,109790.05,538707.320735,1659,41231.31,202170.88758,202206
4.8895,4.8895,4.8412,4.8515,139703.95,679352.225169,2258,54218.1,263625.418207,202206
4.8521,4.8614,4.818,4.8537,151493.5,733947.460865,2197,71241.38,345134.621796,202206
4.8541,4.9294,4.85,4.8952,82323.43,402661.089371,1589,50733.44,248262.653211,202206
4.8952,4.9278,4.8779,4.8779,86554.46,424523.85841,1170,35244.07,173019.640049,202206
4.8774,4.89,4.8292,4.847,99277.71,482535.623735,1524,30404.14,147717.592685,202206
4.848,4.8662,4.82,4.8662,71343.02,345009.475581,1053,31254.59,151195.765034,202206
4.8664,4.8664,4.8352,4.8421,54346.02,263393.886576,741,28404.01,137583.584442,202206
4.8404,4.8536,4.82,4.8255,57487.23,277992.504179,800,23717.53,114718.896377,202206
4.826,4.8287,4.7864,4.7979,124469.72,597936.051561,1618,44027.64,211336.638794,202206
4.7969,4.808,4.769,4.7755,42707.37,204514.369234,882,19663.08,94153.961953,202206
4.7751,4.7856,4.7684,4.7706,37753.32,180398.558842,636,12913.04,61696.324948,202206
4.7713,4.7789,4.7601,4.7601,30258.24,144285.199723,633,13274.69,63312.478326,202206
4.7602,4.7749,4.7583,4.7703,30727.62,146472.295193,732,13494.99,64329.008198,202206
4.7701,4.7705,4.7421,4.7557,54680.19,260163.336129,872,30755.61,146398.080225,202206
4.7555,4.7895,4.7529,4.7832,77755.7,370971.823932,1080,51838.81,247275.457603,202206
4.7828,4.7994,4.7443,4.756,168947.25,804710.450237,1711,59501.79,283555.407877,202206
4.7576,4.7816,4.7563,4.779,53930.73,257236.124603,836,32356.12,154307.614677,202206
4.7794,4.789,4.7739,4.7849,31302.47,149675.497556,657,18231.0,87179.251174,202206
4.7826,4.7978,4.7798,4.7917,30520.69,146265.011546,489,13511.18,64743.73565,202206
4.7922,4.8482,4.7921,4.839,98986.3,476928.624158,1223,53514.53,257783.889965,202206
4.839,4.8734,4.8236,4.827,87220.65,423282.30592,1503,53493.13,259648.011872,202206
4.8271,4.8428,4.811,4.8201,38357.33,185141.637858,707,18763.41,90584.350187,202206
4.8205,4.839,4.8205,4.8364,28089.14,135648.238012,613,12412.69,59937.363531,202206
4.837,4.8485,4.8244,4.8434,20327.74,98347.775349,491,9071.46,43883.895118,202206
4.8425,4.8448,4.804,4.8043,53100.5,256225.938323,668,13936.98,67302.411008,202206
4.8042,4.8154,4.7958,4.8077,30683.46,147473.103833,580,15993.91,76893.27698,202206
4.809,4.8278,4.8057,4.8205,41337.87,199217.618567,584,14547.63,70084.661389,202206
4.8204,4.843,4.8168,4.8368,31225.13,150780.413548,608,13384.22,64620.477318,202206
4.8372,4.8977,4.8346,4.8744,96158.77,468653.627373,1561,66605.72,324580.673701,202206
4.872,4.9153,4.872,4.8991,217778.13,1065545.952722,2053,99762.22,488165.440272,202206
4.8995,4.9867,4.8882,4.9828,281535.1,1392829.595307,3570,167203.84,827031.965988,202206
4.9813,5.0669,4.9638,5.0238,252895.21,1265198.279947,4255,124618.03,623818.236715,202206
5.0211,5.0382,4.9838,4.9935,129086.61,647125.319629,1859,51943.22,260394.24549,202206
4.9933,5.0472,4.9829,5.0412,82643.57,414250.555211,1565,45589.32,228454.178013,202206
5.0411,5.09,5.019,5.049,153135.39,775042.795409,2683,74204.37,375786.694543,202206
5.0477,5.1044,5.0017,5.0981,249931.5,1263934.254325,3412,146577.19,741914.325404,202206
5.0982,5.1082,5.04,5.1,193490.75,982314.464424,2628,88490.2,449092.426195,202206
5.0979,5.1089,5.0653,5.0685,150890.97,767395.746376,2234,69255.06,352187.101831,202206
5.0666,5.1266,5.06,5.1019,213279.04,1087892.440778,2816,88374.71,450785.382547,202206
5.1018,5.1911,5.0779,5.158,436507.66,2244557.837093,4856,224027.0,1151236.184198,202206
5.1572,5.1613,5.126,5.1341,127415.45,654659.659722,1651,69746.86,358451.67184,202206
5.1349,5.1557,5.1014,5.1315,115814.3,594603.091346,1626,43334.07,222459.036068,202206
5.1329,5.1544,5.1032,5.104,123768.73,636316.328334,1525,47723.52,245428.722252,202206
5.1069,5.11,5.0588,5.0881,126303.26,642569.072569,1778,59558.79,303154.081591,202206
5.0879,5.0879,5.0462,5.0658,96641.25,489265.287091,1501,30529.79,154523.470187,202206
5.0668,5.0942,5.0523,5.087,66616.78,337957.76061,1114,30220.44,153315.161643,202206
5.087,5.0977,5.0715,5.0748,63837.57,324967.57983,1162,31615.44,160976.121919,202206
5.0751,5.13,5.06,5.1227,101986.96,519881.575302,1410,72708.55,370712.119071,202206
5.1216,5.1966,5.1095,5.1884,165963.29,855147.479078,2468,90606.94,466832.058213,202206
5.1895,5.24,5.1743,5.2037,312556.7,1628522.461454,4473,163203.39,850433.097408,202206
5.202,5.2221,5.1546,5.1546,135555.41,703037.657721,2187,67837.02,351801.36001,202206
5.1561,5.1872,5.1141,5.1344,289754.64,1492061.52851,3269,161022.76,829084.990427,202206
5.1328,5.1937,5.12,5.1899,134842.44,694827.114895,2183,78146.28,402667.283992,202206
5.1896,5.224,5.17,5.198,143521.26,746929.72377,2653,83216.6,433056.654274,202206
5.198,5.209,5.15,5.1541,88621.93,459200.463659,1725,25545.93,132366.022881,202206
5.1517,5.1543,5.12,5.1385,148067.57,759826.414698,1995,45530.21,233664.431518,202206
5.1382,5.17,5.1302,5.1358,61015.1,313938.754301,1005,34108.38,175463.559761,202206
5.133,5.1814,5.1135,5.1433,124095.34,638458.194024,1980,68021.5,349962.443762,202206
5.1432,5.1771,5.138,5.1546,79141.42,408363.595896,1314,43095.62,222436.091542,202206
5.153,5.1756,5.1492,5.1706,48578.13,250920.186776,792,25181.45,130095.176406,202206
5.1723,5.2175,5.1683,5.1958,90109.4,468488.614601,1695,49163.75,255569.948737,202206
5.1962,5.2056,5.177,5.1948,89255.01,463515.082512,1361,48457.21,251610.384932,202206
5.1951,5.1985,5.1241,5.1453,134302.37,691476.22398,2182,57440.62,295409.471152,202206
5.1416,5.1578,5.0867,5.1009,92029.51,471945.113013,1556,37617.78,192944.878293,202206
5.1022,5.1372,5.0913,5.1241,88830.87,453876.857854,1550,46596.4,238101.999398,202206
5.1235,5.153,5.1235,5.1325,41941.55,215550.309663,854,16023.36,82366.698665,202206
5.1323,5.1771,5.1288,5.1539,62090.79,319650.74539,1073,39071.71,201118.00399,202206
5.1535,5.1611,5.1253,5.128,43522.52,223769.755412,720,18435.91,94831.125839,202206
5.128,5.1502,5.128,5.1419,29761.95,153098.43829,572,11601.09,59672.88443,202206
5.1433,5.2,5.1415,5.1915,86026.18,445278.25867,1342,49819.18,257952.559131,202206
5.1919,5.1927,5.1559,5.1737,53399.58,276484.541357,972,27639.99,143102.387101,202206
5.1742,5.1941,5.1374,5.144,84128.47,434242.845089,1264,29966.7,154748.47379,202206
5.1453,5.1676,5.1414,5.1604,38724.79,199622.217244,613,18115.39,93397.708952,202206
5.1609,5.1724,5.1348,5.1362,44417.17,229143.91145,696,18957.75,97869.549084,202206
5.1354,5.1438,5.1045,5.1438,105959.3,542505.115913,1299,42199.14,216173.338109,202206
5.1406,5.1473,5.1081,5.1141,37902.21,194308.627645,752,14072.58,72144.542632,202206
5.1134,5.14,5.1024,5.1336,107743.02,550859.60884,1403,50949.07,260483.776578,202206
5.134,5.1622,5.1307,5.1567,74196.71,382196.092517,842,48298.68,248817.847181,202206
5.1565,5.183,5.1439,5.1724,81561.43,421145.091617,1243,31599.16,163269.35235,202206
5.1723,5.1748,5.13,5.1301,41625.13,214438.241477,796,16277.67,83842.228305,202206
5.13,5.1765,5.1287,5.175,49734.37,256590.75165,957,22947.03,118397.74274,202206
5.1728,5.1793,5.1571,5.1651,33929.48,175397.247712,661,14529.77,75131.266676,202206
5.1646,5.2445,5.1465,5.2155,114890.2,597341.01665,1973,56032.27,291488.696905,202206
5.2162,5.2902,5.1963,5.2349,449234.92,2354814.522365,5328,216098.41,1132815.326536,202206
5.2324,5.24,5.1942,5.2137,125124.66,652362.135447,1984,51863.06,270324.759769,202206
5.2151,5.2211,5.1945,5.1945,45250.39,235442.484221,831,27467.97,142906.986142,202206
5.1955,5.199,5.144,5.1628,96711.16,499166.571694,1998,35206.53,181710.115666,202206
5.1638,5.188,5.161,5.1772,54417.67,281735.496153,1015,22722.14,117641.488838,202206
5.1784,5.1813,5.1544,5.1618,51932.68,268150.64161,798,25718.64,132810.390882,202206
5.1613,5.1634,5.1167,5.1295,164123.9,842383.481016,1638,61560.92,315754.590951,202206
5.1304,5.1724,5.1188,5.1712,62064.45,319002.104299,1143,38747.76,199261.61735,202206
5.1712,5.235,5.1627,5.1904,146978.22,764391.613426,2499,81013.5,421478.207522,202206
5.19,5.1934,5.1593,5.1834,62046.59,321125.035989,1176,30869.84,159709.932903,202206
5.1827,5.2191,5.1704,5.2027,85741.09,445727.715054,1510,41645.27,216395.107849,202206
5.2042,5.2124,5.1647,5.1761,49102.72,254699.76312,1104,25732.79,133479.163051,202206
5.1747,5.1814,5.1441,5.1627,32915.15,170082.507923,726,16078.3,83141.724392,202206
5.1626,5.1788,5.1484,5.1661,49092.04,253349.146462,896,27011.45,139398.367809,202206
5.1661,5.1891,5.1634,5.1691,23724.26,122765.570859,578,13532.04,70022.721731,202206
5.17,5.2,5.155,5.1581,53642.94,277278.34114,941,25335.47,130991.831004,202206
5.1578,5.1578,5.102,5.1095,119187.59,610143.980883,1659,38947.47,199280.733675,202206
5.11,5.1179,5.09,5.1179,161016.8,821641.311267,1663,58794.72,300025.702513,202206
5.1179,5.1523,5.1108,5.1116,48350.84,247879.043207,971,24851.27,127387.154155,202206
5.1108,5.1315,5.0936,5.0947,91574.03,468107.370677,1340,32995.87,168758.295039,202206
5.0947,5.1149,5.0522,5.1123,131943.38,669915.665749,1968,48193.08,244842.766667,202206
5.1148,5.1273,5.0954,5.1087,37154.8,189972.365728,813,15055.29,76959.685889,202206
5.107,5.1288,5.0997,5.1159,28134.5,144042.44412,535,14131.3,72322.771605,202206
5.1161,5.1224,5.098,5.0982,30237.98,154600.336827,487,16646.23,85135.415582,202206
5.0981,5.1166,5.083,5.0848,41415.08,211292.834771,828,15783.92,80551.494309,202206
5.0842,5.114,5.0715,5.1094,49025.43,249512.277203,1056,23379.09,119009.263374,202206
5.1087,5.1168,5.0887,5.1109,44977.85,229550.095019,785,15623.74,79739.090785,202206
5.1101,5.1208,5.0916,5.0941,31311.46,159955.929736,628,9078.42,46382.740405,202206
5.0935,5.1763,5.091,5.1639,96305.05,494526.604987,1746,54744.69,281030.835091,202206
5.1626,5.1626,5.1328,5.1533,84110.36,433188.280378,890,35226.41,181423.643735,202206
5.1554,5.1565,5.133,5.1373,34561.44,177813.000848,569,12942.18,66557.941736,202206
5.1399,5.15,5.1228,5.1463,47291.43,242740.622905,760,29691.79,152369.659199,202206
5.1461,5.196,5.1397,5.1663,55867.93,288547.009953,1239,30634.07,158256.09191,202206
5.1664,5.1877,5.1553,5.1722,35248.92,182289.620671,899,18534.3,95838.963875,202206
5.1726,5.1812,5.1552,5.1708,34716.31,179370.546399,837,17167.32,88719.070798,202206
5.1704,5.1887,5.1639,5.1886,43200.23,223657.765788,784,29908.64,154845.974021,202206
5.1886,5.2117,5.1649,5.1649,92088.3,478179.020727,1507,52571.5,273066.119647,202206
5.1653,5.2069,5.1575,5.1973,70723.56,366862.805667,1173,45162.62,234326.248416,202206
5.1949,5.225,5.1923,5.2019,70555.17,367350.490909,1065,34176.83,177988.833058,202206
5.2009,5.22,5.1905,5.1961,102198.08,532143.512318,1698,55410.3,288556.213016,202206
5.1956,5.2105,5.1937,5.1998,36954.88,192237.283746,701,18899.21,98299.69501,202206
5.1976,5.2238,5.1894,5.2235,89533.53,466304.34185,1058,49427.16,257470.111225,202206
5.2238,5.24,5.1934,5.2002,181862.85,949712.671435,2459,110863.33,579094.870195,202206
5.2004,5.2076,5.1639,5.1872,55895.64,289993.068903,1117,28763.01,149235.859189,202206
5.1872,5.266,5.1845,5.2442,154282.98,806886.483713,2019,93259.83,487778.808182,202206
5.2449,5.2677,5.2129,5.2159,91468.12,479700.514237,1628,42626.05,223595.70121,202206
5.2156,5.228,5.1541,5.1616,114368.81,593214.082325,1641,30501.41,158284.930736,202206
5.1617,5.1756,5.1395,5.165,97651.07,503501.03801,1680,46459.31,239529.010223,202206
5.1659,5.1799,5.1549,5.1635,51963.25,268536.381897,946,24475.54,126488.916978,202206
5.1621,5.2009,5.1621,5.1839,46638.98,241856.294842,951,24653.43,127843.879497,202206
5.1851,5.1904,5.1659,5.185,34373.64,177985.790575,729,19781.04,102411.377356,202206
5.1858,5.1858,5.1666,5.1725,24100.7,124664.019838,500,9189.32,47534.244836,202206
5.1715,5.1848,5.1666,5.1752,27834.09,144006.120548,521,11253.63,58222.478077,202206
5.1753,5.1796,5.1487,5.1537,27410.35,141689.310201,518,15268.05,78945.014894,202206
5.1547,5.1571,5.1128,5.1278,141437.15,726079.909491,2218,75686.05,388619.476264,202206
5.127,5.1363,5.1083,5.114,96894.92,495945.83951,1201,44217.97,226330.405547,202206
5.1123,5.1168,5.0655,5.112,183548.51,934821.410982,2531,79811.25,406497.667742,202206
5.1157,5.1274,5.1045,5.1232,68291.71,349424.603557,1113,35291.62,180665.546934,202206
5.1232,5.1736,5.1232,5.1637,82680.69,425838.680837,1425,43088.04,221872.99789,202206
5.1639,5.1832,5.1502,5.1534,64149.44,331393.19316,1116,24918.99,128812.33294,202206
5.1561,5.1676,5.1415,5.1653,39838.12,205164.842835,684,13802.91,71100.895261,202206
5.1645,5.1971,5.1574,5.1956,51066.58,264548.570705,1082,26164.34,135511.029205,202206
5.1955,5.29,5.1846,5.2118,472118.9,2474341.539811,5791,282028.49,1478335.014492,202206
5.2099,5.2596,5.2017,5.213,129423.39,675741.205433,2264,67239.35,351064.773018,202206
5.2117,5.2165,5.18,5.1911,103157.94,536406.867094,1748,62406.71,324540.650875,202206
5.1914,5.305,5.1716,5.2558,201617.0,1058353.034574,3598,110423.74,579644.577166,202206
5.254,5.2898,5.2291,5.2335,159029.29,836131.654166,2345,105548.5,555080.789314,202206
5.2353,5.2522,5.22,5.2202,90863.72,475812.732403,1566,54009.79,282894.974896,202206
5.2218,5.2291,5.1966,5.2224,104831.52,546269.033767,1302,37729.18,196528.924867,202206
5.2222,5.2244,5.1738,5.1826,94943.86,493026.471476,1421,31058.83,161256.670585,202206
5.1826,5.2153,5.1709,5.2068,53670.96,278875.187866,1087,35873.45,186431.942151,202206
5.2067,5.22,5.2004,5.2006,42291.03,220363.022922,779,22086.6,115088.959059,202206
5.2007,5.212,5.1813,5.2047,55455.15,288258.631775,1058,33499.03,174186.614401,202206
5.2055,5.2055,5.175,5.1775,52210.92,270966.327292,975,19501.45,101147.36066,202206
5.1775,5.1804,5.1205,5.1375,187722.57,966009.253863,2217,69728.57,358988.547823,202206
5.1386,5.1712,5.1302,5.161,107220.92,552420.562106,1115,76384.46,393805.281722,202206
5.1619,5.1827,5.154,5.1806,85970.47,444536.856156,893,64792.69,335113.730506,202206
5.1817,5.187,5.161,5.1797,26012.53,134553.625334,508,14002.74,72412.256207,202206
5.1805,5.1853,5.1649,5.18,25113.89,130014.752495,573,11027.17,57086.944388,202206
5.1805,5.1887,5.1284,5.1297,83315.03,429477.405747,1158,22757.52,117379.146184,202206
5.1295,5.18,5.1228,5.1338,162647.18,838061.387151,2163,56324.49,290089.354958,202206
5.1328,5.1511,5.1307,5.1322,54994.71,282694.153794,1008,26484.28,136106.677593,202206
5.1321,5.1344,5.0848,5.0968,132758.43,677971.764294,1574,63539.71,324394.630418,202206
5.0971,5.1487,5.0938,5.1365,76953.65,394152.966582,1373,47148.13,241458.902083,202206
5.138,5.1602,5.132,5.1445,51357.95,264251.82289,1088,27156.22,139722.181659,202206
5.1445,5.15,5.13,5.1344,33893.01,174207.687018,739,13394.52,68842.183565,202206
5.135,5.148,5.1124,5.1416,96009.52,492379.615844,1149,46290.4,237435.303242,202206
5.1419,5.1618,5.1375,5.159,27650.68,142475.844537,651,15054.81,77581.486385,202206
5.159,5.2083,5.1561,5.194,107840.5,560065.426525,1624,52272.14,271393.795955,202206
5.1918,5.2236,5.1849,5.1969,62363.99,324400.507297,1468,41138.13,214015.81013,202206
5.197,5.2029,5.17,5.177,51054.65,264855.940744,993,31196.15,161845.920401,202206
5.1742,5.1792,5.15,5.1633,64034.94,330587.86399,1148,34300.31,177074.103228,202206
5.1619,5.1686,5.1303,5.1371,30149.02,155153.901985,780,11346.69,58379.11717,202206
5.1371,5.1431,5.1132,5.1193,69594.72,356520.355658,1143,32753.2,167768.81633,202206
5.1192,5.1192,5.0848,5.1113,49900.03,254569.400237,1131,21473.87,109562.840241,202206
5.1103,5.16,5.1089,5.1445,50145.19,257455.653997,1006,23672.37,121513.527979,202206
5.1437,5.1623,5.1081,5.109,56921.56,292345.805278,930,25997.99,133563.235063,202206
5.1103,5.1177,5.0932,5.1029,41122.58,209863.858255,863,14747.92,75255.773749,202206
5.1022,5.1408,5.0979,5.1344,37457.06,191703.817998,788,19500.93,99799.43343,202206
5.1344,5.1529,5.1231,5.1418,53033.87,272725.559244,789,18992.06,97596.080147,202206
5.1403,5.1493,5.1237,5.1425,21640.07,111190.834228,599,7488.35,38477.36808,202206
5.1408,5.153,5.1366,5.1468,29858.19,153709.262269,643,13096.08,67412.708402,202206
5.1465,5.1545,5.1119,5.1532,32445.74,166420.848522,672,15337.56,78702.551178,202206
5.1532,5.2,5.12,5.1295,148720.07,769296.945926,2607,75536.74,390893.263066,202206
5.1311,5.1356,5.1118,5.1164,48233.88,246960.230867,882,20506.94,105012.902679,202206
5.1164,5.1354,5.1065,5.1211,38483.18,196896.751661,706,13856.89,70913.306801,202206
5.1209,5.134,5.1086,5.1255,23426.63,119916.778365,509,11484.2,58803.43343,202206
5.1255,5.1276,5.0897,5.1017,66137.79,337624.045627,963,29684.88,151567.992462,202206
5.1016,5.12,5.0664,5.1148,108309.84,551535.874725,1818,54291.02,276689.677881,202206
5.1151,5.185,5.1089,5.133,118980.51,612253.988242,2501,58371.62,300371.349253,202206
5.1341,5.1341,5.0841,5.0915,69953.63,356756.550747,1279,32218.4,164264.202209,202206
5.0916,5.1123,5.0786,5.0865,44936.66,228828.261246,866,28157.51,143360.618,202206
5.0846,5.0886,4.95,4.9616,690804.13,3454778.19451,5856,349850.24,1748089.886489,202206
4.9609,4.9859,4.9553,4.9744,141751.91,704403.760723,1922,63556.93,315902.786656,202206
4.9744,5.0039,4.9587,4.9717,80618.32,401631.645997,1492,39774.63,198242.366265,202206
4.9713,4.9983,4.9651,4.9851,59375.59,295782.47526,1213,24730.32,123241.37795,202206
4.9851,4.9913,4.9382,4.9392,141825.21,703923.314884,1943,77222.68,383307.109533,202206
4.9393,4.9477,4.9224,4.9324,212771.96,1050986.590136,2318,90673.52,447999.475222,202206
4.9311,4.9638,4.931,4.9456,66862.57,330904.956145,1162,35643.09,176403.34725,202206
4.9432,4.945,4.8959,4.9123,141753.36,696612.151779,2395,68482.95,336380.586517,202206
4.9129,4.9188,4.88,4.8898,74859.69,366519.459142,1721,35913.77,175906.980007,202206
4.8898,4.8945,4.8643,4.8868,92277.62,450330.683307,1527,35225.6,171983.97575,202206
4.886,4.886,4.84,4.8418,61304.87,297786.542604,1378,24655.68,119814.391498,202206
4.8421,4.867,4.8398,4.8617,45360.01,220241.598804,994,21805.02,105873.096385,202206
4.8604,4.9113,4.8532,4.8945,74009.89,361684.103166,1293,52526.68,256729.170412,202206
4.8927,4.9036,4.868,4.8754,40429.06,197289.928813,876,20032.22,97806.736699,202206
4.8753,4.8864,4.8578,4.8681,63935.8,311469.6098,1000,30544.9,148780.915232,202206
4.8677,4.8877,4.8577,4.8673,38234.01,186369.24406,756,23086.85,112565.445988,202206
4.8674,4.935,4.8674,4.9244,64647.46,317544.34204,1294,37869.61,186049.934678,202206
4.9235,4.949,4.9186,4.9291,60184.76,296906.556758,1049,33660.5,166042.675331,202206
4.9314,4.9344,4.9073,4.9152,25022.96,123056.85388,553,14977.29,73657.384941,202206
4.9149,4.9218,4.9,4.9127,40820.4,200339.342385,513,26486.98,129976.711511,202206
4.9143,4.9373,4.9143,4.9319,18150.82,89441.340174,550,9964.23,49090.909837,202206
4.9318,4.9359,4.9136,4.9152,24775.24,122132.198318,465,6666.54,32858.815099,202206
4.9153,4.9236,4.9108,4.9127,13271.12,65254.789613,355,5576.61,27420.445413,202206
4.9137,4.9192,4.9028,4.9028,14920.53,73290.086383,305,10373.35,50955.544765,202206
4.9028,4.91,4.8875,4.9056,32903.92,161211.969155,558,15903.97,77910.57917,202206
4.9056,4.9524,4.9031,4.9387,28574.32,140891.098128,716,14481.25,71399.821036,202206
4.9389,4.9521,4.9357,4.9472,16885.25,83483.847599,447,9820.73,48556.044641,202206
4.948,4.9686,4.9369,4.9629,49288.74,244110.269193,856,28007.79,138715.805836,202206
4.9634,4.9782,4.95,4.9563,39550.56,196367.894979,792,19285.66,95752.789152,202206
4.9562,4.9662,4.9412,4.9438,18283.04,90610.186861,416,10466.29,51875.72417,202206
4.9443,4.9505,4.935,4.935,33299.07,164434.163869,528,14450.91,71370.929126,202206
4.9359,4.9364,4.9214,4.9303,12299.54,60653.65407,301,3933.24,19392.010718,202206
4.9321,4.9409,4.9,4.9052,35609.24,175101.819351,638,18241.52,89701.313927,202206
4.9069,4.9565,4.896,4.9474,39340.13,193876.221662,807,19495.71,96096.764369,202206
4.9492,4.9587,4.9358,4.9451,23894.32,118246.845847,587,12911.52,63903.384038,202206
4.9459,4.95,4.9367,4.946,10918.92,53984.244521,257,6262.02,30960.393728,202206
4.9475,4.9885,4.9406,4.971,52661.48,261463.96637,1021,33473.06,166210.565725,202206
4.9724,4.9821,4.9576,4.97,24331.82,120925.728654,544,11415.74,56753.043632,202206
4.9707,4.9954,4.966,4.9917,27969.0,139277.851605,625,14943.7,74426.104118,202206
4.9909,4.9927,4.9735,4.9835,16026.98,79840.01472,391,7118.38,35464.038343,202206
4.9847,4.9865,4.9621,4.9664,19253.56,95820.962727,321,7359.91,36620.528395,202206
4.9665,4.9709,4.9545,4.965,20235.06,100427.914275,346,13858.35,68779.767522,202206
4.9656,4.9658,4.953,4.9541,17494.86,86740.657577,264,9266.72,45947.505968,202206
4.9542,4.9638,4.952,4.9578,18359.36,91017.256135,333,11989.48,59449.604884,202206
4.9545,4.9593,4.9524,4.9561,9702.04,48079.592209,250,3463.01,17163.385052,202206
4.9565,4.9565,4.922,4.9227,45065.04,222367.700857,747,5539.02,27334.780464,202206
4.9254,4.9541,4.9186,4.9509,51550.12,254641.171132,832,15109.16,74561.813561,202206
4.9508,4.97,4.9421,4.9567,49547.92,245372.348883,820,10914.93,54057.721934,202206
4.9545,4.9628,4.9249,4.9284,50391.2,249212.155374,760,10224.08,50606.168477,202206
4.9305,4.9337,4.89,4.8932,65008.35,318874.012573,1058,8111.06,39768.033812,202206
4.8933,4.9025,4.8734,4.8979,85066.81,415368.677431,1037,12018.82,58712.121218,202206
4.9015,4.9181,4.882,4.9095,59701.64,292528.674119,975,32064.93,157109.381814,202206
4.9074,4.9074,4.8829,4.8854,34065.95,166632.464301,481,15827.8,77383.856888,202206
4.8846,4.8846,4.838,4.8513,78817.01,382724.617733,1192,28784.41,139635.850222,202206
4.8523,4.8659,4.826,4.8338,130628.55,631126.979452,1549,40222.81,194414.777845,202206
4.8344,4.8462,4.8009,4.8177,121200.1,584637.293192,1432,45762.25,220702.831053,202206
4.8176,4.828,4.7659,4.8052,121497.38,582997.661413,2014,56974.77,273408.828658,202206
4.8041,4.8191,4.7557,4.8044,166151.5,795109.091103,1974,39048.28,187239.968745,202206
4.8032,4.8162,4.7842,4.8073,57680.22,276939.096731,1055,26922.71,129295.236358,202206
4.8071,4.8166,4.7984,4.8081,38071.77,183030.165389,512,18159.68,87294.088565,202206
4.8065,4.808,4.7734,4.7946,47516.91,227804.274954,812,18239.19,87387.728277,202206
4.7944,4.824,4.7775,4.8226,38329.19,184044.742927,767,21520.58,103377.223472,202206
4.8213,4.8353,4.8066,4.8238,43261.3,208468.933397,746,20231.95,97519.384633,202206
4.8238,4.8289,4.8091,4.8228,31939.82,153987.205868,512,13505.56,65099.8363,202206
4.824,4.8301,4.7727,4.7727,37120.26,178342.269961,714,13021.95,62634.010277,202206
4.7738,4.7813,4.7523,4.7555,52026.49,248120.134845,779,29101.78,138764.686021,202206
4.7565,4.7583,4.7003,4.7147,148501.65,702050.565099,1839,62063.98,293473.584843,202206
4.7135,4.7581,4.7121,4.7483,66392.75,314168.066623,1007,46963.63,222208.41732,202206
4.7462,4.7546,4.7189,4.7461,35708.94,169348.608638,747,16687.82,79124.746949,202206
4.7455,4.753,4.7284,4.7325,22609.76,107238.127136,517,10490.99,49769.087386,202206
4.7331,4.736,4.709,4.7146,36417.38,172125.926042,648,8486.4,40086.743559,202206
4.7147,4.7168,4.6869,4.7089,63944.3,300581.387622,1291,24780.95,116529.737522,202206
4.7079,4.7315,4.698,4.7184,55442.98,261521.052858,974,27469.03,129594.727391,202206
4.719,4.7201,4.6776,4.6861,44569.18,209191.461812,755,24943.01,117082.756581,202206
4.6877,4.7276,4.6793,4.6967,66515.43,312376.957655,1223,26775.77,125844.11647,202206
4.6953,4.7193,4.6667,4.6963,103410.25,485505.278961,1384,37509.26,176110.871989,202206
4.6947,4.751,4.6923,4.7432,104622.09,495679.534321,1645,40656.85,192531.653216,202206
4.7433,4.7464,4.7175,4.7305,46720.73,221224.052863,823,23311.82,110359.054458,202206
4.7315,4.7419,4.7101,4.7261,38258.14,180884.34915,733,20295.05,95950.103207,202206
4.7249,4.7809,4.7208,4.7776,49784.79,236824.765243,908,32744.06,155708.210538,202206
4.7784,4.7828,4.7382,4.7424,43067.09,204728.711375,779,25975.45,123461.685898,202206
4.7421,4.7511,4.7247,4.73,27534.53,130412.741708,570,14320.68,67828.58724,202206
4.7299,4.8093,4.7299,4.7483,429646.33,2052884.407715,4062,215486.68,1028838.482161,202206
4.7485,4.7678,4.7428,4.7573,32888.93,156365.470699,731,18579.65,88332.135358,202206
4.7545,4.7665,4.7351,4.7413,25795.26,122560.160932,597,12835.81,60999.722049,202206
4.7414,4.7661,4.7312,4.7345,34668.44,164672.046592,749,14225.32,67531.724917,202206
4.7338,4.773,4.7265,4.765,57152.21,271282.3723,974,28856.93,137050.191212,202206
4.763,4.7741,4.75,4.7599,31423.34,149579.009898,573,12298.97,58537.985328,202206
4.7602,4.775,4.7547,4.7605,21032.64,100242.892123,470,14191.21,67638.603892,202206
4.7595,4.7605,4.7247,4.7411,45081.81,213618.673892,649,18646.66,88433.534338,202206
4.742,4.778,4.7324,4.7738,33989.86,161684.78259,724,24791.51,117929.257643,202206
4.7735,4.8237,4.7734,4.8154,89616.43,429657.890158,1136,43981.07,211024.81044,202206
4.8154,4.8196,4.7927,4.8148,58322.11,280270.641761,1059,25157.28,121003.173672,202206
4.8133,4.8187,4.7977,4.8057,25462.08,122463.455059,528,17013.72,81852.674065,202206
4.8046,4.8132,4.7998,4.8058,11721.61,56314.266109,298,6600.74,31710.655041,202206
4.8058,4.8062,4.7791,4.7804,26974.18,129348.206573,403,6091.06,29175.818341,202206
4.7815,4.798,4.7775,4.7952,15866.43,75958.68521,328,9056.78,43369.012409,202206
4.794,4.8114,4.7902,4.8096,12911.53,61974.627715,291,7563.61,36293.6329,202206
4.8111,4.812,4.7958,4.8051,33563.35,161311.63602,319,22377.99,107536.004205,202206
4.8051,4.8192,4.8,4.8085,20359.02,97857.52674,442,8590.09,41293.824907,202206
4.8059,4.82,4.8022,4.8126,34606.58,166511.518686,491,19993.32,96215.201356,202206
4.8126,4.8297,4.797,4.7975,33438.09,160925.822094,680,18089.01,87064.587979,202206
4.7994,4.8233,4.7994,4.8108,31481.88,151593.278477,621,22478.69,108247.064097,202206
4.8121,4.8215,4.8073,4.8187,13580.76,65404.880707,367,9674.74,46593.088481,202206
4.817,4.8171,4.7978,4.8015,14139.84,67938.568271,360,4912.52,23597.846805,202206
4.8001,4.8722,4.7972,4.8483,68526.77,332001.23219,1313,44027.62,213264.14928,202206
4.8483,4.8775,4.8481,4.8757,59958.06,291866.479479,1005,24238.3,117946.227779,202206
4.8776,4.8796,4.8558,4.8581,30258.51,147252.560923,644,10941.27,53257.816013,202206
4.8571,4.8768,4.854,4.8641,24055.86,117092.171628,548,10272.73,50001.834795,202206
4.8629,4.9261,4.8629,4.8982,64387.45,315117.205967,1193,36845.04,180210.211807,202206
4.8983,4.9446,4.8817,4.9236,85085.78,417385.99997,1703,55922.01,274310.559218,202206
4.9235,4.9374,4.8897,4.9025,40568.16,199125.26662,837,23315.84,114454.479048,202206
4.9011,4.9017,4.892,4.898,10314.6,50501.221574,317,5360.19,26243.188474,202206
4.8983,4.9144,4.8883,4.9137,25729.97,126090.059608,559,18778.64,92027.182261,202206
4.9135,4.9163,4.899,4.913,29399.44,144341.606428,488,19208.5,94318.124288,202206
4.9107,4.9181,4.8849,4.8865,42398.19,207962.843572,701,15833.1,77678.71723,202206
4.886,4.886,4.8678,4.8745,34841.75,169861.196264,658,22303.49,108738.394598,202206
4.8739,4.8822,4.8636,4.8781,31395.24,153013.396604,417,12368.58,60324.996813,202206
4.8773,4.8805,4.8644,4.8679,7722.05,37628.395003,212,3348.53,16319.271696,202206
4.8683,4.8836,4.844,4.8764,107121.63,520990.644901,1185,64496.56,313633.380011,202206
4.875,4.9025,4.8719,4.8979,103785.1,507789.635981,970,62257.05,304415.891624,202206
4.8982,4.931,4.8926,4.9305,25479.86,125183.957629,595,12289.81,60407.098739,202206
4.9323,4.9741,4.9292,4.9397,83484.42,413742.527591,1416,55201.54,273523.474008,202206
4.9424,4.9594,4.9116,4.9172,53696.93,265296.650262,1024,18750.3,92684.533753,202206
4.9175,4.9256,4.9082,4.9143,19304.46,94893.970748,473,8452.71,41550.119105,202206
4.9131,4.9198,4.9079,4.9198,13386.51,65797.219506,330,7611.81,37413.57229,202206
4.9181,4.9181,4.8957,4.911,23757.96,116553.824629,588,11676.15,57270.576002,202206
4.9131,4.953,4.9117,4.9413,65401.0,322744.068997,1227,40099.21,197811.616114,202206
4.943,4.9434,4.9248,4.9301,23056.28,113725.186454,381,6349.15,31320.765309,202206
4.9318,4.955,4.9277,4.949,20060.29,99060.640975,490,11080.66,54721.512197,202206
4.9499,4.9778,4.9416,4.9737,37462.62,185867.138433,660,21575.0,107010.52989,202206
4.9741,4.9795,4.956,4.9696,24617.47,122278.174594,533,12166.87,60433.494548,202206
4.9696,4.9709,4.9501,4.9557,25170.09,124809.697256,374,8228.43,40799.26959,202206
4.955,4.9608,4.9483,4.9549,35133.58,174005.059888,279,10548.02,52238.308176,202206
4.9529,4.9555,4.9378,4.9543,29200.94,144499.819065,331,8959.33,44331.345136,202206
4.9533,4.9533,4.9233,4.9295,27931.93,137762.460078,391,6703.3,33091.771026,202206
4.9323,4.9415,4.9099,4.9168,61668.73,303439.152311,617,27559.73,135563.827005,202206
4.9166,4.9288,4.8981,4.8996,23449.26,115196.515003,501,13013.95,63938.492841,202206
4.9008,4.9018,4.8746,4.8775,55748.54,272342.023872,753,21009.27,102698.442461,202206
4.8774,4.89,4.8704,4.8812,46132.49,225075.482662,665,21774.86,106265.321221,202206
4.8829,4.8879,4.8513,4.853,30755.83,149524.04453,644,12637.63,61427.119675,202206
4.8521,4.8531,4.8342,4.8409,75229.47,364261.716698,950,40446.16,195816.594638,202206
4.8409,4.8469,4.8347,4.8386,47006.42,227476.469181,740,27594.4,133536.499467,202206
4.8386,4.8728,4.8386,4.8722,28199.7,136946.052782,484,13962.03,67738.911326,202206
4.8722,4.8901,4.8695,4.874,37494.92,182892.15096,540,16847.0,82168.783232,202206
4.8739,4.8739,4.8501,4.8528,22230.19,108071.377376,297,7527.3,36570.862502,202206
4.8495,4.8519,4.8237,4.8365,31795.93,153832.51294,574,12286.04,59474.816847,202206
4.8339,4.8339,4.7926,4.8026,52502.18,252597.744216,889,21032.15,101282.444414,202206
4.8025,4.8116,4.7734,4.7839,131530.15,630386.021967,1495,53705.1,257412.456386,202206
4.7834,4.7949,4.7427,4.7582,371466.41,1770572.1335,2361,168943.26,805051.137573,202206
4.7582,4.7898,4.7549,4.78,22616.68,108066.829687,620,10406.66,49710.704925,202206
4.7793,4.8162,4.7782,4.796,38761.73,186032.745091,610,20328.76,97572.292807,202206
4.7955,4.8041,4.7894,4.7894,15146.96,72663.070635,345,4133.89,19828.56969,202206
4.7893,4.8154,4.7876,4.8017,15196.8,73028.378796,371,8364.06,40184.139992,202206
4.8024,4.8251,4.7995,4.8144,15640.5,75347.938362,307,9207.81,44359.730094,202206
4.8144,4.8153,4.7996,4.8101,22585.22,108505.47419,318,7520.61,36141.547575,202206
4.8102,4.8188,4.8041,4.8058,12336.98,59389.487758,212,5893.97,28377.55428,202206
4.8048,4.8379,4.8017,4.8325,16992.28,81979.057446,321,11719.91,56539.883218,202206
4.8327,4.845,4.8319,4.8353,28592.96,138358.9785,347,19724.97,95471.149832,202206
4.8347,4.8521,4.8278,4.8518,24086.37,116530.40705,452,11112.72,53768.209045,202206
4.8507,4.8751,4.8423,4.868,37632.22,182990.559774,708,22936.36,111496.852902,202206
4.8694,4.8732,4.8511,4.8543,61656.57,299721.687523,593,25201.3,122492.799354,202206
4.8541,4.867,4.85,4.8613,22423.29,108945.830502,323,9623.66,46745.1384,202206
4.8611,4.8712,4.8585,4.8664,24649.3,119812.502762,270,8924.65,43393.314234,202206
4.8652,4.9049,4.8635,4.9005,72847.78,355854.881765,691,38864.52,189743.625405,202206
4.9005,4.9069,4.8754,4.8787,56550.36,276474.409503,666,17655.46,86423.811776,202206
4.8787,4.8798,4.8587,4.8642,47740.57,232363.408889,492,31112.52,151431.260866,202206
4.8642,4.8748,4.8577,4.8674,6967.14,33907.57475,205,2825.93,13753.628397,202206
4.8681,4.8697,4.8478,4.8502,20787.58,100966.473523,346,9597.99,46625.965298,202206
4.8506,4.857,4.8453,4.8551,12614.49,61202.307179,181,6482.96,31462.089971,202206
4.8561,4.89,4.855,4.8864,22814.83,111206.413445,325,17685.27,86183.368923,202206
4.8869,4.9327,4.8867,4.928,188184.58,924430.362963,1097,128546.67,631463.869638,202206
4.9293,4.9298,4.91,4.9103,35795.88,175993.967512,600,14263.74,70168.734457,202206
4.9103,4.918,4.9012,4.9165,66426.91,326133.210722,438,18810.2,92343.046377,202206
4.9166,4.9273,4.9061,4.9114,18269.42,89761.532356,299,8358.08,41060.583052,202206
4.9115,4.9127,4.8941,4.9038,16644.89,81619.445281,282,5646.02,27693.230573,202206
4.9017,4.92,4.8941,4.8956,13615.48,66810.924105,307,5601.13,27476.109801,202206
4.8962,4.9079,4.8699,4.8854,22047.43,107778.96482,520,7111.72,34799.600673,202206
4.8853,4.9376,4.8832,4.9101,64348.08,316110.75775,968,36536.08,179441.365931,202206
4.9101,4.9289,4.9099,4.9112,13743.33,67596.152227,306,7156.91,35203.879346,202206
4.9109,4.9166,4.9022,4.9043,16197.88,79516.725745,297,6480.45,31816.28316,202206
4.9056,4.926,4.9029,4.9229,9982.42,49075.076544,206,5937.43,29185.974693,202206
4.9228,4.9502,4.9159,4.9453,75424.28,372552.611183,1061,39858.84,196934.199759,202206
4.9444,4.9472,4.924,4.9255,26116.73,128855.17394,432,13696.21,67560.55215,202206
4.9248,4.9349,4.9189,4.9318,11461.69,56476.37969,255,8513.18,41947.421108,202206
4.9272,4.9361,4.913,4.9361,32952.89,162339.988239,285,23624.95,116401.130693,202206
4.9364,4.9408,4.9162,4.9215,14779.56,72852.626249,265,5581.3,27491.1648,202206
4.9215,4.9247,4.9144,4.9198,11700.58,57582.071776,210,6284.21,30929.771835,202206
4.9205,4.9206,4.9086,4.9107,9927.49,48769.304771,180,3747.79,18416.130337,202206
4.9105,4.9105,4.8962,4.8999,33163.51,162547.790075,425,10133.09,49673.591339,202206
4.9015,4.9283,4.8945,4.9283,37544.56,184461.886821,445,24544.86,120606.59389,202206
4.9277,4.9365,4.8964,4.9033,29382.4,144337.105212,426,14328.01,70410.438416,202206
4.9023,4.9187,4.9001,4.9134,11507.5,56491.060111,203,5466.85,26840.347582,202206
4.9131,4.9204,4.9026,4.9064,9947.3,48871.534088,165,4381.24,21516.995858,202206
4.9072,4.9105,4.8917,4.8957,13998.37,68577.239408,282,6260.03,30673.551038,202206
4.8969,4.9016,4.8761,4.8798,38922.68,190282.53804,542,10759.52,52615.971578,202206
4.8785,4.8785,4.8542,4.857,36272.77,176510.828787,625,14581.49,70945.402375,202206
4.8578,4.8662,4.8462,4.8462,61432.07,298364.52312,671,15008.53,72901.643985,202206
4.8462,4.8888,4.8462,4.88,43832.94,213054.524746,539,29291.3,142331.399606,202206
4.8813,4.9016,4.8753,4.8826,43598.19,212971.35433,530,32719.36,159801.694882,202206
4.8828,4.9002,4.8803,4.8919,10592.11,51811.756797,298,7190.02,35172.832787,202206
4.8915,4.9205,4.8811,4.9169,39949.68,196091.353427,444,31105.76,152748.713567,202206
4.9156,4.9169,4.9001,4.9048,10499.82,51551.448491,224,4700.4,23082.796733,202206
4.9046,4.9053,4.887,4.8964,8187.13,40078.433658,163,2560.71,12535.840841,202206
4.8983,4.9041,4.8847,4.8872,8773.95,42934.938857,212,3312.98,16211.059677,202206
4.8858,4.8881,4.8736,4.8737,39571.63,193119.270063,305,11740.26,57295.502497,202206
4.8751,4.881,4.8662,4.8662,38674.96,188393.283906,352,7128.52,34756.095589,202206
4.8661,4.8753,4.859,4.8594,13680.08,66577.581183,295,4910.37,23896.424665,202206
4.8604,4.8639,4.8216,4.8376,219877.68,1063480.409229,1715,109751.03,530687.446231,202206
4.8375,4.8783,4.8366,4.8741,74058.3,359773.414657,791,53476.34,259707.28618,202206
4.876,4.8931,4.8545,4.8586,46480.03,226452.019227,444,13265.88,64681.338012,202206
4.8576,4.8603,4.8201,4.8282,28226.33,136397.249551,576,11550.66,55818.3901,202206
4.8291,4.8462,4.8135,4.836,21885.65,105682.182401,488,10857.4,52435.121066,202206
4.8352,4.8498,4.8233,4.8315,26892.52,129997.940437,419,13412.5,64830.358264,202206
4.8316,4.8329,4.8116,4.8147,48486.04,233897.570836,597,15414.45,74321.744688,202206
4.8139,4.8311,4.8073,4.828,44089.01,212444.472127,522,22600.99,108824.089262,202206
4.83,4.8396,4.818,4.8221,37951.83,183337.789886,569,17157.35,82892.581285,202206
4.8214,4.8214,4.7912,4.7975,39232.47,188334.325717,687,10454.85,50181.263572,202206
4.7949,4.7981,4.7744,4.783,41582.49,198879.139452,665,19041.39,91091.349682,202206
4.7837,4.8043,4.7822,4.8031,65169.44,312085.219293,695,45482.9,217778.661291,202206
4.8031,4.8238,4.7841,4.811,25570.06,122900.285503,508,11172.92,53707.877572,202206
4.8107,4.8172,4.7823,4.7982,28275.86,135583.169424,510,12758.96,61189.257543,202206
4.7988,4.8045,4.7657,4.7657,34825.45,166754.841053,540,14846.25,71114.278502,202206
4.7677,4.7771,4.7548,4.7732,35054.91,167154.117346,486,18908.46,90204.637212,202206
4.7739,4.7906,4.7663,4.7789,15279.52,73000.62505,334,7541.99,36042.252521,202206
4.7804,4.796,4.7672,4.7896,14324.42,68483.423574,310,6799.02,32510.336354,202206
4.7898,4.797,4.7761,4.7923,16787.78,80365.407235,293,5327.72,25512.235411,202206
4.7919,4.7967,4.7675,4.7691,32687.16,156332.89504,505,14985.7,71675.059827,202206
4.769,4.7737,4.7551,4.7635,31676.11,150786.657454,378,15578.82,74175.996677,202206
4.7672,4.776,4.7664,4.7673,14519.01,69274.058058,240,3026.52,14442.116796,202206
4.7676,4.8022,4.766,4.7991,18901.17,90440.559925,339,11543.56,55232.135312,202206
4.7971,4.8193,4.7938,4.8067,32553.51,156488.36634,566,20621.4,99137.422527,202206
4.8049,4.8385,4.7985,4.8297,43880.22,211397.282657,693,25782.97,124224.366342,202206
4.8284,4.8358,4.8116,4.8336,26491.17,127767.233061,488,17550.58,84652.625533,202206
4.8337,4.8341,4.8201,4.8251,18991.19,91696.519392,437,12119.56,58520.739798,202206
4.8238,4.84,4.8238,4.8286,36030.24,174074.612121,532,22402.75,108235.633692,202206
4.8284,4.8618,4.8284,4.8514,45639.08,221305.066071,763,31522.54,152842.631219,202206
4.8506,4.864,4.7783,4.7825,74090.63,356139.681258,1354,31858.13,153108.678356,202206
4.7812,4.8064,4.753,4.7897,86552.05,413184.717827,1639,41675.51,198960.974756,202206
4.7945,4.8,4.7096,4.7379,250715.59,1188978.863382,2624,102139.57,484902.224629,202206
4.7349,4.736,4.6536,4.693,258017.41,1208723.514811,2983,98737.83,461936.199394,202206
4.6944,4.7463,4.6854,4.7424,112885.61,533267.914688,1628,58472.2,276267.874568,202206
4.7419,4.7855,4.7194,4.7497,420586.92,1999220.950016,2990,181391.09,862372.80376,202206
4.7492,4.8277,4.7222,4.8072,263313.83,1256531.715098,3274,124305.41,593197.906681,202206
4.8042,4.8496,4.7976,4.8487,139496.04,671626.892061,1957,61542.72,296438.694528,202206
4.8496,4.8579,4.8183,4.8229,205084.0,991713.80974,1711,102405.24,495024.562557,202206
4.8227,4.848,4.7988,4.8235,88900.65,428730.182026,1385,57429.58,277054.490342,202206
4.8228,4.8321,4.7964,4.7964,32057.68,154267.46787,688,17954.32,86422.561779,202206
4.7977,4.7998,4.7752,4.7895,51015.24,244344.039216,889,25657.45,122933.632417,202206
4.7876,4.7963,4.7556,4.7575,66998.29,319975.309769,913,31830.99,152135.221613,202206
4.759,4.7675,4.7374,4.7553,87448.88,415828.053508,967,55779.45,265360.360206,202206
4.7552,4.7578,4.736,4.7519,31126.89,147809.323029,544,16223.56,77068.464714,202206
4.7506,4.7954,4.7369,4.7821,40156.41,191450.199599,673,28680.71,136727.18747,202206
4.7827,4.803,4.7774,4.7826,30111.41,144232.717524,689,16786.51,80425.223424,202206
4.7822,4.8229,4.7806,4.8084,40074.05,192564.517569,621,29901.7,143699.486254,202206
4.8109,4.8216,4.7888,4.7906,27719.14,133076.599412,493,13765.69,66065.056235,202206
4.791,4.791,4.7573,4.7603,28552.57,136417.689984,485,10497.12,50111.336065,202206
4.7612,4.7627,4.7455,4.761,17213.22,81842.747771,408,7367.73,35028.842627,202206
4.76,4.775,4.736,4.7411,51782.77,245919.48982,559,15798.43,75166.79124,202206
4.7411,4.7734,4.7373,4.7711,28416.64,135206.820777,439,22207.43,105697.597839,202206
4.7725,4.7828,4.7654,4.7691,13871.38,66227.257215,291,6935.22,33112.176503,202206
4.7705,4.7991,4.7623,4.7708,53783.28,257251.268538,514,33336.43,159442.176627,202206
4.7717,4.7757,4.7623,4.7699,38498.88,183568.618636,301,9039.15,43111.193565,202206
4.7699,4.7757,4.7657,4.7735,8407.38,40105.294095,186,3244.69,15479.702112,202206
4.7751,4.8065,4.774,4.7856,59418.97,284507.856086,693,45707.17,218790.759903,202206
4.7842,4.7962,4.774,4.7869,18679.03,89343.335721,352,10431.85,49905.336998,202206
4.787,4.8041,4.7819,4.7931,25505.77,122227.090546,324,18262.64,87508.963274,202206
4.7931,4.7931,4.7579,4.7716,19630.56,93816.657477,352,6141.88,29334.668876,202206
4.7724,4.7724,4.75,4.7547,16574.97,78851.792151,249,7441.12,35401.705638,202206
4.7509,4.7513,4.736,4.7388,30756.9,145842.073847,456,7628.61,36180.069267,202206
4.738,4.7714,4.736,4.7653,57107.35,270706.758846,494,14696.6,69775.686321,202206
4.7643,4.7674,4.736,4.7362,19554.16,92894.035155,315,8338.79,39630.151871,202206
4.7371,4.7576,4.736,4.7557,22796.49,108180.192814,301,14112.78,66976.27247,202206
4.7529,4.7679,4.735,4.7421,38084.54,180639.152354,433,8980.65,42635.366572,202206
4.7407,4.7662,4.7386,4.7662,7619.84,36238.151421,166,4652.72,22126.074646,202206
4.7646,4.7646,4.7433,4.7527,7527.32,35769.168797,155,3566.94,16940.288132,202206
4.7533,4.7781,4.7433,4.7613,25377.87,120681.635929,318,9457.8,45050.681899,202206
4.7617,4.777,4.7549,4.7571,16552.25,78856.491922,236,3742.65,17838.659685,202206
4.755,4.7759,4.7483,4.7747,11254.01,53554.764685,248,6799.6,32358.131352,202206
4.7749,4.8079,4.7676,4.7953,46168.8,221162.871902,594,23003.59,110232.720088,202206
4.7948,4.8492,4.788,4.8352,50435.02,243161.527711,811,31874.23,153761.792935,202206
4.837,4.8616,4.8227,4.8547,51906.01,251336.428341,815,27012.04,130878.36696,202206
4.8544,4.9201,4.8499,4.909,223724.44,1094682.386219,2521,156258.87,764669.535434,202206
4.9089,4.9254,4.8791,4.8875,92424.82,453202.03333,1210,46478.19,227998.544025,202206
4.8855,4.8903,4.8262,4.8312,40795.88,198017.517971,883,15077.76,73161.430573,202206
4.8287,4.8408,4.8156,4.8324,38755.02,187092.165805,600,13342.36,64438.324564,202206
4.8299,4.8327,4.7991,4.8,38586.76,185847.065748,627,16297.52,78497.950087,202206
4.7995,4.8061,4.7604,4.7728,41849.02,200134.101108,831,21776.74,104219.256689,202206
4.7691,4.7972,4.7591,4.7893,44141.29,210740.21383,779,28036.2,133860.759235,202206
4.7902,4.7955,4.7714,4.773,18396.19,88085.497491,326,8345.39,39953.922879,202206
4.7733,4.8044,4.7733,4.7911,23456.64,112402.607064,435,11741.34,56255.862465,202206
4.7908,4.8043,4.773,4.803,22910.68,109630.582704,487,9975.22,47744.93327,202206
4.8027,4.8486,4.7439,4.8463,111426.88,532827.182856,1908,48093.75,229906.447433,202206
4.8405,4.9402,4.8341,4.8699,206853.35,1013596.051623,2871,94171.63,461348.797152,202206
4.8716,4.936,4.8652,4.9097,126803.45,622413.661827,2137,72060.49,353919.547653,202206
4.9092,4.912,4.8919,4.8934,37716.5,184781.581269,823,15608.91,76490.295822,202206
4.8937,4.9472,4.8919,4.938,62793.09,309098.616669,1022,31998.55,157572.470108,202206
4.9372,4.9695,4.9146,4.9419,107429.06,531269.37667,1551,51429.14,254457.648376,202206
4.9418,4.9454,4.9253,4.9325,33645.71,165995.103988,616,14945.7,73738.798415,202206
4.9311,4.9671,4.9266,4.9345,67502.66,333997.87053,1077,29169.29,144328.651054,202206
4.9325,4.933,4.9101,4.9164,38895.62,191266.55235,657,14423.45,70936.684492,202206
4.9176,4.9925,4.9027,4.9721,137269.71,679423.985029,1868,80213.99,397358.301136,202206
4.9717,5.0377,4.9655,4.9692,179142.63,895680.133169,2473,97024.68,485170.654368,202206
4.967,4.9898,4.9541,4.9767,88329.06,439450.920399,1439,55843.64,277830.688821,202206
4.9765,4.9869,4.9525,4.9547,57847.43,287628.774939,943,30411.16,151277.975172,202206
4.9563,4.968,4.9271,4.9363,52035.89,257290.384101,943,21442.47,106069.98682,202206
4.9366,4.9388,4.9037,4.916,84901.77,417603.692751,1124,46170.17,227155.811251,202206
4.9175,4.9286,4.9148,4.9286,19275.15,94831.277417,315,12985.56,63884.156552,202206
4.9289,4.9543,4.9221,4.9331,31761.4,156832.618171,614,16059.81,79275.175473,202206
4.9332,4.938,4.9075,4.9105,26197.53,128877.789816,474,12361.23,60818.019024,202206
4.9094,4.9097,4.869,4.8845,50819.03,248292.931605,819,21558.26,105335.286206,202206
4.8861,4.9243,4.8831,4.9144,20848.48,102294.012338,442,8384.58,41135.967764,202206
4.9132,4.9462,4.9118,4.9268,40371.72,198864.613936,665,20449.12,100715.655257,202206
4.9246,4.9466,4.9169,4.9432,17979.48,88826.844996,349,11538.45,57005.860004,202206
4.9432,4.9458,4.8968,4.9,106914.0,526693.169383,880,41497.11,204473.178301,202206
4.9021,4.959,4.9021,4.9577,82012.52,403704.07465,1003,65023.69,320046.765882,202206
4.9588,5.0402,4.95,5.0216,135196.82,674999.801446,1596,92883.25,463367.743928,202206
5.0221,5.1306,5.0158,5.0972,291072.33,1481757.705405,3497,145290.33,739225.148786,202206
5.0976,5.1616,5.079,5.1443,234380.4,1198551.866776,2845,115431.96,590142.321614,202206
5.1442,5.1444,5.1095,5.1184,70014.45,358778.156161,1373,36514.24,187134.924837,202206
5.1174,5.1454,5.1066,5.1341,53253.83,272937.777256,878,33859.08,173545.705233,202206
5.1334,5.1633,5.1025,5.1314,66663.32,342460.551974,1264,28282.32,145208.763787,202206
5.1261,5.1405,5.1098,5.1123,38202.77,195626.630007,701,19086.91,97724.169588,202206
5.11,5.1411,5.1088,5.1216,118537.93,607559.097376,1108,57754.52,296089.644372,202206
5.1228,5.1378,5.1194,5.1302,45718.65,234432.268134,581,28132.12,144249.350119,202206
5.1302,5.135,5.1057,5.1095,33041.85,169320.154055,532,20504.66,105082.950916,202206
5.1094,5.1095,5.065,5.0816,92505.89,470347.821524,1324,40276.26,204712.012242,202206
5.0824,5.1147,5.0756,5.1001,30449.55,154997.47248,556,18973.23,96585.544021,202206
5.1002,5.15,5.0891,5.1444,45939.21,235465.54132,886,25373.21,130072.933782,202206
5.1435,5.1623,5.1181,5.1247,39738.98,204169.018391,633,16214.55,83362.433584,202206
5.1247,5.1247,5.1033,5.1127,40720.73,208240.506335,421,20631.08,105500.149492,202206
5.115,5.1273,5.105,5.1253,24876.35,127180.774665,372,8387.98,42898.598169,202206
5.124,5.1584,5.1222,5.1481,132630.78,681912.975406,1110,64147.8,329791.107678,202206
5.1474,5.1732,5.1444,5.1688,38470.99,198320.879415,546,20737.12,106957.245222,202206
5.171,5.1797,5.14,5.1601,79225.17,408721.683213,1034,45170.02,233116.168457,202206
5.1601,5.1709,5.1341,5.1485,70369.8,362938.15281,675,17341.81,89414.813924,202206
5.146,5.2497,5.1214,5.214,79717.83,413214.092478,1580,52552.3,272686.357834,202206
5.2112,5.2112,5.1588,5.1918,77570.5,401924.130352,1166,39206.74,203127.163893,202206
5.1941,5.1998,5.17,5.1866,43435.05,225187.368473,718,22686.38,117666.45346,202206
5.185,5.2438,5.1841,5.2067,133326.14,694386.147732,1524,69241.07,360741.528059,202206
5.2067,5.2171,5.1858,5.2169,42996.72,223393.163789,619,16273.65,84626.491168,202206
5.2166,5.2551,5.2044,5.2109,76667.01,400687.651778,1160,42971.43,224595.797791,202206
5.2144,5.2613,5.1981,5.2044,163365.35,854779.062749,2492,78628.01,411617.666717,202206
5.2062,5.2383,5.1922,5.2056,43301.57,225526.454643,901,23344.69,121606.010583,202206
5.2083,5.2084,5.1826,5.1908,48812.23,253817.369487,797,22740.2,118253.397177,202206
5.1908,5.1922,5.1281,5.1427,79719.89,410774.581934,1460,36871.48,189982.030963,202206
5.1459,5.1708,5.1409,5.1637,40034.01,206326.530476,753,23054.72,118842.935743,202206
5.164,5.1696,5.1437,5.1495,31498.44,162353.523855,496,14758.63,76039.889354,202206
5.1498,5.1657,5.116,5.118,31852.49,163640.374464,542,12592.48,64769.942769,202206
5.118,5.1327,5.095,5.1023,51212.57,261532.074152,883,15853.26,81004.845538,202206
5.1053,5.1109,5.0875,5.102,51928.21,264829.176119,965,24192.08,123372.336093,202206
5.103,5.139,5.0969,5.1293,46859.14,240018.495459,891,26063.22,133550.932591,202206
5.1284,5.166,5.1274,5.1586,36499.36,187972.527022,605,17523.26,90221.750491,202206
5.1571,5.1586,5.1422,5.1496,27533.71,141769.412311,465,16452.63,84719.170758,202206
5.1499,5.1977,5.1496,5.1848,56762.54,294084.817565,830,27913.82,144594.278839,202206
5.1852,5.23,5.1772,5.2201,58264.69,303377.029628,1086,33575.65,174785.015651,202206
5.2192,5.2316,5.1877,5.2026,61208.23,319151.841142,984,31293.87,163283.841877,202206
5.2026,5.2046,5.1333,5.1467,106573.24,550620.976423,1296,42356.21,218929.769376,202206
5.1475,5.15,5.1364,5.1433,74053.22,381019.077279,1073,39449.55,203004.741252,202206
5.1455,5.1481,5.119,5.1239,59198.32,303701.448538,876,26251.86,134653.153043,202206
5.1243,5.1489,5.1108,5.1317,61564.23,315990.536868,991,39491.9,202778.061169,202206
5.1307,5.1346,5.1022,5.1181,79184.33,405159.701557,854,18144.56,92823.69693,202206
5.1158,5.1292,5.1025,5.1193,35686.61,182540.291052,577,19403.54,99271.308786,202206
5.12,5.123,5.058,5.062,81571.55,414937.3306,1308,40583.59,206443.862937,202206
5.0615,5.0688,5.0069,5.0321,219813.21,1106097.998858,2138,76934.06,387236.42353,202206
5.0315,5.0624,5.0243,5.0622,70328.32,354573.228021,787,51272.83,258666.877026,202206
5.0609,5.097,5.0549,5.097,44958.21,228194.927538,803,20342.05,103254.438932,202206
5.0977,5.1574,5.0908,5.1449,96373.24,494102.248904,1537,61352.09,314717.181064,202206
5.1456,5.1511,5.1134,5.1192,86204.39,442599.749162,997,36654.7,188285.539672,202206
5.1159,5.1836,5.112,5.1435,137168.58,706486.665641,1733,89247.74,459704.103924,202206
5.1435,5.1446,5.0872,5.0902,65175.78,332800.721748,1003,16963.04,86632.09153,202206
5.0925,5.1562,5.0557,5.1505,114195.33,583043.328025,1599,53953.02,276148.701895,202206
5.1512,5.18,5.1209,5.1325,75713.28,390042.679546,1215,41534.87,213993.764884,202206
5.1316,5.1808,5.1238,5.171,166578.81,859223.649556,1562,101276.92,522461.460465,202206
5.1704,5.1793,5.1212,5.1265,55955.45,287486.975815,897,21963.58,112822.932478,202206
5.1245,5.1527,5.1132,5.1159,46648.15,239482.578701,749,25210.21,129476.037155,202206
5.1147,5.1216,5.106,5.1093,32219.12,164663.61606,627,11119.71,56835.468654,202206
5.1092,5.1157,5.0879,5.1102,65852.38,335967.284141,786,25339.2,129193.065273,202206
5.1125,5.1172,5.0613,5.073,52524.8,267083.540673,750,24011.63,122099.91359,202206
5.0728,5.1,5.0439,5.0615,46563.81,236267.533459,904,24115.21,122459.769982,202206
5.0617,5.0838,5.0363,5.0396,84475.71,426753.193876,1048,30987.83,156603.862797,202206
5.0377,5.0545,5.0213,5.0499,141264.02,711445.295223,1520,63107.43,317893.62267,202206
5.0482,5.0601,4.9668,4.9736,312003.16,1560478.285317,2932,137770.44,688718.825212,202206
4.9735,4.9765,4.9097,4.929,429185.93,2122063.828802,3418,166033.42,820722.212562,202206
4.928,4.9446,4.9072,4.91,113891.77,561004.279208,1770,46251.6,227861.178156,202206
4.9114,4.9278,4.8706,4.9113,148507.61,728462.405708,2408,56065.62,274906.318313,202206
4.9086,4.9212,4.8561,4.8582,176835.39,864508.729843,2472,63221.26,309247.424622,202206
4.8586,4.8611,4.8252,4.843,166834.21,807879.940681,2219,93795.21,454244.395283,202206
4.8429,4.8577,4.8165,4.8192,74832.31,361438.931509,1029,24325.82,117583.092492,202206
4.82,4.8407,4.8117,4.829,87588.94,422416.88703,1476,47610.04,229570.042654,202206
4.8275,4.8439,4.8131,4.8256,56604.74,273350.760958,1295,25632.08,123780.377773,202206
4.8242,4.869,4.8231,4.8608,40477.15,196082.798154,1048,25232.75,122190.838061,202206
4.8626,4.8861,4.861,4.8819,55272.54,269381.235269,1002,34486.29,168104.640437,202206
4.8799,4.9,4.8538,4.8593,43740.31,213466.684916,1023,20696.97,101034.003947,202206
4.8597,4.8683,4.8331,4.8331,22479.18,109162.003442,570,12405.98,60259.108246,202206
4.833,4.8878,4.83,4.8507,45413.82,221061.54146,956,16914.9,82302.650875,202206
4.8502,4.8927,4.8416,4.8882,52693.77,256768.487664,791,35688.73,173971.893619,202206
4.8871,4.897,4.867,4.8948,29208.28,142478.770131,582,12571.85,61348.198461,202206
4.8946,4.908,4.8727,4.9012,40916.52,200241.045189,565,29522.79,144511.907814,202206
4.9003,4.9151,4.8856,4.89,30986.23,151763.974777,657,16382.32,80252.313567,202206
4.89,4.915,4.8891,4.8926,20903.19,102434.369447,432,10765.35,52752.180504,202206
4.8937,4.9161,4.8886,4.8954,70535.24,345888.790386,667,49800.05,244322.511519,202206
4.899,4.9029,4.8542,4.8568,31321.53,152799.97636,579,5524.02,26936.979763,202206
4.8564,4.8571,4.7969,4.8056,73103.22,352233.0254,1357,22763.67,109799.723395,202206
4.8033,4.8358,4.7937,4.835,55905.54,268860.055316,1111,30175.49,145176.656166,202206
4.8334,4.8641,4.831,4.8464,36640.61,177608.99205,720,24207.74,117342.6666,202206
4.8493,4.8855,4.8493,4.8855,35831.8,174424.081355,689,22844.56,111185.551753,202206
4.8832,4.8913,4.8745,4.8839,16387.55,80031.553968,402,7157.48,34958.355589,202206
4.8846,4.8896,4.8778,4.8801,9463.53,46224.392293,237,5102.39,24924.225117,202206
4.8803,4.8817,4.8606,4.8635,25167.26,122504.115673,393,8393.36,40845.982695,202206
4.8628,4.9293,4.8609,4.9185,92715.99,454767.65684,1408,54968.62,269382.619793,202206
4.9186,4.9523,4.9036,4.9363,66503.82,327921.463963,1130,39611.52,195300.788325,202206
4.9354,4.944,4.903,4.903,35256.8,173759.030437,665,11880.36,58566.204185,202206
4.9029,4.9238,4.8896,4.8974,24254.01,119083.289116,545,14452.6,70990.823438,202206
4.8952,4.9057,4.8762,4.903,25833.43,126365.989215,706,14626.44,71553.862256,202206
4.9016,4.9099,4.8992,4.9099,11660.82,57179.245796,236,5894.97,28904.072733,202206
4.91,4.913,4.8837,4.8965,21779.18,106606.173772,411,16323.11,79884.721011,202206
4.8969,4.9056,4.8817,4.9015,15826.44,77435.92679,378,8381.72,40991.232154,202206
4.9005,4.9072,4.8871,4.9049,68913.39,337644.677539,569,14053.01,68868.207837,202206
4.905,4.9348,4.9012,4.9291,27983.92,137645.935903,578,19276.46,94839.691439,202206
4.9289,4.9289,4.9058,4.9058,19480.51,95759.46171,409,4523.94,22245.235263,202206
4.9058,4.9152,4.9015,4.9152,11088.55,54416.177932,274,6291.45,30880.283861,202206
4.9148,4.9249,4.9104,4.9128,12018.34,59106.523799,302,5079.3,24983.990388,202206
4.9124,4.9203,4.8696,4.8784,85204.39,416414.976167,727,13361.26,65341.204414,202206
4.8788,4.8969,4.8753,4.8851,24832.46,121258.193231,399,16211.62,79162.156867,202206
4.8865,4.8898,4.8614,4.8745,36192.48,176568.110511,558,23762.38,115959.417582,202206
4.8746,4.8888,4.8746,4.8873,14710.08,71830.719344,337,6459.62,31546.710445,202206
4.8879,4.9428,4.8879,4.9411,43978.07,216153.276943,845,27598.71,135666.445763,202206
4.941,4.9567,4.9224,4.94,54756.88,270709.538698,1073,35351.71,174845.686997,202206
4.9403,4.9639,4.9276,4.9325,29881.2,147726.876949,706,15421.67,76256.406591,202206
4.9309,4.94,4.9115,4.9307,90814.43,447669.180036,965,39059.3,192575.016453,202206
4.9315,4.9342,4.9193,4.9202,16552.83,81535.612232,353,5338.54,26291.086913,202206
4.922,4.9586,4.922,4.9414,27150.93,134167.480913,542,15638.74,77232.549272,202206
4.9413,4.9437,4.9255,4.9255,14844.01,73263.308408,366,9238.26,45598.51161,202206
4.9276,4.9354,4.9087,4.9088,24520.41,120680.262355,413,9463.13,46608.188568,202206
4.9086,4.9589,4.9086,4.9581,25512.92,125860.24981,603,12956.75,63897.446991,202206
4.9566,4.9584,4.925,4.9464,89796.81,443349.070596,911,15071.55,74454.213017,202206
4.9447,4.9927,4.9427,4.9897,42369.81,210396.364296,942,31877.07,158292.679199,202206
4.99,4.9981,4.974,4.9773,41807.04,208375.236771,892,23565.71,117460.495108,202206
4.9772,4.9832,4.9721,4.974,23402.24,116517.561057,303,8942.9,44515.03014,202206
4.9736,5.05,4.9733,5.0336,204267.25,1024882.587687,1991,127557.81,639697.189712,202206
5.033,5.09,5.028,5.0541,165891.32,838433.292301,2418,94473.78,477604.994268,202206
5.0547,5.0619,5.0182,5.0389,62300.33,313694.384554,1108,34782.98,175169.159406,202206
5.0411,5.073,5.0347,5.0642,38943.19,196905.229621,867,23858.4,120619.283097,202206
5.0637,5.0722,5.0451,5.0591,34058.48,172239.41133,878,20812.97,105279.223742,202206
5.0583,5.0621,5.0359,5.0363,16856.38,85103.815685,323,8444.37,42641.553341,202206
5.0367,5.0474,5.02,5.0202,34726.87,174851.381171,645,19018.6,95787.400275,202206
5.0198,5.1,5.0198,5.0926,54182.98,274260.091524,1035,38304.66,193895.911079,202206
5.0929,5.1206,5.0601,5.0883,126829.39,645465.55357,2275,66608.57,339041.985807,202206
5.0879,5.1483,5.0796,5.1332,233036.12,1194714.950934,2231,100146.42,512880.035641,202206
5.1331,5.1629,5.1228,5.1567,77492.69,398173.602896,1131,38815.71,199519.950107,202206
5.1564,5.1838,5.1418,5.1649,65911.66,340339.424004,1357,31306.17,161710.40349,202206
5.1644,5.1649,5.1313,5.1475,52595.69,270645.56173,1133,22609.13,116390.850978,202206
5.147,5.2,5.146,5.1978,150174.53,777951.080412,2421,85471.06,442877.849957,202206
5.1983,5.2177,5.1664,5.1968,139886.79,726649.65019,1872,88062.96,457567.99329,202206
5.1971,5.1984,5.1465,5.1639,74766.38,386435.41794,1380,41116.0,212522.42383,202206
5.163,5.169,5.1329,5.15,79756.91,410675.433223,1463,42486.27,218746.126693,202206
5.1498,5.1606,5.139,5.1548,55227.63,284393.42591,1001,23945.7,123327.634577,202206
5.155,5.1671,5.12,5.1525,60079.45,309170.210225,1068,42701.66,219786.730422,202206
5.1512,5.1877,5.1512,5.1677,54655.02,282631.977478,1088,31223.85,161511.491658,202206
5.1677,5.1728,5.1363,5.1371,53139.93,273736.67034,942,23738.17,122299.681258,202206
5.1374,5.1865,5.1372,5.1637,36914.4,190770.083772,919,22597.43,116808.401048,202206
5.1619,5.239,5.1534,5.2034,164670.97,857706.008835,2732,95112.5,495219.098501,202206
5.2057,5.2526,5.2015,5.213,104446.22,546180.310856,1953,53932.98,282007.324531,202206
5.2131,5.2252,5.1927,5.2155,50727.48,264272.498676,1192,28075.38,146303.199384,202206
5.2155,5.2187,5.157,5.1683,77489.14,402369.537323,1336,27168.01,141145.476854,202206
5.1725,5.2032,5.1599,5.1959,59368.68,307200.21483,1247,34882.18,180541.97169,202206
5.1951,5.2145,5.1855,5.2144,40972.58,213214.474799,795,21765.26,113257.034161,202206
5.2145,5.4789,5.2143,5.4048,516380.64,2753032.784841,7683,279169.69,1486889.086033,202206
5.402,5.5,5.3735,5.4643,350019.03,1900796.321632,5953,172383.07,936622.714363,202206
5.4636,5.4981,5.4119,5.4528,297865.32,1626028.967438,4391,130830.53,714634.468117,202206
5.4548,5.5272,5.4451,5.4505,288006.87,1577592.391264,4839,153441.78,840888.003284,202206
5.4507,5.4568,5.4134,5.4273,177151.87,962550.602876,2963,69239.58,376312.975114,202206
5.4272,5.4434,5.4001,5.4244,101710.32,551545.326427,1960,52761.56,286049.035787,202206
5.4253,5.4432,5.3994,5.4302,117506.77,636299.770415,1788,40663.57,220352.622565,202206
5.4289,5.4869,5.4289,5.4708,163535.24,893085.452673,2174,116552.23,636536.650682,202206
5.4712,5.4828,5.4399,5.4399,77183.88,421403.338469,1532,38670.44,211181.006425,202206
5.4407,5.5769,5.4356,5.5426,658216.14,3631578.118881,6690,324234.12,1788615.786862,202206
5.5448,5.5555,5.4879,5.5288,152186.78,840471.888837,3082,90034.12,497385.248693,202206
5.5264,5.5293,5.4833,5.4991,93689.26,515705.173477,1780,54829.84,301783.932354,202206
5.5,5.5059,5.465,5.4957,79227.26,434219.525103,1529,37987.22,208234.947143,202206
5.4946,5.5017,5.436,5.449,147618.37,806822.13055,2237,55627.13,303910.807939,202206
5.4494,5.4713,5.4409,5.45,68723.59,374824.634072,1225,41575.27,226785.320829,202206
5.4507,5.4541,5.3677,5.3792,363404.74,1964862.779753,3982,143490.01,775937.164591,202206
5.3775,5.3897,5.3426,5.3748,277853.86,1491605.998293,3264,126115.9,677173.424609,202206
5.3735,5.4247,5.3713,5.4,159985.16,863916.338747,2062,77217.87,416957.631989,202206
5.4,5.4014,5.3672,5.3797,95355.3,514059.005944,1266,31108.35,167530.075947,202206
5.3794,5.3889,5.368,5.3689,54967.25,295721.120834,919,27278.18,146750.759708,202206
5.3689,5.4325,5.3663,5.4075,91628.53,495990.33864,1498,53034.38,287042.785151,202206
5.4075,5.432,5.4016,5.4115,50707.16,274692.934135,1172,28771.32,155853.386052,202206
5.4108,5.4192,5.3626,5.3627,79459.67,428229.482089,1542,43739.46,235742.529047,202206
5.3624,5.3865,5.3527,5.3534,62198.81,333879.191318,996,22870.68,122818.688491,202206
5.3553,5.3754,5.3485,5.3591,63730.58,341468.969481,1319,27440.1,147030.153121,202206
5.3584,5.4229,5.3333,5.3802,213062.05,1145606.042765,2355,101831.56,547216.718836,202206
5.3812,5.403,5.3751,5.3974,72179.61,389314.262306,1060,44278.69,238819.293096,202206
5.3951,5.4117,5.36,5.3736,83113.0,446694.990898,1253,34138.56,183615.579709,202206
5.373,5.4188,5.37,5.4002,85428.11,460683.017522,1419,43979.04,237146.035278,202206
5.399,5.451,5.3967,5.4393,123293.81,669807.141975,1534,78392.8,426040.265401,202206
5.4389,5.4526,5.3971,5.4021,53702.7,291411.234924,931,26457.77,143613.617544,202206
5.4027,5.4082,5.3654,5.3766,99557.31,535751.168577,1344,29647.3,159631.017726,202206
5.3789,5.4082,5.3704,5.3992,35677.62,192235.898896,977,19502.82,105103.313508,202206
5.4,5.42,5.3798,5.4099,45004.72,243054.677459,928,20953.98,113182.654655,202206
5.4099,5.4141,5.388,5.4006,38533.35,208075.002305,644,16685.12,90075.032225,202206
5.4011,5.4378,5.3932,5.4318,52185.7,282457.842123,805,30112.4,163050.198336,202206
5.4334,5.4472,5.4146,5.4218,90258.7,490551.357608,1159,61746.74,335718.341735,202206
5.4218,5.4218,5.3587,5.3753,117649.68,633514.538932,1718,44457.5,239194.032142,202206
5.375,5.3792,5.356,5.3705,51656.25,277162.575957,776,20384.48,109386.408173,202206
5.3689,5.3941,5.3632,5.381,29354.03,157955.24211,631,16513.2,88857.40604,202206
5.381,5.4211,5.381,5.4039,23464.23,126809.117585,562,16239.44,87765.010588,202206
5.4025,5.4386,5.4016,5.4218,78151.37,423736.500195,1084,41976.86,227614.28873,202206
5.4181,5.4908,5.4181,5.4677,118807.5,648636.707823,1955,64758.35,353496.206175,202206
5.4677,5.4857,5.4311,5.4346,70386.81,384372.345132,1321,38304.14,209131.327428,202206
5.4358,5.4388,5.4023,5.4083,95701.18,518187.584958,1252,34794.22,188536.661612,202206
5.4101,5.4353,5.3847,5.4177,63207.51,341688.108484,1167,29706.49,160641.803919,202206
5.4208,5.44,5.4126,5.4254,21981.96,119379.42266,550,12562.95,68223.549256,202206
5.4267,5.4648,5.4234,5.46,114938.32,626260.774526,1656,82436.37,449108.686505,202206
5.4569,5.4606,5.4264,5.4324,49750.24,270766.143165,889,25614.53,139355.63731,202206
5.4334,5.45,5.4196,5.4372,65988.12,358723.873783,933,34641.68,188351.21946,202206
5.4341,5.4525,5.4184,5.4184,32213.1,175014.198402,591,14273.96,77577.259142,202206
5.4184,5.4341,5.4039,5.4207,36872.55,199744.484816,666,18826.02,101979.915744,202206
5.4219,5.4472,5.3971,5.4318,71253.55,386446.549836,1218,30655.16,166327.29885,202206
5.4305,5.4468,5.4068,5.4379,81482.16,442316.661694,1172,34496.55,187218.913896,202206
5.439,5.475,5.439,5.4588,75889.95,414517.271373,1274,40250.88,219861.682085,202206
5.4585,5.4727,5.4443,5.4518,37165.11,202762.814186,835,17396.13,94887.676664,202206
5.4509,5.5483,5.4474,5.5021,349901.24,1924861.650105,4109,201471.42,1108259.677817,202206
5.5015,5.556,5.4852,5.5068,276765.88,1529924.82373,4532,150092.34,829601.566649,202206
5.5065,5.5312,5.4837,5.509,122636.8,675676.084048,2024,68612.49,378161.334862,202206
5.5081,5.55,5.5056,5.533,134397.07,743087.840016,2071,60591.61,335068.201127,202206
5.5347,5.5401,5.5,5.5275,91766.25,506001.157551,1527,38579.66,212765.272089,202206
5.525,5.56,5.5005,5.5174,93397.22,515882.108834,1423,43528.27,240519.655621,202206
5.5186,5.5325,5.454,5.4714,109861.47,602350.509716,1698,51141.44,280437.600462,202206
5.4731,5.4813,5.4314,5.4418,149538.17,815289.134804,2048,82451.51,449558.200326,202206
5.4424,5.45,5.4108,5.4464,118798.54,645308.667146,1880,46055.46,250269.386973,202206
5.4471,5.4723,5.4236,5.4276,110580.93,602829.554059,1658,65764.4,358560.823956,202206
5.4288,5.4413,5.3987,5.4192,104412.58,565362.778753,1512,43665.2,236448.766631,202206
5.4171,5.4377,5.4015,5.4304,141191.54,765096.252305,1449,72337.74,391972.379685,202206
5.43,5.4399,5.4134,5.4134,34634.59,188147.065255,666,17528.59,95203.432959,202206
5.4132,5.4243,5.3199,5.3284,342396.74,1841266.326328,4330,133362.2,717815.656592,202206
5.3285,5.37,5.3147,5.3422,145394.73,776014.708554,2885,66782.07,356485.164849,202206
5.341,5.3594,5.3241,5.344,85514.44,456966.503479,1426,37465.3,200315.94473,202206
5.3426,5.3459,5.2813,5.2962,110662.54,588234.293535,1947,48424.02,257531.223365,202206
5.298,5.312,5.2719,5.3111,125992.28,667151.613587,2389,59138.36,313238.594131,202206
5.3111,5.3424,5.306,5.3383,82276.01,438227.160481,1470,46415.77,247208.584205,202206
5.3399,5.3523,5.3168,5.3271,92333.04,492659.183309,1422,30245.16,161338.994304,202206
5.327,5.3381,5.2865,5.2943,115765.29,615680.30801,1205,58888.28,313232.954446,202206
5.2943,5.3403,5.2849,5.3297,52385.04,278174.132357,730,38580.69,204762.656369,202206
5.3277,5.3334,5.2971,5.2972,66549.65,353456.868794,1036,23244.22,123500.512985,202206
5.2965,5.316,5.2401,5.2608,150669.1,794386.124378,2429,52641.71,277832.921153,202206
5.2604,5.2681,5.2289,5.2324,115751.63,607429.484489,1987,55237.03,290098.037558,202206
5.2315,5.2638,5.2294,5.2457,75415.73,395682.804829,1403,41367.42,217091.396346,202206
5.2451,5.2491,5.211,5.218,76104.12,397900.171396,1236,38414.09,200945.964639,202206
5.2161,5.2199,5.1856,5.1908,236314.84,1228479.035591,3297,124005.9,644693.882088,202206
5.1899,5.2291,5.1867,5.2189,79073.18,411618.391949,1489,37977.08,197768.019517,202206
5.2199,5.2199,5.1717,5.174,80970.2,420450.983046,1468,31801.08,165154.408513,202206
5.174,5.1879,5.1621,5.1678,94691.53,490002.968634,1507,41793.31,216302.174332,202206
5.1681,5.1947,5.1653,5.1753,104561.58,541769.933345,1639,54128.02,280506.605681,202206
5.1754,5.2113,5.1401,5.207,131517.01,679978.389988,2116,59104.69,305675.749257,202206
5.2076,5.2817,5.2026,5.2348,235267.07,1234078.396531,3577,135897.73,712819.097942,202206
5.233,5.2368,5.1967,5.2086,73363.03,382562.146377,1271,30917.71,161211.874697,202206
5.2115,5.2224,5.2,5.2076,42064.19,219157.296075,871,19931.82,103843.748877,202206
5.2076,5.2082,5.1751,5.1798,72509.88,376369.488061,1185,40245.11,208923.87486,202206
5.1778,5.1977,5.0888,5.0952,436518.37,2243781.585565,3848,165951.6,854176.980689,202206
5.0946,5.1045,5.0631,5.1017,520434.47,2643557.997967,3717,316707.24,1608405.244802,202206
5.1004,5.1602,5.097,5.1497,117851.01,605234.532048,1959,62434.08,320901.460285,202206
5.1508,5.186,5.132,5.1414,96788.84,499660.73265,1727,45420.81,234508.136019,202206
5.1414,5.1529,5.1061,5.1075,64602.26,331097.384476,1026,21626.14,110827.929004,202206
5.1074,5.1337,5.1074,5.1292,29871.61,152978.91017,662,18324.49,93815.922724,202206
5.1295,5.1739,5.1215,5.1719,54187.32,278761.314971,1214,27674.44,142433.724302,202206
5.17,5.1822,5.1288,5.1323,62489.33,321976.16694,981,20942.52,107940.041338,202206
5.1322,5.2,5.1322,5.1585,185723.68,960641.26357,2195,106231.5,549406.501759,202206
5.1585,5.2169,5.1545,5.1943,89397.27,464195.304823,1431,52884.19,274606.841517,202206
5.1941,5.2387,5.1744,5.2177,82251.04,428780.887442,1226,55110.88,287272.961891,202206
5.2177,5.2585,5.1966,5.2464,100883.02,527226.150358,1621,66889.47,349741.464742,202206
5.2464,5.2623,5.2185,5.2242,92171.41,482841.282581,1357,51946.25,272218.930117,202206
5.2229,5.2313,5.2005,5.224,59293.64,309244.284413,925,32137.2,167627.938429,202206
5.224,5.2612,5.218,5.2388,45142.34,236672.98876,766,24904.38,130628.834465,202206
5.2366,5.2934,5.2314,5.2468,186305.35,979959.195831,2387,118152.74,621153.343979,202206
5.2462,5.2639,5.2263,5.2305,76419.86,401201.827869,1282,45523.73,238998.040915,202206
5.2311,5.2459,5.2137,5.2234,31036.42,162214.438046,707,12756.35,66659.087833,202206
5.2239,5.2458,5.1927,5.1995,86424.95,450660.419205,1165,41891.52,218511.269835,202206
5.1991,5.202,5.08,5.1121,529534.36,2720041.77595,4887,207892.62,1067987.240917,202206
5.1125,5.1346,5.0928,5.1193,134815.17,689023.665204,1883,72393.09,370024.7715,202206
5.1168,5.22,5.1,5.199,284309.1,1461664.663006,3519,128088.39,659147.98725,202206
5.2007,5.2592,5.18,5.1998,294008.14,1537779.656308,3453,133018.91,695681.308256,202206
5.1998,5.2712,5.1968,5.2306,239927.54,1256899.867301,2289,128200.05,671449.348439,202206
5.2262,5.2413,5.1868,5.2214,60802.65,316787.060257,1313,28490.48,148491.298861,202206
5.2179,5.2522,5.2041,5.2484,32353.49,168947.277911,715,20958.28,109478.475481,202206
5.248,5.2674,5.2402,5.2573,84927.15,446261.420501,1235,52677.27,276842.953414,202206
5.2574,5.261,5.22,5.2248,81771.38,428768.313,1235,43317.17,227217.691154,202206
5.2239,5.2264,5.1904,5.2035,68526.32,356748.513465,1015,39528.61,205800.627708,202206
5.2054,5.2119,5.1964,5.2011,25583.84,133156.531678,522,15171.03,78969.902822,202206
5.2013,5.2068,5.142,5.1602,90447.22,467185.393199,1496,26564.48,137240.719315,202206
5.1601,5.212,5.1586,5.1968,65558.55,339712.328596,1179,47276.86,244950.462561,202206
5.1955,5.2001,5.1624,5.175,74446.27,385761.188198,875,38728.79,200702.813172,202206
5.1729,5.1801,5.1542,5.1648,35822.46,185113.473963,714,14467.32,74714.731119,202206
5.1646,5.1699,5.1424,5.1592,44502.74,229507.581682,744,22488.29,115952.75327,202206
5.1589,5.1599,5.1,5.1,112643.56,577036.22607,1673,24233.58,124222.86088,202206
5.1003,5.1438,5.1002,5.1129,64707.03,331426.739227,1170,34889.88,178703.172297,202206
5.115,5.1262,5.1,5.1135,85093.09,435113.183874,853,20449.98,104672.759862,202206
5.1114,5.1179,5.0914,5.1013,32797.12,167369.939961,728,16443.54,83931.140898,202206
5.0992,5.1447,5.0937,5.143,59560.46,304850.267836,1103,33782.48,172986.231067,202206
5.1402,5.1475,5.1228,5.1396,43654.01,224282.384109,780,28756.4,147736.054812,202206
5.1388,5.1394,5.0951,5.0978,42397.38,216532.225139,786,13681.36,69903.368867,202206
5.0989,5.1142,5.0765,5.1092,71368.51,363713.591058,1189,33973.78,173143.539017,202206
5.1098,5.149,5.1098,5.1274,55535.32,284847.752021,932,37419.88,191946.482448,202206
5.1295,5.1399,5.1024,5.1302,21694.85,111162.179629,506,12744.43,65285.159296,202206
5.1308,5.1381,5.1178,5.1381,21653.73,111029.307575,402,12009.92,61594.377341,202206
5.1381,5.148,5.0372,5.0622,208920.31,1063436.143343,2304,65232.6,331743.842865,202206
5.062,5.0818,5.0422,5.0537,58129.25,294398.753062,999,33301.03,168683.767617,202206
5.0538,5.0573,5.0125,5.0145,93495.33,470003.86413,1678,35349.73,177714.68717,202206
5.0171,5.0369,5.0041,5.0308,100229.85,502890.025428,1766,40676.58,204122.964144,202206
5.0323,5.0574,5.0269,5.0515,95275.57,480540.117962,1298,40457.24,204120.827813,202206
5.0515,5.08,5.0164,5.0185,101483.0,512430.338786,1402,38042.36,192317.375107,202206
5.0205,5.0384,5.0101,5.0312,93576.33,469791.348781,1363,22209.27,111549.948642,202206
5.0331,5.0343,4.9906,4.9979,141872.79,710752.567838,1557,21192.45,106170.902496,202206
4.9976,5.0553,4.9875,5.0529,88200.83,443369.327595,1286,61851.25,311008.503772,202206
5.052,5.0729,5.0375,5.039,32027.23,161769.134648,752,16725.53,84508.874456,202206
5.039,5.0751,5.0341,5.0655,34311.24,173730.55366,700,25112.13,127165.411188,202206
5.0657,5.0921,5.064,5.0827,49838.17,252945.945421,888,17607.5,89370.187617,202206
5.0841,5.0891,5.0728,5.081,12555.87,63795.113755,348,8907.96,45255.215682,202206
5.0798,5.0897,5.0728,5.0824,13233.31,67230.41484,305,7908.62,40170.800356,202206
5.0824,5.1096,5.0821,5.0904,32773.98,167170.905973,540,15679.18,79962.808343,202206
5.0892,5.1042,5.0869,5.0924,12912.53,65769.054815,220,8640.04,44016.84219,202206
5.0924,5.1032,5.08,5.0999,22537.97,114792.235451,469,12580.94,64108.777196,202206
5.0998,5.111,5.0851,5.098,13456.84,68642.158811,367,7275.07,37111.875312,202206
5.0966,5.1024,5.09,5.092,10320.87,52599.786706,254,4775.44,24342.670406,202206
5.0921,5.1008,5.0824,5.0966,27801.06,141567.414341,295,21153.06,107735.06972,202206
5.0956,5.1032,5.0731,5.1023,38430.92,195495.432253,595,25788.63,131228.702991,202206
5.1008,5.1081,5.0521,5.0699,58854.73,298567.839604,875,22460.47,113976.596186,202206
5.0697,5.0802,5.051,5.0683,20480.33,103732.485883,438,8877.26,44945.83195,202206
5.0679,5.0682,5.0421,5.0495,18642.79,94215.895591,368,8413.09,42512.74365,202206
5.0496,5.0584,5.0406,5.0411,33092.38,167116.72181,512,15384.73,77683.302633,202206
5.0412,5.0485,5.0254,5.0306,37129.55,187110.995228,449,8892.41,44787.680715,202206
5.03,5.0411,4.94,4.9931,106093.55,528586.546474,1713,45158.69,224644.157357,202206
4.9955,5.0564,4.9955,5.0357,69151.81,348041.598023,1174,29512.98,148582.185939,202206
5.0356,5.0371,5.0037,5.0169,28084.95,140971.204909,543,14392.75,72254.365901,202206
5.0206,5.05,4.992,5.0,30574.71,153411.1002,676,13729.21,68936.129054,202206
5.0016,5.0101,4.9796,4.9796,74275.92,371323.288698,668,19257.0,96259.525208,202206
4.9796,4.988,4.9559,4.9739,39433.13,196180.110537,646,18711.75,93105.74444,202206
4.9733,5.0196,4.9622,5.0101,42226.82,210226.545764,654,25726.67,128056.498857,202206
5.0115,5.048,4.994,5.0263,66311.11,332897.808526,1145,31100.04,156125.067806,202206
5.0248,5.0377,5.0184,5.0187,29122.71,146373.218264,555,14059.63,70656.713481,202206
5.0186,5.0228,4.994,4.9958,21642.04,108311.601062,417,11390.31,57016.052404,202206
4.9999,5.0245,4.9786,5.0139,23221.86,116099.801875,535,12706.43,63550.317086,202206
5.0139,5.0146,4.9903,4.9953,27949.57,139825.310949,445,11729.33,58713.260825,202206
4.9946,4.9999,4.8999,4.9127,148882.25,734083.773154,2221,48227.59,237590.034557,202206
4.9143,4.9171,4.8854,4.9037,85209.27,417442.838841,1474,39978.86,195924.999549,202206
4.9026,4.923,4.8969,4.9151,44651.96,219376.817042,688,27730.78,136211.746594,202206
4.914,4.9399,4.8783,4.8787,122756.84,603022.172028,1262,56379.87,277214.302411,202206
4.8779,4.9205,4.872,4.9019,40507.25,198161.351162,895,22737.19,111219.293159,202206
4.9018,4.9098,4.8839,4.9014,26442.81,129498.516861,479,11652.36,57081.289795,202206
4.9027,4.9221,4.889,4.9071,42124.53,206664.608414,834,21708.57,106488.539243,202206
4.9063,4.9249,4.9039,4.9106,25008.24,122912.816353,546,16573.87,81482.523363,202206
4.9058,4.9187,4.857,4.8994,92250.92,450705.03438,1761,48714.37,238003.920543,202206
4.8984,4.9429,4.8757,4.9303,60679.96,298147.646622,1172,35150.91,172757.105989,202206
4.9353,4.9724,4.9249,4.9456,53795.08,266317.459613,1208,29333.27,145211.869787,202206
4.9456,4.9546,4.9382,4.9525,27782.71,137407.072002,582,17254.99,85337.152395,202206
4.9527,4.9672,4.9271,4.9331,36627.31,181272.662063,692,19581.07,96957.283407,202206
4.9339,4.9347,4.8806,4.881,68280.98,335306.259896,832,27953.94,137409.967892,202206
4.881,4.91,4.8804,4.8848,112242.94,549630.189048,1516,58915.14,288494.831466,202206
4.8849,4.8962,4.8285,4.8443,239180.94,1163459.765583,2609,95224.01,463473.932943,202206
4.8431,4.8744,4.8375,4.8516,85125.55,413773.834588,1290,45534.08,221394.960795,202206
4.853,4.8608,4.8153,4.828,147813.1,713864.161682,1799,56326.96,271948.68089,202206
4.8292,4.8302,4.8104,4.8196,39632.56,190972.886561,663,12760.75,61487.378172,202206
4.8196,4.8382,4.8106,4.8361,39135.52,188886.473569,618,25067.5,120988.394115,202206
4.8367,4.8586,4.833,4.849,33351.69,161673.568729,574,19721.5,95596.932939,202206
4.8483,4.8663,4.8463,4.8587,54171.72,263104.22874,855,32224.11,156484.817548,202206
4.8582,4.8665,4.85,4.864,28408.26,137989.915574,512,14997.4,72864.748924,202206
4.863,4.8902,4.855,4.8871,30028.66,146440.836913,640,18343.28,89486.802558,202206
4.8882,4.9493,4.8876,4.9305,143335.05,704880.41839,1687,91588.86,450364.433807,202206
4.9289,4.95,4.8894,4.8979,115136.33,566223.095038,1373,43644.17,214863.94222,202206
4.8978,4.91,4.8839,4.908,30656.52,150114.264755,600,11659.4,57091.063709,202206
4.9069,4.9141,4.8894,4.8921,30863.57,151219.376093,553,15539.79,76134.925922,202206
4.8928,4.9281,4.8895,4.9253,30624.17,150372.524521,544,19169.24,94183.652659,202206
4.9253,4.939,4.9253,4.931,58783.31,289928.068296,881,30701.93,151436.80477,202206
4.9311,4.9333,4.9001,4.9181,55975.2,275250.157497,712,21084.97,103590.792488,202206
4.9181,4.9324,4.9135,4.9318,20440.98,100645.028305,434,11774.37,57983.395369,202206
4.9315,4.9807,4.9315,4.9678,78084.22,387666.443502,1694,48585.17,241152.727551,202206
4.968,5.045,4.963,4.9797,217205.33,1087662.121606,2863,110219.57,551129.227475,202206
4.9774,4.9795,4.9523,4.9584,58536.14,290762.66945,1091,28943.63,143742.324844,202206
4.9588,4.9802,4.9534,4.9793,28206.33,140006.783488,533,12424.94,61673.622901,202206
4.979,5.0155,4.9688,5.0016,75550.79,376635.787942,920,32776.66,163495.863513,202206
5.0013,5.0158,4.9876,5.0006,130565.31,653011.580825,2018,69129.55,345778.670189,202206
5.0004,5.0249,4.9994,5.0241,106894.44,536139.042639,1525,56305.98,282433.655269,202206
5.025,5.05,5.017,5.0329,139382.09,701525.676972,1864,82097.15,413180.68564,202206
5.0329,5.0387,5.0031,5.0101,63374.51,318184.529258,931,31319.21,157231.851717,202206
5.0099,5.0379,5.0099,5.0162,60946.71,306216.699797,989,32653.61,164088.347929,202206
5.016,5.0581,4.9952,5.0553,67279.12,338010.52397,1100,36839.25,185218.294731,202206
5.0571,5.09,5.0446,5.0834,105018.66,533346.250788,1507,65267.61,331552.580889,202206
5.0829,5.0912,5.0701,5.0828,46562.61,236692.443034,725,22176.78,112773.979884,202206
5.0822,5.0875,5.0356,5.0855,52082.24,263624.285069,910,23256.51,117718.155345,202206
5.0857,5.0973,5.0601,5.0639,37121.95,188632.509803,708,18511.45,94100.848736,202206
5.0639,5.0999,5.0639,5.0968,40865.51,207752.8676,803,19810.08,100732.594384,202206
5.0975,5.1351,5.0837,5.1224,90596.61,463438.098217,1448,61551.43,314804.149235,202206
5.1204,5.1306,5.0829,5.0829,51208.21,261521.961367,939,15017.54,76716.101372,202206
5.0821,5.0888,5.06,5.0683,44808.5,227407.945395,690,29815.1,151343.872743,202206
5.0672,5.0705,5.0208,5.0283,65614.84,330589.596729,1260,27561.57,138901.480717,202206
5.028,5.0559,5.0231,5.0451,37018.68,186477.423732,689,13586.03,68490.917864,202206
5.0451,5.0477,5.005,5.0233,48323.7,242790.981884,796,16139.68,81161.340131,202206
5.0222,5.0529,5.0214,5.0496,27646.97,139396.755733,503,13202.91,66567.481838,202206
5.0485,5.0485,5.0096,5.0209,38151.34,192077.544296,684,14516.96,73007.174535,202206
5.0242,5.0404,5.0134,5.0404,34941.94,175574.889888,494,24591.12,123537.538568,202206
5.0404,5.0427,5.0111,5.0185,18860.39,94760.734794,401,7951.45,39944.053241,202206
5.0189,5.0194,4.977,4.9821,74415.56,371617.647482,1171,21356.66,106619.309908,202206
4.9835,4.9989,4.9657,4.9986,45852.8,228418.441161,806,25543.36,127229.218671,202206
4.9989,5.0384,4.9877,5.0324,79424.87,397730.549414,1197,54237.49,271618.361459,202206
5.0324,5.0478,5.0245,5.0256,23738.49,119584.228302,555,11091.4,55884.170754,202206
5.0246,5.0377,5.0029,5.0143,52898.51,265410.843899,824,11970.08,60064.773822,202206
5.0143,5.0181,4.988,5.0181,67711.28,338607.149261,1079,30080.94,150465.955433,202206
5.02,5.0495,5.0188,5.0247,60073.82,302315.416494,974,29537.53,148665.45555,202206
5.0241,5.0303,4.9986,4.9998,16584.02,83058.348737,362,8226.72,41186.903008,202206
4.9993,5.0078,4.9609,4.9716,40082.87,199491.653927,701,16739.13,83327.12712,202206
4.9703,4.9722,4.9438,4.9527,49008.4,242965.569556,724,16843.4,83532.847815,202206
4.9503,4.969,4.9222,4.9319,56350.77,278641.646151,976,30007.43,148467.447256,202206
4.934,4.9729,4.9277,4.9694,37233.29,184184.117794,746,20465.7,101265.423734,202206
4.9684,5.017,4.9635,5.0059,61485.24,307122.001665,990,30305.43,151396.113336,202206
5.0059,5.0059,4.9636,4.9899,64901.11,323246.431835,861,34270.28,170823.860665,202206
4.9895,4.9929,4.9237,4.9313,51151.2,253425.118502,783,8779.43,43446.722591,202206
4.9305,4.9411,4.922,4.9409,48934.05,241281.280547,776,22996.84,113402.240997,202206
4.941,4.95,4.9256,4.9425,34096.75,168351.187583,530,12203.43,60274.79265,202206
4.9425,4.9425,4.8919,4.9053,88246.52,433576.816968,1264,30408.58,149481.618436,202206
4.9054,4.9156,4.88,4.9128,63885.65,312780.697301,1124,28692.69,140482.439627,202206
4.9128,4.9468,4.9045,4.9241,61937.51,305202.50493,1144,28414.34,140010.786667,202206
4.9244,4.9267,4.8956,4.8969,37102.21,182127.493431,596,18488.28,90758.215815,202206
4.8955,4.8966,4.83,4.839,99113.07,480964.414399,1715,43916.37,212999.049304,202206
4.8415,4.8596,4.8274,4.8449,48448.43,234554.443703,845,27289.61,132148.763481,202206
4.845,4.8465,4.8236,4.8246,44699.18,216194.196145,638,17480.25,84535.4021,202206
4.8252,4.8371,4.7455,4.7919,487500.28,2331588.841677,3619,236342.59,1131184.930435,202206
4.7924,4.8403,4.7914,4.836,102596.08,493741.834077,1194,49495.62,238388.785123,202206
4.8338,4.865,4.8182,4.8185,69505.51,337121.245906,1060,35053.93,170075.311622,202206
4.8212,4.8248,4.7759,4.7945,84184.06,403391.238861,921,23121.29,110805.538544,202206
4.7946,4.8088,4.7655,4.7862,60121.62,287649.024937,897,33851.01,162000.945652,202206
4.7861,4.8193,4.7763,4.7851,68597.11,329001.150629,1107,27296.1,130910.235842,202206
4.786,4.7863,4.706,4.7368,204693.44,969797.4653,2805,75033.89,355458.161827,202206
4.7367,4.7672,4.7232,4.7453,59355.13,281695.858829,1132,24528.48,116447.078786,202206
4.7487,4.7785,4.7113,4.7773,99976.37,474549.238634,1391,57342.35,272239.311599,202206
4.7762,4.7765,4.7147,4.7198,45447.91,215303.116311,856,20274.37,96040.753437,202206
4.7179,4.7501,4.7179,4.7429,38727.31,183299.640047,594,20122.39,95244.093806,202206
4.7442,4.8,4.741,4.777,81256.79,388142.20753,1391,45607.73,217884.926114,202206
4.7768,4.8041,4.7755,4.7851,57025.62,273294.790564,987,32106.85,153873.597967,202206
4.785,4.801,4.77,4.801,78881.57,376895.632234,793,18888.65,90422.74064,202206
4.8001,4.8384,4.7727,4.8244,106187.86,511597.473385,1252,65759.2,316949.888742,202206
4.8265,4.8269,4.8064,4.8066,48536.4,233654.775668,872,22453.59,108126.263966,202206
4.8067,4.8203,4.7988,4.8098,30808.53,148136.62565,689,14978.45,72031.525172,202206
4.8122,4.8322,4.787,4.8062,44595.62,214483.990882,737,27370.34,131614.286869,202206
4.8059,4.8232,4.8035,4.8217,30111.03,144877.623069,543,17697.81,85172.9812,202206
4.8202,4.8277,4.8119,4.8229,95473.23,460181.772874,1048,55599.14,268050.538972,202206
4.8227,4.8339,4.79,4.8287,97273.47,467838.290786,1102,55257.35,265790.017879,202206
4.829,4.85,4.8158,4.8256,35236.13,170256.900899,803,17930.51,86613.091857,202206
4.8256,4.838,4.8138,4.8187,23396.08,112884.588624,512,11463.94,55315.422235,202206
4.8188,4.8351,4.8109,4.8235,29866.32,143996.437482,575,18953.95,91381.927093,202206
4.8259,4.8295,4.8134,4.8144,11958.31,57631.487878,303,5393.65,25990.643771,202206
4.8141,4.8158,4.7563,4.771,162684.82,777099.212575,1626,66256.02,316812.201345,202206
4.7709,4.82,4.7675,4.7991,167331.64,803343.919086,1232,106685.69,512140.485286,202206
4.7997,4.8127,4.789,4.789,27482.57,131959.519507,493,11594.27,55677.067109,202206
4.7892,4.8013,4.748,4.7578,259687.05,1236708.416693,1600,54947.49,261894.72907,202206
4.7571,4.771,4.7412,4.771,29104.38,138313.954637,658,13087.42,62233.752121,202206
4.7723,4.7723,4.7469,4.7604,59530.77,283477.691632,596,29699.94,141466.031864,202206
4.7604,4.7604,4.7312,4.749,29729.03,141097.316719,530,15240.53,72344.230128,202206
4.7492,4.7683,4.744,4.7551,45789.64,217792.641792,672,19178.63,91198.936018,202206
4.7536,4.8127,4.7516,4.8087,82700.77,395421.886257,1300,61981.15,296327.807179,202206
4.8087,4.8265,4.794,4.8176,75123.67,361657.253442,1050,41884.46,201720.236269,202206
4.8178,4.8476,4.8152,4.8278,71094.49,343707.281477,1087,40041.3,193569.140632,202206
4.8262,4.8384,4.8158,4.8277,42679.3,206031.889362,659,29205.9,141007.095785,202206
4.8278,4.8705,4.8278,4.8582,70379.48,341161.291915,1169,50387.83,244248.692724,202206
4.8576,4.8846,4.8461,4.8496,73899.73,359676.601645,1280,33588.37,163474.332884,202206
4.8506,4.8519,4.8212,4.8254,45568.84,220293.236781,882,21879.4,105778.188009,202206
4.8257,4.8296,4.8111,4.8228,12906.85,62237.993072,328,4728.46,22791.009697,202206
4.8219,4.83,4.7967,4.8235,33122.6,159399.505796,698,15285.91,73615.451392,202206
4.8224,4.8247,4.7984,4.8045,39262.81,188906.786216,440,25173.45,121142.599363,202206
4.8047,4.8093,4.7947,4.8052,16469.12,79078.706122,328,7983.38,38337.304889,202206
4.8065,4.8231,4.8023,4.8056,29721.61,143038.041488,457,17541.52,84430.982252,202206
4.8044,4.8481,4.799,4.838,47340.69,228756.391413,756,30829.59,149017.853182,202206
4.8372,4.8508,4.8335,4.8423,28181.33,136441.211008,508,15203.15,73605.884626,202206
4.8419,4.8435,4.8178,4.8277,47411.86,228959.900773,555,26855.51,129705.687037,202206
4.8279,4.8322,4.8009,4.8024,33858.15,163124.150562,525,13640.43,65767.91425,202206
4.8013,4.8192,4.7921,4.7979,26549.6,127537.350985,527,10372.96,49844.903005,202206
4.7976,4.8134,4.7772,4.7861,37521.53,179696.185002,736,15885.85,76137.543259,202206
4.7861,4.8083,4.7828,4.7929,15414.69,73974.414714,375,9728.05,46690.402116,202206
4.7934,4.8164,4.7872,4.7928,16478.08,79112.462729,418,9334.53,44821.236294,202206
4.7934,4.8133,4.7813,4.8133,32718.51,156947.725877,641,20849.98,100026.60677,202206
4.8142,4.8268,4.7979,4.8053,27776.65,133736.627615,695,15959.53,76857.489706,202206
4.807,4.8199,4.7864,4.7931,20936.12,100597.107999,583,9806.33,47119.26492,202206
4.7926,4.8085,4.7774,4.7939,43387.75,207874.762629,800,17871.32,85622.693704,202206
4.7938,4.7959,4.7461,4.7605,87201.58,415614.772449,1335,40190.23,191592.251194,202206
4.7605,4.7808,4.7488,4.7618,55727.0,265419.698261,967,27736.93,132155.562107,202206
4.76,4.7681,4.71,4.7156,110285.77,522442.370764,1782,58133.91,275604.184062,202206
4.7115,4.7487,4.7052,4.7453,172680.53,814381.147822,1708,80656.61,380713.920399,202206
4.7455,4.769,4.6849,4.6941,520780.37,2456807.087249,2995,289170.78,1364731.445986,202206
4.6938,4.7628,4.6911,4.7559,99105.17,468337.782416,1504,50400.0,238286.26434,202206
4.7532,4.7635,4.7316,4.7323,48580.18,230502.799847,910,25804.1,122469.759442,202206
4.7332,4.74,4.7095,4.7329,63025.93,297862.406864,1037,28619.53,135258.552343,202206
4.733,4.7507,4.7265,4.7463,48517.56,230088.637041,638,35927.34,170383.28489,202206
4.7447,4.7455,4.7047,4.7114,41538.0,196104.975442,892,22906.63,108169.452778,202206
4.7113,4.7542,4.7096,4.7464,50412.96,238913.871591,799,33305.47,157839.974504,202206
4.7456,4.7796,4.7417,4.7765,55559.18,264663.934666,889,35277.6,168064.765838,202206
4.7787,4.7843,4.7548,4.761,61589.34,293551.802896,991,34958.71,166643.709304,202206
4.7623,4.7688,4.7534,4.7579,23574.71,112243.339315,518,13649.12,64994.655046,202206
4.7579,4.7676,4.746,4.7563,44343.68,210918.045912,742,28643.64,136214.320699,202206
4.7546,4.7795,4.7282,4.7282,72465.52,344754.98417,1054,33944.06,161636.506138,202206
4.728,4.7315,4.6751,4.7108,112473.1,528037.104439,1732,48984.8,229950.105672,202206
4.7079,4.7234,4.6756,4.698,108067.39,507288.130541,1801,65725.25,308493.832151,202206
4.698,4.698,4.6412,4.6747,162319.69,757138.193494,1970,55716.41,260149.337739,202206
4.6744,4.7066,4.6712,4.6857,68073.1,319144.611754,1141,37772.37,177127.677018,202206
4.6857,4.7199,4.6736,4.675,99043.53,465037.642338,1345,43539.98,204737.918643,202206
4.6753,4.6796,4.64,4.6598,114341.35,532394.532845,1438,42173.7,196338.422944,202206
4.6595,4.6699,4.65,4.6618,46692.19,217577.008638,825,27294.85,127200.381427,202206
4.6628,4.6907,4.658,4.6833,77152.15,360828.974603,961,31821.94,148798.015624,202206
4.6862,4.709,4.6789,4.7037,60831.47,285407.509366,902,35589.23,166987.600571,202206
4.703,4.725,4.6885,4.7096,68866.79,324043.113094,1157,31912.79,150204.25601,202206
4.7081,4.72,4.6906,4.7053,47095.92,221703.175305,792,25808.7,121534.162474,202206
4.71,4.7376,4.6935,4.6954,40836.44,192547.491702,721,21243.51,100225.452648,202206
4.6967,4.721,4.683,4.7105,36641.3,172181.293108,601,19886.7,93476.979165,202206
4.7103,4.7228,4.6561,4.6609,97945.31,458970.817872,1553,35664.96,167360.079082,202206
4.6606,4.699,4.6572,4.6725,41205.74,192897.028572,783,17962.49,84100.368067,202206
4.6728,4.6751,4.6217,4.6264,224252.65,1042354.646503,2044,76152.06,354310.06464,202206
4.6262,4.6693,4.6073,4.6634,97362.71,451051.249671,1469,45609.53,211473.223639,202206
4.6635,4.7385,4.6613,4.7128,154147.38,726913.595861,1777,73076.81,344485.41185,202206
4.7128,4.726,4.7007,4.7126,42124.54,198520.306754,639,28754.82,135547.40292,202206
4.7127,4.7486,4.7008,4.7333,66229.34,313185.163041,1083,34626.73,163779.578111,202206
4.7312,4.766,4.7162,4.7547,62648.35,297334.964762,925,36840.31,174937.970581,202206
4.7547,4.7792,4.7511,4.7517,59865.23,285254.658139,930,28798.46,137252.308897,202206
4.7518,4.765,4.7128,4.7155,42633.78,201818.459117,732,17800.69,84262.217192,202206
4.7153,4.7338,4.711,4.7249,25711.39,121391.808613,567,11072.75,52280.224985,202206
4.7252,4.7517,4.7171,4.7374,32231.53,152593.722186,668,17156.38,81225.021315,202206
4.7365,4.7575,4.7193,4.7323,31583.34,149570.737837,615,13928.6,65984.586488,202206
4.7341,4.7369,4.7131,4.7357,20485.64,96779.072974,457,11717.08,55354.790691,202206
4.7362,4.7513,4.7268,4.751,32078.0,152114.099577,417,12741.49,60391.300991,202206
4.7511,4.7943,4.7467,4.7895,133612.78,636879.950192,1253,101345.5,482928.529876,202206
4.7881,4.8245,4.7833,4.7972,79037.26,379691.670035,1203,33562.8,161231.752467,202206
4.7963,4.8019,4.7803,4.787,30280.55,145034.74675,629,14608.14,69979.002135,202206
4.7871,4.796,4.7644,4.7692,32315.36,154520.48917,640,16996.66,81270.936006,202206
4.7691,4.7885,4.756,4.7681,28447.0,135619.356231,512,14463.64,68928.818683,202206
4.7664,4.7808,4.7441,4.7539,101047.02,481646.628674,766,45240.48,215542.167437,202206
4.7523,4.7591,4.7449,4.7449,11256.69,53472.592851,269,7221.77,34304.452452,202206
4.7458,4.7521,4.7228,4.7267,97152.12,460324.824203,1047,39985.41,189420.0406,202206
4.7252,4.7567,4.72,4.7452,35983.53,170383.290844,545,18285.66,86563.450584,202206
4.7434,4.755,4.7228,4.7376,23173.18,109838.021862,417,10888.14,51621.40167,202206
4.7416,4.7494,4.7368,4.7385,11630.35,55165.412452,191,6463.68,30662.025081,202206
4.7352,4.7522,4.7261,4.7399,22822.62,108086.294529,421,10977.88,51993.717146,202206
4.7386,4.7718,4.7372,4.7633,106368.41,506185.937597,827,79409.88,377902.160946,202206
4.7658,4.7719,4.7586,4.77,17938.35,85489.703544,361,7791.1,37124.731721,202206
4.7697,4.7697,4.7327,4.7439,30826.69,146357.477076,497,12510.82,59376.600145,202206
4.7438,4.7496,4.7311,4.7347,18133.81,85933.634974,351,8948.02,42392.837705,202206
4.7348,4.7372,4.7077,4.7119,104088.91,491780.641908,702,16828.17,79507.946765,202206
4.7127,4.7366,4.7123,4.7269,25392.13,119991.648328,424,11851.29,55992.355259,202206
4.7263,4.7382,4.71,4.7263,15284.09,72186.119253,331,7510.98,35493.312688,202206
4.7289,4.7522,4.6621,4.6874,113472.85,534710.674208,1484,47617.73,224566.417812,202206
4.6875,4.7012,4.6701,4.6909,20684.52,96918.295176,481,10293.38,48243.885841,202206
4.6927,4.7007,4.68,4.6823,26478.89,124167.110312,384,16162.55,75789.102148,202206
4.6816,4.6976,4.6721,4.6884,29903.1,140120.074361,513,16192.05,75879.34889,202206
4.6882,4.7,4.6782,4.6964,34215.66,160346.867998,523,17038.22,79853.545863,202206
4.6976,4.7,4.6766,4.6811,24261.91,113656.430251,403,10201.82,47794.467182,202206
4.6807,4.6933,4.6669,4.671,33307.76,155810.063097,651,14804.63,69272.934482,202206
4.6724,4.6896,4.6677,4.6848,26797.27,125377.211308,475,10432.15,48801.668536,202206
4.6844,4.6968,4.6511,4.656,192780.35,901040.875107,899,82698.69,386555.806656,202206
4.6556,4.6829,4.6464,4.6824,57165.45,266456.166247,712,27101.07,126361.223558,202206
4.6824,4.689,4.642,4.6495,33200.46,154812.071545,612,9016.27,42018.521453,202206
4.6499,4.6612,4.6392,4.6515,46881.3,218019.927976,717,26996.12,125550.429527,202206
4.6512,4.6648,4.6433,4.6555,25812.59,120123.064533,510,14157.52,65894.858022,202206
4.6545,4.6692,4.6386,4.6652,50953.89,237151.947301,637,38392.11,178707.06146,202206
4.6662,4.6686,4.6453,4.6562,21376.22,99510.032441,482,8873.91,41311.759226,202206
4.6568,4.6624,4.6455,4.6608,18869.59,87786.365701,310,9144.07,42551.75942,202206
4.6592,4.6932,4.6535,4.6928,31745.89,148515.916035,498,24101.04,112779.488502,202206
4.6933,4.7051,4.6867,4.7044,51700.86,242881.028333,708,37316.11,175318.097376,202206
4.7059,4.7395,4.7001,4.7379,42050.65,198728.617076,734,29914.03,141430.029826,202206
4.7377,4.7464,4.7169,4.7345,38333.31,181444.109607,689,17475.32,82733.680738,202206
4.7346,4.7575,4.73,4.7557,30705.6,145682.752235,577,12197.54,57888.045072,202206
4.7536,4.7781,4.7534,4.765,56450.94,269088.030011,842,33061.67,157557.830845,202206
4.7656,4.7857,4.7554,4.7681,26388.26,125872.66546,598,15088.22,71961.026627,202206
4.7679,4.7758,4.7455,4.749,20457.51,97370.282606,466,9279.15,44178.907018,202206
4.748,4.748,4.7182,4.7293,31026.47,146777.675726,671,14615.98,69129.181331,202206
4.7294,4.7579,4.7237,4.7574,17425.94,82676.451054,416,9882.39,46890.361548,202206
4.7585,4.7597,4.725,4.7345,17359.0,82235.515873,390,5378.87,25485.893059,202206
4.735,4.735,4.7092,4.7097,27720.6,130787.069094,442,5957.2,28105.253104,202206
4.7095,4.7212,4.704,4.7115,16568.4,78071.158758,326,8451.58,39823.316697,202206
4.7114,4.7163,4.6876,4.6904,15382.09,72327.895335,389,5933.22,27901.096035,202206
4.6905,4.7144,4.689,4.714,14943.9,70316.224415,320,10614.54,49950.142929,202206
4.7144,4.7168,4.6722,4.6742,27801.83,130442.226897,575,11258.73,52849.6146,202206
4.6753,4.6849,4.6656,4.6787,23919.36,111776.087955,480,15472.16,72296.288686,202206
4.6787,4.7532,4.6774,4.7457,39425.99,186028.567278,874,24693.95,116510.407296,202206
4.7435,4.7525,4.7149,4.7364,52659.52,249008.469728,714,25643.97,121342.336283,202206
4.7356,4.7526,4.7317,4.7384,16401.58,77782.189387,354,7785.68,36927.805836,202206
4.7374,4.7439,4.7368,4.743,12593.32,59700.28257,201,3970.57,18819.234865,202206
4.7411,4.7516,4.7388,4.7514,12046.79,57192.267562,224,4401.9,20891.557082,202206
4.7516,4.7686,4.7367,4.7372,32426.74,154170.370105,529,16023.11,76199.926935,202206
4.7382,4.7403,4.7258,4.7326,9080.83,42973.225953,287,5074.52,24011.638276,202206
4.7322,4.7354,4.7243,4.7347,7921.33,37468.227582,142,3269.58,15465.41807,202206
4.7351,4.7422,4.7118,4.7177,15088.97,71307.380234,350,6675.72,31555.741298,202206
4.7178,4.8024,4.7178,4.7956,65278.96,311962.955489,1148,41475.42,198147.526637,202206
4.7961,4.813,4.7886,4.8079,47549.93,228470.973206,850,21948.15,105456.698218,202206
4.8083,4.8396,4.793,4.8391,84699.75,408252.934257,1414,44186.12,212992.387621,202206
4.8375,4.8733,4.8286,4.8634,134612.87,653422.919014,1952,78861.67,382804.03187,202206
4.8624,4.8994,4.8584,4.8709,138718.82,677342.676047,1488,73133.69,357079.937976,202206
4.8707,4.9018,4.8693,4.8936,61531.13,300774.484368,864,42371.15,207119.823177,202206
4.8935,4.8936,4.8466,4.8466,68506.88,333798.022139,962,23422.61,114149.371659,202206
4.8481,4.8569,4.8351,4.8371,40476.78,196160.706164,666,20725.39,100460.404761,202206
4.8357,4.8432,4.8165,4.8201,31334.28,151347.417429,592,14281.4,69021.994167,202206
4.8192,4.8326,4.7944,4.7944,42633.51,205283.74672,843,17175.99,82711.519222,202206
4.796,4.8128,4.7801,4.7917,41157.8,197391.651271,829,18063.5,86658.740293,202206
4.7923,4.8089,4.7856,4.8008,18792.72,90238.760294,489,10784.86,51787.485434,202206
4.8008,4.8012,4.7534,4.7596,124082.61,591620.174348,967,42332.44,201844.644392,202206
4.7614,4.8061,4.7596,4.8042,31814.74,152402.981262,623,20209.1,96809.563599,202206
4.8064,4.8112,4.7704,4.7704,51545.93,247057.997588,733,22958.74,110037.53395,202206
4.7731,4.8035,4.7689,4.8022,26461.05,126679.417156,494,14119.64,67575.174377,202206
4.8032,4.8359,4.801,4.8328,56559.12,272667.56419,722,45672.15,220179.16918,202206
4.8325,4.8422,4.8152,4.8356,100877.28,487185.881055,801,32794.36,158351.964566,202206
4.8366,4.8497,4.8313,4.8453,39491.72,191186.695093,733,22643.47,109611.601828,202206
4.8418,4.8534,4.8371,4.8376,18134.97,87901.80848,308,7084.68,34327.621818,202206
4.8372,4.8372,4.8082,4.8087,36817.69,177399.615249,437,4773.8,23014.558592,202206
4.8105,4.8393,4.8058,4.8274,45455.53,219245.112616,609,7564.0,36482.041273,202206
4.8273,4.8273,4.8067,4.8165,42672.8,205582.045274,486,7268.33,35031.443894,202206
4.8159,4.8164,4.7892,4.7892,44205.68,212209.526957,633,7773.37,37321.256884,202206
4.7898,4.7921,4.76,4.7651,58938.06,281217.425111,722,11199.48,53411.092642,202206
4.7651,4.7658,4.7318,4.7476,129037.98,612875.171205,845,25364.51,120499.426162,202206
4.7469,4.7798,4.7404,4.7725,32648.62,155554.119433,507,21057.04,100360.828848,202206
4.77,4.7941,4.7669,4.7885,19457.13,93010.39159,338,10024.79,47927.016595,202206
4.7895,4.8004,4.7846,4.7991,18866.09,90439.273586,315,12391.44,59412.027099,202206
4.7988,4.8337,4.7704,4.7779,64403.89,309661.977768,844,44563.59,214344.527452,202206
4.7794,4.7889,4.773,4.7817,22975.85,109838.639902,323,11220.75,53643.325247,202206
4.7793,4.7827,4.7572,4.7572,8551.8,40783.347785,251,4687.92,22365.633503,202206
4.7565,4.7665,4.7402,4.7574,34483.24,163855.26652,538,15069.24,71589.228839,202206
4.7562,4.7603,4.7439,4.7452,15613.04,74167.572917,269,6033.51,28657.568732,202206
4.7452,4.7705,4.7444,4.7593,16001.5,76140.595546,299,8084.59,38487.048203,202206
4.7593,4.7676,4.7382,4.7561,14998.91,71269.497701,312,5152.49,24477.832201,202206
4.7558,4.7745,4.7527,4.7614,13353.92,63631.445143,310,7805.3,37191.259718,202206
4.7602,4.7812,4.7555,4.7745,12963.46,61853.51718,260,7970.75,38041.600857,202206
4.7746,4.778,4.7558,4.7738,14926.97,71125.984123,304,7236.43,34500.907649,202206
4.7757,4.7757,4.6833,4.6997,94928.75,447941.035334,1350,34545.84,162766.906516,202206
4.6996,4.7232,4.6957,4.72,26225.97,123507.004933,453,11293.89,53224.584459,202206
4.7183,4.7206,4.6877,4.6952,36273.01,170659.256572,560,21012.31,98892.999355,202206
4.6934,4.7027,4.6834,4.694,21845.76,102516.251131,337,8160.35,38310.78965,202206
4.691,4.691,4.6701,4.6742,12713.3,59474.266237,251,6601.13,30876.582704,202206
4.674,4.6865,4.6547,4.6715,32345.18,151067.983482,552,9357.92,43718.759176,202206
4.6696,4.7019,4.6655,4.6771,37699.51,176473.049891,579,14042.21,65776.895321,202206
4.6768,4.6915,4.6717,4.6786,12576.72,58867.172025,263,6941.88,32500.064943,202206
4.6773,4.6856,4.6672,4.6741,24341.59,113789.563113,348,9255.77,43281.539154,202206
4.6748,4.6806,4.6504,4.6768,25165.71,117323.340449,452,15027.32,70047.840975,202206
4.6732,4.6995,4.6717,4.6982,20958.29,98254.382762,361,12681.71,59454.997228,202206
4.6995,4.7189,4.6734,4.7137,44149.76,207442.614364,654,29001.4,136316.47191,202206
4.7134,4.7169,4.6761,4.6931,26447.7,124204.029929,495,16449.32,77267.066925,202206
4.6934,4.7354,4.6914,4.7171,32906.89,155332.636824,660,19797.56,93444.600186,202206
4.7147,4.7234,4.6814,4.7234,17187.86,80820.076128,514,10073.63,47389.85314,202206
4.7232,4.7429,4.7125,4.7386,20458.28,96751.706522,547,11246.03,53180.136057,202206
4.7386,4.7404,4.7034,4.7135,23548.95,111125.318973,390,6759.99,31898.097572,202206
4.7118,4.7583,4.6999,4.7032,50114.42,236962.948154,804,22826.71,107874.456469,202206
4.704,4.7088,4.68,4.68,32909.09,154481.304264,516,18335.87,86094.079412,202206
4.6795,4.692,4.6559,4.6702,40281.51,188024.915701,718,15789.84,73679.962019,202206
4.6672,4.6843,4.6575,4.6681,37633.95,175582.517808,427,25698.0,119871.878851,202206
4.67,4.6772,4.6423,4.6549,23655.97,110149.550764,450,8462.96,39448.347819,202206
4.6531,4.667,4.64,4.6414,21690.85,100857.444849,384,8080.53,37575.308911,202206
4.6399,4.6719,4.6324,4.6694,25956.13,120726.186478,449,9748.41,45301.38603,202206
4.6691,4.6886,4.6684,4.6738,19053.12,89135.900588,333,12557.09,58750.341482,202206
4.6773,4.6804,4.65,4.6613,13186.19,61518.194936,292,5612.8,26184.648132,202206
4.6613,4.6613,4.5558,4.5635,203970.97,935994.885619,2258,71525.18,327735.490325,202206
4.5625,4.5625,4.5106,4.5283,132453.0,600055.879662,1890,52787.36,239167.218293,202206
4.5269,4.547,4.5233,4.5419,60797.27,275589.486332,761,40666.38,184368.417917,202206
4.541,4.5455,4.5119,4.5243,35281.03,159609.546021,653,15152.94,68567.101641,202206
4.527,4.5481,4.5263,4.5441,23893.46,108351.958236,444,10534.62,47780.659776,202206
4.5451,4.5475,4.5264,4.5457,39163.33,177607.224208,498,8272.44,37520.263733,202206
4.5479,4.5589,4.5422,4.5569,20172.95,91750.895625,390,13766.16,62611.334443,202206
4.5538,4.56,4.5315,4.5317,32531.3,147876.473858,370,7789.2,35418.260326,202206
4.5311,4.5418,4.5127,4.5203,35906.99,162490.938318,565,16625.14,75203.890043,202206
4.5203,4.5309,4.5081,4.5246,51068.36,230579.673403,569,15927.29,71999.33005,202206
4.5237,4.538,4.5084,4.5372,28028.98,126855.017935,454,13224.3,59843.02878,202206
4.5369,4.5519,4.5276,4.5311,15839.97,71891.223719,361,6958.94,31590.966752,202206
4.5322,4.5689,4.5312,4.5689,40693.59,185157.184234,595,26314.26,119746.437965,202206
4.5691,4.5691,4.5504,4.554,18184.84,82833.896721,356,10848.95,49409.486403,202206
4.5523,4.5707,4.5485,4.5692,14251.44,64952.591881,362,7247.57,33036.800505,202206
4.5707,4.5922,4.5682,4.5833,23516.93,107715.161171,486,13352.77,61161.926744,202206
4.5817,4.6129,4.5817,4.6102,15047.08,69121.594113,354,7315.05,33620.705114,202206
4.6107,4.6125,4.5923,4.5923,23841.63,109731.897665,391,7410.64,34107.453325,202206
4.5925,4.597,4.5767,4.5788,24319.12,111553.428499,380,12125.35,55633.112911,202206
4.5818,4.5905,4.575,4.5857,13441.91,61599.324601,263,5313.82,24363.056462,202206
4.5866,4.6225,4.5866,4.6099,22746.0,104808.921976,500,16448.16,75792.823543,202206
4.611,4.6216,4.5963,4.5966,22250.27,102535.303582,431,11603.96,53493.487429,202206
4.5993,4.6026,4.586,4.5907,14977.56,68782.234225,347,5946.11,27303.727672,202206
4.5898,4.5983,4.5854,4.5936,13170.84,60468.771014,237,6186.97,28410.030298,202206
4.5937,4.61,4.584,4.6098,17390.4,79908.640305,337,8965.75,41183.902359,202206
4.6089,4.6178,4.5838,4.5841,18635.56,85677.212141,392,8947.96,41113.387366,202206
4.5852,4.6025,4.584,4.6007,11622.42,53415.746241,209,5022.32,23074.447324,202206
4.6024,4.6108,4.5898,4.5903,13744.87,63242.158316,282,5967.38,27450.844047,202206
4.5897,4.5976,4.5871,4.5922,8253.96,37896.680108,200,4381.58,20114.672123,202206
4.5917,4.5991,4.5754,4.5991,26388.2,121078.783864,465,7736.03,35504.857098,202206
4.5988,4.6,4.5689,4.5722,12362.34,56682.57578,355,5562.45,25499.997354,202206
4.5734,4.588,4.5719,4.5844,11642.47,53327.820984,263,6060.94,27757.984924,202206
4.5877,4.6033,4.5827,4.5948,7353.12,33804.907652,228,2633.4,12104.803749,202206
4.5949,4.609,4.5806,4.5865,18834.82,86542.975308,432,10910.45,50139.759969,202206
4.5889,4.6093,4.5738,4.6064,16940.93,77861.552189,444,7564.44,34744.757153,202206
4.6057,4.6361,4.6026,4.6113,44558.85,205665.555646,663,30924.28,142680.283547,202206
4.6097,4.6267,4.6019,4.6223,20774.21,95878.714272,407,14245.18,65740.177276,202206
4.6225,4.6345,4.6046,4.6145,83946.11,387989.710993,903,21805.17,100822.709044,202206
4.6129,4.613,4.5878,4.5909,19357.1,88989.876295,392,6613.51,30410.41583,202206
4.5922,4.6042,4.5862,4.5945,12224.98,56172.330708,298,6741.64,30979.718006,202206
4.5891,4.5908,4.5734,4.5822,10136.8,46442.508289,274,5974.42,27364.694854,202206
4.5818,4.5871,4.5677,4.5798,18526.78,84804.822432,345,8926.87,40864.744038,202206
4.5795,4.5931,4.5677,4.5686,16737.21,76667.428776,397,8913.41,40823.220448,202206
4.5696,4.5803,4.5515,4.5543,32144.25,146776.714208,541,16876.44,77096.334793,202206
4.5544,4.5544,4.5229,4.5469,59358.99,269378.401681,798,29214.7,132588.145086,202206
4.5481,4.5644,4.5381,4.5393,35647.28,162109.935053,466,17571.72,79916.749363,202206
4.5383,4.5438,4.5273,4.5304,19480.62,88322.074568,340,5131.7,23267.85132,202206
4.5292,4.5366,4.5117,4.5171,39955.06,180663.377058,753,14559.0,65820.825174,202206
4.5166,4.5344,4.5144,4.5244,27415.39,124004.877988,440,17370.79,78578.215664,202206
4.5245,4.5324,4.4855,4.4955,79144.96,356413.792301,1367,31525.65,141981.966416,202206
4.4951,4.5113,4.4714,4.5084,72457.95,325261.196167,915,22364.62,100466.145516,202206
4.5084,4.5442,4.5066,4.532,25502.42,115480.700247,623,13974.59,63278.360807,202206
4.532,4.535,4.5127,4.5319,18559.77,83977.085046,441,11772.09,53261.322393,202206
4.5307,4.5318,4.5101,4.5175,14789.58,66812.788667,286,7474.12,33754.88784,202206
4.518,4.5371,4.518,4.5201,12876.8,58303.448846,277,6215.58,28140.655457,202206
4.5213,4.5226,4.4985,4.5008,13761.63,62057.047148,304,6017.14,27142.130724,202206
4.501,4.5178,4.4877,4.5072,35239.32,158620.898394,534,18501.64,83317.564156,202206
4.5041,4.5259,4.477,4.4788,27889.33,125679.390811,569,15139.29,68237.436379,202206
4.479,4.482,4.4661,4.4708,37449.1,167523.686572,688,12509.88,55966.034155,202206
4.4701,4.4704,4.4409,4.4631,59274.0,264115.956265,922,22552.63,100505.099626,202206
4.4624,4.4718,4.4447,4.4584,32808.88,146257.551848,550,15873.54,70749.483386,202206
4.4589,4.4689,4.4342,4.4585,39569.88,176222.227884,781,18751.42,83564.757426,202206
4.4579,4.4611,4.4195,4.4198,57736.57,256324.957309,978,17027.1,75709.631088,202206
4.425,4.4273,4.35,4.3985,291174.45,1278555.217772,4131,127345.98,559263.317944,202206
4.398,4.4115,4.3748,4.3899,92713.39,407106.963872,1486,48507.79,213102.133455,202206
4.3904,4.3963,4.3693,4.381,70801.61,310174.190243,1068,24844.27,108849.286431,202206
4.3835,4.3892,4.3703,4.377,66679.28,292078.192912,845,31920.63,139847.983248,202206
4.377,4.394,4.3661,4.3753,96706.85,423210.737861,1517,59546.03,260589.595022,202206
4.3753,4.3897,4.3343,4.3598,113240.45,494019.676995,1989,56338.55,245995.015366,202206
4.3598,4.3933,4.3562,4.3663,53914.77,235869.374527,1323,25962.79,113595.902443,202206
4.3667,4.3916,4.3548,4.3724,32716.55,143101.103611,630,15975.75,69905.901876,202206
4.3737,4.3756,4.3243,4.3394,57066.51,248352.648653,960,19295.41,83935.814773,202206
4.3425,4.3448,4.3071,4.3335,131156.93,567958.874066,1350,41615.85,180340.233154,202206
4.3324,4.3759,4.3286,4.3758,73833.6,321347.839635,950,27318.65,118844.143251,202206
4.3728,4.3908,4.3691,4.3768,78264.57,342911.051563,934,58068.6,254438.606755,202206
4.3771,4.3833,4.3614,4.3659,21669.33,94738.618985,457,9828.94,42959.716501,202206
4.366,4.3674,4.349,4.3558,58688.02,255427.589598,844,31303.1,136245.436385,202206
4.3553,4.3682,4.3492,4.3566,27714.56,120832.559674,788,16794.65,73245.977451,202206
4.357,4.3659,4.3471,4.3534,44940.2,195665.194584,1645,29972.41,130489.098912,202206
4.3555,4.3581,4.3217,4.3396,67853.56,294649.72497,1332,22170.08,96175.617366,202206
4.339,4.3672,4.3318,4.3611,17774.12,77348.138145,570,9656.86,42043.314925,202206
4.3587,4.3661,4.3255,4.3335,26896.01,116789.781023,560,14283.41,62017.796634,202206
4.3321,4.3385,4.3139,4.3148,18306.91,79264.886271,451,7789.96,33754.956312,202206
4.3149,4.3433,4.3149,4.3271,94110.89,407959.116364,1222,49778.11,215784.926301,202206
4.3274,4.3278,4.3055,4.3121,30156.09,130029.153064,511,10117.59,43637.71865,202206
4.3118,4.324,4.2786,4.2946,133012.49,571806.96061,979,42808.31,184595.408131,202206
4.2912,4.3408,4.2787,4.3308,105047.5,452392.782613,1266,69132.27,297666.935739,202206
4.3316,4.3818,4.3303,4.3559,86281.01,376184.922819,2263,53575.19,233547.109533,202206
4.3567,4.3577,4.333,4.3393,34606.64,150283.763006,611,17203.43,74740.1517,202206
4.3388,4.352,4.3322,4.3409,22232.14,96558.296495,428,12790.27,55576.188149,202206
4.3406,4.3408,4.3274,4.3279,16715.45,72445.965667,337,8221.29,35630.056226,202206
4.3277,4.3319,4.3132,4.3169,17533.52,75764.445383,465,7650.64,33061.114813,202206
4.3158,4.3422,4.2901,4.3403,69967.65,301948.68119,1820,37727.0,162957.261209,202206
4.3396,4.3528,4.3225,4.3293,34670.15,150365.219708,1174,22818.2,98983.072283,202206
4.329,4.3351,4.2924,4.2974,51926.76,223897.552287,1145,21434.64,92394.327337,202206
4.2959,4.3009,4.2344,4.262,317557.87,1354877.680524,2879,157617.71,672886.024078,202206
4.2618,4.276,4.2427,4.2502,54165.47,230530.707773,1067,23078.1,98234.961035,202206
4.2501,4.2635,4.2328,4.2486,60781.09,258401.719015,792,40731.3,173275.717538,202206
4.2492,4.2553,4.2176,4.2283,77512.82,328140.927144,1715,40012.24,169319.489539,202206
4.2283,4.2691,4.2221,4.2635,77463.34,329036.105041,1954,47912.02,203536.681369,202206
4.2617,4.2662,4.248,4.2533,41384.49,176155.864908,1320,20461.57,87133.142594,202206
4.2524,4.2668,4.2449,4.2642,63523.45,270477.935739,1253,39503.98,168286.48911,202206
4.2642,4.3009,4.2638,4.2873,128403.84,551135.303598,1846,98307.67,421916.570463,202206
4.2869,4.3307,4.2812,4.3256,84939.53,365304.24473,1128,58942.16,253631.955796,202206
4.3279,4.3279,4.3055,4.3124,53469.45,230749.730176,730,24310.63,104892.398042,202206
4.3098,4.3144,4.2986,4.2989,38144.75,164173.892025,576,18728.94,80613.865827,202206
4.3,4.3113,4.2965,4.3084,17252.7,74235.471255,376,8503.21,36587.493856,202206
4.3067,4.3197,4.3055,4.3173,35259.66,152114.440867,594,26320.98,113553.786495,202206
4.3153,4.322,4.3,4.3172,30976.75,133456.679137,663,17737.55,76415.381653,202206
4.3168,4.3177,4.2973,4.2991,18197.49,78350.746328,453,11502.26,49512.631284,202206
4.2993,4.2994,4.2784,4.2807,32171.22,137881.700871,516,11966.35,51296.900526,202206
4.2799,4.2868,4.27,4.2745,14103.42,60321.188992,411,5206.3,22269.658529,202206
4.2731,4.275,4.265,4.2658,16649.4,71087.56915,287,7129.2,30449.681755,202206
4.2672,4.2699,4.2448,4.2481,20086.73,85463.519464,403,10655.47,45335.51992,202206
4.2473,4.2479,4.2155,4.2305,43797.35,185352.825562,690,17086.84,72361.256681,202206
4.2305,4.2636,4.2277,4.2605,53965.83,229514.432453,775,32975.06,140321.580232,202206
4.2598,4.295,4.25,4.2844,58220.51,248436.497348,939,23733.71,101426.457929,202206
4.2871,4.2871,4.2564,4.2648,19846.68,84671.569821,425,7315.13,31225.356355,202206
4.2648,4.2719,4.2432,4.2623,21360.61,90893.936347,436,10719.22,45653.318563,202206
4.2625,4.2719,4.25,4.2563,15366.41,65486.328945,374,8192.64,34917.670149,202206
4.2591,4.2617,4.2454,4.2536,9758.12,41488.701778,260,3567.1,15166.584171,202206
4.2525,4.2619,4.2467,4.2499,19000.11,80803.968654,310,7168.61,30498.253941,202206
4.2498,4.2698,4.2355,4.2698,19653.13,83544.011494,426,10047.17,42707.038952,202206
4.2695,4.3169,4.2626,4.3168,33633.09,144490.53846,837,22655.45,97385.930819,202206
4.3162,4.3273,4.2766,4.2799,61344.43,263464.806711,991,23156.22,99555.928793,202206
4.2801,4.2855,4.2626,4.2676,35618.2,152144.797636,605,11119.94,47548.482961,202206
4.2664,4.2748,4.2453,4.2463,36462.72,155299.4491,520,12650.98,53946.73356,202206
4.2464,4.2664,4.2436,4.2615,25521.89,108455.95137,437,7125.4,30297.865826,202206
4.2595,4.2926,4.2595,4.287,76683.93,328096.80016,843,37501.89,160473.801884,202206
4.2864,4.2991,4.274,4.2834,22848.48,97901.505014,534,11872.58,50869.123932,202206
4.2833,4.2934,4.2687,4.2715,19518.49,83559.786256,617,11421.73,48895.9841,202206
4.2712,4.2872,4.2702,4.2836,18377.58,78636.395485,330,9517.59,40729.948399,202206
4.2839,4.2982,4.2701,4.2974,21456.11,92051.642629,418,10236.86,43907.849656,202206
4.2978,4.3199,4.2974,4.3119,23880.31,103015.529064,488,16159.07,69715.49835,202206
4.3161,4.3348,4.3084,4.333,40076.73,173198.337372,706,27128.87,117268.228981,202206
4.3345,4.3914,4.3321,4.3692,138926.17,606100.78906,2159,71579.1,312085.452706,202206
4.369,4.375,4.3442,4.3473,42439.1,185039.24286,682,20380.05,88876.878626,202206
4.3495,4.3755,4.3455,4.3694,42280.92,184595.969331,575,17401.22,75967.747423,202206
4.3704,4.393,4.3562,4.3809,63066.68,276065.298021,992,44541.92,195021.013315,202206
4.3795,4.3795,4.3592,4.3658,37051.84,161892.073542,543,16376.66,71546.219542,202206
4.3656,4.3814,4.3501,4.358,32755.76,142916.809028,594,22057.42,96257.108307,202206
4.3577,4.3848,4.3543,4.3824,23463.05,102531.834542,438,14336.18,62648.350515,202206
4.3825,4.3871,4.3543,4.3558,29707.28,129775.715207,552,11759.84,51338.692742,202206
4.355,4.3596,4.3277,4.3321,41935.92,182123.881497,710,21026.22,91324.356231,202206
4.332,4.3473,4.3095,4.3459,44201.29,191319.930211,637,14692.16,63614.390877,202206
4.3449,4.353,4.3233,4.3324,40031.6,173640.196787,534,20619.48,89545.40949,202206
4.3322,4.351,4.3271,4.3468,15417.88,66950.600362,318,10312.73,44782.399588,202206
4.3494,4.3578,4.2903,4.3168,68021.9,293404.138282,1105,24657.27,106550.823932,202206
4.3132,4.3162,4.2778,4.2791,53860.55,231219.898613,763,13251.29,56913.009166,202206
4.2794,4.2863,4.2166,4.2219,154883.38,657933.334788,1879,55866.31,237171.655033,202206
4.2214,4.285,4.2174,4.2749,130854.26,556218.712861,1712,74875.62,318404.723847,202206
4.2727,4.2756,4.2487,4.2577,40323.18,171883.452634,624,19578.21,83461.936184,202206
4.2567,4.2649,4.2425,4.2513,28007.29,119078.487739,478,10196.2,43359.256406,202206
4.2517,4.2682,4.2483,4.2647,28857.32,122809.508908,503,11814.34,50287.767632,202206
4.2646,4.2655,4.2501,4.2521,19223.42,81783.321126,327,9686.75,41217.928754,202206
4.2519,4.2982,4.2507,4.2915,37917.2,161935.804967,521,23737.23,101340.212811,202206
4.2904,4.3133,4.287,4.2947,50712.89,218006.138745,836,22974.6,98767.902787,202206
4.2944,4.2944,4.2653,4.2774,64733.31,277151.332804,818,28931.87,123784.404758,202206
4.2776,4.287,4.2591,4.2591,26925.26,115068.663066,675,9903.06,42315.436801,202206
4.2607,4.3262,4.2573,4.3097,120258.57,517211.030742,1637,68439.54,294551.409514,202206
4.3097,4.3105,4.2833,4.2937,46059.37,197948.885414,697,27760.71,119312.016888,202206
4.292,4.2921,4.2769,4.2832,41241.73,176652.550952,579,13135.62,56268.713003,202206
4.283,4.2998,4.2809,4.2889,36530.99,156663.15697,567,9958.37,42705.337896,202206
4.2871,4.3288,4.2831,4.3076,53666.13,231431.962819,929,23961.86,103302.519859,202206
4.3093,4.3561,4.3086,4.337,134262.99,582213.227339,1341,93194.29,404033.957565,202206
4.3387,4.36,4.33,4.336,42818.0,185874.635232,687,18169.47,78907.562257,202206
4.3377,4.3586,4.3357,4.3447,45444.5,197515.034971,770,20708.03,90012.376705,202206
4.3442,4.3535,4.3355,4.3502,42436.78,184430.248382,597,23589.17,102503.469691,202206
4.3505,4.3583,4.3283,4.3283,39388.7,171014.678338,658,15278.72,66362.832564,202206
4.3282,4.37,4.3231,4.3667,57911.95,251625.697654,791,20740.01,90091.571723,202206
4.3656,4.4074,4.3628,4.3878,122008.24,535823.926639,1343,64780.33,284341.661867,202206
4.3878,4.3977,4.3573,4.362,48597.73,212442.975162,732,25702.61,112351.264133,202206
4.3621,4.3798,4.3522,4.3737,29424.53,128425.173711,539,16051.24,70061.106242,202206
4.3751,4.3797,4.3592,4.3643,28609.96,125023.362273,504,14779.45,64592.909303,202206
4.3645,4.3859,4.3549,4.3667,35352.79,154432.383693,583,17179.86,75094.460513,202206
4.3666,4.3666,4.3312,4.3346,49804.2,216713.918887,651,18065.46,78606.829021,202206
4.3348,4.3529,4.3218,4.3447,32973.93,142913.865737,619,15219.58,65983.547437,202206
4.3432,4.3595,4.3357,4.3488,48832.31,212202.401852,705,22648.63,98419.862952,202206
4.3482,4.3482,4.3035,4.3076,57501.43,248313.727967,853,26755.66,115485.115697,202206
4.3066,4.336,4.302,4.3353,21357.06,92173.881535,414,9745.99,42101.031195,202206
4.3334,4.3435,4.3238,4.335,16804.54,72798.695191,329,8116.57,35152.294232,202206
4.337,4.377,4.3365,4.375,39377.14,171816.403003,629,21133.83,92125.825876,202206
4.3771,4.4079,4.377,4.4,90053.34,395595.440156,1100,47266.07,207622.13599,202206
4.4008,4.4666,4.3955,4.4206,85925.0,380913.374199,1477,44711.15,198268.475701,202206
4.4204,4.4213,4.3946,4.3996,43256.54,190600.679795,701,22317.6,98338.607714,202206
4.3998,4.4028,4.3884,4.4005,19549.26,85932.241747,396,11151.26,49013.969243,202206
4.4005,4.4101,4.3744,4.3788,21630.06,95038.919356,443,7795.75,34289.769505,202206
4.3807,4.3807,4.3607,4.3667,24280.47,106054.852894,458,13780.25,60191.481072,202206
4.3657,4.3679,4.3497,4.3559,27482.25,119691.428309,456,11122.1,48440.934475,202206
4.356,4.375,4.3503,4.3694,34174.38,149242.908098,543,18541.02,80920.503659,202206
4.3682,4.3682,4.3404,4.3533,17972.26,78215.285765,398,5826.15,25357.756838,202206
4.3524,4.3573,4.339,4.3534,20308.03,88334.579086,364,6323.36,27501.125578,202206
4.3518,4.3663,4.351,4.3593,12059.35,52568.818801,241,7204.34,31411.783648,202206
4.3596,4.3801,4.352,4.3607,34142.77,149013.595625,453,27308.82,119168.531205,202206
4.3602,4.3721,4.3593,4.3651,14456.03,63111.988482,198,8760.06,38244.110656,202206
4.3679,4.3883,4.3628,4.3844,25906.44,113478.12269,487,13642.44,59766.096518,202206
4.3866,4.4093,4.3866,4.4005,27223.45,119729.752893,509,18443.23,81126.249691,202206
4.4006,4.4069,4.3593,4.3612,30770.3,134823.112932,510,12673.79,55527.241735,202206
4.3625,4.3968,4.3613,4.39,18968.66,83098.702851,334,10181.68,44593.731289,202206
4.3884,4.3974,4.3731,4.3771,17524.0,76920.791878,346,8907.78,39099.450869,202206
4.378,4.3802,4.3504,4.3504,19702.29,86023.562201,335,9339.14,40787.508243,202206
4.3543,4.3604,4.3354,4.3564,13258.37,57677.227856,335,5339.27,23223.141785,202206
4.3543,4.3583,4.336,4.3411,18155.7,78890.191119,326,8014.74,34823.345429,202206
4.3406,4.3549,4.3273,4.3284,22334.19,96973.566949,348,8835.27,38382.563458,202206
4.3275,4.3428,4.3202,4.3286,15329.94,66361.00902,372,8363.54,36213.926751,202206
4.3295,4.3353,4.3142,4.3147,9223.55,39904.818556,272,3536.81,15306.570446,202206
4.3149,4.3312,4.3093,4.3114,20866.7,90085.133996,420,9321.47,40231.645068,202206
4.3116,4.3259,4.2925,4.3247,27207.58,117272.44219,558,14950.5,64465.082881,202206
4.3247,4.3396,4.3162,4.3313,16488.6,71339.68507,342,6957.89,30105.033178,202206
4.3317,4.3353,4.285,4.3022,56116.71,241926.079198,855,34659.02,149659.235571,202206
4.2999,4.3261,4.298,4.3133,11806.69,50965.468612,318,7646.43,33012.832357,202206
4.3127,4.3213,4.298,4.3152,12115.01,52201.594619,329,5207.8,22453.61375,202206
4.3137,4.3224,4.3068,4.3141,8314.02,35873.776915,226,4752.7,20502.146778,202206
4.3136,4.3255,4.3017,4.3033,25291.3,108971.859464,305,12592.77,54248.645797,202206
4.3033,4.3055,4.2648,4.2651,32284.7,138156.481305,589,12316.08,52721.160159,202206
4.2674,4.291,4.2662,4.2883,22725.08,97294.471651,402,16180.11,69279.236583,202206
4.2888,4.2895,4.2714,4.2886,15236.53,65227.525606,359,7787.19,33336.726978,202206
4.2897,4.3396,4.2892,4.3355,37268.18,160908.151679,780,22069.14,95312.431548,202206
4.3359,4.3445,4.3169,4.328,20452.18,88542.700272,441,9751.35,42215.429557,202206
4.3295,4.3443,4.3246,4.3333,17598.81,76313.840357,385,9601.29,41640.059016,202206
4.3305,4.3484,4.3258,4.3258,12348.49,53526.868345,325,6780.47,29381.725661,202206
4.3253,4.327,4.2829,4.2952,22664.28,97473.640312,540,8835.0,38000.358532,202206
4.296,4.3331,4.2918,4.3241,14883.47,64298.093612,375,8229.86,35557.957848,202206
4.3239,4.3382,4.2939,4.3074,21708.36,93642.753578,435,10328.57,44549.041104,202206
4.3069,4.3397,4.3034,4.3386,23055.95,99673.418478,426,12724.83,55021.747796,202206
4.3385,4.3539,4.314,4.3325,22693.87,98323.8327,510,11340.29,49124.488053,202206
4.3339,4.3412,4.305,4.3306,30288.34,130819.326689,368,11125.14,48046.903323,202206
4.3323,4.3527,4.3306,4.3477,14032.55,60968.403548,276,7834.47,34037.100765,202206
4.3488,4.3658,4.3354,4.3475,33790.05,147021.742632,624,19832.91,86271.413046,202206
4.3478,4.3756,4.3465,4.3676,38559.1,168085.666343,515,30838.97,134433.625894,202206
4.3676,4.3762,4.3455,4.3494,17794.41,77604.747892,329,8982.3,39195.647998,202206
4.3494,4.361,4.3448,4.3601,12575.81,54725.533473,215,7532.21,32782.917814,202206
4.3592,4.3592,4.3019,4.3034,24244.38,104746.237295,568,8547.07,36931.483252,202206
4.3019,4.305,4.2691,4.2868,49769.44,213141.567071,814,23221.31,99414.767257,202206
4.2867,4.3126,4.2527,4.2611,62001.73,265327.430839,858,16946.54,72614.181492,202206
4.2572,4.2889,4.2569,4.276,56592.39,241983.142867,688,39947.36,170779.357645,202206
4.2748,4.3012,4.2727,4.293,26307.17,112843.740604,449,13594.92,58305.560149,202206
4.2927,4.3322,4.2804,4.3272,38832.17,167257.205317,600,29392.24,126591.51752,202206
4.33,4.3595,4.3225,4.3348,55549.96,241064.256471,759,34276.68,148703.276172,202206
4.3358,4.3618,4.3336,4.346,39351.77,171112.265175,603,23065.84,100259.736841,202206
4.3463,4.3669,4.3463,4.3519,18854.19,82188.41468,371,11140.92,48560.478293,202206
4.3519,4.36,4.3456,4.3565,24665.0,107373.877835,391,12923.72,56252.580127,202206
4.3573,4.3639,4.3335,4.337,11580.23,50364.081156,219,2801.9,12209.583389,202206
4.3363,4.3631,4.3363,4.3593,18445.5,80319.130925,263,10908.51,47510.810427,202206
4.358,4.3737,4.3552,4.3672,13354.96,58296.173415,278,5579.28,24361.212666,202206
4.3663,4.3663,4.3272,4.3326,26903.15,116854.189285,292,8417.6,36563.506792,202206
4.3283,4.3571,4.3283,4.34,6654.59,28904.143692,157,2859.35,12417.362819,202206
4.3394,4.3428,4.3311,4.3351,3997.69,17340.179351,147,1970.92,8547.131365,202206
4.3348,4.3385,4.3203,4.3224,8793.94,38063.634699,166,4232.67,18314.22052,202206
4.3238,4.339,4.3141,4.3254,11721.98,50701.244957,266,5224.28,22601.908438,202206
4.3247,4.3262,4.2953,4.3035,21477.87,92558.133824,407,10566.86,45531.15491,202206
4.3031,4.3105,4.2931,4.3078,16466.02,70837.642087,342,7851.19,33784.496675,202206
4.3076,4.3385,4.3007,4.3243,18179.88,78613.952966,360,9029.35,39034.462738,202206
4.3242,4.3801,4.3227,4.3767,44745.99,195167.525982,713,31427.61,137097.023271,202206
4.3766,4.3915,4.3588,4.3588,18553.35,81208.332459,419,5939.45,26019.308026,202206
4.3589,4.3782,4.3589,4.3731,14106.73,61639.682083,338,6682.48,29197.796948,202206
4.3729,4.4796,4.3719,4.4242,345337.84,1532843.631864,1926,224004.07,994252.605241,202206
4.4249,4.4352,4.4009,4.4137,134500.37,593887.682589,1030,24907.45,110118.212942,202206
4.4143,4.4756,4.4058,4.4681,64828.57,288133.859146,1001,43602.13,193665.410635,202206
4.4687,4.4927,4.455,4.4927,59578.81,266675.68958,964,37273.47,166863.789919,202206
4.49,4.498,4.4607,4.4681,57025.96,255407.524717,709,31774.37,142303.203248,202206
4.4687,4.4988,4.459,4.4888,25143.84,112639.75707,537,13688.5,61297.938688,202206
4.486,4.5174,4.4853,4.4918,48443.49,218103.055785,807,29974.72,134923.781017,202206
4.4903,4.5,4.4831,4.4922,18328.19,82328.748443,329,9183.94,41254.154557,202206
4.4922,4.5278,4.4741,4.5178,52901.67,238487.483643,872,24001.71,108209.373106,202206
4.5177,4.5261,4.4971,4.5142,32916.63,148567.969367,533,15711.28,70925.793299,202206
4.5128,4.5128,4.4642,4.478,32400.94,145443.58814,502,9797.38,43960.495736,202206
4.4764,4.5125,4.4657,4.5108,47846.32,215073.922639,614,26884.69,120785.114121,202206
4.5102,4.5501,4.5,4.5346,94724.67,428370.748966,960,53066.62,239975.979513,202206
4.5349,4.5534,4.5202,4.5497,54026.24,245346.925004,802,29645.76,134615.627894,202206
4.5466,4.6118,4.5399,4.6117,132170.28,605411.332138,1467,85844.85,393404.879069,202206
4.6122,4.6859,4.606,4.636,252330.05,1169765.330633,3196,123752.86,573699.723103,202206
4.635,4.6559,4.6041,4.6385,84904.36,392526.803699,1379,44626.46,206428.103889,202206
